x	chi	dchidx	s0
0.000535069890668696	0.0	0.016383014080697686	0.016383014080697686
0.014142505712344449	0.00022292235080309254	0.016381214129918522	0.016383014080697686
0.0277499415340202	0.000445797501941307	0.016376076746552132	0.016383014080697686
0.04135737735569596	0.0006685800395151803	0.016367601930624528	0.016383014080697686
0.05496481317737171	0.000891224549625554	0.01635578968213097	0.016383014080697686
0.06857224899904746	0.0011136856183730562	0.01634064000106417	0.016383014080697686
0.08217968482072321	0.0013359178318580963	0.016322152887414475	0.016383014080697686
0.09578712064239896	0.0015578757761808648	0.016300328341169852	0.016383014080697686
0.10939455646407471	0.0017795140374413337	0.016275166362315893	0.016383014080697686
0.12300199228575047	0.0020007872017392563	0.01624666695083581	0.016383014080697686
0.1366094281074262	0.0022216498551741685	0.016214830106710442	0.016383014080697686
0.15021686392910197	0.002442056583845386	0.01617965582991826	0.016383014080697686
0.16382429975077775	0.0026619619738440453	0.01614114412049149	0.016383014080697686
0.1774317355724535	0.0028813206112555936	0.01609929497850338	0.016383014080697686
0.19103917139412924	0.0031000870821833205	0.016054108403898863	0.016383014080697686
0.204646607215805	0.0033182159727300547	0.01600558439661879	0.016383014080697686
0.21825404303748075	0.0035356618689976085	0.015953722956603744	0.016383014080697686
0.2318614788591565	0.0037523793570867782	0.01589852408379402	0.016383014080697686
0.24546891468083226	0.0039683230230973445	0.015839987778129647	0.016383014080697686
0.259076350502508	0.004183447453128074	0.015778114039550373	0.016383014080697686
0.2726837863241838	0.004397707233276716	0.015712902867995673	0.016383014080697686
0.2862912221458595	0.004611056949640006	0.015644354263404738	0.016383014080697686
0.2998986579675353	0.004823451188313661	0.015572468225716497	0.016383014080697686
0.313506093789211	0.005034844535392385	0.01549724475486959	0.016383014080697686
0.3271135296108868	0.005245191576969866	0.015418683850802388	0.016383014080697686
0.34072096543256253	0.005454446899138775	0.015336785513452982	0.016383014080697686
0.3543284012542383	0.005662565087990769	0.01525154974275919	0.016383014080697686
0.367935837075914	0.0058695007296164885	0.015162976538658557	0.016383014080697686
0.38154327289758977	0.006075208410105559	0.015071065901088343	0.016383014080697686
0.3951507087192655	0.006279642715546591	0.014975817829985536	0.016383014080697686
0.4087581445409413	0.006482758232027179	0.014877232325286854	0.016383014080697686
0.422365580362617	0.006684509545633898	0.01477530938692873	0.016383014080697686
0.4359730161842928	0.006884851242452314	0.014670049014847327	0.016383014080697686
0.4495804520059686	0.007083737908566972	0.01456145120897853	0.016383014080697686
0.4631878878276443	0.007281124130061407	0.014449515969257948	0.016383014080697686
0.4767953236493201	0.0074769644930181315	0.014334243295620913	0.016383014080697686
0.4904027594709958	0.00767121358351865	0.014215633188002483	0.016383014080697686
0.5040101952926715	0.00786382598764344	0.014093685646337438	0.016383014080697686
0.5176176311143473	0.008054756291471978	0.013968400670560283	0.016383014080697686
0.531225066936023	0.008243959081082716	0.013839778260605248	0.016383014080697686
0.5448325027576988	0.008431388942553093	0.013707818416406288	0.016383014080697686
0.5584399385793746	0.008617000461959528	0.013572521137897073	0.016383014080697686
0.5720473744010504	0.008800748225377429	0.013433886425011012	0.016383014080697686
0.585654810222726	0.00898258681888119	0.013291914277681224	0.016383014080697686
0.5992622460444018	0.009162470828544184	0.013146604695840561	0.016383014080697686
0.6128696818660776	0.009340354840438773	0.012997957679421596	0.016383014080697686
0.6264771176877534	0.009516193440636297	0.012845973228356624	0.016383014080697686
0.6400845535094292	0.009689941215207092	0.012690651342577668	0.016383014080697686
0.6536919893311048	0.009861552750220468	0.012531992022016472	0.016383014080697686
0.6672994251527806	0.010030982631744723	0.012369995266604504	0.016383014080697686
0.6809068609744564	0.010198185445847135	0.01220466107627296	0.016383014080697686
0.6945142967961322	0.01036311577859398	0.012035989450952755	0.016383014080697686
0.7081217326178079	0.010525728216050498	0.011863980390574527	0.016383014080697686
0.7217291684394836	0.010685977344280933	0.011688633895068646	0.016383014080697686
0.7353366042611593	0.010843817749348499	0.011509949964365199	0.016383014080697686
0.748944040082835	0.010999204017315405	0.011327928598393999	0.016383014080697686
0.7625514759045108	0.011152090734242837	0.011142569797084579	0.016383014080697686
0.7761589117261866	0.011302432486190967	0.010953873560366204	0.016383014080697686
0.7897663475478623	0.01145018385922307	0.010761839888114662	0.016383014080697686
0.8033737833695381	0.011595299439410567	0.01056646878006934	0.016383014080697686
0.8169812191912138	0.01173773381281054	0.010367760236119215	0.016383014080697686
0.8305886550128896	0.011877441565477657	0.010165714256167394	0.016383014080697686
0.8441960908345654	0.012014377283465289	0.009960330840117436	0.016383014080697686
0.8578035266562412	0.012148495552825505	0.00975160998787336	0.016383014080697686
0.8714109624779169	0.012279750959609072	0.009539551699339639	0.016383014080697686
0.8850183982995926	0.012408098089865455	0.009324155974421194	0.016383014080697686
0.8986258341212684	0.012533491529642818	0.009105422813023411	0.016383014080697686
0.9122332699429442	0.012655885864988026	0.008883352215052128	0.016383014080697686
0.92584070576462	0.012775235681946644	0.008657944180413633	0.016383014080697686
0.9394481415862956	0.01289149556656293	0.008429198709014676	0.016383014080697686
0.9530555774079714	0.013004620104879846	0.008197115800762458	0.016383014080697686
0.9666630132296472	0.013114563882939051	0.007961695455564636	0.016383014080697686
0.980270449051323	0.013221281486780905	0.007722937673329323	0.016383014080697686
0.9938778848729988	0.013324727502444464	0.007480842453965086	0.016383014080697686
1.0074853206946746	0.013424856515967485	0.007235409797380947	0.016383014080697686
1.0210927565163501	0.01352162311338642	0.0069866397034863865	0.016383014080697686
1.034700192338026	0.013614981880736428	0.006734532172191331	0.016383014080697686
1.0483076281597017	0.01370488740405136	0.006479087203406173	0.016383014080697686
1.0619150639813775	0.013791294269363768	0.006220304797041754	0.016383014080697686
1.075522499803053	0.013874157062704902	0.005958184953009371	0.016383014080697686
1.0891299356247288	0.013953430370104714	0.0056927276712207785	0.016383014080697686
1.1027373714464046	0.014029068777591849	0.0054239329515881835	0.016383014080697686
1.1163448072680804	0.014101026871194872	0.005151800794024525	0.016383014080697686
1.1299522430897562	0.014169259236942042	0.004876331198444349	0.016383014080697686
1.143559678911432	0.014233720460859165	0.004597524164763619	0.016383014080697686
1.1571671147331077	0.014294365128970948	0.00431537969289969	0.016383014080697686
1.1707745505547835	0.01435114782730101	0.004029897782771308	0.016383014080697686
1.1843819863764593	0.014404023141871877	0.0037410784342986093	0.016383014080697686
1.1979894221981349	0.014452945658704985	0.003448921647403125	0.016383014080697686
1.2115968580198107	0.01449786996382068	0.003153427422007776	0.016383014080697686
1.2252042938414864	0.014538750643238212	0.002854595758036877	0.016383014080697686
1.2388117296631622	0.014575542282975753	0.0025524266554161333	0.016383014080697686
1.252419165484838	0.01460819946905038	0.002246920114072656	0.016383014080697686
1.2660266013065138	0.014636676787478462	0.0019380761339353627	0.016383014080697686
1.2796340371281896	0.014660928824275417	0.0016258947149349267	0.016383014080697686
1.2932414729498654	0.01468091016545566	0.0013103758570037216	0.016383014080697686
1.3068489087715411	0.014696575397032677	0.0009915195600759175	0.016383014080697686
1.3204563445932167	0.014707879105019065	0.0006693258240874976	0.016383014080697686
1.3340637804148925	0.014714775875426576	0.0003437946489763296	0.016383014080697686
1.3476712162365683	0.014717220294266132	2.2461450132095295e-05	0.016383014080697686
6.702377157648704	0.014837568633441814	2.2482801087722212e-05	0.016383014080697686
12.05708309906084	0.014957982180258534	2.249172791955583e-05	0.016383014080697686
17.411789040472975	0.015078436375226005	2.2497722665326965e-05	0.016383014080697686
22.76649498188511	0.015198920151601252	2.250247169090115e-05	0.016383014080697686
28.12120092329724	0.015319426357156425	2.250686043989861e-05	0.016383014080697686
33.47590686470938	0.015439954037313436	2.2510922523056386e-05	0.016383014080697686
38.830612806121515	0.0155605022374942	2.251469155111154e-05	0.016383014080697686
44.18531874753366	0.015681070003120627	2.2518201134801123e-05	0.016383014080697686
49.54002468894579	0.015801656379614625	2.2521484884862188e-05	0.016383014080697686
54.89473063035793	0.015922260412398116	2.252457641203179e-05	0.016383014080697686
60.24943657177006	0.016042881146893003	2.2527509327046982e-05	0.016383014080697686
65.6041425131822	0.016163517628521203	2.2530317240644818e-05	0.016383014080697686
70.95884845459433	0.016284168902704624	2.253303376356235e-05	0.016383014080697686
76.31355439600647	0.016404835561138482	2.2535641125425234e-05	0.016383014080697686
81.6682603374186	0.016525519218066324	2.2538068519527627e-05	0.016383014080697686
87.02296627883074	0.016646214811419684	2.2540472676016875e-05	0.016383014080697686
92.37767222024287	0.016766922300570867	2.2542854132364485e-05	0.016383014080697686
97.732378161655	0.016887641644892173	2.254521342604196e-05	0.016383014080697686
103.08708410306713	0.0170083728037559	2.2547551094520813e-05	0.016383014080697686
108.44179004447926	0.017129115736534348	2.2549867675272547e-05	0.016383014080697686
113.79649598589141	0.017249870402599822	2.2552163705768664e-05	0.016383014080697686
119.15120192730355	0.017370636761324623	2.255443972348068e-05	0.016383014080697686
124.50590786871568	0.01749141477208105	2.2556696265880098e-05	0.016383014080697686
129.86061381012783	0.017612204394241403	2.255893387043842e-05	0.016383014080697686
135.21531975153994	0.017733005587177983	2.2561153074627162e-05	0.016383014080697686
140.57002569295207	0.017853818310263093	2.2563354415917825e-05	0.016383014080697686
145.92473163436424	0.017974642522869035	2.2565538431781913e-05	0.016383014080697686
151.27943757577637	0.018095478184368106	2.2567705659690938e-05	0.016383014080697686
156.6341435171885	0.01821632525413261	2.2569856637116406e-05	0.016383014080697686
161.9888494586006	0.018337183691534847	2.257199190152982e-05	0.016383014080697686
167.34355540001278	0.018458053455947115	2.257411199040269e-05	0.016383014080697686
172.6982613414249	0.01857893450674172	2.2576217441206522e-05	0.016383014080697686
178.05296728283702	0.01869982680329096	2.2578308791412826e-05	0.016383014080697686
183.40767322424918	0.018820730304967136	2.25803865784931e-05	0.016383014080697686
188.7623791656613	0.01894164497114255	2.258245133991886e-05	0.016383014080697686
194.11708510707345	0.0190625707611895	2.258450361316161e-05	0.016383014080697686
199.47179104848558	0.01918350763448029	2.258654393569285e-05	0.016383014080697686
204.8264969898977	0.01930445555038722	2.25885728449841e-05	0.016383014080697686
210.18120293130985	0.019425414468282592	2.259059087850685e-05	0.016383014080697686
215.53590887272196	0.019546384347538706	2.2592598573732623e-05	0.016383014080697686
220.89061481413412	0.01966736514752786	2.2594596468132916e-05	0.016383014080697686
226.24532075554626	0.01978835682762236	2.259658509917924e-05	0.016383014080697686
231.60002669695837	0.019909359347194504	2.25985650043431e-05	0.016383014080697686
236.95473263837053	0.020030372665616594	2.2600536721096e-05	0.016383014080697686
242.30943857978264	0.02015139674226093	2.260250078690945e-05	0.016383014080697686
247.6641445211948	0.020272431536499814	2.260445773925496e-05	0.016383014080697686
253.01885046260693	0.020393477007705545	2.260640811560403e-05	0.016383014080697686
258.3735564040191	0.020514533115250425	2.260835245342817e-05	0.016383014080697686
263.72826234543123	0.020635599818506756	2.2610291290198886e-05	0.016383014080697686
269.0829682868433	0.02075667707684684	2.2612225163387684e-05	0.016383014080697686
274.4376742282555	0.020877764849642974	2.2614154610466073e-05	0.016383014080697686
279.7923801696676	0.02099886309626746	2.261608016890556e-05	0.016383014080697686
285.1470861110798	0.021119971776092598	2.261800237617765e-05	0.016383014080697686
290.5017920524919	0.02124109084849069	2.261992176975385e-05	0.016383014080697686
295.856497993904	0.02136222027283404	2.2621838887105664e-05	0.016383014080697686
301.2112039353162	0.02148336000849495	2.2623754265704602e-05	0.016383014080697686
306.56590987672826	0.021604510014845715	2.2625668443022174e-05	0.016383014080697686
311.92061581814045	0.021725670251258638	2.262758195652988e-05	0.016383014080697686
317.2753217595526	0.02184684067710602	2.262949534369923e-05	0.016383014080697686
322.63002770096466	0.02196802125176016	2.2631409142001732e-05	0.016383014080697686
327.98473364237685	0.022089211934593365	2.263332388890889e-05	0.016383014080697686
333.33943958378893	0.022210412684977927	2.263524012189221e-05	0.016383014080697686
338.6941455252012	0.02233162346228616	2.2637158378423203e-05	0.016383014080697686
344.04885146661326	0.022452844225890348	2.2639079195973375e-05	0.016383014080697686
349.4035574080254	0.022574076283189016	2.264096404245353e-05	0.016383014080697686
354.7582633494375	0.02269531900212139	2.2642830204269867e-05	0.016383014080697686
360.1129692908497	0.022816571613260943	2.2644700444974044e-05	0.016383014080697686
365.46767523226185	0.022937834141184298	2.2646574769754828e-05	0.016383014080697686
370.82238117367393	0.02305910661046806	2.264845318380098e-05	0.016383014080697686
376.17708711508607	0.02318038904568885	2.2650335692301263e-05	0.016383014080697686
381.5317930564982	0.023301681471423287	2.2652222300444446e-05	0.016383014080697686
386.8864989979104	0.023422983912247976	2.265411301341929e-05	0.016383014080697686
392.24120493932253	0.02354429639273954	2.2656007836414563e-05	0.016383014080697686
397.5959108807346	0.02366561893747459	2.2657906774619025e-05	0.016383014080697686
402.95061682214674	0.02378695157102974	2.2659809833221442e-05	0.016383014080697686
408.3053227635589	0.02390829431798161	2.266171701741058e-05	0.016383014080697686
413.66002870497107	0.02402964720290681	2.26636283323752e-05	0.016383014080697686
419.0147346463832	0.02415101025038196	2.266554378330407e-05	0.016383014080697686
424.3694405877953	0.024272383484983662	2.2667463375385952e-05	0.016383014080697686
429.7241465292074	0.024393766931288547	2.266938711380961e-05	0.016383014080697686
435.07885247061955	0.02451516061387322	2.267131500376381e-05	0.016383014080697686
440.43355841203174	0.024636564557314302	2.2673247050437316e-05	0.016383014080697686
445.7882643534439	0.024757978786188403	2.267518325901889e-05	0.016383014080697686
451.14297029485596	0.02487940332507214	2.2677123634697298e-05	0.016383014080697686
456.4976762362681	0.025000838198542128	2.2679068182661307e-05	0.016383014080697686
461.8523821776802	0.02512228343117498	2.2681016908099678e-05	0.016383014080697686
467.2070881190924	0.025243739047547314	2.2682969816201173e-05	0.016383014080697686
472.56179406050455	0.02536520507223574	2.2684926912154563e-05	0.016383014080697686
477.91650000191663	0.02548668152981688	2.268688820114861e-05	0.016383014080697686
483.27120594332877	0.02560816844486734	2.2688853688372076e-05	0.016383014080697686
488.6259118847409	0.025729665841963744	2.2690823379013724e-05	0.016383014080697686
493.9806178261531	0.0258511737456827	2.2692797278262326e-05	0.016383014080697686
499.3353237675652	0.025972692180600828	2.2694775391306636e-05	0.016383014080697686
504.6900297089773	0.02609422117129474	2.269675772333543e-05	0.016383014080697686
510.04473565038944	0.026215760742341047	2.269874427953746e-05	0.016383014080697686
515.3994415918016	0.026337310918316374	2.27007350651015e-05	0.016383014080697686
520.7541475332138	0.026458871723797326	2.270273008521631e-05	0.016383014080697686
526.1088534746259	0.026580443183360523	2.2704729345070654e-05	0.016383014080697686
531.463559416038	0.02670202532158258	2.2706732849853297e-05	0.016383014080697686
536.8182653574502	0.02682361816304011	2.2708740604753004e-05	0.016383014080697686
542.1729712988623	0.02694522173230973	2.2710752614958542e-05	0.016383014080697686
547.5276772402744	0.02706683605396805	2.271276888565867e-05	0.016383014080697686
552.8823831816866	0.02718846115259169	2.2714789422042153e-05	0.016383014080697686
558.2370891230987	0.027310097052757262	2.271681422929776e-05	0.016383014080697686
563.5917950645108	0.02743174377904138	2.271884331261425e-05	0.016383014080697686
568.946501005923	0.027553401356020666	2.2720876677180394e-05	0.016383014080697686
574.3012069473351	0.02767506980827173	2.272291432818495e-05	0.016383014080697686
579.6559128887473	0.027796749160371184	2.2724956270816684e-05	0.016383014080697686
585.0106188301594	0.027918439436895644	2.272700251026436e-05	0.016383014080697686
590.3653247715715	0.028040140662421727	2.2729053051716746e-05	0.016383014080697686
595.7200307129837	0.02816185286152605	2.27311079003626e-05	0.016383014080697686
601.0747366543958	0.028283576058785224	2.2733167061390692e-05	0.016383014080697686
606.4294425958079	0.028405310278775863	2.2735230539989783e-05	0.016383014080697686
611.7841485372201	0.028527055546074584	2.273729834134864e-05	0.016383014080697686
617.1388544786322	0.028648811885258002	2.2739370470656025e-05	0.016383014080697686
622.4935604200443	0.028770579320902736	2.2741446933100705e-05	0.016383014080697686
627.8482663614565	0.028892357877585394	2.274352773387144e-05	0.016383014080697686
633.2029723028686	0.02901414757988259	2.2745612878157e-05	0.016383014080697686
638.5576782442807	0.029135948452370945	2.2747702371146146e-05	0.016383014080697686
643.9123841856929	0.02925776051962707	2.274979621802764e-05	0.016383014080697686
649.267090127105	0.029379583806227585	2.275189442399025e-05	0.016383014080697686
654.6217960685171	0.0295014183367491	2.275399699422274e-05	0.016383014080697686
659.9765020099293	0.029623264135768226	2.2756103933913874e-05	0.016383014080697686
665.3312079513414	0.029745121227861587	2.2758215248252414e-05	0.016383014080697686
670.6859138927535	0.02986698963760579	2.2760330942427128e-05	0.016383014080697686
676.0406198341657	0.029988869389577455	2.2762451021626778e-05	0.016383014080697686
681.3953257755778	0.030110760508353197	2.276457549104013e-05	0.016383014080697686
686.75003171699	0.030232663018509624	2.2766704355855947e-05	0.016383014080697686
692.1047376584021	0.03035457694462336	2.2768837621262996e-05	0.016383014080697686
697.4594435998142	0.03047650231127102	2.2770975292450035e-05	0.016383014080697686
702.8141495412264	0.030598439143029205	2.2773117374605834e-05	0.016383014080697686
708.1688554826384	0.030720387464474547	2.2775263872919156e-05	0.016383014080697686
713.5235614240507	0.030842347300183655	2.2777414792578766e-05	0.016383014080697686
718.8782673654628	0.030964318674733135	2.277957013877343e-05	0.016383014080697686
724.2329733068749	0.031086301612699617	2.2781729916691905e-05	0.016383014080697686
729.587679248287	0.031208296138659705	2.278389413152296e-05	0.016383014080697686
734.9423851896992	0.03133030227719001	2.2786062788455362e-05	0.016383014080697686
740.2970911311113	0.03145232005286716	2.2788235892677874e-05	0.016383014080697686
745.6517970725234	0.03157434949026777	2.2790413449379256e-05	0.016383014080697686
751.0065030139356	0.031696390613968436	2.2792595463748278e-05	0.016383014080697686
756.3612089553477	0.0318184434485458	2.27947819409737e-05	0.016383014080697686
761.7159148967597	0.03194050801857645	2.279697288624429e-05	0.016383014080697686
767.0706208381721	0.03206258434863703	2.279916830474881e-05	0.016383014080697686
772.4253267795842	0.032184672463304115	2.2801368201676025e-05	0.016383014080697686
777.7800327209962	0.032306772387154355	2.28035725822147e-05	0.016383014080697686
783.1347386624084	0.03242888414476436	2.2805781451553595e-05	0.016383014080697686
788.4894446038205	0.03255100776071072	2.2807994814881483e-05	0.016383014080697686
793.8441505452327	0.032673143259570075	2.2810212677387122e-05	0.016383014080697686
799.1988564866448	0.03279529066591904	2.2812435044259275e-05	0.016383014080697686
804.5535624280569	0.032917450004334214	2.281466192068671e-05	0.016383014080697686
809.908268369469	0.033039621299392224	2.281689331185819e-05	0.016383014080697686
815.2629743108812	0.03316180457566968	2.2819129222962483e-05	0.016383014080697686
820.6176802522934	0.033283999857743204	2.2821369659188348e-05	0.016383014080697686
825.9723861937056	0.0334062071701894	2.282361462572455e-05	0.016383014080697686
831.3270921351176	0.033528426537584886	2.282586412775986e-05	0.016383014080697686
836.6817980765297	0.03365065798450628	2.282811817048303e-05	0.016383014080697686
842.0365040179419	0.0337729015355302	2.2830376759082835e-05	0.016383014080697686
847.391209959354	0.03389515721523325	2.2832639898748035e-05	0.016383014080697686
852.7459159007661	0.03401742504819205	2.2834907594667395e-05	0.016383014080697686
858.1006218421783	0.03413970505898323	2.283717985202968e-05	0.016383014080697686
863.4553277835904	0.034261997272183375	2.2839456676023656e-05	0.016383014080697686
868.8100337250025	0.03438430171236912	2.2841738071838083e-05	0.016383014080697686
874.1647396664148	0.03450661840411708	2.2844024044661726e-05	0.016383014080697686
879.5194456078269	0.034628947372003865	2.2846314599683352e-05	0.016383014080697686
884.874151549239	0.03475128864060609	2.2848609742091726e-05	0.016383014080697686
890.2288574906511	0.03487364223450037	2.285090947707561e-05	0.016383014080697686
895.5835634320632	0.034996008178263316	2.2853213809823768e-05	0.016383014080697686
900.9382693734754	0.03511838649647155	2.2855522745524965e-05	0.016383014080697686
906.2929753148875	0.03524077721370168	2.2857836289367964e-05	0.016383014080697686
911.6476812562996	0.03536318035453033	2.2860154446541536e-05	0.016383014080697686
917.0023871977118	0.03548559594353411	2.2862477222234436e-05	0.016383014080697686
922.3570931391239	0.03560802400528964	2.2864804621635433e-05	0.016383014080697686
927.7117990805361	0.035730464564373524	2.286713664993329e-05	0.016383014080697686
933.0665050219483	0.03585291764536238	2.2869473312316777e-05	0.016383014080697686
938.4212109633603	0.03597538327283283	2.287181461397465e-05	0.016383014080697686
943.7759169047724	0.03609786147136148	2.2874160560095677e-05	0.016383014080697686
949.1306228461846	0.03622035226552495	2.287651115586862e-05	0.016383014080697686
954.4853287875967	0.03634285567989985	2.287886640648225e-05	0.016383014080697686
959.8400347290088	0.03646537173906281	2.2881226317125325e-05	0.016383014080697686
965.194740670421	0.036587900467590424	2.2883590892986614e-05	0.016383014080697686
970.5494466118331	0.03671044189005932	2.2885960139254878e-05	0.016383014080697686
975.9041525532452	0.03683299603104611	2.288833406111888e-05	0.016383014080697686
981.2588584946575	0.03695556291512741	2.2890712663767388e-05	0.016383014080697686
986.6135644360696	0.03707814256687983	2.2893095952389164e-05	0.016383014080697686
991.9682703774818	0.03720073501087999	2.2895483932172974e-05	0.016383014080697686
997.3229763188938	0.0373233402717045	2.2897876608307578e-05	0.016383014080697686
1002.6776822603059	0.03744595837392998	2.2900273985981748e-05	0.016383014080697686
1008.032388201718	0.037568589342133044	2.290267607038424e-05	0.016383014080697686
1013.3870941431302	0.0376912332008903	2.2905082866703827e-05	0.016383014080697686
1018.7418000845423	0.03781388997477837	2.2907494380129268e-05	0.016383014080697686
1024.0965060259543	0.03793655968837387	2.2909910615849327e-05	0.016383014080697686
1029.4512119673666	0.03805924236625342	2.291233157905277e-05	0.016383014080697686
1034.8059179087788	0.03818193803299361	2.291475727492836e-05	0.016383014080697686
1040.1606238501909	0.03830464671317109	2.2917187708664863e-05	0.016383014080697686
1045.515329791603	0.03842736843136244	2.291962288545104e-05	0.016383014080697686
1050.8700357330151	0.038550103212144304	2.292206281047566e-05	0.016383014080697686
1056.2247416744274	0.03867285108009327	2.2924507488927488e-05	0.016383014080697686
1061.5794476158394	0.03879561205978599	2.2926956925995282e-05	0.016383014080697686
1066.9341535572516	0.03891838617579904	2.292941112686781e-05	0.016383014080697686
1072.2888594986637	0.03904117345270905	2.2931870096733837e-05	0.016383014080697686
1077.6435654400757	0.039163973915092645	2.2934333840782127e-05	0.016383014080697686
1082.998271381488	0.03928678758752643	2.2936802364201446e-05	0.016383014080697686
1088.3529773229002	0.03940961449458702	2.2939275672180553e-05	0.016383014080697686
1093.7076832643122	0.03953245466085102	2.2941753769908218e-05	0.016383014080697686
1099.0623892057245	0.03965530811089507	2.29442366625732e-05	0.016383014080697686
1104.4170951471365	0.03977817486929576	2.2946724355364268e-05	0.016383014080697686
1109.7718010885487	0.03990105496062972	2.2949216853470185e-05	0.016383014080697686
1115.1265070299607	0.040023948409473556	2.2951714162079718e-05	0.016383014080697686
1120.481212971373	0.04014685524040389	2.2954216286381624e-05	0.016383014080697686
1125.835918912785	0.040269775477997344	2.2956723231564672e-05	0.016383014080697686
1131.190624854197	0.04039270914683051	2.295923500281763e-05	0.016383014080697686
1136.5453307956093	0.040515656271480016	2.2961751605329253e-05	0.016383014080697686
1141.9000367370215	0.04063861687652248	2.2964273044288316e-05	0.016383014080697686
1147.2547426784336	0.04076159098653452	2.2966799324883575e-05	0.016383014080697686
1152.6094486198458	0.04088457862609274	2.29693304523038e-05	0.016383014080697686
1157.9641545612578	0.04100757981977375	2.2971866431737748e-05	0.016383014080697686
1163.31886050267	0.04113059459215418	2.297440726837419e-05	0.016383014080697686
1168.673566444082	0.04125362296781065	2.297695296740189e-05	0.016383014080697686
1174.0282723854943	0.04137666497131975	2.297950353400961e-05	0.016383014080697686
1179.3829783269064	0.04149972062725811	2.2982058973386116e-05	0.016383014080697686
1184.7376842683184	0.04162278996020235	2.298461929072017e-05	0.016383014080697686
1190.0923902097309	0.04174587299472908	2.298718449120054e-05	0.016383014080697686
1195.447096151143	0.0418689697554149	2.2989754580015987e-05	0.016383014080697686
1200.801802092555	0.04199208026683645	2.299232956235528e-05	0.016383014080697686
1206.1565080339672	0.04211520455357033	2.2994909443407176e-05	0.016383014080697686
1211.5112139753792	0.04223834264019316	2.2997494228360443e-05	0.016383014080697686
1216.8659199167914	0.04236149455128155	2.3000083922403847e-05	0.016383014080697686
1222.2206258582034	0.04248466031141211	2.300267853072615e-05	0.016383014080697686
1227.5753317996157	0.04260783994516147	2.3005278058516117e-05	0.016383014080697686
1232.9300377410277	0.042731033477106245	2.3007882510962516e-05	0.016383014080697686
1238.2847436824397	0.04285424093182304	2.3010491893254103e-05	0.016383014080697686
1243.6394496238522	0.04297747408676776	2.3013140354924556e-05	0.016383014080697686
1248.9941555652642	0.04310072361717497	2.301580171346691e-05	0.016383014080697686
1254.3488615066763	0.043223987103104586	2.301846893440717e-05	0.016383014080697686
1259.7035674480885	0.04334726457905733	2.3021142020157182e-05	0.016383014080697686
1265.0582733895005	0.04347055607953397	2.3023820973128783e-05	0.016383014080697686
1270.4129793309128	0.04359386163903522	2.3026505795733824e-05	0.016383014080697686
1275.7676852723248	0.04371718129206182	2.302919649038414e-05	0.016383014080697686
1281.122391213737	0.04384051507311451	2.3031893059491576e-05	0.016383014080697686
1286.477097155149	0.043963863016694034	2.3034595505467976e-05	0.016383014080697686
1291.831803096561	0.044087225157301124	2.3037303830725183e-05	0.016383014080697686
1297.1865090379736	0.044210601529436525	2.304001803767504e-05	0.016383014080697686
1302.5412149793856	0.04433399216760096	2.3042738128729387e-05	0.016383014080697686
1307.8959209207976	0.04445739710629517	2.304546410630007e-05	0.016383014080697686
1313.2506268622099	0.0445808163800199	2.304819597279893e-05	0.016383014080697686
1318.6053328036219	0.04470425002327588	2.305093373063781e-05	0.016383014080697686
1323.9600387450341	0.04482769807056386	2.305367738222855e-05	0.016383014080697686
1329.3147446864461	0.04495116055638456	2.3056426929983e-05	0.016383014080697686
1334.6694506278584	0.045074637515238734	2.3059182376312996e-05	0.016383014080697686
1340.0241565692706	0.04519812898162711	2.3061943723630382e-05	0.016383014080697686
1345.3788625106827	0.04532163499005042	2.3064710974347004e-05	0.016383014080697686
1350.733568452095	0.04544515557500942	2.30674841308747e-05	0.016383014080697686
1356.088274393507	0.04556869077100483	2.307026319562532e-05	0.016383014080697686
1361.442980334919	0.0456922406125374	2.3073048171010696e-05	0.016383014080697686
1366.7976862763312	0.04581580513410786	2.3075839059442682e-05	0.016383014080697686
1372.1523922177432	0.04593938437021694	2.3078635863333112e-05	0.016383014080697686
1377.5070981591555	0.046062978355365394	2.3081438585093832e-05	0.016383014080697686
1382.8618041005675	0.046186587124053956	2.308424722713669e-05	0.016383014080697686
1388.2165100419797	0.04631021071078335	2.308706179187352e-05	0.016383014080697686
1393.5712159833918	0.04643384915005433	2.3089882281716167e-05	0.016383014080697686
1398.9259219248038	0.046557502476367627	2.309270869907648e-05	0.016383014080697686
1404.280627866216	0.04668117072422398	2.3095541046366294e-05	0.016383014080697686
1409.635333807628	0.04680485392812412	2.3098379325997453e-05	0.016383014080697686
1414.9900397490403	0.04692855212256879	2.3101223540381804e-05	0.016383014080697686
1420.3447456904523	0.047052265342058724	2.3104073691931186e-05	0.016383014080697686
1425.6994516318648	0.047175993621094675	2.3106929783057447e-05	0.016383014080697686
1431.0541575732768	0.04729973699417736	2.3109791816172422e-05	0.016383014080697686
1436.408863514689	0.04742349549580752	2.311265979368796e-05	0.016383014080697686
1441.763569456101	0.047547269160485905	2.31155337180159e-05	0.016383014080697686
1447.1182753975133	0.047671058022713236	2.3118413591568086e-05	0.016383014080697686
1452.4729813389254	0.047794862116990265	2.312129941675636e-05	0.016383014080697686
1457.8276872803376	0.04791868147781772	2.312419119599257e-05	0.016383014080697686
1463.1823932217496	0.048042516139696345	2.312708893168855e-05	0.016383014080697686
1468.5370991631617	0.048166366137126874	2.3129992626256146e-05	0.016383014080697686
1473.891805104574	0.048290231504610044	2.3132902282107205e-05	0.016383014080697686
1479.246511045986	0.0484141122766466	2.3135817901653565e-05	0.016383014080697686
1484.6012169873982	0.04853800848773726	2.313873948730707e-05	0.016383014080697686
1489.9559229288102	0.048661920172382786	2.3141667041479565e-05	0.016383014080697686
1495.3106288702224	0.0487858473650839	2.3144600566582888e-05	0.016383014080697686
1500.6653348116345	0.04890979010034134	2.3147540065028885e-05	0.016383014080697686
1506.0200407530467	0.049033748412655856	2.31504855392294e-05	0.016383014080697686
1511.3747466944587	0.04915772233652817	2.3153436991596277e-05	0.016383014080697686
1516.7294526358708	0.049281711906459025	2.315639442454135e-05	0.016383014080697686
1522.084158577283	0.049405717156949164	2.315935784047647e-05	0.016383014080697686
1527.438864518695	0.04952973812249932	2.316232724181348e-05	0.016383014080697686
1532.7935704601075	0.049653774837610236	2.3165302630964216e-05	0.016383014080697686
1538.1482764015195	0.04977782733678263	2.3168284010340527e-05	0.016383014080697686
1543.5029823429318	0.04990189565451727	2.3171271382354254e-05	0.016383014080697686
1548.8576882843438	0.05002597982531486	2.317426474941724e-05	0.016383014080697686
1554.212394225756	0.05015007988367617	2.3177264113941324e-05	0.016383014080697686
1559.567100167168	0.050274195864101916	2.3180269478338354e-05	0.016383014080697686
1564.9218061085803	0.050398327801092845	2.318328084502017e-05	0.016383014080697686
1570.2765120499923	0.05052247572914969	2.3186298216398615e-05	0.016383014080697686
1575.6312179914044	0.050646639682773185	2.3189321594885533e-05	0.016383014080697686
1580.9859239328166	0.050770819696464076	2.3192350982892768e-05	0.016383014080697686
1586.3406298742286	0.050895015804723095	2.3195386382832156e-05	0.016383014080697686
1591.6953358156409	0.05101922804205099	2.3198427797115546e-05	0.016383014080697686
1597.050041757053	0.05114345644294849	2.3201475228154782e-05	0.016383014080697686
1602.4047476984651	0.051267701041916316	2.3204528678361702e-05	0.016383014080697686
1607.7594536398772	0.05139196187345524	2.320758815014815e-05	0.016383014080697686
1613.1141595812894	0.05151623897206597	2.321065364592597e-05	0.016383014080697686
1618.4688655227014	0.05164053237224926	2.3213725168107003e-05	0.016383014080697686
1623.8235714641135	0.05176484210850584	2.3216802719103095e-05	0.016383014080697686
1629.1782774055257	0.051889168215336456	2.3219886301326085e-05	0.016383014080697686
1634.5329833469377	0.052013510727241835	2.3222975917187817e-05	0.016383014080697686
1639.8876892883502	0.05213786967872273	2.3226071569100134e-05	0.016383014080697686
1645.2423952297622	0.052262245104279854	2.3229173259474883e-05	0.016383014080697686
1650.5971011711745	0.052386637038413966	2.3232280990723897e-05	0.016383014080697686
1655.9518071125865	0.05251104551562579	2.323539476525903e-05	0.016383014080697686
1661.3065130539987	0.05263547057041607	2.3238514585492114e-05	0.016383014080697686
1666.6612189954108	0.052759912237285544	2.3241640453835e-05	0.016383014080697686
1672.015924936823	0.05288437055073495	2.3244772372699526e-05	0.016383014080697686
1677.370630878235	0.053008845545265026	2.3247910344497538e-05	0.016383014080697686
1682.7253368196473	0.05313333725537651	2.3251054371640875e-05	0.016383014080697686
1688.0800427610593	0.05325784571557012	2.3254204456541383e-05	0.016383014080697686
1693.4347487024713	0.05338237096034663	2.3257360601610906e-05	0.016383014080697686
1698.7894546438836	0.05350691302420675	2.326052280926128e-05	0.016383014080697686
1704.1441605852956	0.05363147194165122	2.3263691081904357e-05	0.016383014080697686
1709.4988665267078	0.05375604774718079	2.3266865421951973e-05	0.016383014080697686
1714.8535724681199	0.053880640475296185	2.3270045831815972e-05	0.016383014080697686
1720.208278409532	0.054005250160498154	2.3273232313908198e-05	0.016383014080697686
1725.5629843509441	0.05412987683728743	2.3276424870640493e-05	0.016383014080697686
1730.9176902923562	0.05425452054016475	2.3279623504424698e-05	0.016383014080697686
1736.2723962337684	0.05437918130363084	2.328282821767266e-05	0.016383014080697686
1741.6271021751809	0.05450385916218646	2.328603901279622e-05	0.016383014080697686
1746.981808116593	0.05462855415033233	2.3289255892207218e-05	0.016383014080697686
1752.336514058005	0.0547532663025692	2.32924788583175e-05	0.016383014080697686
1757.6912199994172	0.05487799565339779	2.329570791353891e-05	0.016383014080697686
1763.0459259408292	0.05500274223731885	2.3298943060283283e-05	0.016383014080697686
1768.4006318822414	0.05512750608883312	2.3302184300962473e-05	0.016383014080697686
1773.7553378236535	0.055252287242441335	2.3305431637988313e-05	0.016383014080697686
1779.1100437650657	0.05537708573264423	2.330868507377265e-05	0.016383014080697686
1784.4647497064777	0.05550190159394253	2.331194461072733e-05	0.016383014080697686
1789.81945564789	0.055626734860837	2.331521025126419e-05	0.016383014080697686
1795.174161589302	0.05575158556782836	2.3318481997795073e-05	0.016383014080697686
1800.528867530714	0.055876453749417354	2.3321759852731828e-05	0.016383014080697686
1805.8835734721263	0.056001339440104714	2.332504381848629e-05	0.016383014080697686
1811.2382794135383	0.056126242674391175	2.3328333897470305e-05	0.016383014080697686
1816.5929853549505	0.056251163486777486	2.3331630092095718e-05	0.016383014080697686
1821.9476912963626	0.05637610191176438	2.333493240477437e-05	0.016383014080697686
1827.3023972377748	0.05650105798385258	2.33382408379181e-05	0.016383014080697686
1832.6571031791868	0.056626031737542847	2.3341555393938758e-05	0.016383014080697686
1838.0118091205989	0.0567510232073359	2.334487607524818e-05	0.016383014080697686
1843.366515062011	0.056876032427732495	2.3348202884258212e-05	0.016383014080697686
1848.7212210034236	0.05700105943323336	2.3351535823380698e-05	0.016383014080697686
1854.0759269448356	0.05712610425833922	2.3354874895027482e-05	0.016383014080697686
1859.4306328862478	0.05725116693755083	2.33582201016104e-05	0.016383014080697686
1864.7853388276599	0.05737624750536892	2.33615714455413e-05	0.016383014080697686
1870.140044769072	0.05750134599629422	2.3364928929232023e-05	0.016383014080697686
1875.4947507104841	0.05762646244482749	2.3368292555094412e-05	0.016383014080697686
1880.8494566518962	0.05775159688546945	2.337166232554031e-05	0.016383014080697686
1886.2041625933084	0.05787674935272084	2.337503824298156e-05	0.016383014080697686
1891.5588685347204	0.058001919881082394	2.3378420309830006e-05	0.016383014080697686
1896.9135744761327	0.058127108505054856	2.338180852849749e-05	0.016383014080697686
1902.2682804175447	0.05825231525913896	2.338520290139585e-05	0.016383014080697686
1907.6229863589567	0.05837754017783545	2.3388603430936933e-05	0.016383014080697686
1912.977692300369	0.05850278329564506	2.3392010119532584e-05	0.016383014080697686
1918.332398241781	0.05862804464706852	2.3395422969594644e-05	0.016383014080697686
1923.6871041831932	0.05875332426660658	2.3398841983534952e-05	0.016383014080697686
1929.0418101246053	0.05887862218875997	2.3402267163765354e-05	0.016383014080697686
1934.3965160660175	0.059003938448029425	2.3405698512697696e-05	0.016383014080697686
1939.7512220074295	0.059129273078915696	2.3409136032743815e-05	0.016383014080697686
1945.1059279488416	0.0592546261159195	2.3412579726315556e-05	0.016383014080697686
1950.4606338902538	0.059379997593541595	2.341602959582476e-05	0.016383014080697686
1955.8153398316663	0.059505387546282706	2.3419485643683275e-05	0.016383014080697686
1961.1700457730783	0.05963079600864357	2.342294787230294e-05	0.016383014080697686
1966.5247517144905	0.059756223015124926	2.3426416284095596e-05	0.016383014080697686
1971.8794576559026	0.05988166860022752	2.3429890881473087e-05	0.016383014080697686
1977.2341635973146	0.06000713279845209	2.343337166684726e-05	0.016383014080697686
1982.5888695387268	0.06013261564429935	2.343685864262995e-05	0.016383014080697686
1987.9435754801389	0.060258117172270066	2.3440351811233008e-05	0.016383014080697686
1993.298281421551	0.06038363741686495	2.344385117506827e-05	0.016383014080697686
1998.6529873629631	0.06050917641258477	2.344735673654758e-05	0.016383014080697686
2004.0076933043754	0.060634734193930236	2.3450868498082788e-05	0.016383014080697686
2009.3623992457874	0.0607603107954021	2.3454386462085728e-05	0.016383014080697686
2014.7171051871994	0.060885906251501094	2.3457910630968244e-05	0.016383014080697686
2020.0718111286117	0.06101152059672796	2.3461441007142183e-05	0.016383014080697686
2025.4265170700237	0.061137153865583424	2.3464977593019385e-05	0.016383014080697686
2030.781223011436	0.06126280609256825	2.346852039101169e-05	0.016383014080697686
2036.135928952848	0.06138847731218314	2.347206940353095e-05	0.016383014080697686
2041.4906348942602	0.061514167558928856	2.3475624632988997e-05	0.016383014080697686
2046.8453408356722	0.061639876867306126	2.347918608179768e-05	0.016383014080697686
2052.2000467770845	0.061765605271815696	2.348275375236884e-05	0.016383014080697686
2057.5547527184967	0.0618913528069583	2.3486327647114316e-05	0.016383014080697686
2062.909458659909	0.06201711950723468	2.3489907768445958e-05	0.016383014080697686
2068.264164601321	0.06214290540714555	2.3493494118775607e-05	0.016383014080697686
2073.618870542733	0.06226871054119167	2.34970867005151e-05	0.016383014080697686
2078.9735764841453	0.06239453494387377	2.3500685516076286e-05	0.016383014080697686
2084.3282824255575	0.06252037864969259	2.3504290567871007e-05	0.016383014080697686
2089.6829883669693	0.06264624169314888	2.35079018583111e-05	0.016383014080697686
2095.0376943083816	0.06277212410874335	2.3511519389808417e-05	0.016383014080697686
2100.392400249794	0.06289802593097676	2.3515143164774795e-05	0.016383014080697686
2105.747106191206	0.06302394719434984	2.3518773185622075e-05	0.016383014080697686
2111.101812132618	0.06314988793336332	2.3522409454762104e-05	0.016383014080697686
2116.45651807403	0.06327584818251794	2.352605197460672e-05	0.016383014080697686
2121.8112240154423	0.06340182797631445	2.3529700747567775e-05	0.016383014080697686
2127.165929956854	0.06352782734925358	2.35333557760571e-05	0.016383014080697686
2132.5206358982664	0.06365384633583607	2.3537017062486547e-05	0.016383014080697686
2137.8753418396786	0.06377988497056265	2.3540684609267952e-05	0.016383014080697686
2143.230047781091	0.06390594328793406	2.3544358418813163e-05	0.016383014080697686
2148.5847537225027	0.06403202132245105	2.354803849353402e-05	0.016383014080697686
2153.939459663915	0.06415811910861434	2.3551724835842367e-05	0.016383014080697686
2159.294165605327	0.06428423668092467	2.3555417448150046e-05	0.016383014080697686
2164.6488715467394	0.06441037407388281	2.3559116332868898e-05	0.016383014080697686
2170.0035774881517	0.06453653132198944	2.356282149241077e-05	0.016383014080697686
2175.358283429564	0.06466270845974534	2.35665329291875e-05	0.016383014080697686
2180.7129893709757	0.06478890552165123	2.3570250645610935e-05	0.016383014080697686
2186.067695312388	0.06491512254220785	2.3573974644092913e-05	0.016383014080697686
2191.4224012538	0.06504135955591595	2.3577704927045283e-05	0.016383014080697686
2196.777107195212	0.06516761659727624	2.3581441496879884e-05	0.016383014080697686
2202.1318131366243	0.06529389370078949	2.358518435600856e-05	0.016383014080697686
2207.4865190780365	0.06542019090095641	2.3588933506843147e-05	0.016383014080697686
2212.8412250194488	0.06554650823227776	2.35926889517955e-05	0.016383014080697686
2218.1959309608606	0.06567284572925428	2.3596450693277453e-05	0.016383014080697686
2223.550636902273	0.06579920342638668	2.360021873370085e-05	0.016383014080697686
2228.905342843685	0.06592558135817571	2.3603993075477538e-05	0.016383014080697686
2234.260048785097	0.0660519795591221	2.3607773721019355e-05	0.016383014080697686
2239.614754726509	0.06617839806372662	2.3611560672738144e-05	0.016383014080697686
2244.9694606679213	0.06630483690648997	2.361535393304575e-05	0.016383014080697686
2250.3241666093336	0.06643129612191291	2.3619153504354016e-05	0.016383014080697686
2255.6788725507454	0.06655777574449617	2.362295938907478e-05	0.016383014080697686
2261.0335784921576	0.06668427580874049	2.3626771589619895e-05	0.016383014080697686
2266.38828443357	0.0668107963491466	2.3630590108401193e-05	0.016383014080697686
2271.742990374982	0.06693733740021526	2.363441494783052e-05	0.016383014080697686
2277.0976963163944	0.06706389899644717	2.3638246110319722e-05	0.016383014080697686
2282.4524022578066	0.0671904811723431	2.3642083598280637e-05	0.016383014080697686
2287.8071081992184	0.06731708396240377	2.364592741412511e-05	0.016383014080697686
2293.1618141406307	0.06744370740112993	2.3649777560264985e-05	0.016383014080697686
2298.516520082043	0.06757035152302229	2.3653634039112105e-05	0.016383014080697686
2303.8712260234547	0.06769701636258162	2.365749685307831e-05	0.016383014080697686
2309.225931964867	0.06782370195430865	2.3661366004575445e-05	0.016383014080697686
2314.580637906279	0.0679504083327041	2.3665241496015352e-05	0.016383014080697686
2319.9353438476915	0.06807713553226874	2.3669123329809872e-05	0.016383014080697686
2325.2900497891033	0.06820388358750328	2.367301150837085e-05	0.016383014080697686
2330.6447557305155	0.06833065253290846	2.367690603411013e-05	0.016383014080697686
2335.9994616719277	0.06845744240298501	2.368080690943955e-05	0.016383014080697686
2341.3541676133395	0.0685842532322337	2.3684714136770958e-05	0.016383014080697686
2346.708873554752	0.06871108505515525	2.368862771851619e-05	0.016383014080697686
2352.063579496164	0.0688379379062504	2.36925476570871e-05	0.016383014080697686
2357.4182854375763	0.06896481182001987	2.369647395489552e-05	0.016383014080697686
2362.772991378988	0.06909170683096441	2.37004066143533e-05	0.016383014080697686
2368.1276973204003	0.06921862297358475	2.3704345637872275e-05	0.016383014080697686
2373.4824032618126	0.06934556028238166	2.3708291027864294e-05	0.016383014080697686
2378.837109203225	0.06947251879185584	2.3712242786741198e-05	0.016383014080697686
2384.191815144637	0.06959949853650804	2.3716200916914827e-05	0.016383014080697686
2389.5465210860493	0.06972649955083901	2.372016542079703e-05	0.016383014080697686
2394.901227027461	0.06985352186934947	2.3724136300799645e-05	0.016383014080697686
2400.2559329688734	0.06998056552654015	2.3728113559334517e-05	0.016383014080697686
2405.6106389102856	0.07010763055691181	2.3732097198813487e-05	0.016383014080697686
2410.9653448516974	0.07023471699496518	2.37360872216484e-05	0.016383014080697686
2416.3200507931097	0.070361824875201	2.3740083630251094e-05	0.016383014080697686
2421.674756734522	0.07048895423212	2.3744086427033416e-05	0.016383014080697686
2427.029462675934	0.07061610510022291	2.3748095614407207e-05	0.016383014080697686
2432.384168617346	0.0707432775140105	2.3752111194784312e-05	0.016383014080697686
2437.738874558758	0.07087047150798347	2.375613317057657e-05	0.016383014080697686
2443.0935805001704	0.07099768711664257	2.376016154419583e-05	0.016383014080697686
2448.4482864415827	0.07112492437448856	2.3764196318053927e-05	0.016383014080697686
2453.8029923829945	0.07125218331602214	2.376823749456271e-05	0.016383014080697686
2459.1576983244067	0.07137946397574407	2.3772285076134017e-05	0.016383014080697686
2464.512404265819	0.07150676638815509	2.3776339065179695e-05	0.016383014080697686
2469.867110207231	0.07163409058775592	2.3780399464111582e-05	0.016383014080697686
2475.221816148643	0.07176143660904732	2.3784466275341527e-05	0.016383014080697686
2480.5765220900553	0.07188880448653001	2.3788539501281367e-05	0.016383014080697686
2485.9312280314675	0.07201619425470475	2.3792619144342947e-05	0.016383014080697686
2491.28593397288	0.07214360594807223	2.379670520693811e-05	0.016383014080697686
2496.640639914292	0.07227103960113324	2.3800797691478697e-05	0.016383014080697686
2501.995345855704	0.0723984952483885	2.3804896600376555e-05	0.016383014080697686
2507.350051797116	0.07252597292433874	2.380900193604352e-05	0.016383014080697686
2512.7047577385283	0.0726534726634847	2.3813113700891442e-05	0.016383014080697686
2518.0594636799406	0.0727809945003271	2.381723189733216e-05	0.016383014080697686
2523.4141696213524	0.07290853846936672	2.3821356527777517e-05	0.016383014080697686
2528.7688755627646	0.07303610460510426	2.3825487594639357e-05	0.016383014080697686
2534.123581504177	0.07316369294204048	2.382962510032952e-05	0.016383014080697686
2539.4782874455886	0.07329130351467611	2.383376904725985e-05	0.016383014080697686
2544.832993387001	0.07341893635751189	2.3837919437842192e-05	0.016383014080697686
2550.187699328413	0.07354659150504853	2.3842076274488387e-05	0.016383014080697686
2555.5424052698254	0.0736742689917868	2.384623955961028e-05	0.016383014080697686
2560.897111211237	0.07380196885222745	2.3850409295619705e-05	0.016383014080697686
2566.2518171526494	0.0739296911208712	2.3854585484928516e-05	0.016383014080697686
2571.6065230940617	0.07405743583221876	2.385876812994855e-05	0.016383014080697686
2576.9612290354735	0.07418520302077089	2.386295723309165e-05	0.016383014080697686
2582.3159349768857	0.07431299272102834	2.3867152796769663e-05	0.016383014080697686
2587.670640918298	0.07444080496749184	2.3871354823394423e-05	0.016383014080697686
2593.02534685971	0.0745686397946621	2.387556331537778e-05	0.016383014080697686
2598.3800528011225	0.07469649723703992	2.3879778275131576e-05	0.016383014080697686
2603.7347587425347	0.07482437732912597	2.388399970506765e-05	0.016383014080697686
2609.0894646839465	0.07495228010542104	2.388822760759785e-05	0.016383014080697686
2614.4441706253588	0.07508020560042583	2.3892461985134018e-05	0.016383014080697686
2619.798876566771	0.07520815384864107	2.3896702840087992e-05	0.016383014080697686
2625.1535825081833	0.07533612488456756	2.3900950174871616e-05	0.016383014080697686
2630.508288449595	0.07546411874270598	2.3905203991896734e-05	0.016383014080697686
2635.8629943910073	0.07559213545755708	2.3909464293575192e-05	0.016383014080697686
2641.2177003324196	0.07572017506362161	2.391373108231883e-05	0.016383014080697686
2646.5724062738313	0.0758482375954003	2.3918004360539487e-05	0.016383014080697686
2651.9271122152436	0.07597632308739385	2.392228413064901e-05	0.016383014080697686
2657.281818156656	0.07610443157410307	2.3926570395059243e-05	0.016383014080697686
2662.636524098068	0.07623256309002867	2.3930863156182027e-05	0.016383014080697686
2667.99123003948	0.07636071766967137	2.3935162416429203e-05	0.016383014080697686
2673.345935980892	0.07648889534753191	2.3939468178212618e-05	0.016383014080697686
2678.7006419223044	0.07661709615811103	2.3943780443944108e-05	0.016383014080697686
2684.055347863716	0.07674532013590948	2.3948099216035522e-05	0.016383014080697686
2689.4100538051284	0.07687356731542799	2.39524244968987e-05	0.016383014080697686
2694.7647597465407	0.07700183773116731	2.3956756288945483e-05	0.016383014080697686
2700.119465687953	0.07713013141762814	2.396109459458772e-05	0.016383014080697686
2705.4741716293647	0.07725844840931125	2.3965439416237248e-05	0.016383014080697686
2710.828877570777	0.07738678874071737	2.396979075630591e-05	0.016383014080697686
2716.183583512189	0.07751515244634724	2.3974148617205556e-05	0.016383014080697686
2721.538289453601	0.0776435395607016	2.397851300134802e-05	0.016383014080697686
2726.8929953950133	0.07777195011828117	2.3982883911145146e-05	0.016383014080697686
2732.2477013364255	0.07790038415358672	2.398726134900878e-05	0.016383014080697686
2737.6024072778378	0.07802884170111893	2.3991645317350762e-05	0.016383014080697686
2742.9571132192495	0.0781573227953786	2.3996035818582934e-05	0.016383014080697686
2748.311819160662	0.07828582747086646	2.4000432855117147e-05	0.016383014080697686
2753.666525102074	0.0784143557620832	2.4004836429365232e-05	0.016383014080697686
2759.021231043486	0.07854290770352959	2.400924654373904e-05	0.016383014080697686
2764.375936984898	0.07867148332970639	2.401366320065041e-05	0.016383014080697686
2769.7306429263103	0.07880008267511428	2.4018086402511186e-05	0.016383014080697686
2775.0853488677226	0.07892870577425404	2.4022516151733213e-05	0.016383014080697686
2780.4400548091344	0.0790573526616264	2.402695245072833e-05	0.016383014080697686
2785.7947607505466	0.07918602337173211	2.4031395301908378e-05	0.016383014080697686
2791.149466691959	0.07931471793907185	2.4035844707685207e-05	0.016383014080697686
2796.5041726333707	0.07944343639814644	2.4040300670470655e-05	0.016383014080697686
2801.858878574783	0.07957217878345657	2.4044763192676563e-05	0.016383014080697686
2807.213584516195	0.07970094512950299	2.404923227671478e-05	0.016383014080697686
2812.5682904576074	0.07982973547078642	2.405370792499714e-05	0.016383014080697686
2817.922996399019	0.07995854984180761	2.4058190139935493e-05	0.016383014080697686
2823.2777023404315	0.0800873882770673	2.4062678923941678e-05	0.016383014080697686
2828.6324082818437	0.08021625081106623	2.406717427942754e-05	0.016383014080697686
2833.987114223256	0.08034513747830513	2.407167620880492e-05	0.016383014080697686
2839.3418201646678	0.08047404831328474	2.4076184714485662e-05	0.016383014080697686
2844.69652610608	0.0806029833505058	2.408069979888161e-05	0.016383014080697686
2850.0512320474927	0.08073194262446905	2.4085221464404606e-05	0.016383014080697686
2855.405937988905	0.08086092616967522	2.408974971346649e-05	0.016383014080697686
2860.7606439303167	0.08098993402062504	2.4094284548479106e-05	0.016383014080697686
2866.115349871729	0.08111896621181926	2.4098825971854296e-05	0.016383014080697686
2871.4700558131412	0.08124802277775861	2.4103373986003908e-05	0.016383014080697686
2876.8247617545535	0.08137710375294385	2.4107928593339776e-05	0.016383014080697686
2882.1794676959653	0.08150620917187569	2.4112489796273752e-05	0.016383014080697686
2887.5341736373775	0.08163533906905487	2.411705759721767e-05	0.016383014080697686
2892.88887957879	0.08176449347898214	2.4121631998583382e-05	0.016383014080697686
2898.2435855202016	0.08189367243615825	2.4126213002782725e-05	0.016383014080697686
2903.598291461614	0.0820228759750839	2.413080061222754e-05	0.016383014080697686
2908.952997403026	0.08215210413025986	2.4135394829329674e-05	0.016383014080697686
2914.3077033444383	0.08228135693618685	2.413999565650097e-05	0.016383014080697686
2919.66240928585	0.0824106344273656	2.4144603096153263e-05	0.016383014080697686
2925.0171152272624	0.08253993663829687	2.4149217150698405e-05	0.016383014080697686
2930.3718211686746	0.0826692636034814	2.4153837822548237e-05	0.016383014080697686
2935.7265271100864	0.08279861535741992	2.41584651141146e-05	0.016383014080697686
2941.0812330514987	0.08292799193461314	2.4163099027809335e-05	0.016383014080697686
2946.435938992911	0.08305739336956183	2.4167739566044288e-05	0.016383014080697686
2951.790644934323	0.08318681969676672	2.41723867312313e-05	0.016383014080697686
2957.145350875735	0.08331627095072855	2.4177040525782212e-05	0.016383014080697686
2962.500056817147	0.08344574716594805	2.418170095210887e-05	0.016383014080697686
2967.8547627585594	0.08357524837692595	2.4186368012623117e-05	0.016383014080697686
2973.2094686999712	0.083704774618163	2.4191041709736796e-05	0.016383014080697686
2978.5641746413835	0.08383432592415994	2.4195722045861745e-05	0.016383014080697686
2983.9188805827957	0.0839639023294175	2.4200409023409813e-05	0.016383014080697686
2989.273586524208	0.08409350386843643	2.4205102644792835e-05	0.016383014080697686
2994.62829246562	0.08422313057571745	2.4209802912422663e-05	0.016383014080697686
2999.982998407032	0.08435278248576132	2.421450982871113e-05	0.016383014080697686
3005.3377043484443	0.08448245963306875	2.421922339607009e-05	0.016383014080697686
3010.6924102898565	0.0846121620521405	2.4223943616911376e-05	0.016383014080697686
3016.0471162312683	0.08474188977747729	2.4228670493646833e-05	0.016383014080697686
3021.4018221726806	0.08487164284357987	2.423340402868831e-05	0.016383014080697686
3026.756528114093	0.08500142128494897	2.4238144224447642e-05	0.016383014080697686
3032.1112340555046	0.08513122513608533	2.424289108333667e-05	0.016383014080697686
3037.465939996917	0.0852610544314897	2.424764460776725e-05	0.016383014080697686
3042.820645938329	0.08539090920566278	2.425240480015121e-05	0.016383014080697686
3048.1753518797414	0.08552078949310535	2.42571716629004e-05	0.016383014080697686
3053.530057821153	0.08565069532831814	2.4261945198426665e-05	0.016383014080697686
3058.8847637625654	0.08578062674580186	2.4266725409141844e-05	0.016383014080697686
3064.239469703978	0.0859105837800573	2.4271512297457777e-05	0.016383014080697686
3069.5941756453904	0.08604056646558514	2.4276305865786315e-05	0.016383014080697686
3074.948881586802	0.08617057483688613	2.428110611653929e-05	0.016383014080697686
3080.3035875282144	0.08630060892846103	2.4285913052128552e-05	0.016383014080697686
3085.6582934696266	0.08643066877481057	2.4290726674965945e-05	0.016383014080697686
3091.012999411039	0.08656075441043548	2.4295546987463306e-05	0.016383014080697686
3096.3677053524507	0.08669086586983649	2.430037399203248e-05	0.016383014080697686
3101.722411293863	0.08682100318751436	2.4305207691085313e-05	0.016383014080697686
3107.077117235275	0.08695116639796982	2.4310048087033642e-05	0.016383014080697686
3112.431823176687	0.08708135553570359	2.4314895182289316e-05	0.016383014080697686
3117.786529118099	0.08721157063521644	2.4319748979264174e-05	0.016383014080697686
3123.1412350595115	0.08734181173100908	2.432460948037006e-05	0.016383014080697686
3128.4959410009237	0.08747207885758225	2.4329476688018814e-05	0.016383014080697686
3133.8506469423355	0.08760237204943669	2.4334350604622284e-05	0.016383014080697686
3139.2053528837478	0.08773269134107316	2.4339231232592307e-05	0.016383014080697686
3144.56005882516	0.08786303676699236	2.4344118574340728e-05	0.016383014080697686
3149.9147647665723	0.08799340836169506	2.434901263227939e-05	0.016383014080697686
3155.269470707984	0.08812380615968199	2.435391340882014e-05	0.016383014080697686
3160.6241766493963	0.08825423019545385	2.4358820906374814e-05	0.016383014080697686
3165.9788825908086	0.08838468050351142	2.4363735127355257e-05	0.016383014080697686
3171.3335885322203	0.08851515711835545	2.4368656074173315e-05	0.016383014080697686
3176.6882944736326	0.08864566007448664	2.4373583749240825e-05	0.016383014080697686
3182.043000415045	0.08877618940640575	2.4378518154969634e-05	0.016383014080697686
3187.397706356457	0.08890674514861349	2.4383459293771584e-05	0.016383014080697686
3192.752412297869	0.08903732733561062	2.4388407168058514e-05	0.016383014080697686
3198.107118239281	0.08916793600189789	2.4393361780242274e-05	0.016383014080697686
3203.4618241806934	0.08929857118197601	2.43983231327347e-05	0.016383014080697686
3208.816530122105	0.08942923291034574	2.4403291227947638e-05	0.016383014080697686
3214.1712360635174	0.08955992122150779	2.440826606829293e-05	0.016383014080697686
3219.5259420049297	0.08969063614996291	2.441324765618242e-05	0.016383014080697686
3224.880647946342	0.08982137773021187	2.441823599402795e-05	0.016383014080697686
3230.2353538877537	0.08995214599675536	2.4423231084241362e-05	0.016383014080697686
3235.590059829166	0.09008294098409414	2.44282329292345e-05	0.016383014080697686
3240.944765770578	0.09021376272672893	2.4433241531419205e-05	0.016383014080697686
3246.29947171199	0.0903446112591605	2.443825689320732e-05	0.016383014080697686
3251.6541776534023	0.09047548661588956	2.444327901701069e-05	0.016383014080697686
3257.0088835948145	0.09060638883141686	2.4448307905241157e-05	0.016383014080697686
3262.3635895362268	0.09073731794024315	2.4453343560310563e-05	0.016383014080697686
3267.7182954776385	0.09086827397686913	2.4458385984630748e-05	0.016383014080697686
3273.0730014190513	0.09099925697579558	2.446343518061356e-05	0.016383014080697686
3278.4277073604635	0.09113026697152321	2.4468491150670837e-05	0.016383014080697686
3283.7824133018757	0.09126130399855276	2.4473553897214425e-05	0.016383014080697686
3289.1371192432875	0.09139236809138496	2.4478623422656165e-05	0.016383014080697686
3294.4918251847	0.09152345928452058	2.4483699729407902e-05	0.016383014080697686
3299.846531126112	0.09165457761246032	2.4488782819881478e-05	0.016383014080697686
3305.2012370675243	0.09178572310970495	2.4493872696488734e-05	0.016383014080697686
3310.555943008936	0.09191689581075517	2.4498969361641512e-05	0.016383014080697686
3315.9106489503483	0.09204809575011175	2.450407281775166e-05	0.016383014080697686
3321.2653548917606	0.09217932296227543	2.4509183067231013e-05	0.016383014080697686
3326.620060833173	0.09231057748174692	2.451430011249142e-05	0.016383014080697686
3331.9747667745846	0.09244185934302697	2.4519423955944725e-05	0.016383014080697686
3337.329472715997	0.09257316858061633	2.4524554600002764e-05	0.016383014080697686
3342.684178657409	0.09270450522901572	2.452969204707738e-05	0.016383014080697686
3348.038884598821	0.09283586932272589	2.4534836299580425e-05	0.016383014080697686
3353.393590540233	0.09296726089624757	2.4539987359923734e-05	0.016383014080697686
3358.7482964816454	0.0930986799840815	2.4545145230519152e-05	0.016383014080697686
3364.1030024230577	0.09323012662072842	2.455030991377852e-05	0.016383014080697686
3369.4577083644695	0.09336160084068906	2.4555481412113683e-05	0.016383014080697686
3374.8124143058817	0.09349310267846417	2.456065972793648e-05	0.016383014080697686
3380.167120247294	0.09362463216855446	2.4565844863658762e-05	0.016383014080697686
3385.5218261887057	0.0937561893454607	2.4571036821692362e-05	0.016383014080697686
3390.876532130118	0.09388777424368364	2.4576235604449128e-05	0.016383014080697686
3396.2312380715302	0.09401938689772396	2.45814412143409e-05	0.016383014080697686
3401.5859440129425	0.09415102734208243	2.458665365377953e-05	0.016383014080697686
3406.9406499543543	0.09428270227467131	2.4591874097069864e-05	0.016383014080697686
3412.2953558957665	0.09441441111229845	2.4597102421667893e-05	0.016383014080697686
3417.650061837179	0.09454614764987034	2.4602337527169574e-05	0.016383014080697686
3423.0047677785906	0.09467791192718972	2.4607579416586674e-05	0.016383014080697686
3428.359473720003	0.09480970398405938	2.4612828092930976e-05	0.016383014080697686
3433.714179661415	0.0949415238602821	2.461808355921425e-05	0.016383014080697686
3439.0688856028273	0.09507337159566064	2.4623345818448274e-05	0.016383014080697686
3444.423591544239	0.09520524722999776	2.462861487364482e-05	0.016383014080697686
3449.7782974856514	0.09533715080309627	2.4633890727815663e-05	0.016383014080697686
3455.1330034270636	0.09546908235475891	2.463917338397258e-05	0.016383014080697686
3460.4877093684754	0.09560104192478848	2.4644462845127347e-05	0.016383014080697686
3465.8424153098877	0.09573302955298772	2.4649759114291735e-05	0.016383014080697686
3471.1971212513	0.09586504527915943	2.465506219447752e-05	0.016383014080697686
3476.551827192712	0.09599708914310637	2.466037208869648e-05	0.016383014080697686
3481.906533134125	0.09612916118463133	2.4665688799960386e-05	0.016383014080697686
3487.2612390755367	0.09626126144353704	2.4671012331281017e-05	0.016383014080697686
3492.615945016949	0.09639338995962632	2.4676342685670143e-05	0.016383014080697686
3497.970650958361	0.0965255467727019	2.468167986613954e-05	0.016383014080697686
3503.3253568997734	0.0966577319225666	2.4687023875700986e-05	0.016383014080697686
3508.680062841185	0.09678994544902317	2.4692374717366257e-05	0.016383014080697686
3514.0347687825974	0.09692218739187436	2.469773239414712e-05	0.016383014080697686
3519.3894747240097	0.09705445779092298	2.470309690905536e-05	0.016383014080697686
3524.7441806654215	0.09718675668597178	2.470846826510274e-05	0.016383014080697686
3530.0988866068337	0.09731908411682354	2.4713846465301046e-05	0.016383014080697686
3535.453592548246	0.09745144012328104	2.471923151266205e-05	0.016383014080697686
3540.8082984896582	0.09758382474514703	2.472462341019752e-05	0.016383014080697686
3546.16300443107	0.0977162380222243	2.473002216091924e-05	0.016383014080697686
3551.5177103724823	0.09784867999431564	2.4735427767838983e-05	0.016383014080697686
3556.8724163138945	0.09798115070122378	2.474084023396852e-05	0.016383014080697686
3562.2271222553063	0.09811365018275152	2.474625956231963e-05	0.016383014080697686
3567.5818281967186	0.09824617847870164	2.4751685755904082e-05	0.016383014080697686
3572.936534138131	0.09837873562887689	2.4757118817733657e-05	0.016383014080697686
3578.291240079543	0.09851132167308005	2.476255875082013e-05	0.016383014080697686
3583.645946020955	0.0986439366511139	2.476800555817527e-05	0.016383014080697686
3589.000651962367	0.09877658060278122	2.4773459242810858e-05	0.016383014080697686
3594.3553579037793	0.09890925356788476	2.4778919807738665e-05	0.016383014080697686
3599.710063845191	0.0990419555862273	2.4784387255970467e-05	0.016383014080697686
3605.0647697866034	0.09917468669761162	2.478986159051804e-05	0.016383014080697686
3610.4194757280156	0.0993074469418405	2.479534281439316e-05	0.016383014080697686
3615.774181669428	0.0994402363587167	2.4800830930607598e-05	0.016383014080697686
3621.1288876108397	0.09957305498804297	2.480632594217313e-05	0.016383014080697686
3626.483593552252	0.09970590286962214	2.4811827852101534e-05	0.016383014080697686
3631.838299493664	0.09983878004325694	2.4817336663404582e-05	0.016383014080697686
3637.193005435076	0.09997168654875015	2.482285237909405e-05	0.016383014080697686
3642.547711376488	0.10010462242590454	2.4828375002181712e-05	0.016383014080697686
3647.9024173179005	0.1002375877145229	2.4833904535679344e-05	0.016383014080697686
3653.2571232593127	0.10037058245440798	2.4839440982598718e-05	0.016383014080697686
3658.6118292007245	0.10050360668536257	2.4844984345951613e-05	0.016383014080697686
3663.9665351421368	0.10063666044718944	2.4850534628749804e-05	0.016383014080697686
3669.321241083549	0.10076974377969135	2.485609183400506e-05	0.016383014080697686
3674.675947024961	0.10090285672267109	2.4861655964729164e-05	0.016383014080697686
3680.030652966373	0.10103599931593141	2.4867227023933883e-05	0.016383014080697686
3685.3853589077853	0.1011691715992751	2.4872805014631e-05	0.016383014080697686
3690.7400648491976	0.10130237361250495	2.4878389939832283e-05	0.016383014080697686
3696.0947707906103	0.1014356053954237	2.488398180254951e-05	0.016383014080697686
3701.449476732022	0.10156886698783414	2.4889580605794455e-05	0.016383014080697686
3706.8041826734343	0.10170215842953903	2.4895186352578894e-05	0.016383014080697686
3712.1588886148465	0.10183547976034116	2.49007990459146e-05	0.016383014080697686
3717.513594556259	0.10196883102004328	2.490641868881335e-05	0.016383014080697686
3722.8683004976706	0.10210221224844819	2.4912045284286918e-05	0.016383014080697686
3728.223006439083	0.10223562348535864	2.4917678835347078e-05	0.016383014080697686
3733.577712380495	0.1023690647705774	2.4923319345005607e-05	0.016383014080697686
3738.932418321907	0.10250253614390727	2.492896681627428e-05	0.016383014080697686
3744.287124263319	0.102636037645151	2.4934621252164867e-05	0.016383014080697686
3749.6418302047314	0.10276956931411137	2.4940282655689146e-05	0.016383014080697686
3754.9965361461436	0.10290313119059115	2.4945951029858895e-05	0.016383014080697686
3760.3512420875554	0.10303672331439312	2.4951626377685887e-05	0.016383014080697686
3765.7059480289677	0.10317034572532005	2.4957308702181895e-05	0.016383014080697686
3771.06065397038	0.1033039984631747	2.4962998006358696e-05	0.016383014080697686
3776.4153599117917	0.10343768156775986	2.4968694293228062e-05	0.016383014080697686
3781.770065853204	0.10357139507887829	2.497439756580177e-05	0.016383014080697686
3787.124771794616	0.10370513903633277	2.4980107827091597e-05	0.016383014080697686
3792.4794777360285	0.10383891347992608	2.4985825080109316e-05	0.016383014080697686
3797.8341836774403	0.10397271844946096	2.4991549327866698e-05	0.016383014080697686
3803.1888896188525	0.10410655398474022	2.4997280573375525e-05	0.016383014080697686
3808.5435955602647	0.10424042012556661	2.5003018819647566e-05	0.016383014080697686
3813.8983015016765	0.10437431691174293	2.5008764069694598e-05	0.016383014080697686
3819.253007443089	0.10450824438307192	2.50145163265284e-05	0.016383014080697686
3824.607713384501	0.10464220257935637	2.5020275593160737e-05	0.016383014080697686
3829.9624193259133	0.10477619154039905	2.5026041872603394e-05	0.016383014080697686
3835.317125267325	0.10491021130600274	2.503181516786814e-05	0.016383014080697686
3840.6718312087373	0.10504426191597019	2.5037595481966753e-05	0.016383014080697686
3846.0265371501496	0.1051783434101042	2.5043382817911008e-05	0.016383014080697686
3851.3812430915614	0.10531245582820752	2.5049177178712677e-05	0.016383014080697686
3856.7359490329736	0.10544659921008294	2.5054978567383535e-05	0.016383014080697686
3862.090654974386	0.10558077359553322	2.506078698693536e-05	0.016383014080697686
3867.445360915798	0.10571497902436114	2.5066602440379924e-05	0.016383014080697686
3872.80006685721	0.10584921553636947	2.5072424930729004e-05	0.016383014080697686
3878.154772798622	0.10598348317136098	2.5078254460994376e-05	0.016383014080697686
3883.5094787400344	0.10611778196913846	2.508409103418781e-05	0.016383014080697686
3888.8641846814467	0.10625211196950465	2.5089934653321084e-05	0.016383014080697686
3894.2188906228585	0.10638647321226236	2.5095785321405974e-05	0.016383014080697686
3899.5735965642707	0.10652086573721434	2.5101643041454255e-05	0.016383014080697686
3904.9283025056834	0.10665528958416337	2.51075078164777e-05	0.016383014080697686
3910.2830084470957	0.10678974479291221	2.511337964948808e-05	0.016383014080697686
3915.6377143885074	0.10692423140326365	2.511925854349718e-05	0.016383014080697686
3920.9924203299197	0.10705874945502045	2.5125144501516764e-05	0.016383014080697686
3926.347126271332	0.10719329898798538	2.5131037526558616e-05	0.016383014080697686
3931.701832212744	0.10732788004196123	2.5136937621634506e-05	0.016383014080697686
3937.056538154156	0.10746249265675076	2.514284478975621e-05	0.016383014080697686
3942.4112440955682	0.10759713687215675	2.5148759033935504e-05	0.016383014080697686
3947.7659500369805	0.10773181272798196	2.5154680357184158e-05	0.016383014080697686
3953.1206559783923	0.10786652026402918	2.5160608762513953e-05	0.016383014080697686
3958.4753619198045	0.10800125952010117	2.5166544252936663e-05	0.016383014080697686
3963.830067861217	0.1081360305360007	2.517248683146406e-05	0.016383014080697686
3969.184773802629	0.10827083335153055	2.5178436501107918e-05	0.016383014080697686
3974.539479744041	0.10840566800649351	2.5184393264880016e-05	0.016383014080697686
3979.894185685453	0.10854053454069232	2.519035712579213e-05	0.016383014080697686
3985.2488916268653	0.10867543299392976	2.5196328086856027e-05	0.016383014080697686
3990.603597568277	0.10881036340600862	2.520230615108349e-05	0.016383014080697686
3995.9583035096894	0.10894532581673166	2.520829132148629e-05	0.016383014080697686
4001.3130094511016	0.10908032026590166	2.5214283601076203e-05	0.016383014080697686
4006.667715392514	0.10921534679332137	2.5220282992865e-05	0.016383014080697686
4012.0224213339256	0.1093504054387936	2.5226289499864465e-05	0.016383014080697686
4017.377127275338	0.1094854962421211	2.5232303125086364e-05	0.016383014080697686
4022.73183321675	0.10962061924310665	2.5238323871542477e-05	0.016383014080697686
4028.086539158162	0.10975577448155299	2.5244351742244575e-05	0.016383014080697686
4033.441245099574	0.10989096199726295	2.5250386740204437e-05	0.016383014080697686
4038.7959510409864	0.11002618183003926	2.5256428868433835e-05	0.016383014080697686
4044.1506569823987	0.11016143401968473	2.5262478129944545e-05	0.016383014080697686
4049.5053629238105	0.11029671860600208	2.5268534527748343e-05	0.016383014080697686
4054.8600688652227	0.11043203562879413	2.5274598064857003e-05	0.016383014080697686
4060.214774806635	0.11056738512786363	2.5280668744282297e-05	0.016383014080697686
4065.569480748047	0.11070276714301336	2.5286746569036004e-05	0.016383014080697686
4070.924186689459	0.11083818171404608	2.5292831542129896e-05	0.016383014080697686
4076.2788926308713	0.11097362888076458	2.529892366657575e-05	0.016383014080697686
4081.6335985722835	0.11110910868297162	2.530502294538534e-05	0.016383014080697686
4086.9883045136953	0.11124462116046999	2.531112938157044e-05	0.016383014080697686
4092.3430104551076	0.11138016635306244	2.531724297814283e-05	0.016383014080697686
4097.697716396519	0.11151574430055175	2.5323363738114276e-05	0.016383014080697686
4103.052422337932	0.11165135504274071	2.5329491664496562e-05	0.016383014080697686
4108.407128279344	0.11178699861943206	2.5335626760301455e-05	0.016383014080697686
4113.761834220757	0.11192267507042862	2.5341769028540735e-05	0.016383014080697686
4119.116540162169	0.11205838443553312	2.5347918472226175e-05	0.016383014080697686
4124.471246103581	0.11219412675454835	2.5354075094369553e-05	0.016383014080697686
4129.825952044993	0.11232990206727705	2.536023889798264e-05	0.016383014080697686
4135.180657986405	0.11246571041352206	2.536640988607721e-05	0.016383014080697686
4140.535363927817	0.1126015518330861	2.537258806166504e-05	0.016383014080697686
4145.89006986923	0.11273742636577196	2.5378773427757908e-05	0.016383014080697686
4151.244775810642	0.1128733340513824	2.5384965987367583e-05	0.016383014080697686
4156.599481752054	0.11300927492972021	2.5391165743505842e-05	0.016383014080697686
4161.954187693465	0.11314524904058816	2.5397372699184463e-05	0.016383014080697686
4167.308893634878	0.11328125642378901	2.5403586857415217e-05	0.016383014080697686
4172.66359957629	0.11341729711912554	2.540980822120988e-05	0.016383014080697686
4178.018305517702	0.11355337116640053	2.541603679358023e-05	0.016383014080697686
4183.373011459114	0.11368947860541675	2.5422272577538037e-05	0.016383014080697686
4188.727717400527	0.11382561947597697	2.542851557609508e-05	0.016383014080697686
4194.082423341939	0.11396179381788395	2.543476579226313e-05	0.016383014080697686
4199.43712928335	0.11409800167094047	2.5441023229053964e-05	0.016383014080697686
4204.7918352247625	0.11423424307494932	2.5447287889479358e-05	0.016383014080697686
4210.146541166175	0.11437051806971325	2.5453559776551083e-05	0.016383014080697686
4215.501247107587	0.11450682669503506	2.545983889328092e-05	0.016383014080697686
4220.855953048999	0.1146431689907175	2.5466125242680637e-05	0.016383014080697686
4226.2106589904115	0.11477954499656333	2.5472418827762015e-05	0.016383014080697686
4231.565364931824	0.11491595475237536	2.5478719651536827e-05	0.016383014080697686
4236.920070873235	0.11505239829795633	2.5485027717016844e-05	0.016383014080697686
4242.274776814647	0.11518887567310904	2.5491343027213846e-05	0.016383014080697686
4247.62948275606	0.11532538691763622	2.5497665585139605e-05	0.016383014080697686
4252.984188697472	0.1154619320713407	2.55039953938059e-05	0.016383014080697686
4258.338894638884	0.11559851117402521	2.5510332456224498e-05	0.016383014080697686
4263.693600580296	0.11573512426549254	2.5516676775407184e-05	0.016383014080697686
4269.048306521709	0.11587177138554546	2.5523028354365723e-05	0.016383014080697686
4274.40301246312	0.11600845257398673	2.5529387196111896e-05	0.016383014080697686
4279.757718404532	0.11614516787061915	2.5535753303657478e-05	0.016383014080697686
4285.112424345944	0.11628191731524548	2.554212668001424e-05	0.016383014080697686
4290.467130287357	0.11641870094766849	2.554850732819396e-05	0.016383014080697686
4295.821836228769	0.11655551880769094	2.555489525120841e-05	0.016383014080697686
4301.176542170181	0.11669237093511561	2.556129045206937e-05	0.016383014080697686
4306.531248111593	0.1168292573697453	2.556769293378861e-05	0.016383014080697686
4311.885954053005	0.11696617815138274	2.5574102699377908e-05	0.016383014080697686
4317.240659994417	0.11710313331983074	2.5580519751849038e-05	0.016383014080697686
4322.595365935829	0.11724012291489204	2.558694409421377e-05	0.016383014080697686
4327.950071877242	0.11737714697636945	2.559337572948389e-05	0.016383014080697686
4333.304777818655	0.1175142055440657	2.5599814660671164e-05	0.016383014080697686
4338.659483760066	0.1176512986577836	2.560626089078737e-05	0.016383014080697686
4344.014189701478	0.1177884263573259	2.561271442284428e-05	0.016383014080697686
4349.3688956428905	0.11792558868249538	2.561917525985367e-05	0.016383014080697686
4354.723601584303	0.1180627856730948	2.5625643404827317e-05	0.016383014080697686
4360.078307525715	0.11820001736892696	2.5632118860776996e-05	0.016383014080697686
4365.433013467127	0.11833728380979461	2.563860163071448e-05	0.016383014080697686
4370.7877194085395	0.11847458503550054	2.5645091717651546e-05	0.016383014080697686
4376.142425349951	0.1186119210858475	2.5651589124599966e-05	0.016383014080697686
4381.497131291363	0.11874929200063829	2.5658093854571515e-05	0.016383014080697686
4386.851837232775	0.11888669781967565	2.566460591057797e-05	0.016383014080697686
4392.206543174188	0.11902413858276238	2.5671125295631108e-05	0.016383014080697686
4397.5612491156	0.11916161432970124	2.5677652012742698e-05	0.016383014080697686
4402.915955057012	0.11929912510029501	2.5684186064924522e-05	0.016383014080697686
4408.270660998424	0.11943667093434646	2.5690727455188345e-05	0.016383014080697686
4413.625366939836	0.11957425187165835	2.5697276186545952e-05	0.016383014080697686
4418.980072881248	0.11971186795203348	2.5703832262009114e-05	0.016383014080697686
4424.33477882266	0.1198495192152746	2.5710395684589602e-05	0.016383014080697686
4429.689484764072	0.11998720570118449	2.57169664572992e-05	0.016383014080697686
4435.044190705485	0.12012492744956592	2.572354458314967e-05	0.016383014080697686
4440.398896646897	0.12026268450022166	2.57301300651528e-05	0.016383014080697686
4445.753602588309	0.12040047689295451	2.573672290632036e-05	0.016383014080697686
4451.1083085297205	0.1205383046675672	2.574332310966412e-05	0.016383014080697686
4456.463014471133	0.12067616786386252	2.574993067819586e-05	0.016383014080697686
4461.817720412545	0.12081406652164325	2.5756545614927356e-05	0.016383014080697686
4467.172426353957	0.12095200068071216	2.5763167922870376e-05	0.016383014080697686
4472.5271322953695	0.12108997038087202	2.5769797605036705e-05	0.016383014080697686
4477.881838236782	0.12122797566192561	2.5776434664438108e-05	0.016383014080697686
4483.236544178194	0.1213660165636757	2.578307910408637e-05	0.016383014080697686
4488.591250119605	0.12150409312592506	2.5789730926993254e-05	0.016383014080697686
4493.945956061018	0.12164220538847645	2.5796390136170547e-05	0.016383014080697686
4499.30066200243	0.12178035339113265	2.5803056734630015e-05	0.016383014080697686
4504.655367943842	0.12191853717369644	2.5809730725383437e-05	0.016383014080697686
4510.010073885254	0.1220567567759706	2.5816412111442585e-05	0.016383014080697686
4515.364779826667	0.12219501223775787	2.582310089581924e-05	0.016383014080697686
4520.719485768079	0.12233330359886108	2.582979708152517e-05	0.016383014080697686
4526.07419170949	0.12247163089908294	2.583650067157215e-05	0.016383014080697686
4531.428897650902	0.12260999417822627	2.584321166897196e-05	0.016383014080697686
4536.783603592316	0.12274839347609381	2.5849930076736377e-05	0.016383014080697686
4542.138309533728	0.12288682883248836	2.5856655897877167e-05	0.016383014080697686
4547.49301547514	0.12302530028721267	2.5863389135406108e-05	0.016383014080697686
4552.847721416551	0.12316380788006952	2.587012979233498e-05	0.016383014080697686
4558.202427357964	0.12330235165086167	2.5876877871675548e-05	0.016383014080697686
4563.557133299376	0.12344093163939192	2.5883633376439596e-05	0.016383014080697686
4568.911839240788	0.12357954788546303	2.58903963096389e-05	0.016383014080697686
4574.2665451822	0.12371820042887777	2.5897166674285227e-05	0.016383014080697686
4579.621251123613	0.12385688930943892	2.5903944473390354e-05	0.016383014080697686
4584.975957065025	0.12399561456694924	2.5910729709966057e-05	0.016383014080697686
4590.330663006436	0.12413437624121151	2.5917522387024116e-05	0.016383014080697686
4595.6853689478485	0.1242731743720285	2.59243225075763e-05	0.016383014080697686
4601.040074889261	0.12441200899920299	2.5931130074634382e-05	0.016383014080697686
4606.394780830673	0.12455088016253775	2.5937945091210142e-05	0.016383014080697686
4611.749486772085	0.12468978790183555	2.5944767560315353e-05	0.016383014080697686
4617.1041927134975	0.12482873225689917	2.595159748496179e-05	0.016383014080697686
4622.45889865491	0.12496771326753135	2.5958434868161227e-05	0.016383014080697686
4627.813604596321	0.12510673097353492	2.5965279712925442e-05	0.016383014080697686
4633.168310537733	0.1252457854147126	2.5972132022266205e-05	0.016383014080697686
4638.523016479146	0.1253848766308672	2.5978991799195296e-05	0.016383014080697686
4643.877722420558	0.12552400466180147	2.5985859046724485e-05	0.016383014080697686
4649.23242836197	0.12566316954731818	2.599273376786555e-05	0.016383014080697686
4654.587134303382	0.1258023713272201	2.5999615965630267e-05	0.016383014080697686
4659.941840244795	0.12594161004131005	2.6006505643030408e-05	0.016383014080697686
4665.296546186206	0.12608088572939075	2.6013402803077747e-05	0.016383014080697686
4670.651252127618	0.126220198431265	2.6020307448784064e-05	0.016383014080697686
4676.00595806903	0.12635954818673556	2.602721958316113e-05	0.016383014080697686
4681.360664010443	0.1264989350356052	2.6034139209220718e-05	0.016383014080697686
4686.715369951855	0.12663835901767667	2.6041066329974608e-05	0.016383014080697686
4692.070075893267	0.12677782017275283	2.6048000948434574e-05	0.016383014080697686
4697.424781834679	0.12691731854063634	2.6054943067612383e-05	0.016383014080697686
4702.779487776091	0.12705685416113005	2.6061892690519822e-05	0.016383014080697686
4708.134193717503	0.12719642707403672	2.6068849820168658e-05	0.016383014080697686
4713.488899658915	0.1273360373191591	2.607581445957067e-05	0.016383014080697686
4718.8436056003275	0.12747568493629996	2.608278661173763e-05	0.016383014080697686
4724.19831154174	0.12761536996526213	2.6089766279681313e-05	0.016383014080697686
4729.553017483152	0.1277550924458483	2.6096753466413497e-05	0.016383014080697686
4734.907723424564	0.12789485241786128	2.610374817494595e-05	0.016383014080697686
4740.262429365976	0.12803464992110386	2.6110750408290457e-05	0.016383014080697686
4745.617135307388	0.12817448499537878	2.6117760169458783e-05	0.016383014080697686
4750.971841248801	0.12831435768048888	2.612477746146271e-05	0.016383014080697686
4756.326547190213	0.12845426801623683	2.613180228731401e-05	0.016383014080697686
4761.681253131625	0.1285942160424255	2.613883465002446e-05	0.016383014080697686
4767.035959073037	0.12873420179885758	2.6145874552605828e-05	0.016383014080697686
4772.390665014449	0.1288742253253359	2.61529219980699e-05	0.016383014080697686
4777.745370955861	0.1290142866616632	2.615997698942844e-05	0.016383014080697686
4783.1000768972735	0.12915438584764227	2.6167039529693228e-05	0.016383014080697686
4788.454782838686	0.1292945229230759	2.617410962187604e-05	0.016383014080697686
4793.809488780098	0.1294346979277668	2.618118726898865e-05	0.016383014080697686
4799.16419472151	0.12957491090151782	2.618827247404283e-05	0.016383014080697686
4804.518900662922	0.12971516188413168	2.619536524005036e-05	0.016383014080697686
4809.873606604334	0.12985545091541117	2.6202465570023012e-05	0.016383014080697686
4815.228312545746	0.12999577803515908	2.620957346697256e-05	0.016383014080697686
4820.583018487158	0.13013614328317816	2.6216688933910782e-05	0.016383014080697686
4825.937724428571	0.1302765466992712	2.6223811973849448e-05	0.016383014080697686
4831.292430369983	0.13041698832324092	2.623094258980034e-05	0.016383014080697686
4836.647136311395	0.13055746819489014	2.6238080784775223e-05	0.016383014080697686
4842.0018422528065	0.13069798635402166	2.624522656178588e-05	0.016383014080697686
4847.356548194219	0.1308385428404382	2.6252379923844086e-05	0.016383014080697686
4852.711254135631	0.13097913769394254	2.625954087396161e-05	0.016383014080697686
4858.065960077043	0.13111977095433747	2.6266709415150233e-05	0.016383014080697686
4863.420666018455	0.13126044266142578	2.6273885550421723e-05	0.016383014080697686
4868.775371959868	0.1314011528550102	2.6281069282787862e-05	0.016383014080697686
4874.13007790128	0.1315419015748935	2.6288260615260424e-05	0.016383014080697686
4879.484783842691	0.13168268886087853	2.6295459550851178e-05	0.016383014080697686
4884.8394897841035	0.13182351475276796	2.6302666092571904e-05	0.016383014080697686
4890.194195725516	0.13196437929036461	2.6309880243434378e-05	0.016383014080697686
4895.548901666928	0.13210528251347128	2.631710200645037e-05	0.016383014080697686
4900.90360760834	0.13224622446189072	2.6324331384631657e-05	0.016383014080697686
4906.2583135497525	0.13238720517542565	2.633156838099002e-05	0.016383014080697686
4911.613019491165	0.13252822469387893	2.633881299853722e-05	0.016383014080697686
4916.967725432576	0.13266928305705328	2.6346065240285045e-05	0.016383014080697686
4922.322431373988	0.1328103803047515	2.6353325109245264e-05	0.016383014080697686
4927.677137315401	0.13295151647677633	2.6360592608429652e-05	0.016383014080697686
4933.031843256813	0.13309269161293058	2.6367867740849986e-05	0.016383014080697686
4938.386549198225	0.133233905753017	2.637515050951804e-05	0.016383014080697686
4943.741255139637	0.13337515893683835	2.638244091744559e-05	0.016383014080697686
4949.09596108105	0.13351645120419742	2.6389738967644408e-05	0.016383014080697686
4954.450667022461	0.13365778259489702	2.639704466312627e-05	0.016383014080697686
4959.805372963874	0.13379915314873986	2.6404358006902952e-05	0.016383014080697686
4965.160078905286	0.13394056290552875	2.6411679001986227e-05	0.016383014080697686
4970.514784846699	0.13408201190506644	2.6419007651387874e-05	0.016383014080697686
4975.869490788111	0.1342235001871557	2.6426343958119664e-05	0.016383014080697686
4981.224196729522	0.1343650277915993	2.643368792519337e-05	0.016383014080697686
4986.578902670934	0.13450659475820007	2.6441039555620772e-05	0.016383014080697686
4991.933608612347	0.13464820112676074	2.6448398852413643e-05	0.016383014080697686
4997.288314553759	0.13478984693708407	2.645576581858376e-05	0.016383014080697686
5002.643020495171	0.1349315322289728	2.646314045714289e-05	0.016383014080697686
5007.997726436583	0.13507325704222983	2.6470522771102817e-05	0.016383014080697686
5013.352432377996	0.1352150214166578	2.647791276347531e-05	0.016383014080697686
5018.707138319407	0.13535682539205954	2.648531043727215e-05	0.016383014080697686
5024.061844260819	0.13549866900823784	2.6492715795505106e-05	0.016383014080697686
5029.4165502022315	0.13564055230499542	2.6500128841185954e-05	0.016383014080697686
5034.771256143644	0.1357824753221351	2.650754957732647e-05	0.016383014080697686
5040.125962085056	0.13592443809945964	2.6514978006938432e-05	0.016383014080697686
5045.480668026468	0.13606644067677182	2.652241413303361e-05	0.016383014080697686
5050.8353739678805	0.13620848309387434	2.652985795862378e-05	0.016383014080697686
5056.190079909292	0.1363505653905701	2.6537309486720716e-05	0.016383014080697686
5061.544785850704	0.13649268760666178	2.6544768720336195e-05	0.016383014080697686
5066.899491792116	0.13663484978195217	2.6552235662481994e-05	0.016383014080697686
5072.254197733529	0.13677705195624407	2.655971031616988e-05	0.016383014080697686
5077.608903674941	0.1369192941693402	2.6567192684411637e-05	0.016383014080697686
5082.963609616353	0.1370615764610434	2.657468277021904e-05	0.016383014080697686
5088.318315557765	0.13720389887115642	2.658218057660385e-05	0.016383014080697686
5093.673021499177	0.13734626143948198	2.658968610657786e-05	0.016383014080697686
5099.027727440589	0.13748866420582292	2.6597199363152834e-05	0.016383014080697686
5104.382433382001	0.13763110720998198	2.660472034934055e-05	0.016383014080697686
5109.737139323413	0.13777359049176194	2.661224906815278e-05	0.016383014080697686
5115.091845264826	0.13791611409096557	2.6619785522601305e-05	0.016383014080697686
5120.446551206238	0.13805867804739566	2.6627329715697894e-05	0.016383014080697686
5125.80125714765	0.13820128240085494	2.6634881650454323e-05	0.016383014080697686
5131.1559630890615	0.13834392719114624	2.664244132988237e-05	0.016383014080697686
5136.510669030474	0.13848661245807228	2.665000875699381e-05	0.016383014080697686
5141.865374971886	0.1386293382414359	2.665758393480041e-05	0.016383014080697686
5147.220080913298	0.13877210458103978	2.6665166866313955e-05	0.016383014080697686
5152.5747868547105	0.13891491151668675	2.667275755454622e-05	0.016383014080697686
5157.929492796123	0.13905775908817958	2.668035600250897e-05	0.016383014080697686
5163.284198737535	0.13920064733532103	2.6687962213213984e-05	0.016383014080697686
5168.638904678947	0.1393435762979139	2.6695576189673042e-05	0.016383014080697686
5173.9936106203595	0.13948654601576094	2.670319793489791e-05	0.016383014080697686
5179.348316561772	0.13962955652866493	2.6710827451900374e-05	0.016383014080697686
5184.703022503184	0.13977260787642862	2.67184647436922e-05	0.016383014080697686
5190.057728444596	0.1399157000988548	2.672610981328517e-05	0.016383014080697686
5195.412434386008	0.14005883323574625	2.673376266369105e-05	0.016383014080697686
5200.76714032742	0.14020200732690571	2.674142329792162e-05	0.016383014080697686
5206.121846268832	0.140345222412136	2.6749091718988657e-05	0.016383014080697686
5211.476552210244	0.14048847853123986	2.6756767929903934e-05	0.016383014080697686
5216.831258151657	0.14063177572402008	2.6764451933679224e-05	0.016383014080697686
5222.185964093069	0.14077511403027942	2.6772143733326304e-05	0.016383014080697686
5227.540670034481	0.1409184934898207	2.6779843331856946e-05	0.016383014080697686
5232.895375975892	0.1410619141424466	2.6787550732282928e-05	0.016383014080697686
5238.250081917305	0.14120537602795996	2.6795265937616025e-05	0.016383014080697686
5243.604787858717	0.14134887918616354	2.680298895086801e-05	0.016383014080697686
5248.959493800129	0.1414924236568601	2.681071977505066e-05	0.016383014080697686
5254.314199741541	0.14163600947985244	2.681845841317575e-05	0.016383014080697686
5259.668905682954	0.1417796366949433	2.682620486825505e-05	0.016383014080697686
5265.023611624366	0.14192330534193548	2.683395914330034e-05	0.016383014080697686
5270.378317565777	0.14206701546063175	2.6841721241323395e-05	0.016383014080697686
5275.7330235071895	0.14221076709083486	2.6849491165335986e-05	0.016383014080697686
5281.087729448602	0.14235456027234758	2.6857268918349893e-05	0.016383014080697686
5286.442435390014	0.14249839504497272	2.6865054503376887e-05	0.016383014080697686
5291.797141331426	0.14264227144851302	2.6872847923428743e-05	0.016383014080697686
5297.1518472728385	0.14278618952277125	2.688064918151724e-05	0.016383014080697686
5302.506553214251	0.1429301493075502	2.6888458280654145e-05	0.016383014080697686
5307.861259155662	0.14307415084265268	2.689627522385124e-05	0.016383014080697686
5313.215965097074	0.1432181941678814	2.6904100014120296e-05	0.016383014080697686
5318.570671038487	0.14336227932303913	2.691193265447309e-05	0.016383014080697686
5323.925376979899	0.1435064063479287	2.6919773147921398e-05	0.016383014080697686
5329.280082921311	0.1436505752823528	2.6927621497476992e-05	0.016383014080697686
5334.634788862723	0.1437947861661143	2.693547770615165e-05	0.016383014080697686
5339.989494804136	0.14393903903901592	2.694334177695714e-05	0.016383014080697686
5345.344200745547	0.14408333394086043	2.695121371290525e-05	0.016383014080697686
5350.69890668696	0.1442276709114506	2.695909351700774e-05	0.016383014080697686
