x	chi	dchidx	s0
0.00014336579817638757	0.0	0.029641007408386464	0.029641007408386464
0.013754758226847012	0.00040344756888802856	0.029639302556536396	0.029641007408386464
0.02736615065551764	0.0008068492057175954	0.029634258347533013	0.029641007408386464
0.040977543084188266	0.0012101594571880627	0.029625874781385668	0.029641007408386464
0.05458893551285889	0.0016133328699995128	0.029614151858078478	0.029641007408386464
0.06820032794152951	0.002016323990851409	0.029599089577589166	0.029641007408386464
0.08181172037020015	0.00241908736644258	0.02958068793988915	0.029641007408386464
0.09542311279887077	0.0028215775434712216	0.029558946944943567	0.029641007408386464
0.10903450522754139	0.003223749068634898	0.029533866592711268	0.029641007408386464
0.12264589765621202	0.0036255564886305365	0.029505446883144798	0.029641007408386464
0.13625729008488263	0.004026954350154434	0.02947368781619043	0.029641007408386464
0.14986868251355323	0.004427897199902253	0.029438589391788138	0.029641007408386464
0.16348007494222389	0.004828339584541144	0.02940015160997942	0.029641007408386464
0.1770914673708945	0.005228236050685424	0.029358374471008277	0.029641007408386464
0.1907028597995651	0.005627541145043862	0.029313257974748624	0.029641007408386464
0.20431425222823577	0.006026209414329537	0.02926480212104331	0.029641007408386464
0.2179256446569064	0.006424195405252259	0.02921300690973306	0.029641007408386464
0.231537037085577	0.006821453664518579	0.029157872340656477	0.029641007408386464
0.24514842951424765	0.007217938738831781	0.029099398413650043	0.029641007408386464
0.25875982194291824	0.0076136051748918795	0.02903758512854813	0.029641007408386464
0.2723712143715889	0.008008407519395628	0.02897243248518298	0.029641007408386464
0.2859826068002595	0.008402300319036516	0.028903940483384717	0.029641007408386464
0.29959399922893015	0.008795238120504763	0.02883210912298135	0.029641007408386464
0.3132053916576008	0.009187175470487325	0.02875693840379876	0.029641007408386464
0.3268167840862714	0.009578066915667897	0.028678428325660723	0.029641007408386464
0.34042817651494206	0.0099678670027269	0.028596578888388877	0.029641007408386464
0.35403956894361266	0.010356530278341497	0.028511390091802754	0.029641007408386464
0.36765096137228326	0.010744011289185586	0.028422861935719756	0.029641007408386464
0.3812623538009539	0.011130264581929793	0.028330994419955177	0.029641007408386464
0.39487374622962457	0.011515244703241488	0.028235787544322176	0.029641007408386464
0.40848513865829517	0.011898906199784766	0.02813724130863181	0.029641007408386464
0.4220965310869658	0.012281203618220464	0.028035355712693003	0.029641007408386464
0.4357079235156364	0.012662091505206152	0.027930130756312562	0.029641007408386464
0.449319315944307	0.01304152440739613	0.027821566439295176	0.029641007408386464
0.4629307083729777	0.01341945687144144	0.027709662761443415	0.029641007408386464
0.47654210080164827	0.013795843443989854	0.027594419722557727	0.029641007408386464
0.4901534932303189	0.014170638671685883	0.02747583732243644	0.029641007408386464
0.5037648856589896	0.014543797101170767	0.02735391556087577	0.029641007408386464
0.5173762780876602	0.014915273279082483	0.027228654437669798	0.029641007408386464
0.5309876705163308	0.015285021752055743	0.0271000539526105	0.029641007408386464
0.5445990629450014	0.015652997066722	0.02696811410548772	0.029641007408386464
0.558210455373672	0.016019153769709426	0.026832834896089196	0.029641007408386464
0.5718218478023427	0.016383446407642943	0.02669421632420053	0.029641007408386464
0.5854332402310133	0.016745829527144207	0.026552258389605222	0.029641007408386464
0.5990446326596839	0.017106257674831597	0.026406961092084638	0.029641007408386464
0.6126560250883546	0.017464685397320236	0.026258324431418026	0.029641007408386464
0.6262674175170252	0.01782106724122198	0.026106348407382525	0.029641007408386464
0.6398788099456958	0.01817535775314542	0.025951033019753142	0.029641007408386464
0.6534902023743665	0.018527511479695877	0.02579237826830277	0.029641007408386464
0.6671015948030371	0.018877482967475413	0.025630384152802183	0.029641007408386464
0.6807129872317077	0.01922522676308282	0.02546505067302003	0.029641007408386464
0.6943243796603783	0.01957069741311363	0.02529637782872285	0.029641007408386464
0.7079357720890489	0.01991384946416011	0.025124365619675047	0.029641007408386464
0.7215471645177195	0.02025463746281125	0.024949014045638918	0.029641007408386464
0.7351585569463901	0.02059301595565279	0.02477032310637464	0.029641007408386464
0.7487699493750608	0.020928939489267197	0.02458829280164026	0.029641007408386464
0.7623813418037314	0.021262362610233673	0.024402923131191717	0.029641007408386464
0.775992734232402	0.021593239865128157	0.024214214094782825	0.029641007408386464
0.7896041266610727	0.021921525800523315	0.02402216569216527	0.029641007408386464
0.8032155190897433	0.02224717496298856	0.02382677792308864	0.029641007408386464
0.8168269115184139	0.022570141899090033	0.023628050787300382	0.029641007408386464
0.8304383039470846	0.02289038115539061	0.02342598428454583	0.029641007408386464
0.8440496963757552	0.023207847278449902	0.023220578414568205	0.029641007408386464
0.8576610888044258	0.02352249481482425	0.023011833177108598	0.029641007408386464
0.8712724812330964	0.023834278311089314	0.022799748571624166	0.029641007408386464
0.884883873661767	0.02414315231382525	0.022584324597404587	0.029641007408386464
0.8984952660904376	0.02444907136957384	0.02236556125411864	0.029641007408386464
0.9121066585191082	0.02475199002487185	0.02214345854143764	0.029641007408386464
0.9257180509477789	0.025051862826251332	0.02191801645903216	0.029641007408386464
0.9393294433764495	0.02534864432023961	0.021689235006572036	0.029641007408386464
0.9529408358051201	0.025642289053359274	0.021457114183726332	0.029641007408386464
0.9665522282337908	0.0259327515721282	0.021221653990163375	0.029641007408386464
0.9801636206624614	0.026219986423059522	0.020982854425550743	0.029641007408386464
0.9937750130911321	0.026503948152661664	0.020740715489555268	0.029641007408386464
1.0073864055198027	0.026784591307438304	0.020495237181843026	0.029641007408386464
1.0209977979484732	0.02706187043388841	0.020246419502079345	0.029641007408386464
1.034609190377144	0.02733574007850622	0.01999426244992881	0.029641007408386464
1.0482205828058146	0.027606154787781233	0.019738766025055254	0.029641007408386464
1.0618319752344851	0.027873069108198242	0.01947993022712176	0.029641007408386464
1.0754433676631558	0.02813643758623729	0.019217755055790656	0.029641007408386464
1.0890547600918263	0.02839621476837372	0.018952240510723535	0.029641007408386464
1.102666152520497	0.02865235520107812	0.01868338659158123	0.029641007408386464
1.1162775449491675	0.02890481343081637	0.018411193298023834	0.029641007408386464
1.1298889373778382	0.02915354400404962	0.01813566062971068	0.029641007408386464
1.1435003298065087	0.02939850146723429	0.017856788586300364	0.029641007408386464
1.1571117222351794	0.029639640366822075	0.017574577167450717	0.029641007408386464
1.17072311466385	0.02987691524925994	0.017289026372818844	0.029641007408386464
1.1843345070925206	0.030110280660990134	0.017000136202061075	0.029641007408386464
1.1979458995211911	0.030339691148451434	0.016707906654833734	0.029641007408386464
1.2115572919498618	0.030565101258081828	0.016412337730796162	0.029641007408386464
1.2251686843785328	0.030786465536311286	0.016113429429608184	0.029641007408386464
1.2387800768072033	0.031003738529564777	0.0158111817509307	0.029641007408386464
1.252391469235874	0.031216874784262643	0.015505594694425844	0.029641007408386464
1.2660028616645445	0.031425828846820575	0.015196668259756999	0.029641007408386464
1.2796142540932152	0.03163055526364964	0.014884402446588771	0.029641007408386464
1.2932256465218857	0.031831008581156256	0.014568797254587023	0.029641007408386464
1.3068370389505564	0.0320271433457422	0.014249852683418836	0.029641007408386464
1.3204484313792269	0.03221897586627103	0.01392671119085048	0.029641007408386464
1.3340598238078976	0.03240628264919235	0.01358359826437269	0.029641007408386464
1.347671216236568	0.03258918178592707	0.013374518611682464	0.029641007408386464
1.4898315034839664	0.034490508172565444	0.013374530805309384	0.029641007408386464
1.631991790731365	0.03639183623056435	0.013374543029590357	0.029641007408386464
1.7741520779787634	0.03829316598263893	0.013374555299233749	0.029641007408386464
1.9163123652261618	0.04019449745150436	0.01337456762894793	0.029641007408386464
2.05847265247356	0.04209583065987577	0.013374580033441271	0.029641007408386464
2.2006329397209585	0.04399716563046832	0.01337459252742214	0.029641007408386464
2.3427932269683565	0.04589850238599717	0.013374605125598907	0.029641007408386464
2.484953514215755	0.047799840949177476	0.013374617842679942	0.029641007408386464
2.627113801463153	0.04970118134272439	0.013374630693373612	0.029641007408386464
2.769274088710552	0.05160252358935305	0.013374643692388288	0.029641007408386464
2.9114343759579504	0.05350386771177863	0.01337465685443234	0.029641007408386464
3.053594663205349	0.05540521373271627	0.013374670194214136	0.029641007408386464
3.195754950452747	0.05730656167488113	0.013374683726442045	0.029641007408386464
3.3379152377001455	0.05920791156098837	0.013374697465824438	0.029641007408386464
3.480075524947544	0.061109263413753126	0.013374711427069684	0.029641007408386464
3.6222358121949423	0.06301061725589056	0.01337472562488615	0.029641007408386464
3.7643960994423407	0.06491197348768482	0.013374739743775713	0.029641007408386464
3.9065563866897395	0.06681333186460417	0.013374753998733167	0.029641007408386464
4.048716673937138	0.06871469225556012	0.01337476853412551	0.029641007408386464
4.190876961184536	0.07061605470130977	0.013374783350023933	0.029641007408386464
4.333037248431935	0.07251741924261015	0.013374798446499626	0.029641007408386464
4.4751975356793325	0.07441878592021837	0.01337481382362378	0.029641007408386464
4.617357822926731	0.0763201547748915	0.013374829481467582	0.029641007408386464
4.759518110174128	0.07822152584738659	0.013374845420102225	0.029641007408386464
4.901678397421528	0.08012289917846077	0.013374861639598896	0.029641007408386464
5.043838684668926	0.08202427480887103	0.013374878140028789	0.029641007408386464
5.185998971916325	0.08392565277937455	0.01337489492146309	0.029641007408386464
5.328159259163723	0.0858270331307283	0.01337491198397299	0.029641007408386464
5.470319546411122	0.08772841590368943	0.013374929327629678	0.029641007408386464
5.6124798336585195	0.08962980113901498	0.013374946952504347	0.029641007408386464
5.754640120905918	0.09153118887746205	0.013374964858668183	0.029641007408386464
5.896800408153316	0.09343257915978767	0.01337498304619238	0.029641007408386464
6.038960695400716	0.09533397202674895	0.013375001515148123	0.029641007408386464
6.181120982648113	0.09723536751910296	0.013375020265606606	0.029641007408386464
6.323281269895513	0.09913676567760679	0.013375039297639018	0.029641007408386464
6.46544155714291	0.10103816654301748	0.013375058611316546	0.029641007408386464
6.6076018443903095	0.10293957015609215	0.013375078206710385	0.029641007408386464
6.7497621316377066	0.10484097655758781	0.01337509808389172	0.029641007408386464
6.891922418885106	0.10674238578826159	0.013375118242931744	0.029641007408386464
7.034082706132503	0.10864379788887053	0.013375138683901645	0.029641007408386464
7.176242993379903	0.11054521290017176	0.013375159406872615	0.029641007408386464
7.3184032806273	0.11244663086292228	0.013375180411915842	0.029641007408386464
7.4605635678747	0.11434805181787924	0.013375201699102515	0.029641007408386464
7.602723855122098	0.11624947580579964	0.013375223268503827	0.029641007408386464
7.7448841423694965	0.11815090286744061	0.013375245120190966	0.029641007408386464
7.8870444296168944	0.1200523330435592	0.013375267254235122	0.029641007408386464
8.029204716864294	0.12195376637491251	0.013375289670707485	0.029641007408386464
8.17136500411169	0.12385520290225756	0.013375312369679244	0.029641007408386464
8.313525291359088	0.12575664266635148	0.01337533535122159	0.029641007408386464
8.455685578606488	0.12765808570795134	0.013375358615405713	0.029641007408386464
8.597845865853886	0.12955953206781418	0.013375382162302803	0.029641007408386464
8.740006153101286	0.13146098178669713	0.013375405991984049	0.029641007408386464
8.882166440348682	0.13336243490535718	0.013375430104520641	0.029641007408386464
9.024326727596081	0.13526389146455153	0.01337545449998377	0.029641007408386464
9.16648701484348	0.13716535150503711	0.013375479178444625	0.029641007408386464
9.308647302090879	0.1390668150675711	0.013375504139974395	0.029641007408386464
9.450807589338275	0.14096828219291052	0.013375529384644272	0.029641007408386464
9.592967876585675	0.1428697529218125	0.013375554912525444	0.029641007408386464
9.735128163833073	0.14477122729503406	0.013375580723689101	0.029641007408386464
9.877288451080473	0.14667270535333232	0.013375606818206435	0.029641007408386464
10.019448738327869	0.1485741871374643	0.013375633196148633	0.029641007408386464
10.161609025575268	0.1504756726881871	0.013375659857586887	0.029641007408386464
10.303769312822666	0.15237716204625779	0.013375686802592386	0.029641007408386464
10.445929600070066	0.1542786552524335	0.01337571403123632	0.029641007408386464
10.588089887317464	0.15618015234747123	0.013375741543589878	0.029641007408386464
10.730250174564862	0.1580816533721281	0.013375769339724251	0.029641007408386464
10.87241046181226	0.15998315836716115	0.01337579741971063	0.029641007408386464
11.01457074905966	0.16188466737332752	0.013375825783620203	0.029641007408386464
11.156731036307058	0.16378618043138418	0.01337585443152416	0.029641007408386464
11.298891323554457	0.16568769758208832	0.013375883363493692	0.029641007408386464
11.441051610801853	0.16758921886619693	0.013375912579599988	0.029641007408386464
11.583211898049253	0.16949074432446712	0.013375942079914237	0.029641007408386464
11.725372185296651	0.17139227399765597	0.01337597186450763	0.029641007408386464
11.86753247254405	0.17329380792652052	0.013376001933451358	0.029641007408386464
12.009692759791447	0.17519534615181787	0.01337603228681661	0.029641007408386464
12.151853047038847	0.17709688871430512	0.013376062924674576	0.029641007408386464
12.294013334286245	0.1789984356547393	0.013376093847096444	0.029641007408386464
12.436173621533644	0.18089998701387752	0.013376125054153405	0.029641007408386464
12.57833390878104	0.18280154283247682	0.01337615654591665	0.029641007408386464
12.72049419602844	0.18470310315129432	0.013376188322457369	0.029641007408386464
12.862654483275838	0.18660466801108705	0.01337622038384675	0.029641007408386464
13.004814770523238	0.18850623745261208	0.013376252730155984	0.029641007408386464
13.146975057770636	0.19040781151662656	0.013376285361456262	0.029641007408386464
13.289135345018034	0.19230939024388746	0.013376318277818771	0.029641007408386464
13.431295632265432	0.19421097367515194	0.013376351479314704	0.029641007408386464
13.573455919512831	0.19611256185117704	0.013376384966015249	0.029641007408386464
13.71561620676023	0.19801415481271986	0.013376418737991596	0.029641007408386464
13.857776494007629	0.19991575260053746	0.013376452795314936	0.029641007408386464
13.999936781255025	0.20181735525538683	0.013376487138056456	0.029641007408386464
14.142097068502425	0.20371896281802518	0.01337652176628735	0.029641007408386464
14.284257355749823	0.20562057532920952	0.013376556680078805	0.029641007408386464
14.426417642997222	0.20752219282969697	0.013376591879502013	0.029641007408386464
14.568577930244619	0.2094238153602445	0.013376627364628161	0.029641007408386464
14.710738217492018	0.21132544296160927	0.013376663135528441	0.029641007408386464
14.852898504739416	0.21322707567454838	0.013376699192274043	0.029641007408386464
14.995058791986814	0.21512871353981874	0.013376735534936157	0.029641007408386464
15.137219079234212	0.21703035659817768	0.01337677216358597	0.029641007408386464
15.27937936648161	0.21893200489038211	0.013376809078294676	0.029641007408386464
15.42153965372901	0.22083365845718916	0.01337684627913346	0.029641007408386464
15.563699940976408	0.22273531733935584	0.013376883766173518	0.029641007408386464
15.705860228223807	0.22463698157763923	0.013376921539486036	0.029641007408386464
15.848020515471203	0.22653865121279654	0.013376959599142204	0.029641007408386464
15.990180802718603	0.22844032628558472	0.013376997945213213	0.029641007408386464
16.132341089966	0.23034200683676082	0.013377036577770252	0.029641007408386464
16.2745013772134	0.23224369290708197	0.013377075496884511	0.029641007408386464
16.416661664460797	0.2341453845373053	0.013377114702627181	0.029641007408386464
16.558821951708197	0.2360470817681878	0.01337715419506945	0.029641007408386464
16.700982238955593	0.23794878464048652	0.01337719397428251	0.029641007408386464
16.843142526202993	0.23985049319495863	0.01337723404033755	0.029641007408386464
16.985302813450392	0.2417522074723612	0.013377274393305758	0.029641007408386464
17.127463100697792	0.24365392751345122	0.013377315033258326	0.029641007408386464
17.269623387945188	0.24555565335898583	0.013377355960266443	0.029641007408386464
17.411783675192588	0.24745738504972206	0.013377397174401302	0.029641007408386464
17.553943962439984	0.24935912262641705	0.013377438675734087	0.029641007408386464
17.696104249687384	0.2512608661298278	0.013377480464335992	0.029641007408386464
17.838264536934783	0.2531626156007114	0.013377522540278207	0.029641007408386464
17.98042482418218	0.255064371079825	0.01337756490363192	0.029641007408386464
18.12258511142958	0.25696613260792556	0.013377607554468322	0.029641007408386464
18.26474539867698	0.25886790022577033	0.013377650492858602	0.029641007408386464
18.406905685924375	0.26076967397411616	0.013377693718873951	0.029641007408386464
18.549065973171775	0.26267145389372026	0.013377737232585559	0.029641007408386464
18.69122626041917	0.26457324002533966	0.013377781034064616	0.029641007408386464
18.83338654766657	0.2664750324097316	0.013377825123382309	0.029641007408386464
18.975546834913967	0.2683768310876528	0.01337786950060983	0.029641007408386464
19.117707122161367	0.27027863609986064	0.01337791416581837	0.029641007408386464
19.259867409408766	0.2721804474871121	0.013377959119079118	0.029641007408386464
19.402027696656162	0.2740822652901642	0.013378004360463264	0.029641007408386464
19.544187983903562	0.2759840895497742	0.013378049890041996	0.029641007408386464
19.686348271150962	0.2778859203066989	0.013378095707886508	0.029641007408386464
19.828508558398354	0.2797877576016956	0.013378141814067985	0.029641007408386464
19.970668845645754	0.2816896014755213	0.01337818820865762	0.029641007408386464
20.112829132893154	0.2835914519689331	0.013378234891726602	0.029641007408386464
20.254989420140554	0.28549330912268794	0.01337828186334612	0.029641007408386464
20.39714970738795	0.287395172977543	0.013378329123587366	0.029641007408386464
20.53930999463535	0.28929704357425545	0.013378376672521529	0.029641007408386464
20.68147028188275	0.29119892095358224	0.013378424510219799	0.029641007408386464
20.82363056913015	0.2931008051562805	0.013378472636753364	0.029641007408386464
20.965790856377545	0.29500269622310715	0.013378521052193415	0.029641007408386464
21.10795114362494	0.2969045941948195	0.013378569756611145	0.029641007408386464
21.25011143087234	0.2988064991121745	0.01337861875007774	0.029641007408386464
21.39227171811974	0.3007084110159293	0.01337866803266439	0.029641007408386464
21.534432005367137	0.3026103299468408	0.013378717604442286	0.029641007408386464
21.676592292614536	0.3045122559456663	0.01337876746548262	0.029641007408386464
21.818752579861936	0.30641418905316276	0.013378817615856577	0.029641007408386464
21.960912867109336	0.30831612931008723	0.01337886805563535	0.029641007408386464
22.103073154356732	0.31021807675719676	0.01337891878489013	0.029641007408386464
22.24523344160413	0.3121200314352485	0.013378969803692105	0.029641007408386464
22.38739372885153	0.3140219933849996	0.013379021112112465	0.029641007408386464
22.529554016098928	0.315923962647207	0.013379072710222399	0.029641007408386464
22.671714303346324	0.3178259392626278	0.013379124598093099	0.029641007408386464
22.813874590593723	0.31972792327201904	0.013379176775795754	0.029641007408386464
22.956034877841123	0.3216299147161379	0.013379229243401554	0.029641007408386464
23.098195165088523	0.3235319136357414	0.013379282000981688	0.029641007408386464
23.24035545233592	0.32543392007158667	0.013379335048607346	0.029641007408386464
23.38251573958332	0.3273359340644306	0.01337938838634972	0.029641007408386464
23.52467602683072	0.32923795565503056	0.013379442014279997	0.029641007408386464
23.666836314078118	0.3311399848841434	0.013379495932469369	0.029641007408386464
23.80899660132551	0.3330420217925262	0.013379550140989025	0.029641007408386464
23.95115688857291	0.3349440664209362	0.013379604639910156	0.029641007408386464
24.09331717582031	0.33684611881013027	0.013379659429303949	0.029641007408386464
24.235477463067706	0.3387481790008655	0.013379714509241596	0.029641007408386464
24.377637750315106	0.34065024703389923	0.013379769879794287	0.029641007408386464
24.519798037562506	0.3425523229499883	0.013379825541033211	0.029641007408386464
24.661958324809905	0.3444544067898898	0.01337988149302956	0.029641007408386464
24.8041186120573	0.3463564985943608	0.013379937735854521	0.029641007408386464
24.946278899304698	0.3482586006584851	0.013379994283027679	0.029641007408386464
25.088439186552097	0.35016071800398063	0.013380051163593054	0.029641007408386464
25.230599473799497	0.3520628433389963	0.013380108333370375	0.029641007408386464
25.372759761046893	0.3539649767052918	0.013380165792370044	0.029641007408386464
25.514920048294293	0.355867118144627	0.013380223540602464	0.029641007408386464
25.657080335541693	0.3577692676987616	0.013380281578078038	0.029641007408386464
25.799240622789092	0.35967142540945535	0.013380339904807166	0.029641007408386464
25.94140091003649	0.3615735913184679	0.013380398520800254	0.029641007408386464
26.08356119728389	0.36347576546755916	0.0133804574260677	0.029641007408386464
26.225721484531284	0.3653779478984888	0.01338051662061991	0.029641007408386464
26.367881771778684	0.3672801386530166	0.013380576104467285	0.029641007408386464
26.51004205902608	0.36918233777290227	0.013380635877620228	0.029641007408386464
26.65220234627348	0.37108454529990564	0.01338069594008914	0.029641007408386464
26.79436263352088	0.3729867612757864	0.013380756291884425	0.029641007408386464
26.93652292076828	0.3748889857423043	0.013380816933016484	0.029641007408386464
27.078683208015676	0.376791218741219	0.01338087786349572	0.029641007408386464
27.220843495263075	0.3786934603142905	0.013380939083332535	0.029641007408386464
27.363003782510475	0.3805957105032784	0.013381000592537332	0.029641007408386464
27.505164069757875	0.3824979693499424	0.013381062391120512	0.029641007408386464
27.647324357005267	0.3844002368960423	0.013381124479092479	0.029641007408386464
27.789484644252667	0.3863025131833379	0.013381186856463634	0.029641007408386464
27.931644931500067	0.38820479825358895	0.013381249523244381	0.029641007408386464
28.073805218747466	0.39010709214855516	0.013381312479445122	0.029641007408386464
28.215965505994863	0.3920093949099962	0.013381375725076257	0.029641007408386464
28.358125793242262	0.39391170657967195	0.013381439260148191	0.029641007408386464
28.500286080489662	0.39581402719934217	0.013381503084671325	0.029641007408386464
28.642446367737058	0.3977163568107665	0.013381567198656063	0.029641007408386464
28.784606654984454	0.39961869545570483	0.013381631602112806	0.029641007408386464
28.926766942231854	0.4015210431759168	0.013381696295051955	0.029641007408386464
29.068927229479254	0.40342340001316224	0.013381761277483915	0.029641007408386464
29.21108751672665	0.4053257660092008	0.013381826549419088	0.029641007408386464
29.35324780397405	0.4072281412057923	0.013381892110867873	0.029641007408386464
29.49540809122145	0.4091305256446965	0.013381957961840678	0.029641007408386464
29.63756837846885	0.41103291936767317	0.0133820241023479	0.029641007408386464
29.779728665716245	0.41293532241648195	0.013382090532399946	0.029641007408386464
29.921888952963645	0.4148377348328827	0.013382157252007214	0.029641007408386464
30.06404924021104	0.4167401566586352	0.01338222426118011	0.029641007408386464
30.20620952745844	0.41864258793549913	0.013382291559929035	0.029641007408386464
30.348369814705837	0.42054502870523414	0.01338235914826439	0.029641007408386464
30.490530101953237	0.4224474790096002	0.013382427026196578	0.029641007408386464
30.632690389200636	0.424349938890357	0.013382495193736004	0.029641007408386464
30.774850676448036	0.4262524083892642	0.013382563650893067	0.029641007408386464
30.917010963695432	0.42815488754808156	0.01338263239767817	0.029641007408386464
31.059171250942832	0.43005737640856895	0.013382701434101717	0.029641007408386464
31.20133153819023	0.431959875012486	0.013382770760174108	0.029641007408386464
31.343491825437628	0.43386238340159256	0.013382840375905748	0.029641007408386464
31.485652112685024	0.4357649016176482	0.013382910281307038	0.029641007408386464
31.627812399932424	0.4376674297024129	0.013382980476388381	0.029641007408386464
31.769972687179823	0.43956996769764634	0.013383050961160178	0.029641007408386464
31.912132974427223	0.4414725156451082	0.013383121735632832	0.029641007408386464
32.054293261674616	0.44337507358655825	0.013383192799816744	0.029641007408386464
32.196453548922015	0.4452776415637563	0.01338326415372232	0.029641007408386464
32.338613836169415	0.4471802196184621	0.013383335797359959	0.029641007408386464
32.480774123416815	0.44908280779243537	0.013383407730740066	0.029641007408386464
32.622934410664215	0.45098540612743576	0.013383479953873042	0.029641007408386464
32.765094697911614	0.4528880146652232	0.013383552466769288	0.029641007408386464
32.907254985159014	0.45479063344755744	0.013383625269439208	0.029641007408386464
33.049415272406414	0.45669326251619813	0.013383698361893204	0.029641007408386464
33.191575559653806	0.45859590191290495	0.013383771744141678	0.029641007408386464
33.333735846901206	0.4604985516794378	0.013383845416195033	0.029641007408386464
33.475896134148606	0.46240121185755645	0.013383919378063672	0.029641007408386464
33.618056421396	0.4643038824890205	0.013383993629757996	0.029641007408386464
33.7602167086434	0.4662065636155898	0.013384068171288408	0.029641007408386464
33.9023769958908	0.46810925527902414	0.01338414300266531	0.029641007408386464
34.0445372831382	0.4700119575210832	0.013384218123899104	0.029641007408386464
34.1866975703856	0.47191467038352675	0.013384293535000194	0.029641007408386464
34.328857857633	0.47381739390811456	0.01338436923597898	0.029641007408386464
34.47101814488039	0.47572012813660636	0.013384445226845865	0.029641007408386464
34.61317843212779	0.4776228731107619	0.013384521507611253	0.029641007408386464
34.75533871937519	0.47952562887234096	0.013384598078285546	0.029641007408386464
34.89749900662259	0.48142839546310323	0.013384674938879145	0.029641007408386464
35.03965929386999	0.48333117292480854	0.013384752089402454	0.029641007408386464
35.18181958111739	0.4852339612992166	0.013384829529865874	0.029641007408386464
35.32397986836478	0.4871367606280871	0.013384907260279808	0.029641007408386464
35.46614015561218	0.48903957095317996	0.013384985280654658	0.029641007408386464
35.60830044285958	0.4909423923162548	0.013385063591000826	0.029641007408386464
35.75046073010698	0.4928452247590714	0.013385142191328714	0.029641007408386464
35.89262101735438	0.4947480683233895	0.013385221081648727	0.029641007408386464
36.03478130460178	0.4966509230509689	0.013385300261971265	0.029641007408386464
36.17694159184918	0.4985537889835693	0.01338537973230673	0.029641007408386464
36.31910187909658	0.5004566661629505	0.013385459492665527	0.029641007408386464
36.46126216634397	0.5023595546308721	0.013385539543058055	0.029641007408386464
36.60342245359137	0.5042624544290941	0.01338561988349472	0.029641007408386464
36.74558274083877	0.5061653655993761	0.013385700513985922	0.029641007408386464
36.88774302808617	0.5080682881834778	0.013385781434542063	0.029641007408386464
37.02990331533357	0.5099712222231592	0.013385862645173545	0.029641007408386464
37.17206360258096	0.5118741677601797	0.013385944145890774	0.029641007408386464
37.314223889828355	0.5137771248362992	0.013386025936704148	0.029641007408386464
37.456384177075755	0.5156800934932776	0.013386108017624071	0.029641007408386464
37.598544464323155	0.5175830737728746	0.013386190388660948	0.029641007408386464
37.740704751570554	0.5194860657168499	0.013386273049825176	0.029641007408386464
37.882865038817954	0.521389069366963	0.013386356001127163	0.029641007408386464
38.025025326065354	0.5232920847649741	0.013386439242577307	0.029641007408386464
38.16718561331275	0.5251951119526427	0.013386522774186012	0.029641007408386464
38.309345900560146	0.5270981509717285	0.01338660659596368	0.029641007408386464
38.451506187807546	0.5290012018639915	0.013386690707920715	0.029641007408386464
38.593666475054945	0.5309042646711912	0.013386775110067518	0.029641007408386464
38.735826762302345	0.5328073394350875	0.01338685980241449	0.029641007408386464
38.877987049549745	0.53471042619744	0.013386944784972037	0.029641007408386464
39.020147336797145	0.5366135250000087	0.013387030057750557	0.029641007408386464
39.162307624044544	0.5385166358845531	0.013387115620760455	0.029641007408386464
39.304467911291944	0.5404197588928332	0.013387201474012133	0.029641007408386464
39.44662819853933	0.5423228940666084	0.013387287617515994	0.029641007408386464
39.58878848578673	0.5442260414476388	0.013387374051282439	0.029641007408386464
39.73094877303413	0.5461292010776839	0.013387460775321871	0.029641007408386464
39.87310906028153	0.5480323729985037	0.013387547789644693	0.029641007408386464
40.01526934752893	0.5499355572518578	0.013387635094261307	0.029641007408386464
40.15742963477633	0.551838753879506	0.013387722689182114	0.029641007408386464
40.29958992202373	0.5537419629232079	0.013387810574417517	0.029641007408386464
40.44175020927113	0.5556451844247234	0.01338789874997792	0.029641007408386464
40.58391049651852	0.5575484184258122	0.013387987215873724	0.029641007408386464
40.72607078376592	0.5594516649682341	0.013388075972115332	0.029641007408386464
40.86823107101332	0.5613549240937488	0.013388165018713144	0.029641007408386464
41.01039135826072	0.5632581958441161	0.013388254355677566	0.029641007408386464
41.15255164550812	0.5651614802610958	0.013388343983018998	0.029641007408386464
41.29471193275552	0.5670647773864476	0.013388433900747843	0.029641007408386464
41.43687222000292	0.5689680872619312	0.013388524108874502	0.029641007408386464
41.57903250725032	0.5708714099293063	0.01338861460740938	0.029641007408386464
41.72119279449771	0.5727747454303327	0.013388705396362879	0.029641007408386464
41.86335308174511	0.5746780938067703	0.0133887964757454	0.029641007408386464
42.00551336899251	0.5765814551003787	0.013388887845567344	0.029641007408386464
42.1476736562399	0.5784848293529177	0.013388979505839116	0.029641007408386464
42.2898339434873	0.5803882166061471	0.013389071456571117	0.029641007408386464
42.4319942307347	0.5822916169018265	0.013389163697773751	0.029641007408386464
42.5741545179821	0.5841950302817158	0.013389256229457419	0.029641007408386464
42.716314805229494	0.5860984567875747	0.013389349051632523	0.029641007408386464
42.858475092476894	0.588001896461163	0.013389442164309465	0.029641007408386464
43.000635379724294	0.5899053493442403	0.01338953556749865	0.029641007408386464
43.14279566697169	0.5918088154785666	0.013389629261210479	0.029641007408386464
43.28495595421909	0.5937122949059014	0.013389723245455353	0.029641007408386464
43.42711624146649	0.5956157876680046	0.013389817520243675	0.029641007408386464
43.56927652871389	0.5975192938066358	0.013389912085585848	0.029641007408386464
43.71143681596129	0.5994228133635551	0.013390006941492274	0.029641007408386464
43.853597103208685	0.6013263463805216	0.013390102087973355	0.029641007408386464
43.995757390456085	0.6032298928992958	0.013390197525039496	0.029641007408386464
44.137917677703484	0.605133452961637	0.013390293252701095	0.029641007408386464
44.280077964950884	0.6070370266093051	0.013390389270968557	0.029641007408386464
44.422238252198284	0.60894061388406	0.013390485579852285	0.029641007408386464
44.56439853944568	0.610844214827661	0.013390582179362679	0.029641007408386464
44.70655882669308	0.6127478294818683	0.013390679069510143	0.029641007408386464
44.848719113940476	0.6146514578884414	0.013390776250305079	0.029641007408386464
44.99087940118787	0.61655510008914	0.013390873721757889	0.029641007408386464
45.13303968843527	0.6184587561257242	0.013390971483878975	0.029641007408386464
45.27519997568267	0.6203624260399534	0.013391069536678742	0.029641007408386464
45.41736026293007	0.6222661098735875	0.013391167880167589	0.029641007408386464
45.55952055017747	0.6241698076683864	0.01339126651435592	0.029641007408386464
45.70168083742487	0.6260735194661096	0.013391365439254137	0.029641007408386464
45.84384112467227	0.6279772453085168	0.013391464654872643	0.029641007408386464
45.986001411919666	0.629880985237368	0.01339156416122184	0.029641007408386464
46.12816169916706	0.6317847392944228	0.01339166395831213	0.029641007408386464
46.27032198641446	0.633688507521441	0.013391764046153914	0.029641007408386464
46.41248227366186	0.6355922899601825	0.013391864424757599	0.029641007408386464
46.55464256090926	0.6374960866524066	0.013391965094133582	0.029641007408386464
46.69680284815666	0.6393998976398736	0.013392066054292268	0.029641007408386464
46.83896313540406	0.6413037229643428	0.013392167305244061	0.029641007408386464
46.98112342265146	0.6432075626675744	0.013392268846999358	0.029641007408386464
47.12328370989884	0.6451114167913277	0.013392370679568567	0.029641007408386464
47.26544399714624	0.6470152853773627	0.013392472802962088	0.029641007408386464
47.40760428439364	0.6489191684674391	0.013392575217190323	0.029641007408386464
47.54976457164104	0.6508230661033167	0.013392677922263676	0.029641007408386464
47.69192485888844	0.6527269783267553	0.013392780918192546	0.029641007408386464
47.83408514613584	0.6546309051795145	0.013392884204987339	0.029641007408386464
47.97624543338324	0.656534846703354	0.013392987782658456	0.029641007408386464
48.11840572063064	0.6584388029400338	0.013393091651216299	0.029641007408386464
48.26056600787803	0.6603427739313134	0.01339319581067127	0.029641007408386464
48.40272629512543	0.6622467597189527	0.013393300261033773	0.029641007408386464
48.54488658237283	0.6641507603447114	0.013393405002314208	0.029641007408386464
48.68704686962023	0.6660547758503494	0.013393510034522979	0.029641007408386464
48.82920715686763	0.6679588062776263	0.01339361535767049	0.029641007408386464
48.97136744411503	0.6698628516683018	0.01339372097176714	0.029641007408386464
49.11352773136243	0.6717669120641359	0.013393826876823332	0.029641007408386464
49.25568801860983	0.673670987506888	0.01339393307284947	0.029641007408386464
49.397848305857224	0.675575078038318	0.013394039559855957	0.029641007408386464
49.54000859310462	0.6774791837001858	0.01339414633785319	0.029641007408386464
49.682168880352016	0.679383304534251	0.013394253406851579	0.029641007408386464
49.824329167599416	0.6812874405822734	0.013394360766861521	0.029641007408386464
49.966489454846815	0.6831915918860128	0.013394468417893421	0.029641007408386464
50.108649742094215	0.6850957584872288	0.013394576359957678	0.029641007408386464
50.250810029341615	0.6869999404276812	0.013394684593064698	0.029641007408386464
50.392970316589015	0.68890413774913	0.013394793117224883	0.029641007408386464
50.53513060383641	0.6908083504933344	0.013394901932448635	0.029641007408386464
50.67729089108381	0.6927125787020548	0.013395011038746353	0.029641007408386464
50.81945117833121	0.6946168224170506	0.013395120436128444	0.029641007408386464
50.961611465578606	0.6965210816800815	0.013395230124605308	0.029641007408386464
51.103771752826006	0.6984253565329075	0.013395340104187348	0.029641007408386464
51.245932040073406	0.7003296470172882	0.013395450374884967	0.029641007408386464
51.388092327320805	0.7022339531749832	0.013395560936708566	0.029641007408386464
51.5302526145682	0.7041382750477523	0.013395671789668547	0.029641007408386464
51.6724129018156	0.7060426126773556	0.013395782933775314	0.029641007408386464
51.814573189063	0.7079469661055526	0.013395894369039268	0.029641007408386464
51.9567334763104	0.7098513353741032	0.013396006095470812	0.029641007408386464
52.0988937635578	0.7117557205247668	0.01339611811308035	0.029641007408386464
52.2410540508052	0.7136601215993034	0.01339623042187828	0.029641007408386464
52.38321433805259	0.7155645386394727	0.01339634302187501	0.029641007408386464
52.52537462529999	0.7174689716870345	0.013396455913080939	0.029641007408386464
52.66753491254738	0.7193734207837484	0.013396569095506468	0.029641007408386464
52.80969519979478	0.7212778859713744	0.013396682569162002	0.029641007408386464
52.95185548704218	0.7231823672916722	0.013396796334057944	0.029641007408386464
53.09401577428958	0.7250868647864015	0.013396910390204693	0.029641007408386464
53.23617606153698	0.7269913784973219	0.013397024737612654	0.029641007408386464
53.37833634878438	0.7288959084661933	0.013397139376292229	0.029641007408386464
53.52049663603178	0.7308004547347755	0.013397254306253818	0.029641007408386464
53.66265692327918	0.7327050173448282	0.013397369527507828	0.029641007408386464
53.80481721052657	0.734609596338111	0.013397485040064657	0.029641007408386464
53.94697749777397	0.7365141917563838	0.01339760084393471	0.029641007408386464
54.08913778502137	0.7384188036414064	0.013397716939128388	0.029641007408386464
54.23129807226877	0.7403234320349386	0.013397833325656094	0.029641007408386464
54.37345835951617	0.7422280769787399	0.01339795000352823	0.029641007408386464
54.51561864676357	0.7441327385145703	0.0133980669727552	0.029641007408386464
54.65777893401097	0.7460374166841894	0.013398184233347403	0.029641007408386464
54.79993922125837	0.7479421115293571	0.013398301785315243	0.029641007408386464
54.942099508505756	0.7498468230918327	0.013398419628669124	0.029641007408386464
55.084259795753155	0.7517515514133766	0.013398537763419444	0.029641007408386464
55.226420083000555	0.7536562965357483	0.013398656189576611	0.029641007408386464
55.368580370247955	0.7555610585007073	0.013398774907151025	0.029641007408386464
55.510740657495354	0.7574658373500138	0.013398893916153088	0.029641007408386464
55.652900944742754	0.7593706331254272	0.013399013216593201	0.029641007408386464
55.795061231990154	0.7612754458687074	0.013399132808481767	0.029641007408386464
55.937221519237546	0.763180275621614	0.013399252691829192	0.029641007408386464
56.079381806484946	0.7650851224259068	0.013399372866645873	0.029641007408386464
56.221542093732346	0.7669899863233458	0.013399493332942216	0.029641007408386464
56.363702380979745	0.7688948673556906	0.013399614090728621	0.029641007408386464
56.505862668227145	0.7707997655647008	0.013399735140015493	0.029641007408386464
56.648022955474545	0.7727046809921363	0.013399856480813233	0.029641007408386464
56.790183242721945	0.7746096136797568	0.013399978113132243	0.029641007408386464
56.932343529969344	0.776514563669322	0.013400100036982925	0.029641007408386464
57.07450381721674	0.7784195310025919	0.013400222252375683	0.029641007408386464
57.21666410446414	0.7803245157213261	0.013400344759320917	0.029641007408386464
57.35882439171153	0.7822295178672842	0.013400467557829032	0.029641007408386464
57.50098467895893	0.7841345374822262	0.013400590647910429	0.029641007408386464
57.64314496620633	0.7860395746079116	0.01340071402957551	0.029641007408386464
57.78530525345373	0.7879446292861003	0.013400837702834676	0.029641007408386464
57.92746554070113	0.7898497015585522	0.013400961667698334	0.029641007408386464
58.06962582794853	0.7917547914670269	0.013401085924176883	0.029641007408386464
58.21178611519592	0.7936598990532839	0.013401210472280725	0.029641007408386464
58.35394640244332	0.7955650243590833	0.013401335312020264	0.029641007408386464
58.49610668969072	0.7974701674261848	0.013401460443405901	0.029641007408386464
58.63826697693812	0.799375328296348	0.013401585866448039	0.029641007408386464
58.78042726418552	0.8012805070113329	0.013401711581157081	0.029641007408386464
58.92258755143292	0.8031857036128991	0.013401837587543429	0.029641007408386464
59.06474783868032	0.8050909181428062	0.013401963885617483	0.029641007408386464
59.20690812592772	0.8069961506428143	0.01340209047538965	0.029641007408386464
59.34906841317511	0.8089014011546827	0.013402217356870328	0.029641007408386464
59.49122870042251	0.8108066697201716	0.013402344530069922	0.029641007408386464
59.63338898766991	0.8127119563810405	0.013402471994998832	0.029641007408386464
59.77554927491731	0.8146172611790492	0.013402599751667464	0.029641007408386464
59.9177095621647	0.8165225841559576	0.013402727800086217	0.029641007408386464
60.0598698494121	0.8184279253535252	0.013402856140265495	0.029641007408386464
60.2020301366595	0.8203332848135118	0.013402984772215699	0.029641007408386464
60.3441904239069	0.8222386625776772	0.013403113695947233	0.029641007408386464
60.486350711154294	0.8241440586877813	0.013403242911470499	0.029641007408386464
60.628510998401694	0.8260494731855836	0.0134033724187959	0.029641007408386464
60.770671285649094	0.8279549061128442	0.013403502217933835	0.029641007408386464
60.91283157289649	0.8298603575113224	0.01340363230889471	0.029641007408386464
61.05499186014389	0.8317658274227784	0.013403762691688926	0.029641007408386464
61.19715214739129	0.8336713158889715	0.013403893366326886	0.029641007408386464
61.33931243463869	0.8355768229516618	0.01340402433281899	0.029641007408386464
61.481472721886085	0.8374823486526088	0.013404155591175644	0.029641007408386464
61.623633009133485	0.8393878930335724	0.013404287141407248	0.029641007408386464
61.765793296380885	0.8412934561363126	0.013404418983524204	0.029641007408386464
61.907953583628284	0.8431990380025887	0.013404551117536917	0.029641007408386464
62.050113870875684	0.8451046386741607	0.013404683543455786	0.029641007408386464
62.192274158123084	0.8470102581927881	0.013404816261291216	0.029641007408386464
62.33443444537048	0.8489158966002311	0.01340494927105361	0.029641007408386464
62.47659473261788	0.850821553938249	0.013405082572753366	0.029641007408386464
62.61875501986527	0.8527272302486018	0.01340521616640089	0.029641007408386464
62.76091530711267	0.8546329255730494	0.013405350052006583	0.029641007408386464
62.90307559436007	0.8565386399533511	0.013405484229580848	0.029641007408386464
63.04523588160747	0.8584443734312671	0.013405618699134089	0.029641007408386464
63.18739616885487	0.8603501260485567	0.013405753460676705	0.029641007408386464
63.32955645610227	0.8622558978469801	0.013405888514219099	0.029641007408386464
63.47171674334967	0.8641616888682968	0.013406023859771675	0.029641007408386464
63.61387703059707	0.8660674991542667	0.013406159497344835	0.029641007408386464
63.75603731784446	0.8679733287466492	0.01340629542694898	0.029641007408386464
63.89819760509186	0.8698791776872046	0.013406431648594513	0.029641007408386464
64.04035789233926	0.8717850460176922	0.013406568162291839	0.029641007408386464
64.18251817958665	0.8736909337798721	0.013406704968051356	0.029641007408386464
64.32467846683406	0.8755968410155037	0.01340684206588347	0.029641007408386464
64.46683875408145	0.877502767766347	0.013406979455798579	0.029641007408386464
64.60899904132886	0.8794087140741617	0.01340711713780709	0.029641007408386464
64.75115932857625	0.8813146799807073	0.013407255111919404	0.029641007408386464
64.89331961582364	0.8832206655277439	0.013407393378145923	0.029641007408386464
65.03547990307105	0.8851266707570312	0.013407531936497049	0.029641007408386464
65.17764019031844	0.8870326957103289	0.013407670786983183	0.029641007408386464
65.31980047756585	0.8889387404293967	0.01340780992961473	0.029641007408386464
65.46196076481324	0.8908448049559943	0.01340794936440209	0.029641007408386464
65.60412105206065	0.8927508893318817	0.01340808909135567	0.029641007408386464
65.74628133930804	0.8946569935988183	0.013408229110485866	0.029641007408386464
65.88844162655543	0.896563117798564	0.013408369421803084	0.029641007408386464
66.03060191380284	0.8984692619728789	0.013408510025317726	0.029641007408386464
66.17276220105023	0.9003754261635221	0.013408650921040195	0.029641007408386464
66.31492248829763	0.902281610412254	0.013408792108980891	0.029641007408386464
66.45708277554503	0.9041878147608338	0.013408933589150218	0.029641007408386464
66.59924306279243	0.9060940392510217	0.01340907536155858	0.029641007408386464
66.74140335003983	0.908000283924577	0.013409217426216376	0.029641007408386464
66.88356363728722	0.9099065488232599	0.01340935978313401	0.029641007408386464
67.02572392453462	0.9118128339888298	0.013409502432321883	0.029641007408386464
67.16788421178202	0.9137191394630466	0.013409645373790401	0.029641007408386464
67.31004449902942	0.9156254652876703	0.013409788607549962	0.029641007408386464
67.45220478627682	0.9175318115044603	0.013409932133610972	0.029641007408386464
67.59436507352422	0.9194381781551764	0.01341007595198383	0.029641007408386464
67.73652536077162	0.9213445652815784	0.013410220062678942	0.029641007408386464
67.87868564801902	0.9232509729254262	0.013410364465706707	0.029641007408386464
68.02084593526642	0.9251574011284792	0.013410509161077529	0.029641007408386464
68.16300622251381	0.9270638499324974	0.01341065414880181	0.029641007408386464
68.30516650976121	0.9289703193792407	0.013410799428889954	0.029641007408386464
68.44732679700861	0.9308768095104685	0.013410945001352361	0.029641007408386464
68.589487084256	0.9327833203679409	0.013411090866199434	0.029641007408386464
68.73164737150341	0.9346898519934171	0.013411237023441575	0.029641007408386464
68.8738076587508	0.9365964044286578	0.013411383473089188	0.029641007408386464
69.0159679459982	0.9385029777154217	0.013411530215152673	0.029641007408386464
69.1581282332456	0.9404095718954694	0.013411677249642436	0.029641007408386464
69.300288520493	0.94231618701056	0.013411824576568875	0.029641007408386464
69.44244880774039	0.9442228231024534	0.013411972195942395	0.029641007408386464
69.5846090949878	0.9461294802129099	0.013412120107773397	0.029641007408386464
69.72676938223519	0.9480361583836885	0.013412268312072286	0.029641007408386464
69.8689296694826	0.9499428576565496	0.013412416808849461	0.029641007408386464
70.01108995672999	0.9518495780732522	0.013412565598115326	0.029641007408386464
70.1532502439774	0.953756319675557	0.013412714679880283	0.029641007408386464
70.29541053122479	0.9556630825052228	0.013412864054154735	0.029641007408386464
70.43757081847218	0.95756986660401	0.013413013720949085	0.029641007408386464
70.57973110571959	0.9594766720136781	0.013413163680273732	0.029641007408386464
70.72189139296698	0.9613834987759868	0.013413313932139083	0.029641007408386464
70.86405168021439	0.9632903469326962	0.013413464476555536	0.029641007408386464
71.00621196746178	0.9651972165255657	0.013413615313533496	0.029641007408386464
71.14837225470919	0.9671041075963552	0.013413766443083364	0.029641007408386464
71.29053254195658	0.9690110201868244	0.013413917865215544	0.029641007408386464
71.43269282920397	0.9709179543387327	0.013414069579940438	0.029641007408386464
71.57485311645137	0.9728249100938408	0.013414221587268448	0.029641007408386464
71.71701340369877	0.9747318874939073	0.013414373887209974	0.029641007408386464
71.85917369094618	0.976638886580693	0.013414526479775422	0.029641007408386464
72.00133397819357	0.9785459073959568	0.013414679364975193	0.029641007408386464
72.14349426544098	0.9804529499814592	0.01341483254281969	0.029641007408386464
72.28565455268837	0.9823600143789591	0.013414986013319313	0.029641007408386464
72.42781483993578	0.9842671006302172	0.013415139776484467	0.029641007408386464
72.56997512718317	0.9861742087769924	0.013415293832325552	0.029641007408386464
72.71213541443056	0.9880813388610449	0.013415448180852973	0.029641007408386464
72.85429570167797	0.9899884909241345	0.01341560282207713	0.029641007408386464
72.99645598892536	0.9918956650080206	0.013415757756008428	0.029641007408386464
73.13861627617277	0.9938028611544635	0.013415912982657267	0.029641007408386464
73.28077656342016	0.9957100794052223	0.013416068502034051	0.029641007408386464
73.42293685066757	0.9976173198020575	0.01341622431414918	0.029641007408386464
73.56509713791496	0.9995245823867279	0.013416380419013059	0.029641007408386464
73.70725742516237	1.0014318672009943	0.013416536816636088	0.029641007408386464
73.84941771240976	1.0033391742866153	0.013416693507028671	0.029641007408386464
73.99157799965717	1.005246503685352	0.01341685049020121	0.029641007408386464
74.13373828690456	1.007153855438963	0.013417007766164108	0.029641007408386464
74.27589857415194	1.0090612295892085	0.013417165334927766	0.029641007408386464
74.41805886139935	1.0109686261778486	0.013417323196502587	0.029641007408386464
74.56021914864674	1.0128760452466423	0.013417481350898973	0.029641007408386464
74.70237943589414	1.01478348683735	0.013417639798127328	0.029641007408386464
74.84453972314154	1.0166909509917312	0.013417798538198052	0.029641007408386464
74.98670001038894	1.0185984377515456	0.013417957571121549	0.029641007408386464
75.12886029763634	1.020505947158553	0.01341811689690822	0.029641007408386464
75.27102058488373	1.0224134792545128	0.01341827651556847	0.029641007408386464
75.41318087213114	1.0243210340811855	0.013418436427112698	0.029641007408386464
75.55534115937853	1.0262286116803303	0.01341859663155131	0.029641007408386464
75.69750144662594	1.0281362120937074	0.013418757128894704	0.029641007408386464
75.83966173387333	1.030043835363076	0.013418917919153285	0.029641007408386464
75.98182202112073	1.0319514815301962	0.013419079002337455	0.029641007408386464
76.12398230836813	1.0338591506368275	0.013419240378457617	0.029641007408386464
76.26614259561553	1.0357668427247302	0.013419402047524173	0.029641007408386464
76.40830288286293	1.0376745578356632	0.013419564009547523	0.029641007408386464
76.55046317011032	1.039582296011387	0.013419726264538074	0.029641007408386464
76.69262345735773	1.041490057293661	0.013419888812506223	0.029641007408386464
76.83478374460512	1.043397841724245	0.013420051653462379	0.029641007408386464
76.97694403185253	1.045305649344899	0.013420214787416937	0.029641007408386464
77.11910431909992	1.047213480197382	0.013420378214380304	0.029641007408386464
77.26126460634732	1.0491213343234551	0.013420541934362882	0.029641007408386464
77.40342489359472	1.0510292117648765	0.013420705947375072	0.029641007408386464
77.54558518084211	1.0529371125634068	0.013420870253427277	0.029641007408386464
77.68774546808952	1.054845036760806	0.0134210348525299	0.029641007408386464
77.82990575533691	1.056752984398833	0.013421199744693342	0.029641007408386464
77.97206604258432	1.0586609555192485	0.013421364929928006	0.029641007408386464
78.11422632983171	1.0605689501638116	0.013421530408244293	0.029641007408386464
78.25638661707912	1.0624769683742823	0.013421696179652609	0.029641007408386464
78.39854690432651	1.06438501019242	0.013421862244163352	0.029641007408386464
78.54070719157392	1.0662930756599853	0.013422028601786928	0.029641007408386464
78.68286747882131	1.0682011648187368	0.013422195252533738	0.029641007408386464
78.8250277660687	1.070109277710435	0.013422362196414185	0.029641007408386464
78.96718805331611	1.07201741437684	0.01342252943343867	0.029641007408386464
79.10934834056349	1.0739255748597105	0.013422696963617595	0.029641007408386464
79.2515086278109	1.075833759200807	0.013422864786961364	0.029641007408386464
79.39366891505829	1.0777419674418889	0.013423032903480377	0.029641007408386464
79.53582920230569	1.0796501996247163	0.01342320131318504	0.029641007408386464
79.67798948955308	1.0815584557910487	0.013423370016085753	0.029641007408386464
79.82014977680048	1.083466735982646	0.013423539012192919	0.029641007408386464
79.96231006404788	1.0853750402412679	0.01342370830151694	0.029641007408386464
80.10447035129528	1.0872833686086738	0.013423877884068217	0.029641007408386464
80.24663063854268	1.0891917211266242	0.013424047759857154	0.029641007408386464
80.38879092579008	1.0911000978368781	0.013424217928894155	0.029641007408386464
80.53095121303748	1.0930084987811957	0.01342438839118962	0.029641007408386464
80.67311150028488	1.0949169240013366	0.013424559146753952	0.029641007408386464
80.81527178753227	1.0968253735390603	0.013424730195597551	0.029641007408386464
80.95743207477967	1.0987338474361272	0.013424901537730825	0.029641007408386464
81.09959236202707	1.1006423457342964	0.013425073173164171	0.029641007408386464
81.24175264927447	1.102550868475328	0.013425245101907993	0.029641007408386464
81.38391293652187	1.104459415700982	0.013425417323972694	0.029641007408386464
81.52607322376927	1.1063679874530177	0.013425589839368677	0.029641007408386464
81.66823351101667	1.1082765837731947	0.013425762648106344	0.029641007408386464
81.81039379826407	1.1101852047032734	0.013425935750196094	0.029641007408386464
81.95255408551147	1.1120938502850128	0.013426109145648334	0.029641007408386464
82.09471437275886	1.1140025205601733	0.013426282834473465	0.029641007408386464
82.23687466000627	1.1159112155705144	0.013426456816681889	0.029641007408386464
82.37903494725366	1.1178199353577956	0.013426631092284006	0.029641007408386464
82.52119523450106	1.1197286799637773	0.013426805661290222	0.029641007408386464
82.66335552174846	1.1216374494302186	0.013426980523710939	0.029641007408386464
82.80551580899586	1.1235462437988797	0.013427155679556557	0.029641007408386464
82.94767609624326	1.1254550631115197	0.01342733112883748	0.029641007408386464
83.08983638349065	1.1273639074098991	0.01342750687156411	0.029641007408386464
83.23199667073806	1.1292727767357773	0.01342768290774685	0.029641007408386464
83.37415695798545	1.1311816711309142	0.013427859237396101	0.029641007408386464
83.51631724523286	1.1330905906370694	0.013428035860522266	0.029641007408386464
83.65847753248025	1.1349995352960027	0.013428212777135748	0.029641007408386464
83.80063781972765	1.136908505149474	0.013428389987246948	0.029641007408386464
83.94279810697505	1.1388175002392429	0.01342856749086627	0.029641007408386464
84.08495839422243	1.1407265206070687	0.013428745288004116	0.029641007408386464
84.22711868146985	1.1426355662947123	0.013428923378670887	0.029641007408386464
84.36927896871723	1.144544637343932	0.013429101762876986	0.029641007408386464
84.51143925596463	1.146453733796489	0.013429280440632817	0.029641007408386464
84.65359954321202	1.148362855694142	0.01342945941194878	0.029641007408386464
84.79575983045943	1.1502720030786515	0.01342963867683528	0.029641007408386464
84.93792011770682	1.1521811759917764	0.013429818235302716	0.029641007408386464
85.08008040495423	1.1540903744752775	0.013429998087361492	0.029641007408386464
85.22224069220162	1.1559995985709133	0.01343017823302201	0.029641007408386464
85.36440097944902	1.1579088483204445	0.013430358672294675	0.029641007408386464
85.50656126669642	1.1598181237656309	0.013430539405189885	0.029641007408386464
85.64872155394382	1.1617274249482317	0.013430720431718045	0.029641007408386464
85.79088184119122	1.1636367519100068	0.013430901751889558	0.029641007408386464
85.93304212843861	1.1655461046927162	0.013431083365714825	0.029641007408386464
86.07520241568602	1.1674554833381192	0.013431265273204247	0.029641007408386464
86.21736270293341	1.169364887887976	0.01343144747436823	0.029641007408386464
86.3595229901808	1.1712743183840462	0.013431629969217174	0.029641007408386464
86.50168327742821	1.1731837748680898	0.01343181275776148	0.029641007408386464
86.6438435646756	1.175093257381866	0.013431995840011554	0.029641007408386464
86.78600385192301	1.177002765967135	0.013432179215977795	0.029641007408386464
86.9281641391704	1.1789123006656563	0.013432362885670608	0.029641007408386464
87.07032442641781	1.1808218615191897	0.013432546849100392	0.029641007408386464
87.2124847136652	1.182731448569495	0.013432731106277554	0.029641007408386464
87.35464500091261	1.184641061858332	0.013432915657212493	0.029641007408386464
87.49680528816	1.1865507014274606	0.013433100501915613	0.029641007408386464
87.6389655754074	1.18846036731864	0.013433285640397315	0.029641007408386464
87.7811258626548	1.1903700595736306	0.013433471072668	0.029641007408386464
87.9232861499022	1.1922797782341918	0.013433656798738074	0.029641007408386464
88.0654464371496	1.1941895233420834	0.013433842818617939	0.029641007408386464
88.207606724397	1.1960992949390652	0.013434029132317993	0.029641007408386464
88.3497670116444	1.198009093066897	0.013434215739848644	0.029641007408386464
88.4919272988918	1.1999189177673384	0.01343440264122029	0.029641007408386464
88.63408758613919	1.201828769082149	0.013434589836443337	0.029641007408386464
88.7762478733866	1.2037386470530889	0.013434777325528184	0.029641007408386464
88.91840816063399	1.2056485517219175	0.013434965108485235	0.029641007408386464
89.0605684478814	1.2075584831303954	0.013435153185324893	0.029641007408386464
89.20272873512879	1.2094684413202814	0.01343534155605756	0.029641007408386464
89.3448890223762	1.2113784263333354	0.013435530220693636	0.029641007408386464
89.48704930962357	1.2132884382113174	0.013435719179243525	0.029641007408386464
89.62920959687096	1.2151984769959872	0.013435908431717632	0.029641007408386464
89.77136988411837	1.2171085427291044	0.013436097978126355	0.029641007408386464
89.91353017136576	1.2190186354524288	0.0134362878184801	0.029641007408386464
90.05569045861317	1.2209287552077202	0.013436477952789266	0.029641007408386464
90.19785074586056	1.222838902036738	0.013436668381064257	0.029641007408386464
90.34001103310797	1.2247490759812427	0.013436859103315477	0.029641007408386464
90.48217132035536	1.2266592770829932	0.013437050119553326	0.029641007408386464
90.62433160760277	1.22856950538375	0.013437241429788208	0.029641007408386464
90.76649189485016	1.230479760925272	0.013437433034030524	0.029641007408386464
90.90865218209755	1.2323900437493198	0.013437624932290676	0.029641007408386464
91.05081246934496	1.234300353897653	0.013437817124579069	0.029641007408386464
91.19297275659235	1.2362106914120308	0.013438009610906103	0.029641007408386464
91.33513304383976	1.2381210563342133	0.01343820239128218	0.029641007408386464
91.47729333108715	1.2400314487059605	0.013438395465717703	0.029641007408386464
91.61945361833456	1.241941868569032	0.013438588834223076	0.029641007408386464
91.76161390558195	1.2438523159651869	0.0134387824968087	0.029641007408386464
91.90377419282935	1.245762790936186	0.013438976453484977	0.029641007408386464
92.04593448007675	1.2476732935237884	0.013439170704262308	0.029641007408386464
92.18809476732415	1.249583823769754	0.0134393652491511	0.029641007408386464
92.33025505457155	1.2514943817158426	0.013439560088161752	0.029641007408386464
92.47241534181894	1.2534049674038141	0.013439755221304665	0.029641007408386464
92.61457562906635	1.255315580875428	0.013439950648590245	0.029641007408386464
92.75673591631374	1.2572262221724437	0.013440146370028891	0.029641007408386464
92.89889620356114	1.2591368913366217	0.013440342385631009	0.029641007408386464
93.04105649080854	1.2610475884097214	0.013440538695406998	0.029641007408386464
93.18321677805594	1.2629583134335025	0.013440735299367262	0.029641007408386464
93.32537706530334	1.2648690664497253	0.013440932197522203	0.029641007408386464
93.46753735255074	1.2667798475001484	0.013441129389882223	0.029641007408386464
93.60969763979814	1.2686906566265326	0.013441326876457726	0.029641007408386464
93.75185792704553	1.2706014938706374	0.013441524657259112	0.029641007408386464
93.89401821429294	1.2725123592742222	0.013441722732296784	0.029641007408386464
94.03617850154033	1.2744232528790471	0.013441921101581145	0.029641007408386464
94.17833878878773	1.2763341747268715	0.013442119765122598	0.029641007408386464
94.32049907603513	1.2782451248594557	0.013442318722931544	0.029641007408386464
94.46265936328251	1.280156103318559	0.013442517975018387	0.029641007408386464
94.60481965052993	1.2820671101459413	0.013442717521393527	0.029641007408386464
94.74697993777731	1.2839781453833625	0.013442917362067368	0.029641007408386464
94.88914022502472	1.285889209072582	0.013443117497050312	0.029641007408386464
95.03130051227211	1.2878003012553598	0.01344331792635276	0.029641007408386464
95.1734607995195	1.2897114219734553	0.013443518649985118	0.029641007408386464
95.31562108676691	1.2916225712686293	0.013443719667957784	0.029641007408386464
95.4577813740143	1.2935337491826402	0.013443920980281163	0.029641007408386464
95.59994166126171	1.2954449557572485	0.013444122586965658	0.029641007408386464
95.7421019485091	1.297356191034214	0.013444324488021669	0.029641007408386464
95.88426223575651	1.299267455055296	0.0134445266834596	0.029641007408386464
96.0264225230039	1.3011787478622547	0.013444729173289854	0.029641007408386464
96.16858281025131	1.3030900694968497	0.01344493195752283	0.029641007408386464
96.3107430974987	1.3050014200008404	0.013445135036168935	0.029641007408386464
96.4529033847461	1.3069127994159873	0.013445338409238566	0.029641007408386464
96.5950636719935	1.3088242077840495	0.01344554207674213	0.029641007408386464
96.7372239592409	1.3107356451467869	0.013445746038690028	0.029641007408386464
96.8793842464883	1.3126471115459593	0.013445950295092662	0.029641007408386464
97.02154453373569	1.3145586070233266	0.013446154845960434	0.029641007408386464
97.1637048209831	1.3164701316206486	0.013446359691303747	0.029641007408386464
97.30586510823049	1.3183816853796846	0.013446564831133002	0.029641007408386464
97.44802539547788	1.3202932683421946	0.013446770265458603	0.029641007408386464
97.59018568272529	1.3222048805499385	0.013446975994290952	0.029641007408386464
97.73234596997268	1.324116522044676	0.013447182017640452	0.029641007408386464
97.87450625722009	1.3260281928681668	0.013447388335517504	0.029641007408386464
98.01666654446748	1.3279398930621704	0.01344759494793251	0.029641007408386464
98.15882683171489	1.3298516226684471	0.013447801854895875	0.029641007408386464
98.30098711896228	1.3317633817287562	0.013448009056417999	0.029641007408386464
98.44314740620968	1.3336751702848575	0.013448216552509284	0.029641007408386464
98.58530769345708	1.335586988378511	0.013448424343180134	0.029641007408386464
98.72746798070447	1.3374988360514761	0.013448632428440951	0.029641007408386464
98.86962826795188	1.3394107133455129	0.013448840808302137	0.029641007408386464
99.01178855519927	1.341322620302381	0.013449049482774094	0.029641007408386464
99.15394884244668	1.3432345569638402	0.013449258451867226	0.029641007408386464
99.29610912969407	1.3451465233716502	0.013449467715591933	0.029641007408386464
99.43826941694148	1.3470585195675708	0.01344967727395862	0.029641007408386464
99.58042970418887	1.3489705455933616	0.013449887126977686	0.029641007408386464
99.72258999143625	1.350882601490782	0.013450097274659536	0.029641007408386464
99.86475027868366	1.3527946873015932	0.013450307717014573	0.029641007408386464
100.00691056593105	1.354706803067553	0.013450518454053196	0.029641007408386464
100.14907085317846	1.3566189488304228	0.013450729485785809	0.029641007408386464
100.29123114042585	1.3585311246319614	0.013450940812222817	0.029641007408386464
100.43339142767326	1.3604433305139292	0.013451152433374618	0.029641007408386464
100.57555171492065	1.3623555665180849	0.013451364349251618	0.029641007408386464
100.71771200216804	1.3642678326861888	0.013451576559864216	0.029641007408386464
100.85987228941545	1.3661801290600017	0.013451789065222817	0.029641007408386464
101.00203257666284	1.3680924556812815	0.013452001865337824	0.029641007408386464
101.14419286391025	1.3700048125917896	0.013452214960219635	0.029641007408386464
101.28635315115764	1.3719171998332844	0.013452428349878658	0.029641007408386464
101.42851343840505	1.373829617447527	0.01345264203432529	0.029641007408386464
101.57067372565244	1.3757420654762758	0.013452856013569938	0.029641007408386464
101.71283401289983	1.3776545439612913	0.013453070287623001	0.029641007408386464
101.85499430014724	1.3795670529443336	0.013453284856494883	0.029641007408386464
101.99715458739463	1.3814795924671617	0.013453499720195987	0.029641007408386464
102.13931487464204	1.3833921625715355	0.013453714878736714	0.029641007408386464
102.28147516188943	1.385304763299215	0.013453930332127466	0.029641007408386464
102.42363544913684	1.3872173946919601	0.013454146080378647	0.029641007408386464
102.56579573638423	1.38913005679153	0.013454362123500657	0.029641007408386464
102.70795602363164	1.3910427496396847	0.013454578461503901	0.029641007408386464
102.85011631087903	1.392955473278184	0.013454795094398779	0.029641007408386464
102.99227659812642	1.3948682277487876	0.013455012022195696	0.029641007408386464
103.13443688537383	1.3967810130932556	0.013455229244905052	0.029641007408386464
103.27659717262122	1.398693829353347	0.013455446762537251	0.029641007408386464
103.41875745986863	1.4006066765708223	0.013455664575102695	0.029641007408386464
103.56091774711602	1.4025195547874412	0.013455882682611785	0.029641007408386464
103.70307803436343	1.4044324640449628	0.013456101085074924	0.029641007408386464
103.84523832161082	1.4063454043851475	0.013456319782502515	0.029641007408386464
103.98739860885821	1.4082583758497549	0.013456538774904962	0.029641007408386464
104.12955889610562	1.4101713784805443	0.013456758062292663	0.029641007408386464
104.27171918335301	1.4120844123192762	0.013456977644676025	0.029641007408386464
104.41387947060042	1.4139974774077095	0.013457197522065445	0.029641007408386464
104.5560397578478	1.4159105737876048	0.013457417694471332	0.029641007408386464
104.69820004509522	1.4178237015007213	0.013457638161904083	0.029641007408386464
104.8403603323426	1.4197368605888188	0.013457858924374103	0.029641007408386464
104.98252061959	1.4216500510936578	0.013458079981891793	0.029641007408386464
105.1246809068374	1.4235632730569967	0.013458301334467555	0.029641007408386464
105.26684119408479	1.4254765265205962	0.013458522982111793	0.029641007408386464
105.4090014813322	1.4273898115262162	0.01345874492483491	0.029641007408386464
105.55116176857959	1.4293031281156159	0.013458967162647306	0.029641007408386464
105.693322055827	1.431216476330555	0.013459189695559384	0.029641007408386464
105.83548234307439	1.4331298562127937	0.013459412523581548	0.029641007408386464
105.9776426303218	1.4350432678040912	0.0134596356467242	0.029641007408386464
106.11980291756919	1.436956711146208	0.01345985906499774	0.029641007408386464
106.26196320481658	1.4388701862809028	0.01346008277841257	0.029641007408386464
106.40412349206399	1.4407836932499367	0.013460306786979096	0.029641007408386464
106.54628377931138	1.4426972320950684	0.013460531090707719	0.029641007408386464
106.68844406655879	1.4446108028580587	0.01346075568960884	0.029641007408386464
106.83060435380618	1.4465244055806656	0.013460980583692864	0.029641007408386464
106.97276464105359	1.4484380403046506	0.01346120577297019	0.029641007408386464
107.11492492830098	1.4503517070717722	0.013461431257451223	0.029641007408386464
107.25708521554837	1.4522654059237912	0.013461657037146363	0.029641007408386464
107.39924550279578	1.4541791369024666	0.013461883112066015	0.029641007408386464
107.54140579004317	1.4560929000495584	0.01346210948222058	0.029641007408386464
107.68356607729058	1.4580066954068265	0.01346233614762046	0.029641007408386464
107.82572636453797	1.4599205230160304	0.013462563108276059	0.029641007408386464
107.96788665178538	1.4618343829189304	0.013462790364197777	0.029641007408386464
108.11004693903277	1.4637482751572852	0.013463017915396017	0.029641007408386464
108.25220722628018	1.4656621997728556	0.013463245761881182	0.029641007408386464
108.39436751352757	1.4675761568074006	0.013463473903663675	0.029641007408386464
108.53652780077496	1.4694901463026802	0.013463702340753898	0.029641007408386464
108.67868808802237	1.4714041683004546	0.013463931073162252	0.029641007408386464
108.82084837526976	1.473318222842483	0.01346416010089914	0.029641007408386464
108.96300866251717	1.4752323099705253	0.013464389423974966	0.029641007408386464
109.10516894976456	1.477146429726341	0.013464619042400131	0.029641007408386464
109.24732923701197	1.4790605821516905	0.013464848956185037	0.029641007408386464
109.38948952425936	1.480974767288333	0.013465079165340087	0.029641007408386464
109.53164981150674	1.4828889851780285	0.013465309669875683	0.029641007408386464
109.67381009875416	1.484803235862537	0.013465540469802228	0.029641007408386464
109.81597038600154	1.4867175193836175	0.013465771565130123	0.029641007408386464
109.95813067324895	1.4886318357830302	0.013466002955869772	0.029641007408386464
110.10029096049634	1.4905461851025352	0.013466234642031576	0.029641007408386464
110.24245124774374	1.4924605673838913	0.013466466623625937	0.029641007408386464
110.38461153499114	1.4943749826688597	0.01346669890066326	0.029641007408386464
110.52677182223853	1.4962894309991985	0.013466931473153946	0.029641007408386464
110.66893210948594	1.4982039124166686	0.013467164341108395	0.029641007408386464
110.81109239673333	1.500118426963029	0.013467397504537014	0.029641007408386464
110.95325268398074	1.5020329746800405	0.013467630963450201	0.029641007408386464
111.09541297122813	1.5039475556094617	0.01346786471785836	0.029641007408386464
111.23757325847554	1.505862169793053	0.013468098767771894	0.029641007408386464
111.37973354572293	1.5077768172725743	0.013468333113201204	0.029641007408386464
111.52189383297033	1.5096914980897846	0.013468567754156694	0.029641007408386464
111.66405412021773	1.5116062122864444	0.013468802690648766	0.029641007408386464
111.80621440746512	1.5135209599043131	0.013469037922687822	0.029641007408386464
111.94837469471253	1.5154357409851502	0.013469273450284263	0.029641007408386464
112.09053498195992	1.517350555570716	0.013469509273448494	0.029641007408386464
112.23269526920733	1.5192654037027706	0.013469745392190915	0.029641007408386464
112.37485555645472	1.5211802854230725	0.01346998180652193	0.029641007408386464
112.51701584370213	1.5230952007733825	0.013470218516451941	0.029641007408386464
112.65917613094952	1.5250101497954591	0.013470455521991349	0.029641007408386464
112.80133641819691	1.5269251325310638	0.013470692823150558	0.029641007408386464
112.94349670544432	1.528840149021955	0.01347093041993997	0.029641007408386464
113.08565699269171	1.5307551993098936	0.013471168312369988	0.029641007408386464
113.22781727993912	1.5326702834366377	0.013471406500451012	0.029641007408386464
113.36997756718651	1.5345854014439486	0.013471644984193447	0.029641007408386464
113.51213785443392	1.5365005533735858	0.013471883763607693	0.029641007408386464
113.65429814168131	1.538415739267308	0.013472122838704154	0.029641007408386464
113.79645842892872	1.5403309591668761	0.013472362209493233	0.029641007408386464
113.93861871617611	1.5422462131140495	0.01347260187598533	0.029641007408386464
114.0807790034235	1.5441615011505876	0.01347284183819085	0.029641007408386464
114.22293929067091	1.5460768233182507	0.013473082096120192	0.029641007408386464
114.3650995779183	1.5479921796587983	0.013473322649783763	0.029641007408386464
114.50725986516571	1.54990757021399	0.013473563499191961	0.029641007408386464
114.6494201524131	1.551822995025586	0.013473804644355191	0.029641007408386464
114.7915804396605	1.5537384541353454	0.013474046085283855	0.029641007408386464
114.93374072690789	1.5556539475850282	0.013474287821988354	0.029641007408386464
115.07590101415528	1.5575694754163947	0.01347452985447909	0.029641007408386464
115.21806130140268	1.5594850376712035	0.013474772182766468	0.029641007408386464
115.36022158865008	1.561400634391216	0.01347501480686089	0.029641007408386464
115.50238187589748	1.5633162656181905	0.013475257726772756	0.029641007408386464
115.64454216314488	1.5652319313938872	0.013475500942512469	0.029641007408386464
115.78670245039228	1.5671476317600659	0.013475744454090433	0.029641007408386464
115.92886273763968	1.5690633667584866	0.013475988261517049	0.029641007408386464
116.07102302488707	1.5709791364309083	0.01347623236480272	0.029641007408386464
116.21318331213448	1.5728949408190918	0.01347647676395785	0.029641007408386464
116.35534359938187	1.5748107799647961	0.013476721458992836	0.029641007408386464
116.49750388662927	1.5767266539097813	0.013476966449918085	0.029641007408386464
116.63966417387667	1.5786425626958067	0.013477211736743998	0.029641007408386464
116.78182446112407	1.5805585063646328	0.01347745731948098	0.029641007408386464
116.92398474837147	1.5824744849580186	0.013477703198139429	0.029641007408386464
117.06614503561887	1.5843904985177244	0.01347794937272975	0.029641007408386464
117.20830532286627	1.5863065470855093	0.013478195843262342	0.029641007408386464
117.35046561011366	1.5882226307031337	0.013478442609747612	0.029641007408386464
117.49262589736107	1.5901387494123576	0.01347868967219596	0.029641007408386464
117.63478618460846	1.5920549032549398	0.01347893703061779	0.029641007408386464
117.77694647185587	1.5939710922726409	0.013479184685023503	0.029641007408386464
117.91910675910326	1.5958873165072198	0.0134794326354235	0.029641007408386464
118.06126704635066	1.597803576000437	0.013479680881828186	0.029641007408386464
118.20342733359806	1.5997198707940519	0.013479929424247961	0.029641007408386464
118.34558762084545	1.6016362009298244	0.013480178262693229	0.029641007408386464
118.48774790809286	1.6035525664495145	0.013480427397174392	0.029641007408386464
118.62990819534025	1.6054689673948812	0.013480676827701852	0.029641007408386464
118.77206848258766	1.607385403807685	0.013480926554286012	0.029641007408386464
118.91422876983505	1.609301875729685	0.013481176576937273	0.029641007408386464
119.05638905708246	1.6112183832026417	0.013481426895666039	0.029641007408386464
119.19854934432985	1.6131349262683141	0.013481677510482713	0.029641007408386464
119.34070963157725	1.6150515049684624	0.013481928421397693	0.029641007408386464
119.48286991882465	1.616968119344846	0.013482179628421386	0.029641007408386464
119.62503020607204	1.6188847694392257	0.013482431131564195	0.029641007408386464
119.76719049331945	1.6208014552933596	0.013482682930836518	0.029641007408386464
119.90935078056683	1.622718176949009	0.01348293502624876	0.029641007408386464
120.05151106781425	1.6246349344479323	0.013483187417811321	0.029641007408386464
120.19367135506162	1.6265517278318904	0.013483440105534606	0.029641007408386464
120.33583164230903	1.6284685571426425	0.013483693089429018	0.029641007408386464
120.47799192955642	1.630385422421948	0.013483946369504958	0.029641007408386464
120.62015221680382	1.632302323711568	0.013484199945772827	0.029641007408386464
120.76231250405122	1.6342192610532607	0.01348445381824303	0.029641007408386464
120.90447279129862	1.6361362344887862	0.013484707986925967	0.029641007408386464
121.04663307854602	1.638053244059905	0.01348496245183204	0.029641007408386464
121.18879336579342	1.639970289808376	0.013485217212971655	0.029641007408386464
121.33095365304082	1.64188737177596	0.013485472270355212	0.029641007408386464
121.47311394028821	1.6438044900044155	0.013485727623993112	0.029641007408386464
121.61527422753561	1.6457216445355027	0.01348598327389576	0.029641007408386464
121.75743451478301	1.6476388354109819	0.013486239220073557	0.029641007408386464
121.8995948020304	1.649556062672612	0.013486495462536906	0.029641007408386464
122.04175508927781	1.6514733263621535	0.013486752001296207	0.029641007408386464
122.1839153765252	1.6533906265213658	0.013487008836361867	0.029641007408386464
122.32607566377261	1.655307963192009	0.013487265967744284	0.029641007408386464
122.46823595102	1.6572253364158422	0.013487523395453862	0.029641007408386464
122.61039623826741	1.6591427462346253	0.013487781119501004	0.029641007408386464
122.7525565255148	1.661060192690119	0.01348803913989611	0.029641007408386464
122.8947168127622	1.6629776758240813	0.013488297456649586	0.029641007408386464
123.0368771000096	1.6648951956782736	0.013488556069771831	0.029641007408386464
123.179037387257	1.6668127522944545	0.01348881497927325	0.029641007408386464
123.3211976745044	1.6687303457143852	0.013489074185164244	0.029641007408386464
123.4633579617518	1.6706479759798234	0.013489333687455215	0.029641007408386464
123.6055182489992	1.6725656431325309	0.013489593486156566	0.029641007408386464
123.7476785362466	1.6744833472142657	0.013489853581278698	0.029641007408386464
123.88983882349399	1.6764010882667884	0.013490113972832016	0.029641007408386464
124.0319991107414	1.6783188663318591	0.013490374660826922	0.029641007408386464
124.17415939798879	1.6802366814512375	0.013490635645273816	0.029641007408386464
124.3163196852362	1.6821545336666825	0.013490896926183101	0.029641007408386464
124.45847997248359	1.6840724230199546	0.013491158503565182	0.029641007408386464
124.600640259731	1.6859903495528132	0.013491420377430457	0.029641007408386464
124.74280054697839	1.6879083133070178	0.013491682547789333	0.029641007408386464
124.88496083422577	1.6898263143243288	0.013491945014652208	0.029641007408386464
125.02712112147319	1.6917443526465061	0.013492207778029489	0.029641007408386464
125.16928140872056	1.6936624283153088	0.013492470837931574	0.029641007408386464
125.31144169596797	1.6955805413724967	0.013492734194368868	0.029641007408386464
125.45360198321536	1.6974986918598298	0.013492997847351772	0.029641007408386464
125.59576227046277	1.6994168798190676	0.013493261796890688	0.029641007408386464
125.73792255771016	1.7013351052919705	0.013493526042996022	0.029641007408386464
125.88008284495757	1.7032533683202975	0.013493790585678171	0.029641007408386464
126.02224313220496	1.7051716689458085	0.013494055424947542	0.029641007408386464
126.16440341945236	1.7070900072102635	0.013494320560814534	0.029641007408386464
126.30656370669976	1.7090083831554224	0.013494585993289551	0.029641007408386464
126.44872399394716	1.7109267968230442	0.013494851722382996	0.029641007408386464
126.59088428119456	1.7128452482548897	0.01349511774810527	0.029641007408386464
126.73304456844195	1.714763737492718	0.013495384070466776	0.029641007408386464
126.87520485568936	1.7166822645782882	0.013495650689477915	0.029641007408386464
127.01736514293675	1.7186008295533615	0.01349591760514909	0.029641007408386464
127.15952543018415	1.7205194324596969	0.013496184817490707	0.029641007408386464
127.30168571743155	1.7224380733390539	0.013496452326513163	0.029641007408386464
127.44384600467895	1.7243567522331928	0.013496720132226863	0.029641007408386464
127.58600629192635	1.7262754691838733	0.013496988234642208	0.029641007408386464
127.72816657917375	1.7281942242328547	0.013497256633769604	0.029641007408386464
127.87032686642115	1.730113017421897	0.013497525329619448	0.029641007408386464
128.01248715366853	1.7320318487927597	0.013497794322202146	0.029641007408386464
128.15464744091594	1.7339507183872036	0.0134980636115281	0.029641007408386464
128.29680772816334	1.7358696262469868	0.013498333197607711	0.029641007408386464
128.43896801541072	1.7377885724138702	0.013498603080451383	0.029641007408386464
128.58112830265813	1.7397075569296137	0.013498873260069516	0.029641007408386464
128.72328858990554	1.7416265798882937	0.013499143736954511	0.029641007408386464
128.86544887715294	1.7435456413196726	0.013499414511038366	0.029641007408386464
129.00760916440032	1.7454647412621245	0.013499685582301616	0.029641007408386464
129.14976945164773	1.7473838797580323	0.013499956950760046	0.029641007408386464
129.29192973889513	1.7493030568497787	0.013500228616429437	0.029641007408386464
129.4340900261425	1.7512222725797464	0.013500500579325574	0.029641007408386464
129.57625031338992	1.753141526990318	0.013500772839464239	0.029641007408386464
129.71841060063733	1.7550608201238767	0.013501045396861215	0.029641007408386464
129.86057088788473	1.7569801520228048	0.01350131825153229	0.029641007408386464
130.0027311751321	1.7588995227294848	0.01350159140349324	0.029641007408386464
130.14489146237952	1.7608189322863002	0.013501864852759855	0.029641007408386464
130.28705174962693	1.762738380735633	0.013502138599347914	0.029641007408386464
130.4292120368743	1.764657868119866	0.013502412643273202	0.029641007408386464
130.5713723241217	1.7665773944813823	0.013502686984551504	0.029641007408386464
130.71353261136912	1.7684969598625642	0.013502961623198601	0.029641007408386464
130.85569289861652	1.770416564305795	0.013503236559230277	0.029641007408386464
130.9978531858639	1.7723362078534566	0.013503511792662315	0.029641007408386464
131.1400134731113	1.7742558905479326	0.0135037873235105	0.029641007408386464
131.28217376035872	1.776175612431605	0.013504063151790612	0.029641007408386464
131.42433404760612	1.778095373546857	0.013504339277518438	0.029641007408386464
131.5664943348535	1.780015173936071	0.01350461570070976	0.029641007408386464
131.7086546221009	1.7819350136416299	0.01350489242138036	0.029641007408386464
131.85081490934832	1.7838548927059164	0.013505169439546025	0.029641007408386464
131.9929751965957	1.7857748111713132	0.013505446755222535	0.029641007408386464
132.1351354838431	1.7876947690802032	0.013505724368425674	0.029641007408386464
132.2772957710905	1.7896147664749686	0.013506002279171226	0.029641007408386464
132.41945605833791	1.7915348033979928	0.013506280487474974	0.029641007408386464
132.5616163455853	1.7934548798916579	0.013506558993352702	0.029641007408386464
132.70377663283267	1.795374995998347	0.013506837796820194	0.029641007408386464
132.84593692008008	1.7972951517604427	0.013507116897893232	0.029641007408386464
132.98809720732748	1.7992153472203278	0.013507396296587598	0.029641007408386464
133.1302574945749	1.8011355824203852	0.013507675992919077	0.029641007408386464
133.27241778182227	1.8030558574029971	0.013507955986903453	0.029641007408386464
133.41457806906968	1.8049761722105466	0.013508236278556511	0.029641007408386464
133.55673835631708	1.8068965268854162	0.01350851686789403	0.029641007408386464
133.69889864356446	1.808816921469989	0.013508797754931795	0.029641007408386464
133.84105893081187	1.8107373560066473	0.01350907893968559	0.029641007408386464
133.98321921805928	1.812657830537774	0.0135093604221712	0.029641007408386464
134.12537950530668	1.8145783451057522	0.013509642202404406	0.029641007408386464
134.26753979255406	1.8164988997529639	0.013509924280400992	0.029641007408386464
134.40970007980147	1.8184194945217922	0.013510206656176742	0.029641007408386464
134.55186036704887	1.8203401294546198	0.013510489329747436	0.029641007408386464
134.69402065429628	1.8222608045938296	0.013510772301128864	0.029641007408386464
134.83618094154366	1.8241815199818037	0.013511055570336803	0.029641007408386464
134.97834122879107	1.8261022756609255	0.01351133913738704	0.029641007408386464
135.12050151603847	1.8280230716735777	0.013511623002295357	0.029641007408386464
135.26266180328585	1.8299439080621425	0.013511907165077537	0.029641007408386464
135.40482209053326	1.831864784869003	0.013512191625749364	0.029641007408386464
135.54698237778067	1.8337857021365418	0.013512476384326622	0.029641007408386464
135.68914266502807	1.8357066599071417	0.013512761440825093	0.029641007408386464
135.83130295227545	1.8376276582231854	0.013513046795260563	0.029641007408386464
135.97346323952286	1.8395486971270554	0.013513332447648812	0.029641007408386464
136.11562352677026	1.841469776661135	0.013513618398005625	0.029641007408386464
136.25778381401764	1.843390896867806	0.013513904646346785	0.029641007408386464
136.39994410126505	1.8453120577894524	0.013514191192688077	0.029641007408386464
136.54210438851246	1.8472332594684557	0.013514478037045282	0.029641007408386464
136.68426467575986	1.8491545019471993	0.013514765179434184	0.029641007408386464
136.82642496300724	1.8510757852680655	0.013515052619870568	0.029641007408386464
136.96858525025465	1.8529971094734377	0.013515340358370214	0.029641007408386464
137.11074553750205	1.8549184746056977	0.013515628394948909	0.029641007408386464
137.25290582474943	1.8568398807072288	0.013515916729622435	0.029641007408386464
137.39506611199684	1.8587613278204138	0.013516205362406573	0.029641007408386464
137.53722639924425	1.860682815987635	0.013516494293317112	0.029641007408386464
137.67938668649165	1.8626043452512755	0.01351678352236983	0.029641007408386464
137.82154697373903	1.864525915653718	0.013517073049580513	0.029641007408386464
137.96370726098644	1.8664475272373449	0.013517362874964942	0.029641007408386464
138.10586754823382	1.8683691800445392	0.013517652998538904	0.029641007408386464
138.24802783548122	1.8702908741176834	0.01351794342031818	0.029641007408386464
138.39018812272863	1.8722126094991607	0.013518234140318554	0.029641007408386464
138.532348409976	1.8741343862313533	0.013518525158555809	0.029641007408386464
138.67450869722342	1.8760562043566442	0.01351881647504573	0.029641007408386464
138.81666898447082	1.8779780639174157	0.013519108089804097	0.029641007408386464
138.95882927171823	1.8798999649560513	0.013519400002846696	0.029641007408386464
139.1009895589656	1.881821907514933	0.013519692214189308	0.029641007408386464
139.24314984621302	1.8837438916364437	0.01351998472384772	0.029641007408386464
139.38531013346042	1.8856659173629666	0.013520277531837713	0.029641007408386464
139.5274704207078	1.8875879847368837	0.013520570638175071	0.029641007408386464
139.6696307079552	1.8895100938005782	0.013520864042875577	0.029641007408386464
139.8117909952026	1.8914322445964327	0.013521157745955015	0.029641007408386464
139.95395128245002	1.89335443716683	0.013521451747429167	0.029641007408386464
140.0961115696974	1.8952766715541525	0.013521746047313819	0.029641007408386464
140.2382718569448	1.8971989478007834	0.01352204064562475	0.029641007408386464
140.3804321441922	1.8991212659491048	0.013522335542377749	0.029641007408386464
140.5225924314396	1.9010436260415	0.013522630737588595	0.029641007408386464
140.664752718687	1.9029660281203515	0.013522926231273073	0.029641007408386464
140.8069130059344	1.9048884722280421	0.013523222023446965	0.029641007408386464
140.9490732931818	1.9068109584069546	0.013523518114126056	0.029641007408386464
141.0912335804292	1.9087334866994712	0.01352381450332613	0.029641007408386464
141.2333938676766	1.9106560571479754	0.01352411119106297	0.029641007408386464
141.375554154924	1.912578669794849	0.013524408177352357	0.029641007408386464
141.51771444217138	1.9145013246824756	0.013524705462210075	0.029641007408386464
141.6598747294188	1.9164240218532376	0.01352500304565191	0.029641007408386464
141.8020350166662	1.9183467613495173	0.013525300927693643	0.029641007408386464
141.9441953039136	1.9202695432136982	0.01352559910835106	0.029641007408386464
142.08635559116098	1.9221923674881625	0.01352589758763994	0.029641007408386464
142.2285158784084	1.9241152342152932	0.01352619636557607	0.029641007408386464
142.3706761656558	1.9260381434374727	0.013526495442175233	0.029641007408386464
142.51283645290317	1.9279610951970838	0.013526794817453211	0.029641007408386464
142.65499674015058	1.9298840895365095	0.013527094491425787	0.029641007408386464
142.79715702739796	1.931807126498132	0.013527394464108746	0.029641007408386464
142.9393173146454	1.9337302061243349	0.013527694735517872	0.029641007408386464
143.08147760189277	1.9356533284575	0.013527995305668946	0.029641007408386464
143.22363788914018	1.9375764935400106	0.013528296174577754	0.029641007408386464
143.36579817638759	1.9394997014142492	0.013528597342260076	0.029641007408386464
