x	chi	dchidx	s0
0.000789535595650375	0.0	0.017423558105845793	0.017423558105845793
0.014394401056669748	0.0002370362821719978	0.017421696410533535	0.017423558105845793
0.027999266517689116	0.0004740245421494311	0.0174164985440671	0.017423558105845793
0.04160413197870849	0.0007109193917732238	0.017407964506505464	0.017423558105845793
0.05520899743972786	0.0009476754428847494	0.01739609429784506	0.017423558105845793
0.06881386290074723	0.0011842473073251534	0.01738088791807907	0.017423558105845793
0.0824187283617666	0.0014205895969353465	0.017362345367197787	0.017423558105845793
0.09602359382278598	0.001656656923556005	0.0173404666451886	0.017423558105845793
0.10962845928380535	0.001892403899027571	0.017315251752036014	0.017423558105845793
0.12323332474482471	0.002127785135190252	0.017286700687721628	0.017423558105845793
0.1368381902058441	0.0023627552438840226	0.017254813452224155	0.017423558105845793
0.15044305566686347	0.0025972688369486196	0.017219590045519408	0.017423558105845793
0.16404792112788283	0.0028312805262145826	0.01718103046763968	0.017423558105845793
0.17765278658890218	0.003064744923504719	0.017139134718669284	0.017423558105845793
0.19125765204992157	0.0032976166406632743	0.0170939027985485	0.017423558105845793
0.20486251751094098	0.0035298502895341395	0.017045334707212124	0.017423558105845793
0.21846738297196033	0.003761400481960061	0.016993430444594587	0.017423558105845793
0.23207224843297972	0.003992221829782648	0.016938190010629958	0.017423558105845793
0.24567711389399907	0.004222268944842364	0.016879613405251927	0.017423558105845793
0.25928197935501845	0.004451496438978532	0.01681770062839383	0.017423558105845793
0.2728868448160378	0.004679858924029331	0.01675245167998863	0.017423558105845793
0.28649171027705717	0.004907311011831802	0.01668386655996892	0.017423558105845793
0.3000965757380766	0.005133807314221842	0.016611945268266932	0.017423558105845793
0.31370144119909593	0.005359302443034204	0.016536687804814532	0.017423558105845793
0.32730630666011534	0.005583751010102502	0.01645809416954321	0.017423558105845793
0.3409111721211347	0.005807107627259205	0.016376164362384094	0.017423558105845793
0.35451603758215405	0.006029326906335645	0.01629089838326795	0.017423558105845793
0.36812090304317346	0.006250363459162009	0.016202296232125175	0.017423558105845793
0.3817257685041928	0.006470171897567338	0.016110357908885792	0.017423558105845793
0.39533063396521223	0.006688706833379539	0.016015083413479465	0.017423558105845793
0.4089354994262316	0.006905922878425371	0.015916472745835485	0.017423558105845793
0.42254036488725094	0.007121774644530452	0.015814525905882785	0.017423558105845793
0.4361452303482703	0.007336216743519263	0.01570924289354992	0.017423558105845793
0.44975009580928965	0.007549203787215136	0.015600623708765086	0.017423558105845793
0.463354961270309	0.007760690387440266	0.01548866835145611	0.017423558105845793
0.47695982673132836	0.007970631156015703	0.01537337682155045	0.017423558105845793
0.4905646921923477	0.008178980704761354	0.0152547491189752	0.017423558105845793
0.5041695576533672	0.008385693645495993	0.015132785243657083	0.017423558105845793
0.5177744231143866	0.008590724590037237	0.015007485195522464	0.017423558105845793
0.531379288575406	0.008794028150201576	0.01487884897449733	0.017423558105845793
0.5449841540364253	0.008995558937804349	0.014746876580507306	0.017423558105845793
0.5585890194974447	0.009195271564659754	0.014611568013477655	0.017423558105845793
0.572193884958464	0.009393120642580851	0.014472923273333261	0.017423558105845793
0.5857987504194834	0.009589060783379549	0.014330942359998655	0.017423558105845793
0.5994036158805028	0.009783046598866633	0.014185625273397989	0.017423558105845793
0.6130084813415222	0.009975032700851727	0.014036972013455055	0.017423558105845793
0.6266133468025415	0.010164973701143318	0.01388498258009328	0.017423558105845793
0.6402182122635609	0.010352824211548761	0.013729656973235714	0.017423558105845793
0.6538230777245803	0.010538538843874255	0.013570995192805057	0.017423558105845793
0.6674279431855996	0.010722072209924868	0.013408997238723621	0.017423558105845793
0.681032808646619	0.01090337892150452	0.013243663110913368	0.017423558105845793
0.6946376741076383	0.011082413590415993	0.013074992809295884	0.017423558105845793
0.7082425395686577	0.01125913082846092	0.012902986333792395	0.017423558105845793
0.7218474050296771	0.011433485247439801	0.012727643684323749	0.017423558105845793
0.7354522704906965	0.01160543145915199	0.01254896486081044	0.017423558105845793
0.7490571359517159	0.011774924075395692	0.01236694986317259	0.017423558105845793
0.7626620014127352	0.01194191770796799	0.012181598691329948	0.017423558105845793
0.7762668668737545	0.012106366968664798	0.011992911345201909	0.017423558105845793
0.7898717323347739	0.012268226469280977	0.0118008878247065	0.017423558105845793
0.8034765977957932	0.012427450821622282	0.01160552812960305	0.017423558105845793
0.8170814632568126	0.012583994637489075	0.01140683225967439	0.017423558105845793
0.830686328717832	0.012737812528671236	0.011204800214810628	0.017423558105845793
0.8442911941788513	0.012888859106957171	0.010999431994902272	0.017423558105845793
0.8578960596398707	0.013037088984133792	0.010790727599840262	0.017423558105845793
0.8715009251008901	0.013182456771986534	0.010578687029515945	0.017423558105845793
0.8851057905619095	0.01332491708229934	0.010363310283821089	0.017423558105845793
0.8987106560229289	0.013464424526854665	0.010144597362647882	0.017423558105845793
0.9123155214839482	0.01360093371743349	0.009922548265888918	0.017423558105845793
0.9259203869449676	0.013734399265815298	0.009697162993437224	0.017423558105845793
0.939525252405987	0.013864775783778099	0.009468441545186229	0.017423558105845793
0.9531301178670063	0.013992017883098406	0.009236383921029791	0.017423558105845793
0.9667349833280258	0.014116080175551255	0.009000990120862175	0.017423558105845793
0.980339848789045	0.01423691727291019	0.008762260144578071	0.017423558105845793
0.9939447142500645	0.014354483786947274	0.00852019399207258	0.017423558105845793
1.0075495797110838	0.014468734329433085	0.008274791663241222	0.017423558105845793
1.021154445172103	0.014579623512136711	0.008026053157979943	0.017423558105845793
1.0347593106331225	0.01468710594682576	0.007773978476185086	0.017423558105845793
1.0483641760941418	0.01479113624526635	0.007518567617753432	0.017423558105845793
1.0619690415551613	0.01489166901922312	0.007259820582582165	0.017423558105845793
1.0755739070161807	0.014988658880459213	0.006997737370568894	0.017423558105845793
1.0891787724772	0.0150820604407363	0.006732317981611638	0.017423558105845793
1.1027836379382194	0.015171828311814552	0.00646356241560884	0.017423558105845793
1.1163885033992387	0.015257917105452757	0.006191470672459378	0.017423558105845793
1.1299933688602581	0.015340281433410373	0.005916042752063284	0.017423558105845793
1.1435982343212776	0.015418875907444847	0.005637278654322264	0.017423558105845793
1.1572030997822969	0.015493655139311604	0.005355178379139393	0.017423558105845793
1.1708079652433163	0.01556457374076479	0.005069741926419199	0.017423558105845793
1.1844128307043358	0.015631586323557285	0.004780969296067626	0.017423558105845793
1.198017696165355	0.01569464749944069	0.004488860487992066	0.017423558105845793
1.2116225616263745	0.01575371188016533	0.004193415502101348	0.017423558105845793
1.2252274270873937	0.015808734077480274	0.0038946343383057204	0.017423558105845793
1.2388322925484132	0.015859668703133295	0.003592516996516885	0.017423558105845793
1.2524371580094327	0.01590647036887091	0.0032870634766479618	0.017423558105845793
1.266042023470452	0.015949093686438445	0.0029782737786136215	0.017423558105845793
1.2796468889314714	0.015987493267580425	0.002666147902330557	0.017423558105845793
1.2932517543924906	0.016021623724040094	0.0023506858477171694	0.017423558105845793
1.30685661985351	0.01605143966755958	0.002031887614693695	0.017423558105845793
1.3204614853145296	0.016076895709879916	0.0017097532031822575	0.017423558105845793
1.3340663507755488	0.016097946462741097	0.0013842826131069096	0.017423558105845793
1.347671216236568	0.016114546537882104	0.0010775338625609514	0.017423558105845793
2.136648117572042	0.016964699548833576	0.0010775425997276988	0.017423558105845793
2.925625018907516	0.017814858250476746	0.0010775487948486923	0.017423558105845793
3.71460192024299	0.018665021365031075	0.0010775535821458031	0.017423558105845793
4.503578821578464	0.01951518832350253	0.001077557257647875	0.017423558105845793
5.292555722913938	0.02036535786562108	0.0010775608295703258	0.017423558105845793
6.081532624249412	0.0212155299694293	0.0010775643220174793	0.017423558105845793
6.870509525584886	0.022065704630536417	0.0010775677423112788	0.017423558105845793
7.65948642692036	0.022915881844551646	0.001077571097773668	0.017423558105845793
8.448463328255833	0.023766061607084218	0.0010775743957265895	0.017423558105845793
9.237440229591307	0.02461624391374335	0.001077577643491987	0.017423558105845793
10.02641713092678	0.02546642876013827	0.0010775808483918035	0.017423558105845793
10.815394032262256	0.0263166161418782	0.0010775840177479827	0.017423558105845793
11.60437093359773	0.027166806054572362	0.0010775871588824674	0.017423558105845793
12.393347834933204	0.028016998493829978	0.0010775902791172012	0.017423558105845793
13.182324736268678	0.028867193455260273	0.001077593385774127	0.017423558105845793
13.971301637604151	0.029717390934472468	0.0010775964861751883	0.017423558105845793
14.760278538939627	0.030567590927075786	0.0010775995876423285	0.017423558105845793
15.5492554402751	0.03141779342867945	0.0010776026974974907	0.017423558105845793
16.338232341610574	0.032267998434892683	0.0010776058230626182	0.017423558105845793
17.127209242946048	0.03311820594132471	0.0010776089716596543	0.017423558105845793
17.91618614428152	0.033968415943584754	0.0010776121506105422	0.017423558105845793
18.705163045616995	0.03481862843728205	0.001077615367237225	0.017423558105845793
19.49413994695247	0.035668843418025786	0.0010776186288616464	0.017423558105845793
20.283116848287946	0.03651906138881826	0.0010776218605930143	0.017423558105845793
21.07209374962342	0.03736928194724144	0.0010776251268780955	0.017423558105845793
21.861070650958894	0.03821950504888271	0.0010776284408921177	0.017423558105845793
22.650047552294367	0.03906973073376616	0.001077631802690522	0.017423558105845793
23.43902445362984	0.0399199590419159	0.0010776352123287494	0.017423558105845793
24.228001354965315	0.040770190013356016	0.0010776386698622407	0.017423558105845793
25.01697825630079	0.041620423688110614	0.0010776421753464372	0.017423558105845793
25.805955157636266	0.04247066010620378	0.00107764572883678	0.017423558105845793
26.594932058971736	0.04332089930765962	0.0010776493303887096	0.017423558105845793
27.383908960307213	0.04417114133250223	0.0010776529800576675	0.017423558105845793
28.172885861642683	0.0450213862207557	0.0010776566778990945	0.017423558105845793
28.96186276297816	0.045871634012444144	0.0010776604239684316	0.017423558105845793
29.75083966431363	0.04672188474759165	0.00107766421832112	0.017423558105845793
30.539816565649108	0.047572138466222304	0.0010776680610126005	0.017423558105845793
31.32879346698458	0.04842239520836022	0.0010776719520983141	0.017423558105845793
32.11777036832006	0.049272655014029484	0.0010776758916337021	0.017423558105845793
32.906747269655526	0.0501229179232542	0.0010776798796742052	0.017423558105845793
33.69572417099101	0.05097318397605847	0.0010776839162752645	0.017423558105845793
34.48470107232647	0.051823453212466376	0.001077688001492321	0.017423558105845793
35.273677973661954	0.05267372567250203	0.001077692135380816	0.017423558105845793
36.06265487499742	0.05352400139618952	0.00107769631799619	0.017423558105845793
36.8516317763329	0.054374280423552954	0.0010777005493938846	0.017423558105845793
37.64060867766837	0.05522456279461641	0.0010777048296293401	0.017423558105845793
38.42958557900385	0.05607484854940401	0.0010777091587579981	0.017423558105845793
39.21856248033932	0.056925137727939834	0.0010777135368352994	0.017423558105845793
40.007539381674796	0.05777543037024799	0.001077717963916685	0.017423558105845793
40.79651628301027	0.058625726516352554	0.001077722440057596	0.017423558105845793
41.585493184345744	0.05947602620627765	0.0010777269653134732	0.017423558105845793
42.37447008568122	0.06032632948004736	0.0010777315397397578	0.017423558105845793
43.16344698701669	0.061176636377685785	0.0010777361633918909	0.017423558105845793
43.952423888352165	0.06202694693921702	0.0010777408363253132	0.017423558105845793
44.74140078968764	0.06287726120466518	0.001077745558595466	0.017423558105845793
45.53037769102311	0.06372757921405434	0.0010777503302577904	0.017423558105845793
46.319354592358586	0.0645779010074086	0.001077755151367727	0.017423558105845793
47.10833149369406	0.06542822662475206	0.001077760021980717	0.017423558105845793
47.89730839502953	0.06627855610610882	0.0010777649421522017	0.017423558105845793
48.68628529636501	0.06712888949150299	0.0010777699119376215	0.017423558105845793
49.47526219770049	0.06797922682095864	0.001077774931392418	0.017423558105845793
50.26423909903596	0.06882956813449988	0.001077780000572032	0.017423558105845793
51.05321600037143	0.06967991347215081	0.0010777851195319043	0.017423558105845793
51.8421929017069	0.07053026287393553	0.0010777902883274762	0.017423558105845793
52.63116980304238	0.07138061637987814	0.0010777955070141888	0.017423558105845793
53.420146704377856	0.07223097403000273	0.0010778007756474827	0.017423558105845793
54.20912360571332	0.07308133586433338	0.0010778060942827992	0.017423558105845793
54.998100507048804	0.07393170192289421	0.0010778114629755792	0.017423558105845793
55.78707740838428	0.07478207224570932	0.001077816881781264	0.017423558105845793
56.57605430971975	0.0756324468728028	0.0010778223507552941	0.017423558105845793
57.36503121105522	0.07648282584419874	0.001077827869953111	0.017423558105845793
58.1540081123907	0.07733320919992123	0.0010778334394301553	0.017423558105845793
58.94298501372617	0.07818359697999443	0.0010778390592418683	0.017423558105845793
59.731961915061646	0.07903398922444235	0.001077844729443691	0.017423558105845793
60.52093881639711	0.07988438597328915	0.0010778504500910642	0.017423558105845793
61.30991571773259	0.08073478726655887	0.0010778562212394292	0.017423558105845793
62.09889261906807	0.08158519314427568	0.001077862042944227	0.017423558105845793
62.88786952040354	0.0824356036464636	0.001077867915260898	0.017423558105845793
63.67684642173901	0.08328601881314679	0.0010778738382448841	0.017423558105845793
64.46582332307449	0.08413643868434931	0.0010778798119516258	0.017423558105845793
65.25480022440996	0.08498686330009528	0.001077885836436564	0.017423558105845793
66.04377712574544	0.0858372927004088	0.0010778919117551402	0.017423558105845793
66.83275402708091	0.08668772692531393	0.0010778980379627951	0.017423558105845793
67.62173092841638	0.08753816601483479	0.0010779042151149696	0.017423558105845793
68.41070782975186	0.0883886100089955	0.001077910443267105	0.017423558105845793
69.19968473108733	0.08923905894782014	0.0010779167224746421	0.017423558105845793
69.98866163242282	0.09008951287133278	0.001077923052793022	0.017423558105845793
70.77763853375828	0.09093997181955754	0.0010779294342776857	0.017423558105845793
71.56661543509375	0.09179043583251854	0.0010779358669840743	0.017423558105845793
72.35559233642923	0.09264090495023986	0.0010779423509676286	0.017423558105845793
73.14456923776471	0.09349137921274558	0.0010779488862837896	0.017423558105845793
73.93354613910017	0.09434185866005981	0.0010779554729879988	0.017423558105845793
74.72252304043565	0.09519234333220664	0.0010779621111356966	0.017423558105845793
75.51149994177112	0.0960428332692102	0.0010779688007823245	0.017423558105845793
76.30047684310661	0.09689332851109453	0.001077975541983323	0.017423558105845793
77.08945374444208	0.09774382909788379	0.0010779823347941335	0.017423558105845793
77.87843064577754	0.09859433506960204	0.001077989179270197	0.017423558105845793
78.66740754711302	0.09944484646627337	0.0010779960754669542	0.017423558105845793
79.4563844484485	0.10029536332792191	0.0010780030234398465	0.017423558105845793
80.24536134978398	0.10114588569457172	0.0010780100232443148	0.017423558105845793
81.03433825111944	0.10199641360624692	0.0010780170749357999	0.017423558105845793
81.82331515245491	0.10284694710297163	0.001078024178569743	0.017423558105845793
82.6122920537904	0.10369748622476987	0.0010780313342015852	0.017423558105845793
83.40126895512587	0.10454803101166583	0.0010780385418867671	0.017423558105845793
84.19024585646133	0.10539858150368356	0.0010780458016807304	0.017423558105845793
84.9792227577968	0.10624913774084715	0.0010780531136389154	0.017423558105845793
85.76819965913229	0.10709969976318073	0.0010780604778167636	0.017423558105845793
86.55717656046777	0.10795026761070836	0.0010780678942697158	0.017423558105845793
87.34615346180323	0.10880084132345416	0.0010780753630532129	0.017423558105845793
88.13513036313871	0.10965142094144224	0.0010780828842226963	0.017423558105845793
88.92410726447419	0.11050200650469665	0.0010780904578336066	0.017423558105845793
89.71308416580966	0.11135259805324155	0.001078098083941385	0.017423558105845793
90.50206106714514	0.11220319562710096	0.0010781057626014726	0.017423558105845793
91.29103796848061	0.11305379926629903	0.0010781134938693104	0.017423558105845793
92.08001486981608	0.1139044090108599	0.0010781212778003392	0.017423558105845793
92.86899177115156	0.11475502490080758	0.00107812911445	0.017423558105845793
93.65796867248703	0.11560564913826633	0.0010781369968257371	0.017423558105845793
94.4469455738225	0.11645628118293602	0.001078144926531567	0.017423558105845793
95.23592247515798	0.11730691943653765	0.001078152908829798	0.017423558105845793
96.02489937649345	0.118157563941119	0.0010781609437227999	0.017423558105845793
96.81387627782892	0.11900821473872789	0.0010781690312129417	0.017423558105845793
97.6028531791644	0.1198588718714121	0.0010781771713025926	0.017423558105845793
98.39183008049987	0.12070953538121948	0.0010781853639941223	0.017423558105845793
99.18080698183536	0.12156020531019782	0.0010781936092898999	0.017423558105845793
99.96978388317082	0.12241088170039488	0.0010782019071922946	0.017423558105845793
100.7587607845063	0.1232615645938585	0.0010782102577036761	0.017423558105845793
101.54773768584178	0.12411225403263651	0.0010782186608264135	0.017423558105845793
102.33671458717724	0.12496295005877667	0.001078227116562876	0.017423558105845793
103.12569148851271	0.1258136527143268	0.001078235624915433	0.017423558105845793
103.91466838984819	0.12666436204133474	0.0010782441858864541	0.017423558105845793
104.70364529118366	0.12751507808184823	0.0010782527994783085	0.017423558105845793
105.49262219251915	0.12836580087791513	0.0010782614656933652	0.017423558105845793
106.28159909385461	0.12921653047158319	0.0010782701845339939	0.017423558105845793
107.07057599519008	0.13006726690490025	0.0010782789560025638	0.017423558105845793
107.85955289652557	0.13091801021991417	0.0010782877801014442	0.017423558105845793
108.64852979786103	0.13176876045867264	0.0010782966568330045	0.017423558105845793
109.4375066991965	0.13261951766322352	0.001078305586199614	0.017423558105845793
110.22648360053199	0.13347028187561466	0.0010783145682036418	0.017423558105845793
111.01546050186745	0.13432105313789378	0.0010783236028474577	0.017423558105845793
111.80443740320294	0.13517183149210876	0.0010783326901334306	0.017423558105845793
112.5934143045384	0.13602261698030735	0.00107834183006393	0.017423558105845793
113.38239120587387	0.13687340964453737	0.0010783510226413252	0.017423558105845793
114.17136810720936	0.13772420952684666	0.0010783602678679854	0.017423558105845793
114.96034500854482	0.13857501666928296	0.0010783695657462804	0.017423558105845793
115.74932190988031	0.13942583111389414	0.001078378916278579	0.017423558105845793
116.53829881121578	0.14027665290272798	0.0010783883194672506	0.017423558105845793
117.32727571255124	0.14112748207783224	0.0010783977753146647	0.017423558105845793
118.11625261388673	0.1419783186812548	0.0010784072838231904	0.017423558105845793
118.90522951522219	0.14282916275504343	0.0010784168449951975	0.017423558105845793
119.69420641655766	0.1436800143412459	0.0010784264588330548	0.017423558105845793
120.48318331789315	0.14453087348191007	0.001078436125339132	0.017423558105845793
121.27216021922861	0.14538174021908373	0.0010784458445157981	0.017423558105845793
122.0611371205641	0.14623261459481468	0.0010784556163654228	0.017423558105845793
122.85011402189957	0.14708349665115072	0.001078465440890375	0.017423558105845793
123.63909092323503	0.14793438643013965	0.0010784753180930243	0.017423558105845793
124.42806782457052	0.1487852839738293	0.00107848524797574	0.017423558105845793
125.21704472590599	0.14963618932426745	0.0010784952305408913	0.017423558105845793
126.00602162724145	0.1504871025235019	0.0010785052657908479	0.017423558105845793
126.79499852857694	0.1513380236135805	0.0010785153537279785	0.017423558105845793
127.5839754299124	0.152188952636551	0.001078525494354653	0.017423558105845793
128.3729523312479	0.15303988963446125	0.0010785356876732404	0.017423558105845793
129.16192923258336	0.153890834649359	0.0010785459336861102	0.017423558105845793
129.95090613391883	0.15474178772329208	0.0010785562323956316	0.017423558105845793
130.7398830352543	0.15559274889830835	0.0010785665838041738	0.017423558105845793
131.52885993658978	0.15644371821645553	0.0010785769879141066	0.017423558105845793
132.31783683792526	0.1572946957197815	0.0010785874447277989	0.017423558105845793
133.10681373926073	0.15814568145033397	0.00107859795424762	0.017423558105845793
133.8957906405962	0.15899667545016083	0.0010786085164759397	0.017423558105845793
134.68476754193168	0.15984767776130987	0.0010786191314151269	0.017423558105845793
135.47374444326715	0.16069868842582885	0.0010786297990675508	0.017423558105845793
136.26272134460262	0.1615497074857656	0.0010786405194355812	0.017423558105845793
137.0516982459381	0.16240073498316798	0.0010786512925215872	0.017423558105845793
137.84067514727357	0.1632517709600837	0.001078662118327938	0.017423558105845793
138.62965204860905	0.16410281545856065	0.0010786729968570031	0.017423558105845793
139.41862894994452	0.16495386852064656	0.0010786839281111517	0.017423558105845793
140.20760585128	0.1658049301883893	0.0010786949120927532	0.017423558105845793
140.99658275261547	0.1666560005038366	0.0010787059488041768	0.017423558105845793
141.78555965395094	0.16750707950903634	0.0010787170382477922	0.017423558105845793
142.57453655528641	0.1683581672460363	0.0010787281804259682	0.017423558105845793
143.3635134566219	0.16920926375688428	0.0010787393753410744	0.017423558105845793
144.15249035795736	0.17006036908362807	0.0010787506229954804	0.017423558105845793
144.94146725929284	0.1709114832683155	0.001078761923391555	0.017423558105845793
145.7304441606283	0.17176260635299434	0.001078773276531668	0.017423558105845793
146.51942106196378	0.17261373837971244	0.001078784682418188	0.017423558105845793
147.30839796329926	0.17346487939051758	0.0010787961410534852	0.017423558105845793
148.09737486463473	0.17431602942745755	0.0010788076524399287	0.017423558105845793
148.8863517659702	0.17516718853258023	0.0010788192165798874	0.017423558105845793
149.67532866730568	0.1760183567479333	0.001078830833475731	0.017423558105845793
150.46430556864115	0.17686953411556466	0.0010788425031298286	0.017423558105845793
151.25328246997663	0.1777207206775221	0.0010788542255445498	0.017423558105845793
152.0422593713121	0.1785719164758534	0.0010788660007222636	0.017423558105845793
152.8312362726476	0.17942312155260637	0.0010788778286653397	0.017423558105845793
153.62021317398305	0.18027433594982883	0.001078889709376147	0.017423558105845793
154.40919007531852	0.18112555970956856	0.0010789016428570553	0.017423558105845793
155.19816697665402	0.18197679287387342	0.0010789136291104336	0.017423558105845793
155.98714387798947	0.18282803548479115	0.0010789256681386513	0.017423558105845793
156.77612077932494	0.18367928758436958	0.0010789377599440776	0.017423558105845793
157.56509768066041	0.1845305492146565	0.0010789499045290821	0.017423558105845793
158.3540745819959	0.18538182041769977	0.0010789621018960339	0.017423558105845793
159.1430514833314	0.18623310123554715	0.0010789743520473025	0.017423558105845793
159.93202838466684	0.18708439171024643	0.001078986654985257	0.017423558105845793
160.7210052860023	0.1879356918838454	0.001078999010712267	0.017423558105845793
161.5099821873378	0.18878700179839197	0.0010790114192307015	0.017423558105845793
162.29895908867326	0.18963832149593385	0.0010790238805429302	0.017423558105845793
163.08793599000873	0.19048965101851884	0.0010790363946513223	0.017423558105845793
163.8769128913442	0.1913409904081948	0.0010790489615582469	0.017423558105845793
164.66588979267968	0.1921923397070095	0.0010790615812660736	0.017423558105845793
165.45486669401518	0.1930436989570108	0.0010790742537771713	0.017423558105845793
166.24384359535063	0.1938950682002464	0.00107908697909391	0.017423558105845793
167.0328204966861	0.19474644747876418	0.0010790997572186587	0.017423558105845793
167.8217973980216	0.19559783683461196	0.0010791125881537864	0.017423558105845793
168.61077429935705	0.19644923630983746	0.001079125471901663	0.017423558105845793
169.39975120069255	0.19730064594648858	0.0010791384084646574	0.017423558105845793
170.18872810202802	0.19815206578661304	0.001079151397845139	0.017423558105845793
170.97770500336347	0.19900349587225874	0.0010791644400454773	0.017423558105845793
171.76668190469897	0.1998549362454734	0.0010791775350680415	0.017423558105845793
172.55565880603442	0.20070638694830487	0.001079190682915201	0.017423558105845793
173.3446357073699	0.2015578480228009	0.001079203883589325	0.017423558105845793
174.1336126087054	0.2024093195110094	0.0010792171370927828	0.017423558105845793
174.92258951004084	0.2032608014549781	0.0010792304434279441	0.017423558105845793
175.71156641137634	0.20411229389675478	0.0010792438025971779	0.017423558105845793
176.5005433127118	0.20496379687838734	0.0010792572146028534	0.017423558105845793
177.28952021404726	0.20581531044192347	0.0010792706794473402	0.017423558105845793
178.07849711538276	0.20666683462941104	0.0010792841971330074	0.017423558105845793
178.8674740167182	0.20751836948289787	0.0010792977676622247	0.017423558105845793
179.6564509180537	0.20836991504443175	0.001079311391037361	0.017423558105845793
180.44542781938918	0.20922147135606045	0.0010793250672607858	0.017423558105845793
181.23440472072463	0.21007303845983177	0.0010793387963348685	0.017423558105845793
182.02338162206013	0.21092461639779359	0.0010793525782619785	0.017423558105845793
182.8123585233956	0.21177620521199364	0.0010793664130444847	0.017423558105845793
183.60133542473105	0.21262780494447978	0.001079380300684757	0.017423558105845793
184.39031232606655	0.21347941563729977	0.0010793942411851643	0.017423558105845793
185.17928922740202	0.21433103733250147	0.001079408234548076	0.017423558105845793
185.9682661287375	0.21518267007213265	0.0010794222807758616	0.017423558105845793
186.75724303007297	0.21603431389824107	0.0010794363798708902	0.017423558105845793
187.54621993140842	0.2168859688528746	0.0010794505318355314	0.017423558105845793
188.33519683274392	0.21773763497808105	0.0010794647366721543	0.017423558105845793
189.1241737340794	0.21858931231590817	0.0010794789943831282	0.017423558105845793
189.91315063541484	0.21944100090840377	0.0010794933049708226	0.017423558105845793
190.70212753675034	0.22029270079761573	0.0010795076684376066	0.017423558105845793
191.4911044380858	0.22114441202559176	0.0010795220847858499	0.017423558105845793
192.2800813394213	0.22199613463437973	0.0010795365540179215	0.017423558105845793
193.06905824075676	0.2228478686660274	0.0010795510761361909	0.017423558105845793
193.8580351420922	0.2236996141625826	0.001079565651143027	0.017423558105845793
194.6470120434277	0.2245513711660932	0.0010795802790408	0.017423558105845793
195.43598894476318	0.22540313971860687	0.0010795949598318784	0.017423558105845793
196.22496584609866	0.2262549198621715	0.0010796096935186319	0.017423558105845793
197.01394274743413	0.22710671163883486	0.0010796244801034296	0.017423558105845793
197.8029196487696	0.2279585150906448	0.0010796393195886412	0.017423558105845793
198.59189655010508	0.2288103302596491	0.0010796542119766357	0.017423558105845793
199.38087345144055	0.2296621571878955	0.0010796691572697826	0.017423558105845793
200.16985035277602	0.2305139959174319	0.001079684155470451	0.017423558105845793
200.95882725411147	0.23136584649030606	0.0010796992065810105	0.017423558105845793
201.74780415544697	0.23221770894856586	0.0010797143106038303	0.017423558105845793
202.53678105678244	0.23306958333425898	0.0010797294675412798	0.017423558105845793
203.32575795811792	0.2339214696894333	0.001079744677395728	0.017423558105845793
204.1147348594534	0.2347733680561366	0.0010797599401695447	0.017423558105845793
204.90371176078884	0.23562527847641668	0.001079775255865099	0.017423558105845793
205.69268866212437	0.23647720099232145	0.00107979062448476	0.017423558105845793
206.4816655634598	0.23732913564589853	0.0010798060460308976	0.017423558105845793
207.2706424647953	0.23818108247919584	0.0010798215205058807	0.017423558105845793
208.05961936613076	0.2390330415342612	0.0010798370479120788	0.017423558105845793
208.8485962674662	0.23988501285314234	0.001079852628251861	0.017423558105845793
209.63757316880174	0.24073699647788716	0.0010798682615275968	0.017423558105845793
210.42655007013718	0.24158899245054333	0.0010798839477416554	0.017423558105845793
211.21552697147266	0.24244100081315878	0.0010798996868964063	0.017423558105845793
212.00450387280813	0.2432930216077812	0.0010799154789942187	0.017423558105845793
212.7934807741436	0.24414505487645854	0.001079931324037462	0.017423558105845793
213.58245767547905	0.24499710066123848	0.0010799472220285055	0.017423558105845793
214.37143457681458	0.24584915900416898	0.0010799631729697186	0.017423558105845793
215.16041147815002	0.24670122994729765	0.0010799791768634705	0.017423558105845793
215.9493883794855	0.24755331353267235	0.0010799952337121304	0.017423558105845793
216.73836528082097	0.24840540980234094	0.001080011343518068	0.017423558105845793
217.52734218215642	0.24925751879835123	0.0010800275062836525	0.017423558105845793
218.31631908349195	0.25010964056275103	0.001080043722011253	0.017423558105845793
219.1052959848274	0.25096177513758805	0.001080059990703239	0.017423558105845793
219.89427288616287	0.2518139225649102	0.0010800763123619797	0.017423558105845793
220.68324978749834	0.2526660828867652	0.0010800926869898447	0.017423558105845793
221.4722266888338	0.2535182561452009	0.001080109114589203	0.017423558105845793
222.26120359016932	0.25437044238226514	0.0010801255951624243	0.017423558105845793
223.0501804915048	0.25522264164000563	0.0010801421287118776	0.017423558105845793
223.83915739284024	0.25607485396047025	0.0010801587152399323	0.017423558105845793
224.6281342941757	0.2569270793857068	0.0010801753547489577	0.017423558105845793
225.41711119551118	0.25777931795776304	0.0010801920472413233	0.017423558105845793
226.20608809684668	0.25863156971868684	0.0010802087927193982	0.017423558105845793
226.99506499818216	0.259483834710526	0.0010802255911855519	0.017423558105845793
227.7840418995176	0.2603361129753282	0.0010802424426421538	0.017423558105845793
228.57301880085308	0.2611884045551414	0.001080259347091573	0.017423558105845793
229.36199570218855	0.2620407094920133	0.0010802763045361788	0.017423558105845793
230.15097260352405	0.26289302782799184	0.0010802933149783407	0.017423558105845793
230.93994950485953	0.2637453596051247	0.001080310378420428	0.017423558105845793
231.72892640619497	0.2645977048654597	0.00108032749486481	0.017423558105845793
232.51790330753045	0.2654500636510446	0.0010803446643138559	0.017423558105845793
233.30688020886592	0.26630243600392733	0.0010803618867699352	0.017423558105845793
234.0958571102014	0.26715482196615564	0.0010803791622354174	0.017423558105845793
234.8848340115369	0.26800722157977735	0.0010803964907126712	0.017423558105845793
235.67381091287237	0.2688596348868402	0.0010804138722040667	0.017423558105845793
236.46278781420781	0.26971206192939207	0.0010804313067119726	0.017423558105845793
237.2517647155433	0.2705645027494807	0.0010804487942387587	0.017423558105845793
238.04074161687876	0.27141695738915395	0.0010804663347867938	0.017423558105845793
238.82971851821426	0.2722694258904596	0.0010804839283584478	0.017423558105845793
239.61869541954974	0.27312190829544547	0.0010805015749560895	0.017423558105845793
240.40767232088518	0.2739744046461593	0.0010805192745820887	0.017423558105845793
241.19664922222066	0.274826914984649	0.0010805370272388144	0.017423558105845793
241.98562612355613	0.2756794393529623	0.0010805548329286358	0.017423558105845793
242.77460302489163	0.2765319777931471	0.0010805726916539228	0.017423558105845793
243.5635799262271	0.277384530347251	0.0010805906034170444	0.017423558105845793
244.35255682756258	0.27823709705732197	0.0010806085682203697	0.017423558105845793
245.14153372889803	0.2790896779654078	0.0010806265860662683	0.017423558105845793
245.9305106302335	0.2799422731135563	0.0010806446569571096	0.017423558105845793
246.719487531569	0.28079488254381524	0.0010806627808952625	0.017423558105845793
247.50846443290447	0.28164750629823243	0.0010806809578830967	0.017423558105845793
248.29744133423995	0.2825001444188556	0.0010806991879229815	0.017423558105845793
249.0864182355754	0.28335279694773274	0.0010807174710172863	0.017423558105845793
249.87539513691087	0.28420546392691154	0.00108073580716838	0.017423558105845793
250.66437203824634	0.28505814539843977	0.0010807541963786325	0.017423558105845793
251.45334893958184	0.28591084140436535	0.0010807726386504127	0.017423558105845793
252.24232584091732	0.286763551986736	0.00108079113398609	0.017423558105845793
253.03130274225276	0.28761627718759947	0.001080809682388034	0.017423558105845793
253.82027964358824	0.2884690170490037	0.0010808282838586135	0.017423558105845793
254.6092565449237	0.2893217716129963	0.0010808469384001984	0.017423558105845793
255.3982334462592	0.29017454092162537	0.0010808656460151577	0.017423558105845793
256.18721034759466	0.2910273250169385	0.0010808844067058609	0.017423558105845793
256.97618724893016	0.2918801239409835	0.001080903220474677	0.017423558105845793
257.7651641502656	0.2927329377358082	0.0010809220873239757	0.017423558105845793
258.5541410516011	0.29358576644346046	0.0010809410072561262	0.017423558105845793
259.3431179529366	0.2944386101059881	0.0010809599802734976	0.017423558105845793
260.13209485427205	0.2952914687654388	0.0010809790063784595	0.017423558105845793
260.9210717556075	0.29614434246386045	0.0010809980855733814	0.017423558105845793
261.710048656943	0.29699723124330085	0.0010810172178606322	0.017423558105845793
262.49902555827845	0.2978501351458078	0.0010810364032425813	0.017423558105845793
263.28800245961395	0.29870305421342913	0.0010810556417215982	0.017423558105845793
264.07697936094945	0.2995559884882126	0.0010810749333000523	0.017423558105845793
264.8659562622849	0.300408938012206	0.0010810942779803125	0.017423558105845793
265.65493316362034	0.30126190282745713	0.0010811136757647487	0.017423558105845793
266.44391006495584	0.30211488297601385	0.0010811331266557297	0.017423558105845793
267.23288696629135	0.30296787849992407	0.001081152630655625	0.017423558105845793
268.0218638676268	0.30382088944123536	0.0010811721877668043	0.017423558105845793
268.81084076896224	0.30467391584199566	0.0010811917979916365	0.017423558105845793
269.59981767029774	0.3055269577442527	0.001081211461332491	0.017423558105845793
270.3887945716332	0.30638001519005437	0.001081231177791737	0.017423558105845793
271.1777714729687	0.30723308822144846	0.0010812509473717442	0.017423558105845793
271.9667483743042	0.3080861768804828	0.0010812707700748817	0.017423558105845793
272.75572527563963	0.30893928120920505	0.0010812906459035188	0.017423558105845793
273.5447021769751	0.3097924012496632	0.0010813105748600249	0.017423558105845793
274.3336790783106	0.31064553704390485	0.0010813305569467692	0.017423558105845793
275.122655979646	0.311498688633978	0.0010813505921661213	0.017423558105845793
275.91163288098153	0.31235185606193044	0.00108137068052045	0.017423558105845793
276.70060978231703	0.3132050393698098	0.0010813908220121253	0.017423558105845793
277.4895866836525	0.3140582385996641	0.001081411016643516	0.017423558105845793
278.2785635849879	0.31491145379354096	0.0010814312644169917	0.017423558105845793
279.0675404863234	0.3157646849934883	0.0010814515653349217	0.017423558105845793
279.8565173876589	0.3166179322415539	0.0010814719193996752	0.017423558105845793
280.64549428899437	0.31747119557978554	0.0010814923266136217	0.017423558105845793
281.4344711903299	0.31832447505023104	0.0010815127869791303	0.017423558105845793
282.2234480916653	0.31917777069493825	0.0010815333004985704	0.017423558105845793
283.01242499300076	0.32003108255595486	0.0010815538671743116	0.017423558105845793
283.80140189433627	0.3208844106753288	0.0010815744870087227	0.017423558105845793
284.59037879567177	0.3217377550951078	0.0010815951600041736	0.017423558105845793
285.3793556970072	0.3225911158573397	0.0010816158861630333	0.017423558105845793
286.16833259834266	0.32344449300407224	0.001081636665487671	0.017423558105845793
286.95730949967816	0.32429788657735337	0.0010816574979804563	0.017423558105845793
287.7462864010136	0.3251512966192307	0.0010816783836437587	0.017423558105845793
288.5352633023491	0.3260047231717523	0.0010816993224799468	0.017423558105845793
289.3242402036846	0.3268581662769656	0.0010817203144913908	0.017423558105845793
290.11321710502006	0.3277116259769187	0.0010817413596804595	0.017423558105845793
290.9021940063555	0.3285651023136594	0.0010817624580495221	0.017423558105845793
291.691170907691	0.32941859532923534	0.0010817836096009483	0.017423558105845793
292.4801478090265	0.3302721050656944	0.0010818048143371073	0.017423558105845793
293.26912471036195	0.3311256315650844	0.0010818260722603684	0.017423558105845793
294.05810161169745	0.33197917486945316	0.001081847383373101	0.017423558105845793
294.8470785130329	0.3328327350208485	0.0010818687476776743	0.017423558105845793
295.63605541436834	0.3336863120613181	0.0010818901651764579	0.017423558105845793
296.42503231570385	0.33453990603291	0.0010819116358718205	0.017423558105845793
297.21400921703935	0.3353935169776718	0.0010819331597661322	0.017423558105845793
298.0029861183748	0.3362471449376513	0.001081954736861762	0.017423558105845793
298.79196301971024	0.33710078995489634	0.001081976367161079	0.017423558105845793
299.58093992104574	0.33795445207145486	0.0010819980506664526	0.017423558105845793
300.36991682238124	0.3388081313293745	0.0010820197873802524	0.017423558105845793
301.1588937237167	0.33966182777070314	0.0010820415773048478	0.017423558105845793
301.9478706250522	0.3405155414374885	0.0010820634204426077	0.017423558105845793
302.73684752638763	0.34136927237177855	0.0010820853167959016	0.017423558105845793
303.5258244277231	0.34222302061562093	0.0010821072663670986	0.017423558105845793
304.31480132905864	0.34307678621106363	0.0010821292691585687	0.017423558105845793
305.1037782303941	0.3439305692001542	0.0010821513251726806	0.017423558105845793
305.89275513172953	0.34478436962494063	0.001082173434411804	0.017423558105845793
306.68173203306503	0.34563818752747066	0.0010821955968783078	0.017423558105845793
307.4707089344005	0.34649202294979214	0.0010822178125745618	0.017423558105845793
308.2596858357359	0.3473458759339528	0.001082240081502935	0.017423558105845793
309.0486627370714	0.34819974652200053	0.0010822624036657968	0.017423558105845793
309.8376396384069	0.34905363475598306	0.0010822847790655165	0.017423558105845793
310.6266165397424	0.34990754067794827	0.0010823072077044637	0.017423558105845793
311.4155934410779	0.3507614643299439	0.0010823296895850073	0.017423558105845793
312.2045703424133	0.3516154057540178	0.001082352224709517	0.017423558105845793
312.9935472437488	0.3524693649922178	0.0010823748130803618	0.017423558105845793
313.78252414508427	0.35332334208659166	0.0010823974546999113	0.017423558105845793
314.57150104641977	0.3541773370791871	0.0010824201495705347	0.017423558105845793
315.3604779477552	0.35503135001205205	0.0010824428976946015	0.017423558105845793
316.14945484909066	0.35588538092723426	0.0010824656990744805	0.017423558105845793
316.9384317504262	0.3567394298667816	0.0010824885537125417	0.017423558105845793
317.72740865176166	0.3575934968727418	0.001082511461611154	0.017423558105845793
318.5163855530971	0.3584475819871626	0.0010825344227726869	0.017423558105845793
319.3053624544326	0.359301685252092	0.0010825574371995095	0.017423558105845793
320.09433935576806	0.3601558067095776	0.0010825805048939915	0.017423558105845793
320.88331625710356	0.36100994640166745	0.0010826036258585019	0.017423558105845793
321.672293158439	0.3618641043704091	0.0010826268000954102	0.017423558105845793
322.4612700597745	0.3627182806578505	0.0010826500276070856	0.017423558105845793
323.25024696110995	0.36357247530603937	0.0010826733083958975	0.017423558105845793
324.03922386244545	0.36442668835702363	0.0010826966424642153	0.017423558105845793
324.8282007637809	0.36528091985285094	0.0010827200298144082	0.017423558105845793
325.6171776651164	0.36613516983556926	0.0010827434704488456	0.017423558105845793
326.40615456645185	0.36698943834722625	0.0010827669643698969	0.017423558105845793
327.19513146778735	0.36784372542986987	0.0010827905115799311	0.017423558105845793
327.9841083691228	0.3686980311255477	0.0010828141120813178	0.017423558105845793
328.77308527045824	0.36955235547630777	0.0010828377658764264	0.017423558105845793
329.5620621717938	0.37040669852419783	0.001082861472967626	0.017423558105845793
330.35103907312924	0.3712610603112657	0.0010828852333572862	0.017423558105845793
331.1400159744647	0.37211544087955895	0.0010829090470477762	0.017423558105845793
331.9289928758002	0.37296984027112573	0.0010829329140414651	0.017423558105845793
332.71796977713564	0.37382425852801354	0.0010829568343407223	0.017423558105845793
333.50694667847114	0.37467869569227047	0.0010829808079479174	0.017423558105845793
334.29592357980664	0.37553315180594404	0.0010830048348654197	0.017423558105845793
335.0849004811421	0.37638762691108235	0.0010830289150955982	0.017423558105845793
335.87387738247753	0.3772421210497329	0.0010830530486408223	0.017423558105845793
336.66285428381303	0.3780966342639438	0.0010830772355034618	0.017423558105845793
337.45183118514854	0.37895116659576267	0.0010831014756858854	0.017423558105845793
338.240808086484	0.3798057180872374	0.0010831257691904627	0.017423558105845793
339.0297849878194	0.3806602887804156	0.001083150116019563	0.017423558105845793
339.8187618891549	0.3815148787173453	0.0010831745161755558	0.017423558105845793
340.6077387904904	0.38236948794007414	0.00108319896966081	0.017423558105845793
341.3967156918259	0.38322411649065014	0.0010832234764776955	0.017423558105845793
342.1856925931614	0.3840787644111208	0.0010832480366285812	0.017423558105845793
342.9746694944968	0.3849334317435343	0.0010832726501158365	0.017423558105845793
343.76364639583227	0.3857881185299381	0.0010832973169418308	0.017423558105845793
344.55262329716777	0.38664282481238027	0.0010833220371089334	0.017423558105845793
345.3416001985032	0.38749755063290836	0.0010833468106195136	0.017423558105845793
346.1305770998387	0.3883522960335704	0.0010833716374759408	0.017423558105845793
346.9195540011742	0.3892070610564141	0.0010833965176805843	0.017423558105845793
347.70853090250966	0.3900618457434872	0.0010834214512358132	0.017423558105845793
348.4975078038451	0.39091665013683763	0.0010834464381439973	0.017423558105845793
349.2864847051806	0.3917714742785131	0.0010834714784075056	0.017423558105845793
350.0754616065161	0.3926263182105615	0.0010834965720287074	0.017423558105845793
350.86443850785156	0.39348118197503046	0.001083521719009972	0.017423558105845793
351.653415409187	0.39433606561396806	0.001083546919353669	0.017423558105845793
352.4423923105225	0.3951909691694219	0.0010835721730621676	0.017423558105845793
353.23136921185795	0.3960458926834398	0.001083597480137837	0.017423558105845793
354.02034611319345	0.39690083619806976	0.0010836228405830465	0.017423558105845793
354.80932301452896	0.3977557997553593	0.0010836482544001656	0.017423558105845793
355.5982999158644	0.3986107833973564	0.0010836737215915637	0.017423558105845793
356.38727681719985	0.39946578716610875	0.0010836992421596099	0.017423558105845793
357.17625371853535	0.40032081110366424	0.0010837248161066734	0.017423558105845793
357.96523061987085	0.40117585525207067	0.001083750443435124	0.017423558105845793
358.7542075212063	0.4020309196533759	0.0010837761241473307	0.017423558105845793
359.5431844225418	0.40288600434962757	0.001083801858245663	0.017423558105845793
360.33216132387724	0.40374110938287366	0.00108382764573249	0.017423558105845793
361.1211382252127	0.4045962347951618	0.001083853486610181	0.017423558105845793
361.9101151265482	0.40545138062853997	0.0010838793808811058	0.017423558105845793
362.6990920278837	0.406306546925056	0.0010839053285476331	0.017423558105845793
363.48806892921914	0.4071617337267575	0.0010839313296121327	0.017423558105845793
364.27704583055464	0.40801694107569236	0.0010839573840769735	0.017423558105845793
365.0660227318901	0.4088721690139084	0.0010839834919445254	0.017423558105845793
365.85499963322553	0.4097274175834534	0.0010840096532171572	0.017423558105845793
366.64397653456103	0.41058268682637517	0.0010840358678972386	0.017423558105845793
367.43295343589654	0.4114379767847215	0.0010840621359871384	0.017423558105845793
368.221930337232	0.4122932875005403	0.0010840884574892266	0.017423558105845793
369.0109072385674	0.41314861901587924	0.001084114832405872	0.017423558105845793
369.79988413990293	0.4140039713727862	0.0010841412607394444	0.017423558105845793
370.58886104123843	0.41485934461330903	0.0010841677424923127	0.017423558105845793
371.3778379425739	0.41571473877949544	0.0010841942776668462	0.017423558105845793
372.1668148439094	0.4165701539133932	0.0010842208662654145	0.017423558105845793
372.9557917452448	0.41742559005705027	0.001084247508290387	0.017423558105845793
373.74476864658027	0.41828104725251425	0.0010842742037441328	0.017423558105845793
374.53374554791577	0.4191365255418332	0.0010843009526290213	0.017423558105845793
375.3227224492513	0.4199920249670546	0.0010843277549474216	0.017423558105845793
376.1116993505867	0.42084754557022663	0.0010843546107017034	0.017423558105845793
376.9006762519222	0.42170308739339674	0.0010843815198942359	0.017423558105845793
377.68965315325767	0.4225586504786131	0.0010844084825273883	0.017423558105845793
378.4786300545931	0.42341423486792307	0.00108443549860353	0.017423558105845793
379.2676069559286	0.424269840603375	0.0010844625681250303	0.017423558105845793
380.0565838572641	0.4251254677270162	0.0010844896910942588	0.017423558105845793
380.84556075859956	0.42598111628089474	0.0010845168675135844	0.017423558105845793
381.634537659935	0.4268367863070583	0.0010845440973853767	0.017423558105845793
382.4235145612705	0.4276924778475547	0.0010845713807120048	0.017423558105845793
383.212491462606	0.4285481909444318	0.0010845987174958383	0.017423558105845793
384.00146836394146	0.4294039256397375	0.0010846261077392463	0.017423558105845793
384.79044526527696	0.43025968197551934	0.0010846535514445982	0.017423558105845793
385.5794221666124	0.43111545999382545	0.0010846810486142635	0.017423558105845793
386.36839906794785	0.43197125973670325	0.0010847085992506111	0.017423558105845793
387.1573759692834	0.432827081246201	0.0010847362033560108	0.017423558105845793
387.94635287061885	0.43368292456436613	0.0010847638609328318	0.017423558105845793
388.7353297719543	0.43453878973324656	0.0010847915719834433	0.017423558105845793
389.5243066732898	0.4353946767948902	0.0010848193365102145	0.017423558105845793
390.31328357462525	0.4362505857913446	0.001084847154515515	0.017423558105845793
391.10226047596075	0.4371065167646579	0.0010848750260017141	0.017423558105845793
391.8912373772962	0.43796246975687764	0.0010849029509711811	0.017423558105845793
392.6802142786317	0.4388184448100517	0.0010849309294262853	0.017423558105845793
393.46919117996714	0.439674441966228	0.0010849589613693958	0.017423558105845793
394.25816808130264	0.44053046126745427	0.0010849870468028822	0.017423558105845793
395.04714498263814	0.4413865027557783	0.0010850151857291139	0.017423558105845793
395.8361218839736	0.4422425664732478	0.00108504337815046	0.017423558105845793
396.62509878530904	0.4430986524619107	0.0010850716240692897	0.017423558105845793
397.41407568664454	0.4439547607638148	0.0010850999234879727	0.017423558105845793
398.20305258798	0.4448108914210078	0.0010851282764088783	0.017423558105845793
398.9920294893154	0.44566704447553757	0.0010851566828343755	0.017423558105845793
399.78100639065093	0.446523219969452	0.0010851851427668337	0.017423558105845793
400.5699832919864	0.4473794179447988	0.0010852136562086226	0.017423558105845793
401.35896019332193	0.4482356384436259	0.0010852422231621111	0.017423558105845793
402.1479370946574	0.4490918815079809	0.0010852708436296689	0.017423558105845793
402.9369139959929	0.4499481471799117	0.001085299517613665	0.017423558105845793
403.7258908973283	0.4508044355014661	0.0010853282451164688	0.017423558105845793
404.5148677986638	0.4516607465146919	0.0010853570261404497	0.017423558105845793
405.3038446999993	0.4525170802616369	0.001085385860687977	0.017423558105845793
406.0928216013347	0.45337343678434894	0.0010854147487614199	0.017423558105845793
406.8817985026702	0.45422981612487584	0.001085443690363148	0.017423558105845793
407.67077540400567	0.45508621832526536	0.0010854726854955304	0.017423558105845793
408.4597523053411	0.4559426434275653	0.0010855017341609365	0.017423558105845793
409.2487292066766	0.45679909147382347	0.0010855308363617356	0.017423558105845793
410.0377061080122	0.4576555625060878	0.0010855599921002971	0.017423558105845793
410.8266830093476	0.4585120565664059	0.0010855892013789902	0.017423558105845793
411.61565991068306	0.45936857369682565	0.0010856184642001844	0.017423558105845793
412.40463681201857	0.4602251139393949	0.001085647780566249	0.017423558105845793
413.193613713354	0.46108167733616134	0.001085677150479553	0.017423558105845793
413.98259061468946	0.4619382639291729	0.0010857065739424661	0.017423558105845793
414.77156751602496	0.4627948737604773	0.0010857360509573576	0.017423558105845793
415.5605444173604	0.4636515068721225	0.0010857655815265967	0.017423558105845793
416.34952131869585	0.464508163306156	0.0010857951656525525	0.017423558105845793
417.13849822003135	0.46536484310462595	0.0010858248033375948	0.017423558105845793
417.9274751213669	0.46622154630957996	0.0010858544945840927	0.017423558105845793
418.71645202270236	0.4670782729630659	0.0010858842393944156	0.017423558105845793
419.5054289240378	0.4679350231071314	0.0010859140377709328	0.017423558105845793
420.2944058253733	0.46879179678382465	0.0010859438897160133	0.017423558105845793
421.08338272670875	0.469648594035193	0.001085973795232027	0.017423558105845793
421.8723596280442	0.47050541490328457	0.0010860037543213427	0.017423558105845793
422.6613365293797	0.471362259430147	0.0010860337669863303	0.017423558105845793
423.45031343071514	0.47221912765782825	0.0010860638332293585	0.017423558105845793
424.2392903320506	0.47307601962837587	0.0010860939530527968	0.017423558105845793
425.0282672333861	0.47393293538383796	0.001086124126459015	0.017423558105845793
425.81724413472153	0.4747898749662621	0.0010861543534503818	0.017423558105845793
426.6062210360571	0.4756468384176964	0.001086184634029267	0.017423558105845793
427.39519793739254	0.4765038257801883	0.0010862149681980396	0.017423558105845793
428.18417483872804	0.47736083709578575	0.001086245355959069	0.017423558105845793
428.9731517400635	0.4782178724065366	0.0010862757973147247	0.017423558105845793
429.762128641399	0.47907493175448856	0.0010863062922673759	0.017423558105845793
430.55110554273443	0.47993201518168954	0.0010863368408193918	0.017423558105845793
431.3400824440699	0.4807891227301873	0.0010863674429731419	0.017423558105845793
432.1290593454054	0.4816462544420297	0.0010863980987309955	0.017423558105845793
432.9180362467408	0.48250341035926436	0.0010864288080953217	0.017423558105845793
433.70701314807627	0.4833605905239393	0.0010864595710684904	0.017423558105845793
434.49599004941183	0.4842177949781023	0.0010864903876528702	0.017423558105845793
435.28496695074733	0.485075023763801	0.001086521257850831	0.017423558105845793
436.0739438520828	0.48593227692308333	0.0010865521816647418	0.017423558105845793
436.8629207534182	0.486789554497997	0.001086583159096972	0.017423558105845793
437.6518976547537	0.48764685653059	0.0010866141901498911	0.017423558105845793
438.44087455608917	0.48850418306290994	0.0010866452748258682	0.017423558105845793
439.2298514574246	0.48936153413700473	0.0010866764131272728	0.017423558105845793
440.0188283587601	0.4902189097949221	0.001086707605056474	0.017423558105845793
440.80780526009556	0.49107631007871	0.0010867388506158413	0.017423558105845793
441.596782161431	0.4919337350304161	0.001086770149807744	0.017423558105845793
442.3857590627665	0.4927911846920882	0.0010868015026345513	0.017423558105845793
443.17473596410207	0.4936486591057743	0.0010868329090986328	0.017423558105845793
443.9637128654375	0.494506158313522	0.0010868643692023576	0.017423558105845793
444.75268976677296	0.49536368235737904	0.0010868958829480951	0.017423558105845793
445.54166666810846	0.49622123127939344	0.0010869274503382145	0.017423558105845793
446.3306435694439	0.4970788051216129	0.0010869590713750855	0.017423558105845793
447.1196204707794	0.4979364039260852	0.001086990746061077	0.017423558105845793
447.90859737211485	0.49879402773485815	0.0010870224743985584	0.017423558105845793
448.6975742734503	0.49965167658997967	0.0010870542563898992	0.017423558105845793
449.4865511747858	0.5005093505334973	0.0010870860920374687	0.017423558105845793
450.27552807612125	0.5013670496074593	0.0010871179813436362	0.017423558105845793
451.0645049774568	0.5022247738539131	0.0010871499243107709	0.017423558105845793
451.85348187879225	0.5030825233149065	0.0010871819209412423	0.017423558105845793
452.64245878012775	0.5039402980324875	0.0010872139712374196	0.017423558105845793
453.4314356814632	0.5047980980487038	0.0010872460752016722	0.017423558105845793
454.22041258279864	0.5056559234056032	0.0010872782328363694	0.017423558105845793
455.00938948413415	0.5065137741452336	0.0010873104441438805	0.017423558105845793
455.7983663854696	0.5073716503096426	0.0010873427091265748	0.017423558105845793
456.58734328680504	0.5082295519408782	0.0010873750277868217	0.017423558105845793
457.37632018814054	0.5090874790809881	0.0010874074001269907	0.017423558105845793
458.165297089476	0.5099454317720201	0.0010874398261494507	0.017423558105845793
458.95427399081154	0.5108034100560221	0.0010874723058565713	0.017423558105845793
459.743250892147	0.511661413975042	0.0010875048392507219	0.017423558105845793
460.5322277934825	0.5125194435711272	0.0010875374263342715	0.017423558105845793
461.32120469481794	0.5133774988863259	0.0010875700671095897	0.017423558105845793
462.1101815961534	0.5142355799626858	0.001087602761579046	0.017423558105845793
462.8991584974889	0.5150936868422545	0.0010876355097450092	0.017423558105845793
463.68813539882433	0.5159518195670801	0.001087668311609849	0.017423558105845793
464.4771123001598	0.5168099781792103	0.0010877011671759345	0.017423558105845793
465.2660892014953	0.5176681627206928	0.0010877340764456353	0.017423558105845793
466.0550661028307	0.5185263732335756	0.0010877670394213207	0.017423558105845793
466.8440430041662	0.5193846097599063	0.0010878000561053598	0.017423558105845793
467.6330199055017	0.5202428723417329	0.001087833126500122	0.017423558105845793
468.4219968068372	0.5211011610211032	0.0010878662506079767	0.017423558105845793
469.2109737081727	0.5219594758400645	0.0010878994284312933	0.017423558105845793
469.9999506095082	0.5228178168406653	0.0010879326599724409	0.017423558105845793
470.7889275108436	0.5236761840649531	0.001087965945233789	0.017423558105845793
471.57790441217907	0.5245345775549758	0.0010879992842177067	0.017423558105845793
472.36688131351457	0.5253929973527809	0.0010880326769265637	0.017423558105845793
473.15585821485	0.5262514435004166	0.001088066123362729	0.017423558105845793
473.94483511618546	0.5271099160399305	0.0010880996235285722	0.017423558105845793
474.73381201752096	0.5279684150133704	0.0010881331774264624	0.017423558105845793
475.5227889188565	0.5288269404627842	0.001088166785058769	0.017423558105845793
476.31176582019197	0.5296854924302197	0.0010882004464278614	0.017423558105845793
477.1007427215274	0.5305440709577246	0.0010882341615361087	0.017423558105845793
477.8897196228629	0.5314026760873468	0.0010882679303858803	0.017423558105845793
478.67869652419836	0.532261307861134	0.0010883017529795458	0.017423558105845793
479.4676734255338	0.5331199663211341	0.0010883356293194743	0.017423558105845793
480.2566503268693	0.5339786515093948	0.0010883695594080351	0.017423558105845793
481.04562722820475	0.5348373634679642	0.0010884035432475977	0.017423558105845793
481.8346041295402	0.5356961022388896	0.001088437580840531	0.017423558105845793
482.6235810308757	0.5365548678642192	0.001088471672189205	0.017423558105845793
483.41255793221114	0.5374136603860008	0.0010885058172959885	0.017423558105845793
484.2015348335467	0.5382724798462821	0.001088540016163251	0.017423558105845793
484.99051173488215	0.5391313273749886	0.0010885742706666895	0.017423558105845793
485.77948863621765	0.5399902038173832	0.0010886085822010413	0.017423558105845793
486.5684655375531	0.5408491072827117	0.0010886429474445507	0.017423558105845793
487.35744243888854	0.5417080378140725	0.0010886773664011942	0.017423558105845793
488.14641934022404	0.5425669954545638	0.0010887118390749482	0.017423558105845793
488.9353962415595	0.543425980247284	0.0010887463654697892	0.017423558105845793
489.724373142895	0.5442849922353312	0.0010887809455896937	0.017423558105845793
490.51335004423044	0.545144031461804	0.001088815579438638	0.017423558105845793
491.3023269455659	0.5460030979698004	0.0010888502670205987	0.017423558105845793
492.09130384690144	0.546862191802419	0.0010888850083395519	0.017423558105845793
492.88028074823694	0.5477213130027578	0.0010889198033994744	0.017423558105845793
493.6692576495724	0.5485804616139153	0.0010889546522043427	0.017423558105845793
494.45823455090783	0.5494396376789896	0.0010889895547581327	0.017423558105845793
495.24721145224333	0.5502988412410791	0.0010890245110648214	0.017423558105845793
496.0361883535788	0.5511580723432822	0.0010890595211283849	0.017423558105845793
496.8251652549142	0.552017331028697	0.0010890945849527998	0.017423558105845793
497.6141421562497	0.5528766173404219	0.0010891297025420424	0.017423558105845793
498.4031190575852	0.5537359313215553	0.0010891648739000896	0.017423558105845793
499.1920959589206	0.5545952730151954	0.0010892000990309172	0.017423558105845793
499.9810728602561	0.5554546424644404	0.001089235377938502	0.017423558105845793
500.7700497615917	0.5563140397123888	0.0010892707106268202	0.017423558105845793
501.5590266629271	0.5571734648021387	0.0010893060970998485	0.017423558105845793
502.34800356426257	0.5580329177767885	0.0010893415373615632	0.017423558105845793
503.13698046559807	0.5588923986794365	0.0010893770314159407	0.017423558105845793
503.9259573669335	0.5597519075531809	0.0010894125792669576	0.017423558105845793
504.71493426826896	0.5606114444411201	0.0010894481809185902	0.017423558105845793
505.50391116960446	0.5614710093863524	0.0010894838363748151	0.017423558105845793
506.2928880709399	0.5623306024319761	0.0010895195456396085	0.017423558105845793
507.08186497227535	0.5631902236210893	0.001089555308716947	0.017423558105845793
507.87084187361086	0.5640498729967905	0.0010895911256108071	0.017423558105845793
508.6598187749464	0.5649095506021782	0.001089626996325165	0.017423558105845793
509.44879567628186	0.5657692564803501	0.0010896629208639974	0.017423558105845793
510.2377725776173	0.5666289906744051	0.0010896988992312804	0.017423558105845793
511.0267494789528	0.5674887532274411	0.001089734931430991	0.017423558105845793
511.81572638028825	0.5683485441825565	0.0010897710174671048	0.017423558105845793
512.6047032816238	0.5692083635828498	0.0010898071573435992	0.017423558105845793
513.3936801829592	0.570068211471419	0.00108984335106445	0.017423558105845793
514.1826570842946	0.5709280878913625	0.0010898795986336337	0.017423558105845793
514.9716339856301	0.5717879928857788	0.001089915900055127	0.017423558105845793
515.7606108869655	0.5726479264977659	0.001089952255332906	0.017423558105845793
516.5495877883011	0.5735078887704221	0.0010899886644709475	0.017423558105845793
517.3385646896367	0.574367879746846	0.0010900251274732276	0.017423558105845793
518.1275415909721	0.5752278994701356	0.0010900616443437232	0.017423558105845793
518.9165184923075	0.5760879479833895	0.0010900982150864101	0.017423558105845793
519.705495393643	0.5769480253297056	0.0010901348397052652	0.017423558105845793
520.4944722949784	0.5778081315521824	0.001090171518204265	0.017423558105845793
521.283449196314	0.5786682666939182	0.0010902082505873855	0.017423558105845793
522.0724260976494	0.5795284307980113	0.0010902450368586035	0.017423558105845793
522.8614029989849	0.5803886239075601	0.0010902818770218952	0.017423558105845793
523.6503799003203	0.5812488460656626	0.0010903187710812373	0.017423558105845793
524.4393568016558	0.5821090973154174	0.001090355719040606	0.017423558105845793
525.2283337029913	0.5829693776999227	0.0010903927209039781	0.017423558105845793
526.0173106043268	0.5838296872622768	0.0010904297766753295	0.017423558105845793
526.8062875056623	0.5846900260455778	0.001090466886358637	0.017423558105845793
527.5952644069978	0.5855503940929243	0.0010905040499578772	0.017423558105845793
528.3842413083332	0.5864107914474145	0.001090541267477026	0.017423558105845793
529.1732182096687	0.5872712181521466	0.0010905785389200603	0.017423558105845793
529.9621951110041	0.588131674250219	0.0010906158642909562	0.017423558105845793
530.7511720123396	0.5889921597847299	0.0010906532435936904	0.017423558105845793
531.5401489136751	0.5898526747987776	0.0010906906768322394	0.017423558105845793
532.3291258150106	0.5907132193354604	0.0010907281640105794	0.017423558105845793
533.1181027163461	0.5915737934378769	0.0010907657051326869	0.017423558105845793
533.9070796176816	0.5924343971491249	0.0010908033002025384	0.017423558105845793
534.696056519017	0.593295030512303	0.0010908409492241102	0.017423558105845793
535.4850334203525	0.5941556935705095	0.001090878652201379	0.017423558105845793
536.2740103216879	0.5950163863668425	0.001090916409138321	0.017423558105845793
537.0629872230235	0.5958771089444005	0.0010909542200389128	0.017423558105845793
537.8519641243589	0.5967378613462817	0.0010909920849071306	0.017423558105845793
538.6409410256944	0.5975986436155845	0.001091030003746951	0.017423558105845793
539.4299179270298	0.5984594557954069	0.0010910679765623508	0.017423558105845793
540.2188948283653	0.5993202979288477	0.0010911060033573056	0.017423558105845793
541.0078717297008	0.6001811700590046	0.0010911440841357926	0.017423558105845793
541.7968486310363	0.6010420722289765	0.001091182218901788	0.017423558105845793
542.5858255323718	0.6019030044818613	0.001091220407659268	0.017423558105845793
543.3748024337073	0.6027639668607573	0.0010912586504122092	0.017423558105845793
544.1637793350427	0.6036249594087629	0.0010912969471645884	0.017423558105845793
544.9527562363781	0.6044859821689765	0.0010913352979203814	0.017423558105845793
545.7417331377136	0.6053470351844962	0.001091373702683565	0.017423558105845793
546.5307100390492	0.6062081184984204	0.0010914121614581157	0.017423558105845793
547.3196869403846	0.6070692321538473	0.0010914506742480097	0.017423558105845793
548.10866384172	0.6079303761938755	0.0010914892410572236	0.017423558105845793
548.8976407430555	0.6087915506616028	0.0010915278618897338	0.017423558105845793
549.686617644391	0.6096527556001281	0.0010915665367495168	0.017423558105845793
550.4755945457265	0.6105139910525491	0.0010916052656405489	0.017423558105845793
551.2645714470619	0.6113752570619644	0.0010916440485668067	0.017423558105845793
552.0535483483975	0.6122365536714722	0.0010916828855322665	0.017423558105845793
552.842525249733	0.6130978809241711	0.0010917217765409049	0.017423558105845793
553.6315021510684	0.6139592388631588	0.001091760721596698	0.017423558105845793
554.4204790524038	0.6148206275315342	0.0010917997207036225	0.017423558105845793
555.2094559537393	0.6156820469723953	0.001091838773865655	0.017423558105845793
555.9984328550747	0.6165434972288404	0.0010918778810867717	0.017423558105845793
556.7874097564103	0.6174049783439678	0.001091917042370949	0.017423558105845793
557.5763866577457	0.6182664903608759	0.0010919562577221635	0.017423558105845793
558.3653635590813	0.619128033322663	0.0010919955271443914	0.017423558105845793
559.1543404604167	0.6199896072724272	0.0010920348506416094	0.017423558105845793
559.9433173617522	0.620851212253267	0.001092074228217794	0.017423558105845793
560.7322942630876	0.6217128483082806	0.0010921136598769214	0.017423558105845793
561.5212711644231	0.6225745154805662	0.001092153145622968	0.017423558105845793
562.3102480657586	0.6234362138132223	0.0010921926854599105	0.017423558105845793
563.0992249670941	0.6242979433493471	0.001092232279391725	0.017423558105845793
563.8882018684295	0.6251597041320389	0.0010922719274223881	0.017423558105845793
564.677178769765	0.6260214962043961	0.0010923116295558765	0.017423558105845793
565.4661556711004	0.6268833196095167	0.0010923513857961664	0.017423558105845793
566.255132572436	0.6277451743904994	0.0010923911961472342	0.017423558105845793
567.0441094737715	0.6286070605904422	0.0010924310606130563	0.017423558105845793
567.833086375107	0.6294689782524435	0.0010924709791976092	0.017423558105845793
568.6220632764424	0.6303309274196015	0.0010925109519048695	0.017423558105845793
569.4110401777779	0.6311929081350147	0.0010925509787388134	0.017423558105845793
570.2000170791133	0.6320549204417811	0.0010925910597034175	0.017423558105845793
570.9889939804488	0.6329169643829994	0.001092631194802658	0.017423558105845793
571.7779708817843	0.6337790400017675	0.0010926713840405118	0.017423558105845793
572.5669477831198	0.6346411473411839	0.001092711627420955	0.017423558105845793
573.3559246844552	0.635503286444347	0.001092751924947964	0.017423558105845793
574.1449015857906	0.6363654573543548	0.0010927922766255154	0.017423558105845793
574.9338784871262	0.6372276601143059	0.0010928326824575854	0.017423558105845793
575.7228553884617	0.6380898947672983	0.0010928731424481508	0.017423558105845793
576.5118322897971	0.6389521613564305	0.0010929136566011877	0.017423558105845793
577.3008091911327	0.6398144599248007	0.001092954224920673	0.017423558105845793
578.0897860924681	0.6406767905155073	0.0010929948474105826	0.017423558105845793
578.8787629938035	0.6415391531716486	0.001093035524074893	0.017423558105845793
579.667739895139	0.6424015479363226	0.001093076254917581	0.017423558105845793
580.4567167964744	0.643263974852628	0.0010931170399426228	0.017423558105845793
581.2456936978099	0.644126433963663	0.0010931578791539948	0.017423558105845793
582.0346705991454	0.6449889253125256	0.0010931987725556736	0.017423558105845793
582.823647500481	0.6458514489423146	0.0010932397201516356	0.017423558105845793
583.6126244018164	0.6467140048961278	0.0010932807219458571	0.017423558105845793
584.4016013031519	0.6475765932170638	0.0010933217779423147	0.017423558105845793
585.1905782044873	0.6484392139482208	0.001093362888144985	0.017423558105845793
585.9795551058228	0.6493018671326971	0.0010934040525578438	0.017423558105845793
586.7685320071583	0.650164552813591	0.0010934452711848681	0.017423558105845793
587.5575089084938	0.6510272710340008	0.0010934865440300342	0.017423558105845793
588.3464858098292	0.6518900218370248	0.0010935278710973186	0.017423558105845793
589.1354627111647	0.6527528052657613	0.0010935692523906975	0.017423558105845793
589.9244396125001	0.6536156213633085	0.0010936106879141476	0.017423558105845793
590.7134165138356	0.6544784701727648	0.0010936521776716453	0.017423558105845793
591.5023934151711	0.6553413517372287	0.0010936937216671667	0.017423558105845793
592.2913703165067	0.6562042660997981	0.0010937353199046889	0.017423558105845793
593.0803472178421	0.6570672133035715	0.0010937769723881876	0.017423558105845793
593.8693241191776	0.6579301933916472	0.0010938186791216399	0.017423558105845793
594.658301020513	0.6587932064071234	0.0010938604401090218	0.017423558105845793
595.4472779218485	0.6596562523930984	0.0010939022553543099	0.017423558105845793
596.2362548231839	0.6605193313926707	0.0010939441248614807	0.017423558105845793
597.0252317245195	0.6613824434489384	0.0010939860486345104	0.017423558105845793
597.8142086258549	0.6622455886049998	0.0010940280266773755	0.017423558105845793
598.6031855271904	0.6631087669039533	0.0010940700589940526	0.017423558105845793
599.3921624285259	0.6639719783888973	0.0010941121455885182	0.017423558105845793
600.1811393298614	0.6648352231029298	0.0010941542864647486	0.017423558105845793
600.9701162311968	0.6656985010891492	0.00109419648162672	0.017423558105845793
601.7590931325323	0.6665618123906538	0.0010942387310784094	0.017423558105845793
602.5480700338678	0.6674251570505421	0.0010942810348237926	0.017423558105845793
603.3370469352033	0.668288535111912	0.0010943233928668466	0.017423558105845793
604.1260238365387	0.6691519466178621	0.0010943658052115475	0.017423558105845793
604.9150007378742	0.6700153916114907	0.0010944082718618718	0.017423558105845793
605.7039776392096	0.6708788701358961	0.001094450792821796	0.017423558105845793
606.4929545405452	0.6717423822341763	0.0010944933680952964	0.017423558105845793
607.2819314418806	0.67260592794943	0.0010945359976863498	0.017423558105845793
608.0709083432162	0.6734695073247552	0.0010945786815989322	0.017423558105845793
608.8598852445516	0.6743331204032503	0.0010946214198370202	0.017423558105845793
609.648862145887	0.6751967672280137	0.0010946642124045904	0.017423558105845793
610.4378390472225	0.6760604478421435	0.0010947070593056191	0.017423558105845793
611.2268159485579	0.6769241622887381	0.0010947499605440828	0.017423558105845793
612.0157928498935	0.6777879106108957	0.0010947929161239578	0.017423558105845793
612.804769751229	0.6786516928517148	0.0010948359260492205	0.017423558105845793
613.5937466525644	0.6795155090542935	0.0010948789903238475	0.017423558105845793
614.3827235538998	0.6803793592617303	0.0010949221089518151	0.017423558105845793
615.1717004552353	0.6812432435171233	0.0010949652819371	0.017423558105845793
615.9606773565708	0.682107161863571	0.0010950085092836786	0.017423558105845793
616.7496542579063	0.6829711143441715	0.001095051790995527	0.017423558105845793
617.5386311592418	0.683835101002023	0.001095095127076622	0.017423558105845793
618.3276080605773	0.6846991218802241	0.0010951385175309396	0.017423558105845793
619.1165849619127	0.685563177021873	0.0010951819623624568	0.017423558105845793
619.9055618632482	0.6864272664700678	0.0010952254615751496	0.017423558105845793
620.6945387645836	0.6872913902679071	0.0010952690151729949	0.017423558105845793
621.4835156659191	0.6881555484584889	0.0010953126231599685	0.017423558105845793
622.2724925672546	0.6890197410849117	0.0010953562855400474	0.017423558105845793
623.0614694685901	0.6898839681902739	0.0010954000023172077	0.017423558105845793
623.8504463699256	0.6907482298176735	0.001095443773495426	0.017423558105845793
624.6394232712611	0.691612526010209	0.0010954875990786786	0.017423558105845793
625.4284001725965	0.6924768568109785	0.001095531479070942	0.017423558105845793
626.217377073932	0.6933412222630805	0.0010955754134761928	0.017423558105845793
627.0063539752674	0.6942056224096133	0.0010956194022984074	0.017423558105845793
627.795330876603	0.695070057293675	0.001095663445541562	0.017423558105845793
628.5843077779384	0.695934526958364	0.0010957075432096333	0.017423558105845793
629.3732846792739	0.6967990314467787	0.0010957516953065975	0.017423558105845793
630.1622615806093	0.6976635708020172	0.0010957959018364312	0.017423558105845793
630.9512384819448	0.698528145067178	0.0010958401628031109	0.017423558105845793
631.7402153832803	0.6993927542853592	0.001095884478210613	0.017423558105845793
632.5291922846159	0.7002573984996594	0.0010959288480629137	0.017423558105845793
633.3181691859513	0.7011220777531766	0.0010959732723639895	0.017423558105845793
634.1071460872868	0.7019867920890092	0.0010960177511178172	0.017423558105845793
634.8961229886222	0.7028515415502554	0.001096062284328373	0.017423558105845793
635.6850998899577	0.7037163261800136	0.0010961068719996332	0.017423558105845793
636.4740767912931	0.704581146021382	0.0010961515141355745	0.017423558105845793
637.2630536926287	0.7054460011174591	0.001096196210740173	0.017423558105845793
638.0520305939641	0.7063108915113431	0.0010962409618174055	0.017423558105845793
638.8410074952996	0.7071758172461322	0.0010962857673712484	0.017423558105845793
639.629984396635	0.7080407783649247	0.0010963306274056777	0.017423558105845793
640.4189612979706	0.7089057749108193	0.0010963755419246704	0.017423558105845793
641.207938199306	0.7097708069269136	0.0010964205109322027	0.017423558105845793
641.9969151006414	0.7106358744563064	0.001096465534432251	0.017423558105845793
642.785892001977	0.7115009775420958	0.001096510612428792	0.017423558105845793
643.5748689033124	0.7123661162273801	0.0010965557449258015	0.017423558105845793
644.3638458046479	0.7132312905552577	0.0010966009319272566	0.017423558105845793
645.1528227059833	0.7140965005688269	0.0010966461734371335	0.017423558105845793
645.9417996073188	0.7149617463111858	0.0010966914694594085	0.017423558105845793
646.7307765086543	0.7158270278254331	0.0010967368199980582	0.017423558105845793
647.5197534099898	0.7166923451546665	0.0010967822250570593	0.017423558105845793
648.3087303113252	0.7175576983419848	0.0010968276846403877	0.017423558105845793
649.0977072126608	0.7184230874304862	0.00109687319875202	0.017423558105845793
649.8866841139962	0.7192885124632689	0.001096918767395933	0.017423558105845793
650.6756610153317	0.720153973483431	0.0010969643905761027	0.017423558105845793
651.4646379166671	0.7210194705340711	0.0010970100682965056	0.017423558105845793
652.2536148180027	0.7218850036582876	0.0010970558005611185	0.017423558105845793
653.0425917193381	0.7227505728991783	0.0010971015873739174	0.017423558105845793
653.8315686206736	0.723616178299842	0.001097147428738879	0.017423558105845793
654.620545522009	0.7244818199033768	0.0010971933246599795	0.017423558105845793
655.4095224233445	0.7253474977528809	0.0010972392751411957	0.017423558105845793
656.1984993246799	0.7262132118914528	0.0010972852801865037	0.017423558105845793
656.9874762260155	0.7270789623621907	0.00109733133979988	0.017423558105845793
657.776453127351	0.7279447492081929	0.0010973774539853015	0.017423558105845793
658.5654300286865	0.7288105724725575	0.0010974236227467439	0.017423558105845793
659.3544069300219	0.7296764321983831	0.0010974698460881841	0.017423558105845793
660.1433838313574	0.7305423284287678	0.0010975161240135984	0.017423558105845793
660.9323607326928	0.73140826120681	0.0010975624565269632	0.017423558105845793
661.7213376340283	0.732274230575608	0.0010976088436322551	0.017423558105845793
662.5103145353638	0.7331402365782601	0.0010976552853334503	0.017423558105845793
663.2992914366993	0.7340062792578645	0.0010977017816345255	0.017423558105845793
664.0882683380347	0.7348723586575195	0.001097748332539457	0.017423558105845793
664.8772452393702	0.7357384748203235	0.0010977949380522214	0.017423558105845793
665.6662221407057	0.736604627789375	0.0010978415981767948	0.017423558105845793
666.4551990420412	0.7374708176077718	0.001097888312917154	0.017423558105845793
667.2441759433766	0.7383370443186124	0.0010979350822772752	0.017423558105845793
668.0331528447122	0.7392033079649952	0.0010979819062611348	0.017423558105845793
668.8221297460476	0.7400696085900185	0.0010980287848727096	0.017423558105845793
669.611106647383	0.7409359462367804	0.0010980757181159755	0.017423558105845793
670.4000835487185	0.7418023209483794	0.0010981227059949094	0.017423558105845793
671.189060450054	0.7426687327679137	0.0010981697485134875	0.017423558105845793
671.9780373513895	0.7435351817384817	0.0010982168456756863	0.017423558105845793
672.767014252725	0.7444016679031814	0.0010982639974854824	0.017423558105845793
673.5559911540605	0.7452681913051116	0.0010983112039468518	0.017423558105845793
674.344968055396	0.7461347519873702	0.0010983584650637714	0.017423558105845793
675.1339449567314	0.7470013499930556	0.0010984057808402176	0.017423558105845793
675.9229218580668	0.7478679853652661	0.0010984531512801664	0.017423558105845793
676.7118987594023	0.7487346581470999	0.0010985005763875946	0.017423558105845793
677.5008756607378	0.7496013683816556	0.0010985480561664788	0.017423558105845793
678.2898525620733	0.7504681161120311	0.001098595590620795	0.017423558105845793
679.0788294634087	0.751334901381325	0.00109864317975452	0.017423558105845793
679.8678063647442	0.7522017242326354	0.0010986908235716298	0.017423558105845793
680.6567832660796	0.7530685847090607	0.0010987385220761015	0.017423558105845793
681.4457601674151	0.7539354828536993	0.001098786275271911	0.017423558105845793
682.2347370687506	0.7548024187096493	0.0010988340831630348	0.017423558105845793
683.0237139700862	0.7556693923200091	0.0010988819457534494	0.017423558105845793
683.8126908714216	0.7565364037278769	0.0010989298630471316	0.017423558105845793
684.6016677727571	0.757403452976351	0.0010989778350480573	0.017423558105845793
685.3906446740925	0.7582705401085299	0.0010990258617602031	0.017423558105845793
686.179621575428	0.7591376651675117	0.0010990739431875458	0.017423558105845793
686.9685984767634	0.7600048281963948	0.0010991220793340611	0.017423558105845793
687.757575378099	0.7608720292382773	0.0010991702702037262	0.017423558105845793
688.5465522794344	0.7617392683362578	0.0010992185158005172	0.017423558105845793
689.3355291807699	0.7626065455334344	0.0010992668161284103	0.017423558105845793
690.1245060821054	0.7634738608729056	0.0010993151711913825	0.017423558105845793
690.9134829834409	0.7643412143977694	0.0010993635809934098	0.017423558105845793
691.7024598847763	0.7652086061511242	0.0010994120455384687	0.017423558105845793
692.4914367861119	0.7660760361760683	0.0010994605648305357	0.017423558105845793
693.2804136874473	0.7669435045157	0.0010995091388735874	0.017423558105845793
694.0693905887828	0.7678110112131178	0.0010995577676715998	0.017423558105845793
694.8583674901182	0.7686785563114196	0.00109960645122855	0.017423558105845793
695.6473443914537	0.769546139853704	0.0010996551895484138	0.017423558105845793
696.4363212927891	0.7704137618830693	0.001099703982635168	0.017423558105845793
697.2252981941247	0.7712814224426136	0.0010997528304927888	0.017423558105845793
698.0142750954602	0.7721491215754355	0.0010998017331252529	0.017423558105845793
698.8032519967957	0.7730168593246329	0.0010998506905365367	0.017423558105845793
699.5922288981311	0.7738846357333043	0.0010998997027306164	0.017423558105845793
700.3812057994666	0.774752450844548	0.0010999487697114685	0.017423558105845793
701.170182700802	0.7756203047014624	0.0010999978914830698	0.017423558105845793
701.9591596021374	0.7764881973471456	0.0011000470680493962	0.017423558105845793
702.748136503473	0.777356128824696	0.0011000962994144245	0.017423558105845793
703.5371134048085	0.7782240991772118	0.0011001455855821313	0.017423558105845793
704.3260903061439	0.7790921084477915	0.0011001949265564924	0.017423558105845793
705.1150672074793	0.7799601566795332	0.0011002443223414849	0.017423558105845793
705.9040441088148	0.7808282439155353	0.0011002937729410846	0.017423558105845793
706.6930210101503	0.7816963701988962	0.0011003432783592687	0.017423558105845793
707.4819979114858	0.7825645355727139	0.001100392838600013	0.017423558105845793
708.2709748128214	0.7834327400800869	0.0011004424536672944	0.017423558105845793
709.0599517141568	0.7843009837641134	0.001100492123565089	0.017423558105845793
709.8489286154922	0.7851692666678918	0.0011005418482973731	0.017423558105845793
710.6379055168277	0.7860375888345204	0.0011005916278681238	0.017423558105845793
711.4268824181631	0.7869059503070973	0.0011006414622813168	0.017423558105845793
712.2158593194987	0.7877743511287211	0.001100691351540929	0.017423558105845793
713.0048362208341	0.7886427913424898	0.0011007412956509366	0.017423558105845793
713.7938131221696	0.7895112709915019	0.0011007912946153164	0.017423558105845793
714.5827900235051	0.7903797901188556	0.0011008413484380444	0.017423558105845793
715.3717669248406	0.7912483487676494	0.0011008914571230973	0.017423558105845793
716.160743826176	0.7921169469809812	0.0011009416206744513	0.017423558105845793
716.9497207275115	0.7929855848019496	0.0011009918390960831	0.017423558105845793
717.738697628847	0.7938542622736529	0.001101042112391969	0.017423558105845793
718.5276745301825	0.7947229794391891	0.0011010924405660855	0.017423558105845793
719.3166514315179	0.7955917363416569	0.001101142823622409	0.017423558105845793
720.1056283328534	0.7964605330241543	0.001101193261564916	0.017423558105845793
720.8946052341888	0.7973293695297796	0.001101243754397583	0.017423558105845793
721.6835821355243	0.7981982459016315	0.0011012943021243861	0.017423558105845793
722.4725590368598	0.7990671621828078	0.0011013449047493021	0.017423558105845793
723.2615359381954	0.7999361184164071	0.0011013955622763074	0.017423558105845793
724.0505128395308	0.8008051146455275	0.0011014462747093781	0.017423558105845793
724.8394897408663	0.8016741509132674	0.0011014970420524912	0.017423558105845793
725.6284666422017	0.8025432272627251	0.0011015478643096226	0.017423558105845793
726.4174435435372	0.8034123437369989	0.0011015987414847489	0.017423558105845793
727.2064204448726	0.804281500379187	0.0011016496735818467	0.017423558105845793
727.9953973462082	0.8051506972323879	0.0011017006606048923	0.017423558105845793
728.7843742475436	0.8060199343396997	0.0011017517025578621	0.017423558105845793
729.573351148879	0.8068892117442206	0.0011018027994447329	0.017423558105845793
730.3623280502145	0.8077585294890492	0.0011018539512694806	0.017423558105845793
731.1513049515501	0.8086278876172837	0.0011019051580360819	0.017423558105845793
731.9402818528855	0.8094972861720222	0.0011019564197485134	0.017423558105845793
732.729258754221	0.8103667251963633	0.0011020077364107513	0.017423558105845793
733.5182356555565	0.8112362047334052	0.001102059108026772	0.017423558105845793
734.307212556892	0.812105724826246	0.001102110534600552	0.017423558105845793
735.0961894582274	0.8129752855179841	0.001102162016136068	0.017423558105845793
735.8851663595628	0.813844886851718	0.001102213552637296	0.017423558105845793
736.6741432608983	0.8147145288705457	0.0011022651441082128	0.017423558105845793
737.4631201622338	0.8155842116175657	0.0011023167905527948	0.017423558105845793
738.2520970635693	0.8164539351358762	0.001102368491975018	0.017423558105845793
739.0410739649047	0.8173236994685755	0.0011024202483788596	0.017423558105845793
739.8300508662403	0.818193504658762	0.0011024720597682953	0.017423558105845793
740.6190277675757	0.8190633507495338	0.001102523926147302	0.017423558105845793
741.4080046689112	0.8199332377839894	0.001102575847519856	0.017423558105845793
742.1969815702466	0.8208031658052269	0.0011026278238899336	0.017423558105845793
742.9859584715822	0.8216731348563449	0.0011026798552615114	0.017423558105845793
743.7749353729176	0.8225431449804412	0.001102731941638566	0.017423558105845793
744.5639122742531	0.8234131962206147	0.0011027840830250735	0.017423558105845793
745.3528891755885	0.8242832886199631	0.0011028362794250103	0.017423558105845793
746.141866076924	0.8251534222215853	0.0011028885308423534	0.017423558105845793
746.9308429782594	0.8260235970685791	0.0011029408372810786	0.017423558105845793
747.719819879595	0.8268938132040431	0.0011029931987451625	0.017423558105845793
748.5087967809305	0.8277640706710754	0.0011030456152385818	0.017423558105845793
749.297773682266	0.8286343695127744	0.0011030980867653129	0.017423558105845793
750.0867505836014	0.8295047097722383	0.001103150613329332	0.017423558105845793
750.8757274849369	0.8303750914925654	0.0011032031949346156	0.017423558105845793
751.6647043862723	0.8312455147168543	0.0011032558315851402	0.017423558105845793
752.4536812876079	0.8321159794882029	0.0011033085232848823	0.017423558105845793
753.2426581889433	0.8329864858497096	0.0011033612700378182	0.017423558105845793
754.0316350902788	0.8338570338444729	0.0011034140718479246	0.017423558105845793
754.8206119916142	0.8347276235155909	0.0011034669287191775	0.017423558105845793
755.6095888929497	0.8355982549061619	0.0011035198406555537	0.017423558105845793
756.3985657942852	0.8364689280592844	0.0011035728076610293	0.017423558105845793
757.1875426956207	0.8373396430180564	0.0011036258297395813	0.017423558105845793
757.9765195969562	0.8382103998255763	0.0011036789068951855	0.017423558105845793
758.7654964982917	0.8390811985249427	0.001103732039131819	0.017423558105845793
759.5544733996271	0.8399520391592534	0.0011037852264534577	0.017423558105845793
760.3434503009626	0.8408229217716069	0.001103838468864078	0.017423558105845793
761.132427202298	0.8416938464051016	0.001103891766367657	0.017423558105845793
761.9214041036334	0.8425648131028357	0.0011039451189681702	0.017423558105845793
762.710381004969	0.8434358219079074	0.0011039985266695948	0.017423558105845793
763.4993579063045	0.8443068728634153	0.001104051989475907	0.017423558105845793
764.28833480764	0.8451779660124574	0.0011041055073910831	0.017423558105845793
765.0773117089755	0.8460491013981322	0.0011041590804190997	0.017423558105845793
765.8662886103109	0.8469202790635378	0.001104212708563933	0.017423558105845793
766.6552655116463	0.8477914990517726	0.00110426639182956	0.017423558105845793
767.4442424129818	0.848662761405935	0.0011043201302199566	0.017423558105845793
768.2332193143174	0.8495340661691231	0.0011043739237390992	0.017423558105845793
769.0221962156528	0.8504054133844353	0.0011044277723909646	0.017423558105845793
769.8111731169882	0.8512768030949699	0.001104481676179529	0.017423558105845793
770.6001500183237	0.8521482353438252	0.001104535635108769	0.017423558105845793
771.3891269196591	0.8530197101740994	0.001104589649182661	0.017423558105845793
772.1781038209947	0.853891227628891	0.0011046437184051813	0.017423558105845793
772.9670807223301	0.854762787751298	0.0011046978427803065	0.017423558105845793
773.7560576236657	0.855634390584419	0.0011047520223120128	0.017423558105845793
774.5450345250011	0.8565060361713521	0.001104806257004277	0.017423558105845793
775.3340114263366	0.8573777245551957	0.0011048605468610753	0.017423558105845793
776.122988327672	0.8582494557790481	0.0011049148918863842	0.017423558105845793
776.9119652290075	0.8591212298860074	0.0011049692920841801	0.017423558105845793
777.700942130343	0.8599930469191721	0.0011050237474584394	0.017423558105845793
778.4899190316785	0.8608649069216405	0.0011050782580131386	0.017423558105845793
779.2788959330139	0.8617368099365108	0.0011051328237522543	0.017423558105845793
780.0678728343494	0.8626087560068814	0.0011051874446797625	0.017423558105845793
780.8568497356849	0.8634807451758506	0.0011052421207996402	0.017423558105845793
781.6458266370204	0.8643527774865165	0.0011052968521158635	0.017423558105845793
782.4348035383558	0.8652248529819775	0.0011053516386324088	0.017423558105845793
783.2237804396914	0.866096971705332	0.0011054064803532526	0.017423558105845793
784.0127573410268	0.8669691336996781	0.0011054613772823714	0.017423558105845793
784.8017342423623	0.8678413390081143	0.0011055163294237417	0.017423558105845793
785.5907111436977	0.8687135876737389	0.0011055713367813399	0.017423558105845793
786.3796880450332	0.8695858797396498	0.001105626399359142	0.017423558105845793
787.1686649463686	0.870458215248946	0.0011056815171611252	0.017423558105845793
787.9576418477042	0.8713305942447253	0.0011057366901912654	0.017423558105845793
788.7466187490397	0.872203016770086	0.0011057919184535394	0.017423558105845793
789.5355956503751	0.8730754828681264	0.0011058472019519231	0.017423558105845793
