x	chi	dchidx	s0
0.0008033061675766356	0.0	0.26594722075181154	0.26594722075181154
0.014408032531909884	0.0036181302808620157	0.2659453603623144	0.26594722075181154
0.028012758896243127	0.007236212632886762	0.26594017496588496	0.26594722075181154
0.04161748526057638	0.010854201822305398	0.2659316647478401	0.26594722075181154
0.055222211624909624	0.014472052616003466	0.2659198297164836	0.26594722075181154
0.06882693798924286	0.018089719780878016	0.26590466987735195	0.26594722075181154
0.08243166435357613	0.02170715808383243	0.26588618523410795	0.26594722075181154
0.09603639071790937	0.025324322291776422	0.2658643757885408	0.26594722075181154
0.10964111708224261	0.028941167171626005	0.265839241540566	0.26594722075181154
0.12324584344657585	0.03255764749030357	0.26581078248822537	0.26594722075181154
0.1368505698109091	0.03617371801473781	0.26577899862768717	0.26594722075181154
0.15045529617524236	0.039789333511863735	0.26574388995324605	0.26594722075181154
0.1640600225395756	0.043405055899725035	0.26570546570179066	0.26594722075181154
0.17766474890390885	0.0470217174899289	0.2656636693394261	0.26594722075181154
0.1912694752682421	0.05063914035170088	0.26561838485363837	0.26594722075181154
0.20487420163257533	0.05425713826501614	0.26556950291260034	0.26594722075181154
0.2184789279969086	0.05787552936902418	0.2655169213744912	0.26594722075181154
0.23208365436124184	0.061494136162048865	0.2654605452874964	0.26594722075181154
0.24568838072557508	0.06511278550158833	0.2654002868898078	0.26594722075181154
0.2592931070899083	0.06873130860431513	0.2653360656096237	0.26594722075181154
0.27289783345424157	0.07234954104607608	0.2652678080651485	0.26594722075181154
0.28650255981857486	0.07596732276189234	0.2651954480645931	0.26594722075181154
0.3001072861829081	0.07958449804595945	0.26511892660617475	0.26594722075181154
0.31371201254724135	0.08320091555164721	0.265038191878117	0.26594722075181154
0.32731673891157465	0.08681642829149981	0.2649531992586497	0.26594722075181154
0.34092146527590783	0.09043089363723575	0.26486391131600906	0.26594722075181154
0.3545261916402411	0.09404417331974788	0.2647702978084377	0.26594722075181154
0.3681309180045743	0.09765613342910336	0.26467233568418447	0.26594722075181154
0.3817356443689076	0.1012666444145437	0.26457000908150463	0.26594722075181154
0.39534037073324085	0.10487558108448472	0.2644633093286598	0.26594722075181154
0.40894509709757404	0.1084828226065166	0.26435223494391785	0.26594722075181154
0.42254982346190734	0.11208825250740384	0.2642367916355531	0.26594722075181154
0.4361545498262406	0.11569175867308529	0.26411699230184604	0.26594722075181154
0.4497592761905738	0.11929323334867406	0.26399285703108366	0.26594722075181154
0.46336400255490706	0.12289257313845775	0.2638644131015593	0.26594722075181154
0.4769687289192403	0.12648967900589808	0.2637316949815725	0.26594722075181154
0.49057345528357355	0.1300844562736313	0.26359474432942925	0.26594722075181154
0.5041781816479068	0.13367681462346787	0.26345360999344186	0.26594722075181154
0.51778290801224	0.13726666809639262	0.26330834801192887	0.26594722075181154
0.5313876343765732	0.14085393509256472	0.26315902161321536	0.26594722075181154
0.5449923607409065	0.14443853837131773	0.2630057012156326	0.26594722075181154
0.5585970871052398	0.14802040505115938	0.2628484644275182	0.26594722075181154
0.572201813469573	0.15159946660977186	0.2626873960472162	0.26594722075181154
0.5858065398339063	0.15517565888401175	0.26252258806307693	0.26594722075181154
0.5994112661982396	0.15874892206990973	0.262354139653457	0.26594722075181154
0.6130159925625728	0.1623192007226711	0.26218215718671944	0.26594722075181154
0.6266207189269061	0.16588644375667524	0.26200675422123365	0.26594722075181154
0.6402254452912394	0.1694506044454761	0.26182805150537525	0.26594722075181154
0.6538301716555726	0.17301164042180175	0.2616461769775263	0.26594722075181154
0.6674348980199057	0.1765695136775547	0.2614612657660751	0.26594722075181154
0.681039624384239	0.18012419056381176	0.26127346018941644	0.26594722075181154
0.6946443507485722	0.18367564179082413	0.2610829097559513	0.26594722075181154
0.7082490771129055	0.18722384242801732	0.260889771164087	0.26594722075181154
0.7218538034772387	0.19076877190399108	0.2606942083022374	0.26594722075181154
0.735458529841572	0.1943104140065196	0.2604963922488225	0.26594722075181154
0.7490632562059053	0.19784875688255146	0.2602965012722686	0.26594722075181154
0.7626679825702385	0.20138379303820939	0.26009472083100854	0.26594722075181154
0.7762727089345718	0.2049155193387905	0.25989124357348137	0.26594722075181154
0.7898774352989051	0.20844393700876634	0.25968626933813255	0.26594722075181154
0.8034821616632382	0.2119690516317827	0.2594800051534137	0.26594722075181154
0.8170868880275715	0.21549087315065982	0.25927266523778303	0.26594722075181154
0.8306916143919048	0.21900941586739212	0.25906447099970487	0.26594722075181154
0.8442963407562379	0.2225246984431484	0.2588556510376501	0.26594722075181154
0.8579010671205712	0.22603674389827189	0.2586464411400958	0.26594722075181154
0.8715057934849045	0.22954557961228003	0.2584370842855253	0.26594722075181154
0.8851105198492377	0.23305123732386465	0.2582278306424285	0.26594722075181154
0.898715246213571	0.23655375313089186	0.2580189375693015	0.26594722075181154
0.9123199725779043	0.2400531674904022	0.25781066961464677	0.26594722075181154
0.9259246989422375	0.24354952521861045	0.2576032985169731	0.26594722075181154
0.9395294253065708	0.2470428754909058	0.25739710320479564	0.26594722075181154
0.9531341516709039	0.2505332718418517	0.25719236979663584	0.26594722075181154
0.9667388780352372	0.254020772165186	0.2569893916010216	0.26594722075181154
0.9803436043995705	0.2575054387138208	0.25678846911648695	0.26594722075181154
0.9939483307639037	0.2609873380998426	0.2565899100315725	0.26594722075181154
1.007553057128237	0.26446654129451225	0.256394029224825	0.26594722075181154
1.02115778349257	0.2679431236282648	0.2562011487647977	0.26594722075181154
1.0347625098569033	0.2714171647907099	0.25601159791005007	0.26594722075181154
1.0483672362212364	0.27488874883063114	0.255825713109148	0.26594722075181154
1.0619719625855697	0.27835796415598696	0.2556438380006636	0.26594722075181154
1.075576688949903	0.28182490353390954	0.25546632341317543	0.26594722075181154
1.0891814153142363	0.2852896640907059	0.25529352736526845	0.26594722075181154
1.1027861416785696	0.28875234731185706	0.2551258150655338	0.26594722075181154
1.1163908680429029	0.29221305904201866	0.254963558912569	0.26594722075181154
1.129995594407236	0.2956719094850203	0.254807138494978	0.26594722075181154
1.1436003207715693	0.2991290132038662	0.254656940591371	0.26594722075181154
1.1572050471359026	0.3025844891207349	0.25451335917036455	0.26594722075181154
1.1708097735002359	0.3060384605169792	0.25437679539058156	0.26594722075181154
1.1844144998645691	0.30949105503312613	0.25424765760065127	0.26594722075181154
1.1980192262289024	0.3129424046688774	0.25412636133920924	0.26594722075181154
1.2116239525932355	0.31639264578310844	0.25401332933489745	0.26594722075181154
1.2252286789575688	0.3198419190938698	0.25390899150636415	0.26594722075181154
1.2388334053219021	0.32329036967838565	0.2538137849622639	0.26594722075181154
1.2524381316862354	0.32673814697305503	0.25372815400125764	0.26594722075181154
1.2660428580505687	0.3301854047734509	0.25365255011201265	0.26594722075181154
1.2796475844149018	0.3336323012343208	0.2535874319732026	0.26594722075181154
1.293252310779235	0.3370789988695866	0.2535332654535074	0.26594722075181154
1.3068570371435684	0.34052566455234434	0.25349052361161334	0.26594722075181154
1.3204617635079015	0.3439724695148645	0.253459686696213	0.26594722075181154
1.3340664898722348	0.34741958934859174	0.2534412421460055	0.26594722075181154
1.347671216236568	0.3508672040041456	0.253435684589696	0.26594722075181154
1.3543632987786398	0.3525632182602217	0.2534362035481039	0.26594722075181154
1.3610553813207118	0.35425923599703	0.2534367248757562	0.26594722075181154
1.3677474638627836	0.3559552572304354	0.25343724857270516	0.26594722075181154
1.3744395464048553	0.3576512819763026	0.25343777463900324	0.26594722075181154
1.381131628946927	0.3593473102504963	0.2534383030747028	0.26594722075181154
1.387823711488999	0.3610433420688815	0.2534388338798562	0.26594722075181154
1.3945157940310708	0.36273937744732276	0.2534393670545158	0.26594722075181154
1.4012078765731428	0.3644354164016849	0.253439902598734	0.26594722075181154
1.4078999591152148	0.3661314589478328	0.25344044051256315	0.26594722075181154
1.4145920416572866	0.367827505101631	0.25344098079605565	0.26594722075181154
1.4212841241993583	0.36952355487894445	0.2534415234492638	0.26594722075181154
1.4279762067414303	0.37121960829563794	0.25344206847224005	0.26594722075181154
1.434668289283502	0.37291566536757614	0.2534426158650367	0.26594722075181154
1.4413603718255739	0.3746117261106238	0.2534431656277062	0.26594722075181154
1.4480524543676458	0.3763077905406459	0.2534437177603009	0.26594722075181154
1.4547445369097178	0.378003858673507	0.2534442722628731	0.26594722075181154
1.4614366194517896	0.3796999305250719	0.2534448291354752	0.26594722075181154
1.4681287019938614	0.3813960061112054	0.25344538837815966	0.26594722075181154
1.4748207845359333	0.38309208544777235	0.25344594999097875	0.26594722075181154
1.4815128670780051	0.38478816855063736	0.2534465139739849	0.26594722075181154
1.4882049496200769	0.38648425543566534	0.2534470803272304	0.26594722075181154
1.4948970321621489	0.38818034611872104	0.2534476490507677	0.26594722075181154
1.5015891147042206	0.3898764406156692	0.2534482201446492	0.26594722075181154
1.5082811972462926	0.3915725389423745	0.25344879360892714	0.26594722075181154
1.5149732797883644	0.39326864111470183	0.25344936944365404	0.26594722075181154
1.5216653623304364	0.39496474714851604	0.2534499476488822	0.26594722075181154
1.5283574448725081	0.3966608570596817	0.2534505282246639	0.26594722075181154
1.53504952741458	0.3983569708640637	0.2534511111710517	0.26594722075181154
1.5417416099566519	0.40005308857752686	0.2534516964880978	0.26594722075181154
1.5484336924987236	0.4017492102159358	0.2534522841758547	0.26594722075181154
1.5551257750407954	0.40344533579515535	0.2534528742343747	0.26594722075181154
1.5618178575828676	0.4051414653310504	0.25345346666371016	0.26594722075181154
1.5685099401249394	0.4068375988394855	0.25345406146391347	0.26594722075181154
1.5752020226670111	0.4085337363363256	0.2534546586350371	0.26594722075181154
1.5818941052090831	0.4102298778374355	0.2534552581771332	0.26594722075181154
1.588586187751155	0.4119260233586797	0.25345586009025434	0.26594722075181154
1.5952782702932267	0.4136221729159233	0.25345646437445285	0.26594722075181154
1.6019703528352986	0.4153183265250309	0.253457071029781	0.26594722075181154
1.6086624353773704	0.41701448420186726	0.25345768005629127	0.26594722075181154
1.6153545179194424	0.41871064596229723	0.253458291454036	0.26594722075181154
1.6220466004615142	0.42040681182218553	0.2534589052230675	0.26594722075181154
1.6287386830035862	0.4221029817973969	0.2534595213634383	0.26594722075181154
1.635430765545658	0.42379915590379624	0.25346013987520055	0.26594722075181154
1.6421228480877297	0.42549533415724816	0.25346076075840684	0.26594722075181154
1.6488149306298014	0.42719151657361754	0.25346138401310936	0.26594722075181154
1.6555070131718734	0.4288877031687691	0.2534620096393606	0.26594722075181154
1.6621990957139452	0.43058389395856767	0.2534626376372129	0.26594722075181154
1.668891178256017	0.4322800892928829	0.2534632680392579	0.26594722075181154
1.6755832607980892	0.43397628897786966	0.25346390082529013	0.26594722075181154
1.682275343340161	0.4356724928966547	0.2534645359824405	0.26594722075181154
1.6889674258822327	0.4373687010651808	0.25346517351074876	0.26594722075181154
1.6956595084243047	0.4390649134993907	0.25346581341025465	0.26594722075181154
1.7023515909663764	0.44076113021522706	0.25346645568099796	0.26594722075181154
1.7090436735084482	0.44245735122863267	0.2534671003230184	0.26594722075181154
1.7157357560505202	0.4441535765555503	0.2534677473363557	0.26594722075181154
1.722427838592592	0.4458498062119226	0.2534683967210497	0.26594722075181154
1.729119921134664	0.4475460402136924	0.2534690484771401	0.26594722075181154
1.735812003676736	0.4492422785768023	0.2534697026046666	0.26594722075181154
1.7425040862188077	0.45093852131719514	0.25347035910366905	0.26594722075181154
1.7491961687608795	0.4526347684508136	0.25347101797418714	0.26594722075181154
1.7558882513029512	0.45433101999360037	0.2534716792162607	0.26594722075181154
1.7625803338450232	0.4560272759614984	0.25347234282992936	0.26594722075181154
1.769272416387095	0.4577235363704501	0.25347300881523294	0.26594722075181154
1.7759644989291667	0.4594198012363984	0.2534736771722112	0.26594722075181154
1.7826565814712387	0.461116070575286	0.25347434790090384	0.26594722075181154
1.7893486640133107	0.46281234440305563	0.2534750210013507	0.26594722075181154
1.7960407465553825	0.46450862273565	0.25347569647359147	0.26594722075181154
1.8027328290974542	0.4662049055890119	0.2534763743176659	0.26594722075181154
1.8094249116395262	0.467901192979084	0.2534770545336138	0.26594722075181154
1.816116994181598	0.469597484921809	0.2534777371214748	0.26594722075181154
1.8228090767236698	0.4712937814331297	0.2534784220812888	0.26594722075181154
1.8295011592657417	0.4729900825289889	0.2534791094130955	0.26594722075181154
1.8361932418078137	0.47468638822532916	0.2534797991169346	0.26594722075181154
1.8428853243498855	0.4763826985380933	0.2534804911928459	0.26594722075181154
1.8495774068919575	0.4780790134832241	0.2534811856408691	0.26594722075181154
1.8562694894340293	0.4797753330766642	0.25348188246104403	0.26594722075181154
1.862961571976101	0.4814716573343564	0.25348258165341037	0.26594722075181154
1.869653654518173	0.48316798627224333	0.25348328321800795	0.26594722075181154
1.8763457370602448	0.4848643199062679	0.25348398715487647	0.26594722075181154
1.8830378196023165	0.4865606582523726	0.25348469346405567	0.26594722075181154
1.8897299021443887	0.4882570013265004	0.25348540214558535	0.26594722075181154
1.8964219846864603	0.4899533491445938	0.2534861131995052	0.26594722075181154
1.9031140672285323	0.49164970172259587	0.25348682662585503	0.26594722075181154
1.9098061497706043	0.493346059076449	0.2534875424246746	0.26594722075181154
1.9164982323126758	0.495042421222096	0.25348826059600355	0.26594722075181154
1.9231903148547478	0.4967387881754798	0.2534889811398818	0.26594722075181154
1.9298823973968195	0.4984351599525429	0.25348970405634896	0.26594722075181154
1.9365744799388913	0.5001315365692282	0.25349042934544486	0.26594722075181154
1.9432665624809635	0.5018279180414782	0.25349115700720926	0.26594722075181154
1.9499586450230353	0.5035243043852359	0.25349188704168185	0.26594722075181154
1.956650727565107	0.5052206956164439	0.2534926194489024	0.26594722075181154
1.963342810107179	0.5069170917510449	0.25349335422891073	0.26594722075181154
1.9700348926492508	0.5086134928049817	0.2534940913817465	0.26594722075181154
1.9767269751913226	0.510309898794197	0.2534948309074495	0.26594722075181154
1.9834190577333946	0.5120063097346336	0.2534955728060595	0.26594722075181154
1.9901111402754663	0.5137027256422341	0.2534963170776162	0.26594722075181154
1.9968032228175383	0.5153991465329413	0.2534970637221594	0.26594722075181154
2.00349530535961	0.517095572422698	0.2534978127397289	0.26594722075181154
2.0101873879016816	0.5187920033274467	0.2534985641303643	0.26594722075181154
2.0168794704437536	0.5204884392631305	0.2534993178941055	0.26594722075181154
2.023571552985826	0.5221848802456919	0.25350007403099223	0.26594722075181154
2.0302636355278976	0.5238813262910735	0.25350083254106415	0.26594722075181154
2.0369557180699696	0.5255777774152183	0.2535015934243611	0.26594722075181154
2.0436478006120415	0.527274233634069	0.2535023566809228	0.26594722075181154
2.050339883154113	0.5289706949635681	0.253503122310789	0.26594722075181154
2.057031965696185	0.5306671614196585	0.25350389031399945	0.26594722075181154
2.063724048238257	0.5323636330182832	0.2535046606905939	0.26594722075181154
2.0704161307803286	0.5340601097753843	0.25350543344061216	0.26594722075181154
2.0771082133224006	0.535756591706905	0.2535062085640939	0.26594722075181154
2.083800295864472	0.5374530788287879	0.2535069860610789	0.26594722075181154
2.090492378406544	0.5391495711569758	0.25350776593160695	0.26594722075181154
2.097184460948616	0.5408460687074114	0.2535085481757177	0.26594722075181154
2.103876543490688	0.5425425714960374	0.25350933279345106	0.26594722075181154
2.1105686260327596	0.5442390795387964	0.25351011978484667	0.26594722075181154
2.1172607085748316	0.5459355928516314	0.2535109091499443	0.26594722075181154
2.123952791116903	0.5476321114504848	0.2535117008887837	0.26594722075181154
2.1306448736589756	0.5493286353512998	0.2535124950014046	0.26594722075181154
2.1373369562010476	0.5510251645700188	0.25351329148784685	0.26594722075181154
2.1440290387431196	0.5527216991225846	0.2535140903481501	0.26594722075181154
2.150721121285191	0.5544182390249398	0.25351489158235413	0.26594722075181154
2.157413203827263	0.5561147842930274	0.2535156951904987	0.26594722075181154
2.1641052863693346	0.5578113349427899	0.2535165011726236	0.26594722075181154
2.1707973689114066	0.5595078909901702	0.25351730952876855	0.26594722075181154
2.1774894514534786	0.561204452451111	0.25351812025897325	0.26594722075181154
2.18418153399555	0.5629010193415547	0.2535189333632775	0.26594722075181154
2.190873616537622	0.5645975916774446	0.25351974884172107	0.26594722075181154
2.1975656990796937	0.566294169474723	0.2535205666943437	0.26594722075181154
2.2042577816217657	0.5679907527493329	0.25352138692118514	0.26594722075181154
2.2109498641638377	0.5696873415172169	0.2535222095222851	0.26594722075181154
2.2176419467059096	0.5713839357943178	0.25352303449768343	0.26594722075181154
2.224334029247981	0.5730805355965781	0.25352386184741976	0.26594722075181154
2.231026111790053	0.5747771409399408	0.25352469157153396	0.26594722075181154
2.2377181943321247	0.5764737518403485	0.2535255236700657	0.26594722075181154
2.244410276874197	0.578170368313744	0.25352635814305474	0.26594722075181154
2.251102359416269	0.57986699037607	0.2535271949905409	0.26594722075181154
2.257794441958341	0.5815636180432694	0.2535280342125638	0.26594722075181154
2.2644865245004127	0.5832602513312846	0.25352887580916333	0.26594722075181154
2.2711786070424846	0.5849568902560585	0.2535297197803792	0.26594722075181154
2.277870689584556	0.5866535348335338	0.25353056612625113	0.26594722075181154
2.284562772126628	0.5883501850796532	0.2535314148468189	0.26594722075181154
2.2912548546687	0.5900468410103596	0.25353226594212225	0.26594722075181154
2.2979469372107717	0.5917435026415956	0.2535331194122009	0.26594722075181154
2.3046390197528437	0.5934401699893039	0.2535339752570947	0.26594722075181154
2.3113311022949157	0.5951368430694275	0.2535348334768433	0.26594722075181154
2.318023184836987	0.5968335218979086	0.25353569407148646	0.26594722075181154
2.324715267379059	0.5985302064906906	0.25353655704106404	0.26594722075181154
2.331407349921131	0.6002268968637157	0.25353742238561566	0.26594722075181154
2.3380994324632027	0.6019235930329268	0.2535382901051812	0.26594722075181154
2.3447915150052747	0.6036202950142666	0.2535391601998003	0.26594722075181154
2.3514835975473467	0.6053170028236778	0.2535400326695127	0.26594722075181154
2.3581756800894187	0.6070137164771034	0.25354090751435826	0.26594722075181154
2.3648677626314907	0.608710435990486	0.25354178473437666	0.26594722075181154
2.3715598451735627	0.6104071613797681	0.2535426643296077	0.26594722075181154
2.378251927715634	0.6121038926608926	0.25354354630009107	0.26594722075181154
2.384944010257706	0.6138006298498023	0.25354443064586657	0.26594722075181154
2.3916360927997777	0.6154973729624398	0.25354531736697394	0.26594722075181154
2.3983281753418497	0.617194122014748	0.25354620646345294	0.26594722075181154
2.4050202578839217	0.6188908770226695	0.25354709793534325	0.26594722075181154
2.4117123404259937	0.6205876380021471	0.2535479917826847	0.26594722075181154
2.4184044229680652	0.6222844049691234	0.25354888800551706	0.26594722075181154
2.425096505510137	0.6239811779395411	0.25354978660388006	0.26594722075181154
2.4317885880522088	0.6256779569293432	0.2535506875778134	0.26594722075181154
2.4384806705942808	0.6273747419544724	0.2535515909273569	0.26594722075181154
2.4451727531363527	0.6290715330308713	0.25355249665255025	0.26594722075181154
2.4518648356784247	0.6307683301744825	0.2535534047534333	0.26594722075181154
2.4585569182204967	0.632465133401249	0.2535543152300457	0.26594722075181154
2.4652490007625683	0.6341619427271132	0.2535552280824272	0.26594722075181154
2.4719410833046402	0.6358587581680182	0.25355614331061765	0.26594722075181154
2.4786331658467122	0.6375555797399066	0.2535570609146567	0.26594722075181154
2.485325248388784	0.6392524074587211	0.2535579808945842	0.26594722075181154
2.4920173309308558	0.6409492413404044	0.2535589032504398	0.26594722075181154
2.4987094134729277	0.6426460814008994	0.2535598279822633	0.26594722075181154
2.5054014960149993	0.6443429276561485	0.25356075509009446	0.26594722075181154
2.5120935785570713	0.6460397801220947	0.25356168457397305	0.26594722075181154
2.5187856610991433	0.6477366388146808	0.2535626164339388	0.26594722075181154
2.5254777436412152	0.6494335037498493	0.25356355067003145	0.26594722075181154
2.532169826183287	0.651130374943543	0.25356448728229075	0.26594722075181154
2.5388619087253588	0.6528272524117047	0.25356542627075646	0.26594722075181154
2.5455539912674303	0.6545241361702769	0.25356636763546836	0.26594722075181154
2.5522460738095023	0.6562210262352028	0.25356731137646615	0.26594722075181154
2.5589381563515743	0.6579179226224248	0.25356825749378964	0.26594722075181154
2.5656302388936467	0.6596148253478856	0.2535692059874785	0.26594722075181154
2.5723223214357183	0.661311734427528	0.2535701568575726	0.26594722075181154
2.57901440397779	0.6630086498772948	0.2535711101041116	0.26594722075181154
2.585706486519862	0.6647055717131287	0.25357206572713525	0.26594722075181154
2.5923985690619338	0.6664024999509723	0.2535730237266834	0.26594722075181154
2.5990906516040058	0.6680994346067687	0.2535739841027957	0.26594722075181154
2.6057827341460778	0.6697963756964602	0.2535749468555119	0.26594722075181154
2.6124748166881493	0.6714933232359896	0.25357591198487184	0.26594722075181154
2.619166899230221	0.6731902772412999	0.2535768794909152	0.26594722075181154
2.625858981772293	0.6748872377283337	0.2535778493736817	0.26594722075181154
2.632551064314365	0.6765842047130336	0.2535788216332112	0.26594722075181154
2.639243146856437	0.6782811782113426	0.2535797962695434	0.26594722075181154
2.6459352293985083	0.679978158239203	0.25358077328271805	0.26594722075181154
2.6526273119405803	0.681675144812558	0.2535817526727749	0.26594722075181154
2.659319394482652	0.68337213794735	0.25358273443975365	0.26594722075181154
2.666011477024724	0.6850691376595219	0.25358371858369416	0.26594722075181154
2.6727035595667963	0.6867661439650165	0.25358470510463615	0.26594722075181154
2.6793956421088683	0.6884631568797763	0.2535856940026193	0.26594722075181154
2.68608772465094	0.690160176419744	0.2535866852776834	0.26594722075181154
2.6927798071930114	0.6918572026008627	0.2535876789298683	0.26594722075181154
2.6994718897350833	0.693554235439075	0.25358867495921356	0.26594722075181154
2.7061639722771553	0.6952512749503235	0.2535896733657591	0.26594722075181154
2.7128560548192273	0.6969483211505509	0.2535906741495446	0.26594722075181154
2.7195481373612993	0.6986453740557002	0.25359167731060983	0.26594722075181154
2.726240219903371	0.7003424336817137	0.2535926828489945	0.26594722075181154
2.7329323024454424	0.7020395000445343	0.2535936907647384	0.26594722075181154
2.7396243849875144	0.7037365731601051	0.25359470105788134	0.26594722075181154
2.7463164675295864	0.7054336530443683	0.25359571372846296	0.26594722075181154
2.7530085500716583	0.707130739713267	0.25359672877652306	0.26594722075181154
2.75970063261373	0.7088278331827438	0.2535977462021014	0.26594722075181154
2.766392715155802	0.7105249334687413	0.2535987660052378	0.26594722075181154
2.7730847976978734	0.7122220405872025	0.25359978818597184	0.26594722075181154
2.779776880239946	0.71391915455407	0.25360081274434343	0.26594722075181154
2.786468962782018	0.7156162753852866	0.25360183968039224	0.26594722075181154
2.79316104532409	0.7173134030967949	0.253602868994158	0.26594722075181154
2.7998531278661614	0.7190105377045375	0.2536039006856806	0.26594722075181154
2.8065452104082333	0.7207076792244576	0.2536049347549997	0.26594722075181154
2.813237292950305	0.7224048276724974	0.253605971202155	0.26594722075181154
2.819929375492377	0.7241019830646	0.2536070100271863	0.26594722075181154
2.826621458034449	0.7257991454167081	0.25360805123013336	0.26594722075181154
2.833313540576521	0.7274963147447644	0.25360909481103594	0.26594722075181154
2.8400056231185924	0.7291934910647113	0.2536101407699338	0.26594722075181154
2.846697705660664	0.7308906743924919	0.2536111891068667	0.26594722075181154
2.853389788202736	0.732587864744049	0.2536122398218743	0.26594722075181154
2.860081870744808	0.7342850621353252	0.25361329291499646	0.26594722075181154
2.86677395328688	0.7359822665822631	0.25361434838627284	0.26594722075181154
2.873466035828952	0.7376794781008055	0.2536154062357433	0.26594722075181154
2.8801581183710234	0.7393766967068951	0.2536164664634475	0.26594722075181154
2.886850200913095	0.7410739224164749	0.25361752906942525	0.26594722075181154
2.8935422834551674	0.7427711552454873	0.2536185940537163	0.26594722075181154
2.9002343659972394	0.7444683952098753	0.25361966141636033	0.26594722075181154
2.9069264485393114	0.7461656423255814	0.25362073115739714	0.26594722075181154
2.913618531081383	0.7478628966085483	0.2536218032768665	0.26594722075181154
2.920310613623455	0.7495601580747191	0.2536228777748082	0.26594722075181154
2.9270026961655264	0.7512574267400363	0.25362395465126186	0.26594722075181154
2.9336947787075984	0.7529547026204424	0.2536250339062674	0.26594722075181154
2.9403868612496704	0.7546519857318805	0.2536261155398644	0.26594722075181154
2.9470789437917424	0.7563492760902932	0.25362719955209273	0.26594722075181154
2.953771026333814	0.7580465737116231	0.25362828594299214	0.26594722075181154
2.9604631088758855	0.7597438786118131	0.25362937471260233	0.26594722075181154
2.9671551914179575	0.761441190806806	0.25363046586096305	0.26594722075181154
2.9738472739600295	0.7631385103125443	0.2536315593881141	0.26594722075181154
2.9805393565021014	0.7648358371449708	0.2536326552940952	0.26594722075181154
2.9872314390441734	0.7665331713200285	0.2536337535789461	0.26594722075181154
2.993923521586245	0.7682305128536596	0.25363485424270654	0.26594722075181154
3.000615604128317	0.7699278617618073	0.2536359572854163	0.26594722075181154
3.007307686670389	0.7716252180604141	0.25363706270711517	0.26594722075181154
3.013999769212461	0.7733225817654228	0.2536381705078428	0.26594722075181154
3.020691851754533	0.7750199528927764	0.2536392806876391	0.26594722075181154
3.0273839342966045	0.776717331458417	0.25364039324654364	0.26594722075181154
3.0340760168386764	0.7784147174782878	0.25364150818459624	0.26594722075181154
3.040768099380748	0.7801121109683314	0.25364262550183675	0.26594722075181154
3.04746018192282	0.7818095119444908	0.2536437451983048	0.26594722075181154
3.054152264464892	0.7835069204227083	0.2536448672740401	0.26594722075181154
3.060844347006964	0.785204336418927	0.2536459917290826	0.26594722075181154
3.0675364295490355	0.7869017599490892	0.2536471185634719	0.26594722075181154
3.0742285120911075	0.788599191029138	0.25364824777724776	0.26594722075181154
3.080920594633179	0.7902966296750159	0.25364937937044996	0.26594722075181154
3.087612677175251	0.791994075902666	0.2536505133431183	0.26594722075181154
3.094304759717323	0.7936915297280307	0.2536516496952924	0.26594722075181154
3.100996842259395	0.7953889911670526	0.25365278842701217	0.26594722075181154
3.107688924801467	0.7970864602356749	0.2536539295383173	0.26594722075181154
3.1143810073435385	0.7987839369498398	0.2536550730292475	0.26594722075181154
3.1210730898856105	0.8004814213254906	0.2536562188998425	0.26594722075181154
3.1277651724276825	0.8021789133785696	0.2536573671501422	0.26594722075181154
3.1344572549697545	0.8038764131250198	0.2536585177801862	0.26594722075181154
3.1411493375118265	0.8055739205807837	0.25365967079001434	0.26594722075181154
3.147841420053898	0.807271435761804	0.25366082617966634	0.26594722075181154
3.1545335025959695	0.8089689586840236	0.25366198394918194	0.26594722075181154
3.1612255851380415	0.8106664893633853	0.25366314409860086	0.26594722075181154
3.1679176676801135	0.812364027815832	0.25366430662796297	0.26594722075181154
3.1746097502221855	0.8140615740573057	0.2536654715373079	0.26594722075181154
3.181301832764257	0.8157591281037497	0.2536666388266755	0.26594722075181154
3.187993915306329	0.8174566899711068	0.25366780849610543	0.26594722075181154
3.1946859978484006	0.8191542596753193	0.2536689805456375	0.26594722075181154
3.2013780803904726	0.8208518372323304	0.2536701549753115	0.26594722075181154
3.2080701629325445	0.8225494226580826	0.25367133178516704	0.26594722075181154
3.214762245474617	0.8242470159685187	0.253672510975244	0.26594722075181154
3.2214543280166885	0.8259446171795812	0.25367369254558214	0.26594722075181154
3.2281464105587605	0.8276422263072131	0.2536748764962211	0.26594722075181154
3.234838493100832	0.8293398433673569	0.2536760628272008	0.26594722075181154
3.241530575642904	0.8310374683759558	0.2536772515385608	0.26594722075181154
3.248222658184976	0.8327351013489519	0.25367844263034095	0.26594722075181154
3.254914740727048	0.8344327423022884	0.25367963610258104	0.26594722075181154
3.2616068232691195	0.8361303912519078	0.25368083195532076	0.26594722075181154
3.268298905811191	0.8378280482137528	0.25368203018859986	0.26594722075181154
3.274990988353263	0.8395257132037665	0.25368323080245814	0.26594722075181154
3.281683070895335	0.8412233862378913	0.2536844337969353	0.26594722075181154
3.288375153437407	0.84292106733207	0.25368563917207115	0.26594722075181154
3.295067235979479	0.8446187565022452	0.2536868469279054	0.26594722075181154
3.3017593185215506	0.8463164537643597	0.2536880570644778	0.26594722075181154
3.308451401063622	0.8480141591343564	0.2536892695818281	0.26594722075181154
3.315143483605694	0.8497118726281779	0.2536904844799961	0.26594722075181154
3.3218355661477665	0.851409594261767	0.25369170175902145	0.26594722075181154
3.3285276486898385	0.8531073240510665	0.25369292141894406	0.26594722075181154
3.33521973123191	0.8548050620120189	0.2536941434598035	0.26594722075181154
3.341911813773982	0.856502808160567	0.2536953678816397	0.26594722075181154
3.3486038963160536	0.8582005625126535	0.2536965946844923	0.26594722075181154
3.3552959788581256	0.8598983250842214	0.25369782386840106	0.26594722075181154
3.3619880614001976	0.8615960958912132	0.25369905543340576	0.26594722075181154
3.368680143942269	0.8632938749495715	0.25370028937954614	0.26594722075181154
3.375372226484341	0.8649916622752394	0.253701525706862	0.26594722075181154
3.382064309026413	0.8666894578841595	0.25370276441539297	0.26594722075181154
3.3887563915684846	0.8683872617922743	0.25370400550517896	0.26594722075181154
3.3954484741105566	0.8700850740155268	0.25370524897625957	0.26594722075181154
3.4021405566526286	0.8717828945698596	0.2537064948286747	0.26594722075181154
3.4088326391947	0.8734807234712154	0.25370774306246396	0.26594722075181154
3.415524721736772	0.8751785607355371	0.2537089936776672	0.26594722075181154
3.422216804278844	0.8768764063787674	0.2537102466743241	0.26594722075181154
3.4289088868209157	0.8785742604168487	0.2537115020524745	0.26594722075181154
3.435600969362988	0.8802721228657242	0.2537127598121581	0.26594722075181154
3.44229305190506	0.8819699937413364	0.25371401995341464	0.26594722075181154
3.4489851344471316	0.8836678730596279	0.2537152824762839	0.26594722075181154
3.4556772169892036	0.8853657608365417	0.2537165473808056	0.26594722075181154
3.4623692995312756	0.8870636570880206	0.25371781466701954	0.26594722075181154
3.469061382073347	0.8887615618300069	0.25371908433496543	0.26594722075181154
3.475753464615419	0.8904594750784437	0.25372035638468304	0.26594722075181154
3.4824455471574907	0.8921573968492735	0.25372163081621213	0.26594722075181154
3.4891376296995626	0.8938553271584393	0.25372290762959243	0.26594722075181154
3.4958297122416346	0.8955532660218835	0.2537241868248637	0.26594722075181154
3.502521794783706	0.897251213455549	0.2537254684020657	0.26594722075181154
3.509213877325778	0.8989491694753786	0.2537267523612382	0.26594722075181154
3.51590595986785	0.9006471340973151	0.25372803870242094	0.26594722075181154
3.5225980424099217	0.902345107337301	0.25372932742565363	0.26594722075181154
3.5292901249519937	0.9040430892112792	0.25373061853097606	0.26594722075181154
3.5359822074940657	0.9057410797351924	0.253731912018428	0.26594722075181154
3.5426742900361377	0.9074390789249831	0.25373320788804915	0.26594722075181154
3.5493663725782096	0.9091370867965942	0.2537345061398793	0.26594722075181154
3.5560584551202816	0.9108351033659687	0.2537358067739582	0.26594722075181154
3.562750537662353	0.9125331286490489	0.2537371097903256	0.26594722075181154
3.569442620204425	0.9142311626617778	0.25373841518902124	0.26594722075181154
3.576134702746497	0.9159292054200981	0.2537397229700849	0.26594722075181154
3.5828267852885687	0.9176272569399524	0.2537410331335563	0.26594722075181154
3.5895188678306407	0.9193253172372837	0.2537423456794752	0.26594722075181154
3.5962109503727127	0.9210233863280344	0.25374366060788134	0.26594722075181154
3.602903032914784	0.9227214642281473	0.2537449779188145	0.26594722075181154
3.609595115456856	0.9244195509535653	0.25374629761231443	0.26594722075181154
3.6162871979989277	0.926117646520231	0.2537476196884209	0.26594722075181154
3.6229792805409997	0.9278157509440872	0.2537489441471736	0.26594722075181154
3.6296713630830717	0.9295138642410767	0.2537502709886123	0.26594722075181154
3.6363634456251432	0.931211986427142	0.2537516002127768	0.26594722075181154
3.6430555281672152	0.9329101175182262	0.2537529318197068	0.26594722075181154
3.6497476107092877	0.9346082575302717	0.25375426580944216	0.26594722075181154
3.656439693251359	0.936306406479221	0.2537556021820225	0.26594722075181154
3.663131775793431	0.9380045643810175	0.2537569409374876	0.26594722075181154
3.669823858335503	0.9397027312516035	0.2537582820758772	0.26594722075181154
3.6765159408775747	0.9414009071069218	0.2537596255972311	0.26594722075181154
3.6832080234196467	0.9430990919629154	0.25376097150158905	0.26594722075181154
3.6899001059617187	0.9447972858355266	0.2537623197889908	0.26594722075181154
3.6965921885037902	0.9464954887406982	0.25376367045947607	0.26594722075181154
3.703284271045862	0.9481937006943733	0.2537650235130846	0.26594722075181154
3.709976353587934	0.9498919217124944	0.25376637894985626	0.26594722075181154
3.7166684361300057	0.9515901518110039	0.25376773676983067	0.26594722075181154
3.7233605186720777	0.9532883910058452	0.2537690969730476	0.26594722075181154
3.7300526012141497	0.9549866393129605	0.25377045955954686	0.26594722075181154
3.7367446837562213	0.9566848967482926	0.2537718245293682	0.26594722075181154
3.7434367662982933	0.9583831633277846	0.2537731918825513	0.26594722075181154
3.750128848840365	0.9600814390673788	0.253774561619136	0.26594722075181154
3.7568209313824372	0.9617797239830181	0.25377593373916196	0.26594722075181154
3.763513013924509	0.9634780180906453	0.253777308242669	0.26594722075181154
3.7702050964665808	0.965176321406203	0.25377868512969687	0.26594722075181154
3.7768971790086527	0.9668746339456342	0.2537800644002853	0.26594722075181154
3.7835892615507247	0.9685729557248814	0.253781446054474	0.26594722075181154
3.7902813440927963	0.9702712867598872	0.2537828300923028	0.26594722075181154
3.7969734266348683	0.9719696270665945	0.25378421651381144	0.26594722075181154
3.8036655091769402	0.9736679766609462	0.25378560531903965	0.26594722075181154
3.810357591719012	0.9753663355588846	0.25378699650802716	0.26594722075181154
3.8170496742610838	0.9770647037763529	0.2537883900808138	0.26594722075181154
3.8237417568031558	0.9787630813292937	0.25378978603743924	0.26594722075181154
3.8304338393452273	0.9804614682336495	0.25379118437794324	0.26594722075181154
3.8371259218872993	0.9821598645053631	0.25379258510236563	0.26594722075181154
3.8438180044293713	0.9838582701603775	0.25379398821074606	0.26594722075181154
3.850510086971443	0.9855566852146351	0.2537953937031244	0.26594722075181154
3.857202169513515	0.9872551096840789	0.2537968015795402	0.26594722075181154
3.8638942520555872	0.9889535435846516	0.2537982118400335	0.26594722075181154
3.8705863345976588	0.9906519869322956	0.25379962448464377	0.26594722075181154
3.8772784171397308	0.992350439742954	0.25380103951341093	0.26594722075181154
3.8839704996818023	0.9940489020325695	0.2538024569263747	0.26594722075181154
3.8906625822238743	0.9957473738170846	0.25380387672357485	0.26594722075181154
3.8973546647659463	0.9974458551124422	0.25380529890505105	0.26594722075181154
3.904046747308018	0.9991443459345849	0.25380672347084315	0.26594722075181154
3.91073882985009	1.0008428462994556	0.2538081504209908	0.26594722075181154
3.917430912392162	1.002541356222997	0.25380957975553387	0.26594722075181154
3.9241229949342333	1.0042398757211517	0.25381101147451207	0.26594722075181154
3.9308150774763053	1.005938404809863	0.25381244557796506	0.26594722075181154
3.9375071600183773	1.0076369435050725	0.25381388206593275	0.26594722075181154
3.944199242560449	1.009335491822724	0.25381532093845477	0.26594722075181154
3.950891325102521	1.0110340497787598	0.2538167621955709	0.26594722075181154
3.957583407644593	1.0127326173891225	0.2538182058373209	0.26594722075181154
3.9642754901866644	1.014431194669755	0.25381965186374456	0.26594722075181154
3.9709675727287364	1.0161297816366002	0.2538211002748816	0.26594722075181154
3.977659655270809	1.0178283783056004	0.25382255107077173	0.26594722075181154
3.9843517378128803	1.0195269846926984	0.2538240042514548	0.26594722075181154
3.9910438203549523	1.0212256008138376	0.2538254598169704	0.26594722075181154
3.9977359028970243	1.0229242266849603	0.2538269177673585	0.26594722075181154
4.004427985439095	1.0246228623220088	0.2538283781026587	0.26594722075181154
4.011120067981167	1.026321507740926	0.25382984082291077	0.26594722075181154
4.017812150523239	1.0280201629576555	0.2538313059281545	0.26594722075181154
4.024504233065311	1.0297188279881393	0.25383277341842964	0.26594722075181154
4.031196315607383	1.0314175028483195	0.2538342432937759	0.26594722075181154
4.037888398149455	1.03311618755414	0.2538357155542331	0.26594722075181154
4.044580480691527	1.034814882121543	0.2538371901998409	0.26594722075181154
4.051272563233599	1.0365135865664716	0.25383866723063914	0.26594722075181154
4.057964645775671	1.0382123009048678	0.25384014664666754	0.26594722075181154
4.064656728317742	1.0399110251526746	0.2538416284479659	0.26594722075181154
4.071348810859815	1.0416097593258358	0.2538431126345738	0.26594722075181154
4.078040893401886	1.0433085034402922	0.2538445992065312	0.26594722075181154
4.084732975943958	1.0450072575119882	0.2538460881638777	0.26594722075181154
4.09142505848603	1.0467060215568658	0.2538475795066532	0.26594722075181154
4.098117141028101	1.0484047955908675	0.2538490732348973	0.26594722075181154
4.104809223570174	1.0501035796299367	0.25385056934864986	0.26594722075181154
4.111501306112245	1.0518023736900153	0.2538520678479506	0.26594722075181154
4.118193388654317	1.0535011777870469	0.25385356873283926	0.26594722075181154
4.124885471196389	1.055199991936974	0.25385507200335555	0.26594722075181154
4.131577553738461	1.0568988161557389	0.25385657765953934	0.26594722075181154
4.138269636280533	1.058597650459285	0.25385808570143026	0.26594722075181154
4.1449617188226044	1.0602964948635538	0.25385959612906817	0.26594722075181154
4.151653801364677	1.0619953493844896	0.25386110894249275	0.26594722075181154
4.158345883906748	1.0636942140380339	0.2538626241417437	0.26594722075181154
4.16503796644882	1.0653930888401302	0.25386414172686095	0.26594722075181154
4.171730048990892	1.0670919738067213	0.25386566169788405	0.26594722075181154
4.1784221315329635	1.0687908689537489	0.2538671840548529	0.26594722075181154
4.185114214075036	1.070489774297157	0.2538687087978072	0.26594722075181154
4.1918062966171075	1.0721886898528874	0.2538702359267867	0.26594722075181154
4.1984983791591794	1.0738876156368835	0.2538717654418311	0.26594722075181154
4.205190461701251	1.0755865516650875	0.25387329734298025	0.26594722075181154
4.2118825442433225	1.0772854979534423	0.25387483163027386	0.26594722075181154
4.218574626785395	1.078984454517891	0.25387636830375165	0.26594722075181154
4.2252667093274665	1.080683421374376	0.25387790736345345	0.26594722075181154
4.2319587918695385	1.0823823985388397	0.25387944880941893	0.26594722075181154
4.2386508744116105	1.0840813860272256	0.2538809926416879	0.26594722075181154
4.245342956953683	1.0857803838554756	0.25388253886030004	0.26594722075181154
4.252035039495755	1.087479392039533	0.25388408746529517	0.26594722075181154
4.258727122037826	1.0891784105953404	0.253885638456713	0.26594722075181154
4.265419204579899	1.0908774395388408	0.25388719183459335	0.26594722075181154
4.27211128712197	1.092576478885976	0.25388874759897595	0.26594722075181154
4.278803369664042	1.0942755286526897	0.25389030574990046	0.26594722075181154
4.285495452206114	1.0959745888549244	0.25389186628740673	0.26594722075181154
4.2921875347481855	1.0976736595086223	0.25389342921153446	0.26594722075181154
4.298879617290258	1.0993727406297271	0.25389499452232345	0.26594722075181154
4.3055716998323295	1.1010718322341808	0.25389656221981344	0.26594722075181154
4.312263782374401	1.1027709343379264	0.2538981323040442	0.26594722075181154
4.318955864916473	1.1044700469569064	0.25389970477505536	0.26594722075181154
4.3256479474585445	1.1061691701070635	0.25390127963288683	0.26594722075181154
4.332340030000617	1.1078683038043413	0.25390285687757824	0.26594722075181154
4.3390321125426885	1.109567448064681	0.25390443650916944	0.26594722075181154
4.3457241950847605	1.1112666029040268	0.2539060185277001	0.26594722075181154
4.3524162776268325	1.112965768338321	0.2539076029332101	0.26594722075181154
4.3591083601689045	1.1146649443835055	0.253909189725739	0.26594722075181154
4.3658004427109764	1.1163641310555241	0.25391077890532676	0.26594722075181154
4.3724925252530475	1.1180633283703187	0.2539123704720129	0.26594722075181154
4.37918460779512	1.1197625363438333	0.2539139644258374	0.26594722075181154
4.3858766903371915	1.121461754992009	0.2539155607668399	0.26594722075181154
4.3925687728792635	1.1231609843307895	0.25391715949506016	0.26594722075181154
4.3992608554213355	1.1248602243761174	0.2539187606105379	0.26594722075181154
4.405952937963407	1.1265594751439352	0.253920364113313	0.26594722075181154
4.4126450205054795	1.1282587366501862	0.25392197000342503	0.26594722075181154
4.419337103047551	1.1299580089108123	0.2539235782809139	0.26594722075181154
4.4260291855896225	1.1316572919417567	0.2539251889458193	0.26594722075181154
4.4327212681316945	1.1333565857589623	0.2539268019981809	0.26594722075181154
4.439413350673766	1.1350558903783714	0.25392841743803857	0.26594722075181154
4.4461054332158385	1.1367552058159274	0.253930035265432	0.26594722075181154
4.45279751575791	1.138454532087572	0.25393165548040103	0.26594722075181154
4.4594895982999825	1.140153869209249	0.2539332780829853	0.26594722075181154
4.4661816808420545	1.1418532171969005	0.25393490307322464	0.26594722075181154
4.4728737633841265	1.1435525760664695	0.2539365304511587	0.26594722075181154
4.479565845926198	1.1452519458338983	0.25393816021682736	0.26594722075181154
4.4862579284682695	1.14695132651513	0.2539397923702703	0.26594722075181154
4.492950011010342	1.1486507181261079	0.2539414269115273	0.26594722075181154
4.4996420935524135	1.1503501206827735	0.25394306384063814	0.26594722075181154
4.5063341760944855	1.1520495342010701	0.25394470315764245	0.26594722075181154
4.5130262586365575	1.1537489586969407	0.2539463448625801	0.26594722075181154
4.519718341178629	1.1554483941863276	0.25394798895549087	0.26594722075181154
4.5264104237207015	1.157147840685174	0.25394963543641436	0.26594722075181154
4.533102506262773	1.1588472982094222	0.25395128430539043	0.26594722075181154
4.5397945888048445	1.1605467667750151	0.25395293556245885	0.26594722075181154
4.5464866713469165	1.1622462463978958	0.2539545892076593	0.26594722075181154
4.5531787538889885	1.1639457370940063	0.25395624524103155	0.26594722075181154
4.5598708364310605	1.1656452388792897	0.25395790366261545	0.26594722075181154
4.566562918973132	1.1673447517696887	0.2539595644724506	0.26594722075181154
4.573255001515204	1.1690442757811463	0.25396122767057683	0.26594722075181154
4.579947084057276	1.1707438109296047	0.2539628932570339	0.26594722075181154
4.586639166599348	1.1724433572310073	0.25396456123186156	0.26594722075181154
4.5933312491414195	1.1741429147012963	0.2539662315950995	0.26594722075181154
4.600023331683491	1.1758424833564143	0.25396790434678757	0.26594722075181154
4.6067154142255635	1.1775420632123046	0.25396957948696547	0.26594722075181154
4.613407496767635	1.1792416542849093	0.25397125701567297	0.26594722075181154
4.620099579309707	1.180941256590172	0.2539729369329498	0.26594722075181154
4.626791661851779	1.1826408701440347	0.2539746192388357	0.26594722075181154
4.63348374439385	1.18434049496244	0.25397630393337045	0.26594722075181154
4.640175826935923	1.1860401310613313	0.2539779910165938	0.26594722075181154
4.646867909477994	1.187739778456651	0.2539796804885455	0.26594722075181154
4.653559992020066	1.1894394371643418	0.2539813723492653	0.26594722075181154
4.660252074562138	1.1911391072003465	0.253983066598793	0.26594722075181154
4.66694415710421	1.192838788580608	0.25398476323716823	0.26594722075181154
4.673636239646282	1.1945384813210687	0.25398646226443083	0.26594722075181154
4.680328322188354	1.1962381854376711	0.25398816368062055	0.26594722075181154
4.6870204047304265	1.1979379009463589	0.2539898674857772	0.26594722075181154
4.693712487272498	1.1996376278630736	0.25399157367994035	0.26594722075181154
4.7004045698145696	1.201337366203759	0.25399328226314993	0.26594722075181154
4.7070966523566415	1.2030371159843574	0.2539949932354456	0.26594722075181154
4.713788734898713	1.2047368772208111	0.25399670659686713	0.26594722075181154
4.7204808174407855	1.206436649929064	0.2539984223474543	0.26594722075181154
4.727172899982857	1.2081364341250573	0.25400014048724684	0.26594722075181154
4.733864982524929	1.209836229824735	0.2540018610162845	0.26594722075181154
4.740557065067001	1.2115360370440391	0.2540035839346071	0.26594722075181154
4.747249147609072	1.2132358557989127	0.2540053092422543	0.26594722075181154
4.753941230151145	1.2149356861052985	0.25400703693926585	0.26594722075181154
4.760633312693216	1.2166355279791388	0.25400876702568154	0.26594722075181154
4.767325395235288	1.2183353814363769	0.2540104995015411	0.26594722075181154
4.77401747777736	1.2200352464929556	0.25401223436688436	0.26594722075181154
4.780709560319432	1.2217351231648168	0.25401397162175093	0.26594722075181154
4.787401642861504	1.2234350114679042	0.2540157112661807	0.26594722075181154
4.794093725403575	1.2251349114181598	0.25401745330021336	0.26594722075181154
4.800785807945648	1.2268348230315267	0.2540191977238887	0.26594722075181154
4.807477890487719	1.2285347463239478	0.2540209445372464	0.26594722075181154
4.814169973029791	1.2302346813113654	0.2540226937403262	0.26594722075181154
4.820862055571863	1.2319346280097223	0.254024445333168	0.26594722075181154
4.827554138113934	1.2336345864349614	0.2540261993158114	0.26594722075181154
4.834246220656007	1.2353345573487584	0.254027955795012	0.26594722075181154
4.840938303198078	1.2370345401014606	0.2540297146756181	0.26594722075181154
4.84763038574015	1.2387345346171448	0.25403147594453074	0.26594722075181154
4.854322468282222	1.2404345409119253	0.25403323960181873	0.26594722075181154
4.861014550824293	1.2421345590019155	0.2540350056475508	0.26594722075181154
4.867706633366366	1.2438345889032307	0.2540367740817958	0.26594722075181154
4.874398715908437	1.245534630631984	0.2540385449046224	0.26594722075181154
4.881090798450509	1.24723468420429	0.2540403181160995	0.26594722075181154
4.887782880992581	1.2489347496362628	0.25404209371629577	0.26594722075181154
4.894474963534654	1.2506348269440166	0.25404387170528	0.26594722075181154
4.901167046076726	1.2523349161436652	0.25404565208312097	0.26594722075181154
4.907859128618797	1.2540350172513226	0.2540474348498875	0.26594722075181154
4.91455121116087	1.2557351302831037	0.2540492200056483	0.26594722075181154
4.921243293702941	1.2574352552551216	0.2540510075504722	0.26594722075181154
4.927935376245013	1.2591353921834911	0.25405279748442794	0.26594722075181154
4.934627458787085	1.2608355410843264	0.25405458980758433	0.26594722075181154
4.941319541329156	1.262535701973741	0.2540563845200101	0.26594722075181154
4.948011623871229	1.26423587486785	0.25405818162177407	0.26594722075181154
4.9547037064133	1.2659360597827662	0.254059981112945	0.26594722075181154
4.961395788955372	1.2676362567346047	0.25406178299359156	0.26594722075181154
4.968087871497444	1.2693364657394794	0.2540635872637827	0.26594722075181154
4.974779954039516	1.2710366868135043	0.2540653939235871	0.26594722075181154
4.981472036581588	1.2727369199727938	0.25406720297307356	0.26594722075181154
4.988164119123659	1.2744371652334614	0.2540690144123109	0.26594722075181154
4.994856201665731	1.276137422611622	0.25407082824136773	0.26594722075181154
5.001548284207803	1.2778376921233894	0.254072644460313	0.26594722075181154
5.008240366749875	1.2795379737848773	0.25407446306921544	0.26594722075181154
5.014932449291947	1.2812382676122005	0.25407628406814375	0.26594722075181154
5.021624531834018	1.2829385736214725	0.2540781074571668	0.26594722075181154
5.028316614376091	1.284638891828808	0.2540799332363533	0.26594722075181154
5.035008696918162	1.2863392222503207	0.2540817614057721	0.26594722075181154
5.041700779460234	1.288039564902125	0.25408359196549185	0.26594722075181154
5.048392862002306	1.2897399198003348	0.25408542491558145	0.26594722075181154
5.055084944544377	1.2914402869610642	0.2540872602561096	0.26594722075181154
5.06177702708645	1.2931406664004277	0.25408909798714513	0.26594722075181154
5.068469109628521	1.2948410581345386	0.25409093810875677	0.26594722075181154
5.075161192170593	1.2965414621795122	0.2540927806210133	0.26594722075181154
5.081853274712665	1.2982418785514616	0.25409462552398354	0.26594722075181154
5.088545357254737	1.2999423072665015	0.25409647281773623	0.26594722075181154
5.095237439796809	1.3016427483407458	0.2540983225023401	0.26594722075181154
5.10192952233888	1.3033432017903082	0.254100174577864	0.26594722075181154
5.108621604880954	1.305043667631304	0.2541020290443766	0.26594722075181154
5.115313687423025	1.3067441458798459	0.2541038859019469	0.26594722075181154
5.122005769965097	1.308444636552049	0.2541057451506434	0.26594722075181154
5.128697852507169	1.3101451396640271	0.254107606790535	0.26594722075181154
5.13538993504924	1.311845655231894	0.25410947082169055	0.26594722075181154
5.142082017591313	1.3135461832717648	0.25411133724417867	0.26594722075181154
5.148774100133384	1.3152467237997525	0.25411320605806825	0.26594722075181154
5.155466182675456	1.3169472768319719	0.254115077263428	0.26594722075181154
5.162158265217528	1.3186478423845367	0.2541169508603268	0.26594722075181154
5.168850347759599	1.3203484204735612	0.2541188268488333	0.26594722075181154
5.175542430301672	1.32204901111516	0.2541207052290163	0.26594722075181154
5.182234512843743	1.3237496143254461	0.2541225860009446	0.26594722075181154
5.188926595385815	1.3254502301205349	0.254124469164687	0.26594722075181154
5.195618677927887	1.3271508585165397	0.25412635472031225	0.26594722075181154
5.202310760469959	1.3288514995295748	0.25412824266788914	0.26594722075181154
5.209002843012031	1.3305521531757543	0.2541301330074864	0.26594722075181154
5.215694925554102	1.3322528194711922	0.2541320257391728	0.26594722075181154
5.222387008096175	1.3339534984320032	0.2541339208630172	0.26594722075181154
5.229079090638246	1.3356541900743006	0.25413581837908833	0.26594722075181154
5.235771173180318	1.337354894414199	0.2541377182874549	0.26594722075181154
5.24246325572239	1.3390556114678127	0.2541396205881858	0.26594722075181154
5.249155338264461	1.340756341251255	0.2541415252813497	0.26594722075181154
5.255847420806534	1.3424570837806415	0.2541434323670155	0.26594722075181154
5.262539503348605	1.3441578390720845	0.2541453418452518	0.26594722075181154
5.269231585890677	1.3458586071416996	0.2541472537161275	0.26594722075181154
5.275923668432749	1.3475593880056	0.2541491679797114	0.26594722075181154
5.28261575097482	1.3492601816799001	0.25415108463607217	0.26594722075181154
5.289307833516893	1.3509609881807145	0.2541530036852786	0.26594722075181154
5.295999916058964	1.3526618075241565	0.25415492512739957	0.26594722075181154
5.302691998601036	1.3543626397263409	0.2541568489625038	0.26594722075181154
5.309384081143108	1.3560634848033812	0.25415877519066	0.26594722075181154
5.31607616368518	1.3577643427713924	0.254160703811937	0.26594722075181154
5.322768246227252	1.3594652136464875	0.25416263482640356	0.26594722075181154
5.329460328769324	1.3611660974447812	0.2541645682341285	0.26594722075181154
5.336152411311397	1.362866994182388	0.25416650403518054	0.26594722075181154
5.342844493853468	1.3645679038754215	0.2541684422296285	0.26594722075181154
5.34953657639554	1.3662688265399958	0.2541703828175411	0.26594722075181154
5.356228658937612	1.3679697621922253	0.25417232579898713	0.26594722075181154
5.362920741479683	1.3696707108482238	0.25417427117403546	0.26594722075181154
5.369612824021756	1.371371672524106	0.2541762189427547	0.26594722075181154
5.376304906563827	1.373072647235985	0.25417816910521374	0.26594722075181154
5.3829969891059	1.3747736349999764	0.25418012166148135	0.26594722075181154
5.389689071647971	1.3764746358321929	0.25418207661162623	0.26594722075181154
5.396381154190042	1.378175649748749	0.25418403395571726	0.26594722075181154
5.403073236732115	1.3798766767657595	0.2541859936938231	0.26594722075181154
5.409765319274186	1.3815777168993375	0.25418795582601267	0.26594722075181154
5.416457401816259	1.3832787701655982	0.2541899203523546	0.26594722075181154
5.42314948435833	1.3849798365806547	0.2541918872729177	0.26594722075181154
5.429841566900401	1.3866809161606217	0.25419385658777083	0.26594722075181154
5.436533649442474	1.3883820089216135	0.2541958282969827	0.26594722075181154
5.443225731984545	1.3900831148797435	0.254197802400622	0.26594722075181154
5.449917814526618	1.3917842340511266	0.25419977889875767	0.26594722075181154
5.456609897068689	1.3934853664518763	0.2542017577914584	0.26594722075181154
5.46330197961076	1.3951865120981068	0.25420373907879296	0.26594722075181154
5.469994062152833	1.396887671005933	0.25420572276083014	0.26594722075181154
5.476686144694904	1.3985888431914677	0.25420770883763877	0.26594722075181154
5.483378227236977	1.4002900286708264	0.2542096973092875	0.26594722075181154
5.490070309779048	1.401991227460122	0.2542116881758452	0.26594722075181154
5.496762392321121	1.4036924395754697	0.2542136814373806	0.26594722075181154
5.503454474863192	1.4053936650329828	0.25421567709396253	0.26594722075181154
5.510146557405263	1.4070949038487754	0.2542176751456597	0.26594722075181154
5.516838639947336	1.4087961560389626	0.2542196755925409	0.26594722075181154
5.523530722489407	1.4104974216196573	0.2542216784346749	0.26594722075181154
5.53022280503148	1.4121987006069747	0.25422368367213055	0.26594722075181154
5.536914887573551	1.4138999930170277	0.2542256913049766	0.26594722075181154
5.543606970115623	1.4156012988659314	0.2542277013332817	0.26594722075181154
5.550299052657696	1.4173026181697999	0.25422971375711473	0.26594722075181154
5.556991135199767	1.4190039509447467	0.25423172857654447	0.26594722075181154
5.56368321774184	1.4207052972068865	0.2542337457916397	0.26594722075181154
5.570375300283911	1.422406656972333	0.25423576540246917	0.26594722075181154
5.577067382825984	1.424108030257201	0.25423778740910163	0.26594722075181154
5.583759465368055	1.4258094170776034	0.2542398118116059	0.26594722075181154
5.590451547910126	1.4275108174496551	0.25424183861005073	0.26594722075181154
5.597143630452199	1.4292122313894708	0.25424386780450486	0.26594722075181154
5.60383571299427	1.4309136589131635	0.25424589939503717	0.26594722075181154
5.610527795536343	1.432615100036848	0.25424793338171636	0.26594722075181154
5.617219878078414	1.4343165547766379	0.25424996976461123	0.26594722075181154
5.623911960620485	1.4360180231486477	0.2542520085437905	0.26594722075181154
5.630604043162558	1.437719505168992	0.25425404971932297	0.26594722075181154
5.637296125704629	1.4394210008537835	0.25425609329127746	0.26594722075181154
5.643988208246702	1.441122510219138	0.25425813925972274	0.26594722075181154
5.650680290788773	1.4428240332811684	0.2542601876247276	0.26594722075181154
5.657372373330844	1.4445255700559891	0.2542622383863607	0.26594722075181154
5.664064455872917	1.4462271205597148	0.2542642915446909	0.26594722075181154
5.670756538414988	1.447928684808459	0.25426634709978696	0.26594722075181154
5.677448620957061	1.449630262818336	0.25426840505171766	0.26594722075181154
5.684140703499132	1.4513318546054597	0.2542704654005518	0.26594722075181154
5.690832786041205	1.453033460185945	0.2542725281463581	0.26594722075181154
5.697524868583276	1.4547350795759046	0.2542745932892054	0.26594722075181154
5.704216951125347	1.456436712791454	0.2542766608291624	0.26594722075181154
5.71090903366742	1.4581383598487068	0.254278730766298	0.26594722075181154
5.717601116209491	1.4598400207637767	0.2542808031006808	0.26594722075181154
5.724293198751564	1.461541695552779	0.2542828778323797	0.26594722075181154
5.730985281293635	1.4632433842318262	0.2542849549614634	0.26594722075181154
5.737677363835706	1.4649450868170335	0.2542870344880008	0.26594722075181154
5.744369446377779	1.4666468033245152	0.2542891164120605	0.26594722075181154
5.75106152891985	1.4683485337703845	0.25429120073371136	0.26594722075181154
5.757753611461923	1.4700502781707565	0.2542932874530222	0.26594722075181154
5.764445694003995	1.4717520365417445	0.2542953765700618	0.26594722075181154
5.771137776546066	1.4734538088994629	0.25429746808489884	0.26594722075181154
5.777829859088139	1.4751555952600262	0.2542995619976021	0.26594722075181154
5.78452194163021	1.4768573956395479	0.2543016583082405	0.26594722075181154
5.791214024172283	1.4785592100541427	0.2543037570168826	0.26594722075181154
5.797906106714354	1.4802610385199242	0.2543058581235974	0.26594722075181154
5.804598189256427	1.481962881053007	0.2543079616284535	0.26594722075181154
5.811290271798498	1.4836647376695047	0.25431006753151975	0.26594722075181154
5.817982354340569	1.4853666083855317	0.2543121758328649	0.26594722075181154
5.824674436882642	1.4870684932172025	0.2543142865325578	0.26594722075181154
5.831366519424713	1.4887703921806303	0.25431639963066704	0.26594722075181154
5.838058601966786	1.4904723052919304	0.2543185151272616	0.26594722075181154
5.844750684508857	1.4921742325672156	0.2543206330224102	0.26594722075181154
5.851442767050928	1.493876174022601	0.25432275331618154	0.26594722075181154
5.858134849593001	1.4955781296742006	0.25432487600864445	0.26594722075181154
5.864826932135072	1.497280099538128	0.25432700109986767	0.26594722075181154
5.871519014677145	1.498982083630498	0.2543291285899201	0.26594722075181154
5.878211097219216	1.5006840819674239	0.2543312584788703	0.26594722075181154
5.884903179761287	1.5023860945650203	0.25433339076678724	0.26594722075181154
5.89159526230336	1.504088121439402	0.25433552545373955	0.26594722075181154
5.898287344845431	1.5057901626066816	0.2543376625397961	0.26594722075181154
5.904979427387504	1.5074922180829748	0.25433980202502565	0.26594722075181154
5.911671509929575	1.5091942878843945	0.254341943909497	0.26594722075181154
5.918363592471648	1.5108963720270556	0.25434408819327886	0.26594722075181154
5.925055675013719	1.5125984705270714	0.25434623487644	0.26594722075181154
5.93174775755579	1.5143005834005567	0.25434838395904924	0.26594722075181154
5.938439840097863	1.5160027106636258	0.25435053544117536	0.26594722075181154
5.945131922639934	1.517704852332392	0.25435268932288707	0.26594722075181154
5.951824005182007	1.5194070084229703	0.25435484560425325	0.26594722075181154
5.958516087724078	1.5211091789514741	0.2543570042853426	0.26594722075181154
5.965208170266149	1.5228113639340177	0.2543591653662239	0.26594722075181154
5.971900252808222	1.5245135633867157	0.25436132884696594	0.26594722075181154
5.978592335350294	1.5262157773256817	0.2543634947276375	0.26594722075181154
5.985284417892367	1.52791800576703	0.2543656630083073	0.26594722075181154
5.991976500434438	1.5296202487268746	0.2543678336890442	0.26594722075181154
5.998668582976511	1.53132250622133	0.2543700067699169	0.26594722075181154
6.005360665518582	1.5330247782665098	0.2543721822509942	0.26594722075181154
6.012052748060653	1.5347270648785283	0.254374360132345	0.26594722075181154
6.018744830602726	1.5364293660735	0.25437654041403784	0.26594722075181154
6.025436913144797	1.5381316818675383	0.2543787230961417	0.26594722075181154
6.03212899568687	1.5398340122767582	0.2543809081787252	0.26594722075181154
6.038821078228941	1.5415363573172727	0.25438309566185724	0.26594722075181154
6.045513160771012	1.5432387170051967	0.2543852855456065	0.26594722075181154
6.052205243313085	1.5449410913566446	0.2543874778300418	0.26594722075181154
6.058897325855156	1.5466434803877296	0.2543896725152319	0.26594722075181154
6.065589408397229	1.5483458841145668	0.2543918696012456	0.26594722075181154
6.0722814909393	1.5500483025532694	0.2543940690881517	0.26594722075181154
6.078973573481371	1.5517507357199518	0.25439627097601886	0.26594722075181154
6.085665656023444	1.553453183630729	0.254398475264916	0.26594722075181154
6.092357738565515	1.5551556463017138	0.2544006819549118	0.26594722075181154
6.099049821107588	1.5568581237490213	0.254402891046075	0.26594722075181154
6.105741903649659	1.5585606159887648	0.2544051025384745	0.26594722075181154
6.112433986191732	1.5602631230370592	0.254407316432179	0.26594722075181154
6.119126068733803	1.561965644910018	0.25440953272725725	0.26594722075181154
6.125818151275874	1.5636681816237554	0.2544117514237781	0.26594722075181154
6.132510233817947	1.5653707331943862	0.25441397252181025	0.26594722075181154
6.139202316360018	1.5670732996380239	0.2544161960214225	0.26594722075181154
6.145894398902091	1.5687758809707826	0.25441842192268366	0.26594722075181154
6.152586481444162	1.5704784772087765	0.2544206502256625	0.26594722075181154
6.159278563986233	1.5721810883681198	0.25442288093042775	0.26594722075181154
6.165970646528306	1.573883714464927	0.2544251140370482	0.26594722075181154
6.172662729070377	1.5755863555153111	0.25442734954559265	0.26594722075181154
6.17935481161245	1.5772890115353877	0.2544295874561298	0.26594722075181154
6.186046894154521	1.5789916825412695	0.2544318277687285	0.26594722075181154
6.192738976696593	1.5806943685490715	0.25443407048345756	0.26594722075181154
6.199431059238666	1.5823970695749079	0.2544363156003857	0.26594722075181154
6.206123141780737	1.584099785634892	0.2544385631195817	0.26594722075181154
6.21281522432281	1.585802516745139	0.25444081304111427	0.26594722075181154
6.219507306864881	1.587505262921762	0.2544430653650523	0.26594722075181154
6.226199389406954	1.5892080241808761	0.2544453200914645	0.26594722075181154
6.232891471949025	1.5909108005385941	0.2544475772204196	0.26594722075181154
6.239583554491096	1.5926135920110314	0.2544498367519865	0.26594722075181154
6.246275637033169	1.5943163986143016	0.2544520986862339	0.26594722075181154
6.25296771957524	1.5960192203645187	0.2544543630232306	0.26594722075181154
6.259659802117313	1.5977220572777973	0.2544566297630453	0.26594722075181154
6.266351884659384	1.5994249093702508	0.25445889890574686	0.26594722075181154
6.273043967201455	1.6011277766579937	0.25446117045140404	0.26594722075181154
6.279736049743528	1.6028306591571406	0.25446344440008556	0.26594722075181154
6.286428132285599	1.6045335568838046	0.25446572075186025	0.26594722075181154
6.293120214827672	1.606236469854101	0.2544679995067969	0.26594722075181154
6.299812297369743	1.6079393980841425	0.25447028066496424	0.26594722075181154
6.306504379911814	1.6096423415900443	0.25447256422643105	0.26594722075181154
6.313196462453887	1.6113453003879206	0.25447485019126614	0.26594722075181154
6.319888544995958	1.6130482744938845	0.25447713855953824	0.26594722075181154
6.326580627538031	1.6147512639240515	0.2544794293313161	0.26594722075181154
6.333272710080102	1.6164542686945345	0.2544817225066686	0.26594722075181154
6.339964792622175	1.6181572888214484	0.2544840180856645	0.26594722075181154
6.346656875164246	1.6198603243209067	0.25448631606837246	0.26594722075181154
6.353348957706317	1.6215633752090237	0.2544886164548613	0.26594722075181154
6.36004104024839	1.6232664415019142	0.2544909192451999	0.26594722075181154
6.366733122790461	1.6249695232156913	0.25449322443945693	0.26594722075181154
6.373425205332534	1.6266726203664699	0.25449553203770114	0.26594722075181154
6.380117287874605	1.6283757329703636	0.2544978420400014	0.26594722075181154
6.386809370416676	1.6300788610434866	0.25450015444642643	0.26594722075181154
6.393501452958749	1.6317820046019538	0.254502469257045	0.26594722075181154
6.40019353550082	1.633485163661878	0.2545047864719259	0.26594722075181154
6.406885618042893	1.6351883382393744	0.2545071060911379	0.26594722075181154
6.413577700584965	1.6368915283505563	0.2545094281147498	0.26594722075181154
6.420269783127036	1.6385947340115383	0.25451175254283037	0.26594722075181154
6.426961865669109	1.640297955238435	0.25451407937544834	0.26594722075181154
6.43365394821118	1.6420011920473594	0.25451640861267255	0.26594722075181154
6.440346030753253	1.6437044444544266	0.2545187402545717	0.26594722075181154
6.447038113295324	1.6454077124757498	0.2545210743012146	0.26594722075181154
6.453730195837397	1.6471109961274442	0.25452341075267004	0.26594722075181154
6.460422278379468	1.6488142954256229	0.2545257496090068	0.26594722075181154
6.467114360921539	1.6505176103864005	0.2545280908702936	0.26594722075181154
6.473806443463612	1.6522209410258915	0.2545304345365993	0.26594722075181154
6.480498526005683	1.6539242873602091	0.25453278060799256	0.26594722075181154
6.487190608547756	1.6556276494054685	0.2545351290845423	0.26594722075181154
6.493882691089827	1.6573310271777826	0.25453747996631715	0.26594722075181154
6.500574773631898	1.6590344206932661	0.254539833253386	0.26594722075181154
6.507266856173971	1.660737829968034	0.2545421889458176	0.26594722075181154
6.513958938716042	1.6624412550181988	0.2545445470436806	0.26594722075181154
6.520651021258115	1.664144695859876	0.25454690754704395	0.26594722075181154
6.527343103800186	1.6658481525091788	0.25454927045597636	0.26594722075181154
6.534035186342259	1.667551624982222	0.25455163577054657	0.26594722075181154
6.54072726888433	1.6692551132951188	0.2545540034908234	0.26594722075181154
6.547419351426401	1.670958617463984	0.2545563736168756	0.26594722075181154
6.554111433968474	1.6726621375049322	0.254558746148772	0.26594722075181154
6.560803516510545	1.6743656734340764	0.25456112108658124	0.26594722075181154
6.567495599052618	1.6760692252675318	0.25456349843037224	0.26594722075181154
6.574187681594689	1.6777727930214112	0.2545658781802137	0.26594722075181154
6.5808797641367605	1.6794763767118297	0.2545682603361744	0.26594722075181154
6.587571846678833	1.6811799763549016	0.25457064489832315	0.26594722075181154
6.594263929220904	1.6828835919667404	0.2545730318667287	0.26594722075181154
6.600956011762977	1.6845872235634607	0.25457542124145977	0.26594722075181154
6.607648094305048	1.6862908711611757	0.25457781302258525	0.26594722075181154
6.6143401768471195	1.6879945347760006	0.2545802072101738	0.26594722075181154
6.621032259389192	1.6896982144240493	0.2545826038042943	0.26594722075181154
6.627724341931264	1.6914019101214355	0.2545850028050155	0.26594722075181154
6.634416424473337	1.693105621884274	0.2545874042124061	0.26594722075181154
6.641108507015408	1.6948093497286778	0.25458980802653497	0.26594722075181154
6.647800589557481	1.6965130936707622	0.2545922142474708	0.26594722075181154
6.654492672099552	1.6982168537266402	0.2545946228752824	0.26594722075181154
6.661184754641623	1.6999206299124268	0.2545970339100386	0.26594722075181154
6.667876837183696	1.7016244222442363	0.25459944735180806	0.26594722075181154
6.674568919725767	1.7033282307381816	0.25460186320065964	0.26594722075181154
6.68126100226784	1.7050320554103784	0.25460428145666214	0.26594722075181154
6.687953084809911	1.7067358962769394	0.25460670211988423	0.26594722075181154
6.6946451673519825	1.7084397533539792	0.25460912519039475	0.26594722075181154
6.701337249894055	1.7101436266576127	0.2546115506682625	0.26594722075181154
6.708029332436126	1.7118475162039528	0.2546139785535562	0.26594722075181154
6.714721414978199	1.7135514220091146	0.2546164088463447	0.26594722075181154
6.72141349752027	1.7152553440892113	0.2546188415466967	0.26594722075181154
6.7281055800623415	1.7169592824603577	0.254621276654681	0.26594722075181154
6.734797662604414	1.718663237138668	0.25462371417036633	0.26594722075181154
6.7414897451464855	1.7203672081402557	0.25462615409382156	0.26594722075181154
6.748181827688558	1.7220711954812358	0.25462859642511537	0.26594722075181154
6.754873910230629	1.7237751991777213	0.2546310411643166	0.26594722075181154
6.761565992772702	1.7254792192458273	0.254633488311494	0.26594722075181154
6.768258075314773	1.727183255701667	0.25463593786671634	0.26594722075181154
6.7749501578568445	1.7288873085613554	0.25463838983005244	0.26594722075181154
6.781642240398917	1.7305913778410067	0.254640844201571	0.26594722075181154
6.7883343229409885	1.732295463556734	0.25464330098134086	0.26594722075181154
6.795026405483061	1.7339995657246525	0.25464576016943075	0.26594722075181154
6.8017184880251325	1.7357036843608753	0.25464822176590945	0.26594722075181154
6.808410570567204	1.737407819481517	0.2546506857708458	0.26594722075181154
6.815102653109276	1.7391119711026923	0.2546531521843085	0.26594722075181154
6.8217947356513475	1.7408161392405144	0.2546556210063663	0.26594722075181154
6.82848681819342	1.7425203239110982	0.2546580922370881	0.26594722075181154
6.8351789007354915	1.7442245251305568	0.2546605658765425	0.26594722075181154
6.841870983277563	1.7459287429150052	0.25466304192479844	0.26594722075181154
6.848563065819636	1.7476329772805577	0.25466552038192464	0.26594722075181154
6.8552551483617075	1.7493372282433275	0.25466800124798983	0.26594722075181154
6.86194723090378	1.7510414958194298	0.25467048452306285	0.26594722075181154
6.868639313445851	1.752745780024977	0.2546729702072124	0.26594722075181154
6.875331395987924	1.7544500808760854	0.2546754583005073	0.26594722075181154
6.882023478529995	1.7561543983888677	0.25467794880301636	0.26594722075181154
6.8887155610720665	1.7578587325794381	0.2546804417148083	0.26594722075181154
6.895407643614139	1.7595630834639113	0.2546829370359519	0.26594722075181154
6.9020997261562105	1.761267451058401	0.25468543476651595	0.26594722075181154
6.908791808698283	1.7629718353790218	0.2546879349065692	0.26594722075181154
6.9154838912403545	1.7646762364418869	0.2546904374561805	0.26594722075181154
6.9221759737824256	1.766380654263111	0.2546929424154185	0.26594722075181154
6.928868056324498	1.7680850888588087	0.2546954497843521	0.26594722075181154
6.9355601388665695	1.769789540245093	0.25469795956305	0.26594722075181154
6.942252221408642	1.7714940084380792	0.254700471751581	0.26594722075181154
6.9489443039507135	1.7731984934538807	0.25470298635001387	0.26594722075181154
6.955636386492786	1.774902995308612	0.2547055033584174	0.26594722075181154
6.9623284690348575	1.7766075140183863	0.25470802277686033	0.26594722075181154
6.969020551576929	1.7783120495993185	0.2547105446054115	0.26594722075181154
6.975712634119001	1.7800166020675232	0.2547130688441396	0.26594722075181154
6.9824047166610725	1.7817211714391137	0.25471559549311346	0.26594722075181154
6.989096799203145	1.7834257577302044	0.2547181245524018	0.26594722075181154
6.9957888817452165	1.7851303609569091	0.25472065602207344	0.26594722075181154
7.002480964287288	1.7868349811353423	0.2547231899021972	0.26594722075181154
7.0091730468293605	1.7885396182816184	0.2547257261928418	0.26594722075181154
7.015865129371432	1.7902442724118508	0.25472826489407596	0.26594722075181154
7.0225572119135045	1.7919489435421543	0.2547308060059686	0.26594722075181154
7.029249294455576	1.7936536316886422	0.25473334952858834	0.26594722075181154
7.035941376997647	1.7953583368674293	0.25473589546200404	0.26594722075181154
7.0426334595397195	1.7970630590946297	0.25473844380628446	0.26594722075181154
7.049325542081791	1.7987677983863568	0.2547409945614984	0.26594722075181154
7.0560176246238635	1.8004725547587261	0.25474354772771457	0.26594722075181154
7.0627097071659355	1.8021773282278502	0.2547461033050018	0.26594722075181154
7.069401789708008	1.8038821188098444	0.2547486612934288	0.26594722075181154
7.0760938722500795	1.8055869265208218	0.2547512216930645	0.26594722075181154
7.082785954792151	1.8072917513768973	0.2547537845039775	0.26594722075181154
7.089478037334223	1.808996593394185	0.2547563497262367	0.26594722075181154
7.0961701198762945	1.8107014525887983	0.25475891735991074	0.26594722075181154
7.102862202418367	1.8124063289768522	0.2547614874050685	0.26594722075181154
7.1095542849604385	1.81411122257446	0.25476405986177875	0.26594722075181154
7.11624636750251	1.8158161333977363	0.25476663473011024	0.26594722075181154
7.1229384500445825	1.8175210614627955	0.2547692120101317	0.26594722075181154
7.129630532586654	1.819226006785751	0.254771791701912	0.26594722075181154
7.1363226151287265	1.8209309693827178	0.25477437380551987	0.26594722075181154
7.1430146976707976	1.822635949269809	0.2547769583210241	0.26594722075181154
7.149706780212869	1.8243409464631393	0.2547795452484934	0.26594722075181154
7.1563988627549415	1.826045960978823	0.2547821345879966	0.26594722075181154
7.163090945297013	1.8277509928329736	0.2547847263396025	0.26594722075181154
7.1697830278390855	1.829456042041706	0.2547873205033798	0.26594722075181154
7.176475110381157	1.8311611086211337	0.25478991707939735	0.26594722075181154
7.1831671929232295	1.8328661925873715	0.25479251606772385	0.26594722075181154
7.189859275465301	1.8345712939565322	0.25479511746842815	0.26594722075181154
7.196551358007372	1.836276412744731	0.254797721281579	0.26594722075181154
7.2032434405494445	1.8379815489680822	0.25480032750724513	0.26594722075181154
7.209935523091516	1.839686702642699	0.2548029361454954	0.26594722075181154
7.2166276056335885	1.8413918737846968	0.25480554719639853	0.26594722075181154
7.22331968817566	1.8430970624101881	0.25480816066002326	0.26594722075181154
7.230011770717731	1.844802268535288	0.2548107765364384	0.26594722075181154
7.236703853259804	1.8465074921761109	0.2548133948257128	0.26594722075181154
7.243395935801875	1.84821273334877	0.2548160155279151	0.26594722075181154
7.250088018343948	1.8499179920693805	0.2548186386431142	0.26594722075181154
7.256780100886019	1.8516232683540554	0.2548212641713788	0.26594722075181154
7.26347218342809	1.8533285622189095	0.2548238921127777	0.26594722075181154
7.270164265970163	1.855033873680057	0.2548265224673796	0.26594722075181154
7.276856348512235	1.8567392027536114	0.25482915523525335	0.26594722075181154
7.2835484310543075	1.8584445494556878	0.25483179041646775	0.26594722075181154
7.290240513596379	1.8601499138023994	0.2548344280110916	0.26594722075181154
7.2969325961384515	1.8618552958098609	0.2548370680191935	0.26594722075181154
7.303624678680523	1.8635606954941855	0.2548397104408424	0.26594722075181154
7.310316761222594	1.8652661128714882	0.254842355276107	0.26594722075181154
7.3170088437646665	1.8669715479578834	0.2548450025250561	0.26594722075181154
7.323700926306738	1.8686770007694842	0.25484765218775846	0.26594722075181154
7.3303930088488105	1.8703824713224058	0.25485030426428285	0.26594722075181154
7.337085091390882	1.8720879596327613	0.2548529587546981	0.26594722075181154
7.343777173932953	1.8737934657166653	0.2548556156590729	0.26594722075181154
7.350469256475026	1.8754989895902323	0.25485827497747604	0.26594722075181154
7.357161339017097	1.8772045312695755	0.25486093670997634	0.26594722075181154
7.3638534215591696	1.87891009077081	0.2548636008566426	0.26594722075181154
7.370545504101241	1.8806156681100492	0.2548662674175435	0.26594722075181154
7.3772375866433135	1.8823212633034079	0.2548689363927479	0.26594722075181154
7.383929669185385	1.8840268763669994	0.2548716077823245	0.26594722075181154
7.390621751727456	1.885732507316938	0.2548742815863421	0.26594722075181154
7.397313834269529	1.8874381561693387	0.2548769578048695	0.26594722075181154
7.4040059168116	1.8891438229403144	0.2548796364379755	0.26594722075181154
7.410697999353673	1.8908495076459801	0.2548823174857288	0.26594722075181154
7.417390081895744	1.8925552103024494	0.25488500094819827	0.26594722075181154
7.424082164437815	1.8942609309258365	0.2548876868254526	0.26594722075181154
7.430774246979888	1.8959666695322561	0.2548903751175606	0.26594722075181154
7.437466329521959	1.8976724261378215	0.254893065824591	0.26594722075181154
7.444158412064032	1.8993782007586475	0.25489575894661265	0.26594722075181154
7.450850494606103	1.9010839934108474	0.25489845448369425	0.26594722075181154
7.457542577148174	1.902789804110536	0.25490115243590467	0.26594722075181154
7.464234659690247	1.9044956328738278	0.25490385280331257	0.26594722075181154
7.470926742232318	1.9062014797168354	0.2549065555859868	0.26594722075181154
7.477618824774391	1.9079073446556745	0.2549092607839961	0.26594722075181154
7.484310907316462	1.9096132277064584	0.2549119683974093	0.26594722075181154
7.4910029898585355	1.9113191288853018	0.25491467842629517	0.26594722075181154
7.497695072400607	1.913025048208318	0.2549173908707224	0.26594722075181154
7.504387154942678	1.9147309856916213	0.2549201057307598	0.26594722075181154
7.511079237484751	1.9164369413513267	0.2549228230064762	0.26594722075181154
7.517771320026822	1.9181429152035472	0.2549255426979403	0.26594722075181154
7.524463402568895	1.9198489072643978	0.25492826480522096	0.26594722075181154
7.531155485110966	1.921554917549992	0.25493098932838687	0.26594722075181154
7.537847567653037	1.9232609460764438	0.2549337162675068	0.26594722075181154
7.54453965019511	1.9249669928598685	0.25493644562264967	0.26594722075181154
7.551231732737181	1.9266730579163787	0.2549391773938841	0.26594722075181154
7.557923815279254	1.9283791412620896	0.2549419115812789	0.26594722075181154
7.564615897821325	1.9300852429131146	0.25494464818490287	0.26594722075181154
7.571307980363396	1.9317913628855683	0.2549473872048248	0.26594722075181154
7.578000062905469	1.9334975011955648	0.25495012864111344	0.26594722075181154
7.58469214544754	1.9352036578592178	0.2549528724938375	0.26594722075181154
7.591384227989613	1.936909832892642	0.2549556187630659	0.26594722075181154
7.598076310531684	1.938616026311951	0.2549583674488673	0.26594722075181154
7.604768393073757	1.9403222381332594	0.25496111855131054	0.26594722075181154
7.611460475615828	1.9420284683726807	0.25496387207046434	0.26594722075181154
7.618152558157899	1.9437347170463293	0.25496662800639747	0.26594722075181154
7.624844640699972	1.94544098417032	0.25496938635917876	0.26594722075181154
7.631536723242043	1.947147269760766	0.254972147128877	0.26594722075181154
7.638228805784116	1.9488535738337815	0.25497491031556085	0.26594722075181154
7.644920888326187	1.950559896405481	0.2549776759192992	0.26594722075181154
7.651612970868258	1.9522662374919784	0.2549804439401608	0.26594722075181154
7.658305053410331	1.9539725971093882	0.2549832143782144	0.26594722075181154
7.664997135952402	1.955678975273824	0.2549859872335288	0.26594722075181154
7.671689218494475	1.9573853720014003	0.2549887625061727	0.26594722075181154
7.678381301036546	1.9590917873082305	0.254991540196215	0.26594722075181154
7.685073383578617	1.9607982212104296	0.2549943203037244	0.26594722075181154
7.69176546612069	1.962504673724112	0.25499710282876964	0.26594722075181154
7.698457548662761	1.9642111448653905	0.2549998877714196	0.26594722075181154
7.705149631204834	1.9659176346503802	0.2550026751317429	0.26594722075181154
7.711841713746906	1.9676241430951946	0.2550054649098085	0.26594722075181154
7.718533796288979	1.9693306702159488	0.25500825710568503	0.26594722075181154
7.72522587883105	1.9710372160287557	0.2550110517194414	0.26594722075181154
7.731917961373121	1.97274378054973	0.2550138487511462	0.26594722075181154
7.738610043915194	1.9744503637949862	0.25501664820086833	0.26594722075181154
7.745302126457265	1.9761569657806377	0.2550194500686766	0.26594722075181154
7.751994208999338	1.9778635865227994	0.2550222543546397	0.26594722075181154
7.758686291541409	1.9795702260375847	0.2550250610588264	0.26594722075181154
7.76537837408348	1.9812768843411077	0.25502787018130557	0.26594722075181154
7.772070456625553	1.9829835614494835	0.2550306817221459	0.26594722075181154
7.778762539167624	1.984690257378825	0.25503349568141614	0.26594722075181154
7.785454621709697	1.9863969721452475	0.25503631205918514	0.26594722075181154
7.792146704251768	1.9881037057648636	0.25503913085552166	0.26594722075181154
7.798838786793839	1.9898104582537885	0.25504195207049446	0.26594722075181154
7.805530869335912	1.991517229628137	0.25504477570417233	0.26594722075181154
7.812222951877983	1.9932240199040212	0.255047601756624	0.26594722075181154
7.818915034420056	1.9949308290975571	0.2550504302279183	0.26594722075181154
7.825607116962127	1.9966376572248576	0.255053261118124	0.26594722075181154
7.8322991995042	1.9983445043020378	0.2550560944273098	0.26594722075181154
7.838991282046271	2.0000513703452105	0.2550589301555446	0.26594722075181154
7.845683364588342	2.001758255370491	0.25506176830289706	0.26594722075181154
7.852375447130415	2.0034651593939934	0.255064608869436	0.26594722075181154
7.859067529672486	2.0051720824318315	0.2550674518552302	0.26594722075181154
7.865759612214559	2.0068790245001193	0.25507029726034847	0.26594722075181154
7.87245169475663	2.008585985614971	0.2550731450848595	0.26594722075181154
7.879143777298701	2.0102929657925	0.25507599532883213	0.26594722075181154
7.885835859840774	2.011999965048822	0.2550788479923351	0.26594722075181154
7.892527942382845	2.0137069834000503	0.25508170307543726	0.26594722075181154
7.899220024924918	2.015414020862299	0.2550845605782073	0.26594722075181154
7.905912107466989	2.0171210774516815	0.255087420500714	0.26594722075181154
7.912604190009062	2.0188281531843133	0.25509028284302615	0.26594722075181154
7.919296272551133	2.0205352480763072	0.2550931476052125	0.26594722075181154
7.925988355093205	2.0222423621437784	0.2550960147873419	0.26594722075181154
7.932680437635278	2.0239494954028405	0.2550988843894831	0.26594722075181154
7.939372520177349	2.0256566478696074	0.2551017564117048	0.26594722075181154
7.946064602719422	2.027363819560194	0.25510463085407586	0.26594722075181154
7.952756685261493	2.029071010490714	0.255107507716665	0.26594722075181154
7.959448767803564	2.030778220677281	0.2551103869995411	0.26594722075181154
7.966140850345637	2.03248545013601	0.2551132687027728	0.26594722075181154
7.972832932887708	2.0341926988830146	0.2551161528264289	0.26594722075181154
7.979525015429781	2.035899966934409	0.2551190393705782	0.26594722075181154
7.986217097971852	2.037607254306307	0.25512192833528957	0.26594722075181154
7.992909180513923	2.039314561014823	0.2551248197206316	0.26594722075181154
7.999601263055996	2.041021887076072	0.25512771352667324	0.26594722075181154
8.006293345598067	2.042729232506167	0.2551306097534831	0.26594722075181154
8.012985428140139	2.044436597321222	0.25513350840113014	0.26594722075181154
8.019677510682211	2.0461439815373517	0.25513640946968297	0.26594722075181154
8.026369593224283	2.0478513851706706	0.25513931295921044	0.26594722075181154
8.033061675766355	2.0495588082372915	0.2551422188697813	0.26594722075181154
