x	chi	dchidx	s0
0.0005867601024331766	0.0	0.016378734370664873	0.016378734370664873
0.014193673800757771	0.00022285547789366542	0.0163769218756094	0.016378734370664873
0.027800587499082367	0.0004456635889870163	0.016371772204071215	0.016378734370664873
0.04140750119740696	0.000668378924607982	0.01636328535608077	0.016378734370664873
0.05501441489573156	0.0008909560760848119	0.016351461331633566	0.016378734370664873
0.06862132859405616	0.0011133496347455422	0.016336300130722486	0.016378734370664873
0.08222824229238075	0.0013355141919179918	0.016317801753338024	0.016378734370664873
0.09583515599070533	0.0015574043389297622	0.01629596619946825	0.016378734370664873
0.10944206968902993	0.0017789746671082384	0.016270793469098824	0.016378734370664873
0.12304898338735454	0.002000179767780588	0.016242283562212998	0.016378734370664873
0.13665589708567913	0.00222097423227376	0.01621043647879162	0.016378734370664873
0.15026281078400372	0.0024413126519144865	0.016175252218813115	0.016378734370664873
0.1638697244823283	0.0026611496180213383	0.0161367307823096	0.016378734370664873
0.1774766381806529	0.0028804397219071723	0.01609487216935433	0.016378734370664873
0.19108355187897752	0.00309913755490269	0.016049676379892283	0.016378734370664873
0.20469046557730214	0.00331719770833813	0.016001143413864362	0.016378734370664873
0.2182973792756267	0.0035345747735427155	0.015949273271211175	0.016378734370664873
0.2319042929739513	0.003751223341844657	0.01589406595187306	0.016378734370664873
0.2455112066722759	0.003967098004571148	0.01583552145579008	0.016378734370664873
0.2591181203706005	0.0041821533530483675	0.015773639782902023	0.016378734370664873
0.2727250340689251	0.00439634397860148	0.0157084209331484	0.016378734370664873
0.2863319477672497	0.004609624472554634	0.015639864906468442	0.016378734370664873
0.2999388614655743	0.0048219494262309644	0.015567971702801114	0.016378734370664873
0.3135457751638989	0.005033273430952593	0.015492741322085094	0.016378734370664873
0.3271526888622235	0.00524355107804062	0.01541417376425879	0.016378734370664873
0.34075960256054805	0.005452736958815137	0.015332269029260335	0.016378734370664873
0.35436651625887267	0.005660785664595221	0.015247027117027582	0.016378734370664873
0.36797342995719723	0.005867651786698928	0.015158448027498111	0.016378734370664873
0.38158034365552185	0.006073289916443304	0.015066531760609224	0.016378734370664873
0.3951872573538464	0.006277654645144381	0.01497127831629795	0.016378734370664873
0.4087941710521711	0.006480700564117174	0.01487268769450104	0.016378734370664873
0.42240108475049565	0.006682382264675681	0.01477075989515497	0.016378734370664873
0.4360079984488202	0.0068826543381328865	0.01466549491819594	0.016378734370664873
0.44961491214714483	0.007081471375800764	0.014556892763559872	0.016378734370664873
0.4632218258454694	0.007278787968990265	0.014444953431182413	0.016378734370664873
0.47682873954379407	0.007474558709011335	0.014329676920998936	0.016378734370664873
0.49043565324211863	0.007668738187172893	0.014211063232944538	0.016378734370664873
0.5040425669404432	0.007861280994782855	0.014089112366954036	0.016378734370664873
0.5176494806387678	0.008052141723148115	0.013963824322961976	0.016378734370664873
0.5312563943370924	0.008241274963574553	0.013835199100902626	0.016378734370664873
0.544863308035417	0.008428635307367037	0.013703236700709977	0.016378734370664873
0.5584702217337416	0.008614177345829414	0.013567937122317748	0.016378734370664873
0.5720771354320662	0.008797855670264523	0.013429300365659376	0.016378734370664873
0.5856840491303907	0.008979624871974186	0.013287326430668024	0.016378734370664873
0.5992909628287154	0.009159439542259205	0.013142015317276587	0.016378734370664873
0.61289787652704	0.009337254272419375	0.01299336702541767	0.016378734370664873
0.6265047902253646	0.009513023653753472	0.012841381555023613	0.016378734370664873
0.6401117039236892	0.009686702277559259	0.012686058906026478	0.016378734370664873
0.6537186176220138	0.009858244735133475	0.012527399078358047	0.016378734370664873
0.6673255313203383	0.010027605617771858	0.012365402071949829	0.016378734370664873
0.6809324450186629	0.010194739516769124	0.01220006788673306	0.016378734370664873
0.6945393587169876	0.010359601023418973	0.012031396522638692	0.016378734370664873
0.7081462724153121	0.010522144729014093	0.01185938797959741	0.016378734370664873
0.7217531861136367	0.010682325224846155	0.011684042257539615	0.016378734370664873
0.7353600998119613	0.010840097102205818	0.01150535935639544	0.016378734370664873
0.7489670135102859	0.01099541495238272	0.011323339276094736	0.016378734370664873
0.7625739272086105	0.011148233366665494	0.011137982016567082	0.016378734370664873
0.7761808409069351	0.011298506936341745	0.010949287577741777	0.016378734370664873
0.7897877546052596	0.011446190252702207	0.010757255959494396	0.016378734370664873
0.8033946683035844	0.011591237907045722	0.01056188716156464	0.016378734370664873
0.817001582001909	0.011733604490656795	0.010363181183841729	0.016378734370664873
0.8306084957002335	0.011873244594817539	0.010161138026228828	0.016378734370664873
0.8442154093985581	0.012010112810808767	0.009955757688629567	0.016378734370664873
0.8578223230968827	0.012144163729909993	0.00974704017094803	0.016378734370664873
0.8714292367952072	0.012275351943399427	0.009534985473088753	0.016378734370664873
0.8850361504935319	0.012403632042553982	0.009319593594956732	0.016378734370664873
0.8986430641918565	0.012528958618649272	0.009100864536457413	0.016378734370664873
0.912249977890181	0.012651286262959607	0.008878798297496703	0.016378734370664873
0.9258568915885056	0.012770569566758	0.008653394877980959	0.016378734370664873
0.9394638052868302	0.012886763121316163	0.008424654277816994	0.016378734370664873
0.9530707189851549	0.012999821517904507	0.008192576496912076	0.016378734370664873
0.9666776326834795	0.013109699347792145	0.007957161535173934	0.016378734370664873
0.9802845463818041	0.013216351202246885	0.007718409392510747	0.016378734370664873
0.9938914600801286	0.013319731672535244	0.007476320068831147	0.016378734370664873
1.0074983737784533	0.01341979534992243	0.007230893564044226	0.016378734370664873
1.0211052874767779	0.013516496825672355	0.006982129878059528	0.016378734370664873
1.0347122011751024	0.013609790691047629	0.006730029010787053	0.016378734370664873
1.048319114873427	0.013699631537309565	0.006474590962137258	0.016378734370664873
1.0619260285717516	0.013785973955718175	0.006215815732021053	0.016378734370664873
1.0755329422700761	0.013868772537532166	0.0059537033203498	0.016378734370664873
1.089139855968401	0.013947981874008954	0.005688253727035323	0.016378734370664873
1.1027467696667255	0.014023556556404646	0.0054194669519899	0.016378734370664873
1.11635368336505	0.014095451175975274	0.0051473429951265385	0.016378734370664873
1.1299605970633746	0.014163620323976557	0.004871881856359854	0.016378734370664873
1.1435675107616992	0.014228018591661767	0.004593083535605881	0.016378734370664873
1.1571744244600237	0.014288600570283074	0.004310948032782042	0.016378734370664873
1.1707813381583483	0.014345320851091565	0.004025475347807152	0.016378734370664873
1.1843882518566728	0.014398134025337236	0.0037366654806014156	0.016378734370664873
1.1979951655549976	0.014446994684268988	0.0034445184310864306	0.016378734370664873
1.2116020792533222	0.014491857419134637	0.003149034199185187	0.016378734370664873
1.2252089929516468	0.014532676821180911	0.002850212784822065	0.016378734370664873
1.2388159066499713	0.014569407481653442	0.0025480541879228324	0.016378734370664873
1.252422820348296	0.014602003991796791	0.002242558408414673	0.016378734370664873
1.2660297340466207	0.014630420942854792	0.001933725446226569	0.016378734370664873
1.2796366477449452	0.014654612926070345	0.0016215553012892577	0.016378734370664873
1.2932435614432698	0.014674534532685331	0.0013060479735351775	0.016378734370664873
1.3068504751415944	0.014690140353940723	0.0009872034628985629	0.016378734370664873
1.320457388839919	0.014701384981076588	0.0006650217693154587	0.016378734370664873
1.3340643025382435	0.014708223005332158	0.00033950289272380416	0.016378734370664873
1.347671216236568	0.014710609017945832	1.82252510063847e-05	0.016378734370664873
7.219796694830691	0.014817714924205421	1.8247623666322216e-05	0.016378734370664873
13.091922173424814	0.014924895394710964	1.8256738554717938e-05	0.016378734370664873
18.964047652018937	0.015032121674911803	1.8262797353691115e-05	0.016378734370664873
24.83617313061306	0.015139379616447998	1.8267816248189055e-05	0.016378734370664873
30.70829860920718	0.01524666376862282	1.8272412668196812e-05	0.016378734370664873
36.58042408780131	0.015353972848459595	1.8276631195469887e-05	0.016378734370664873
42.45254956639543	0.015461305572981645	1.8280516411763776e-05	0.016378734370664873
48.324675044989554	0.015568660659212292	1.8284112898833975e-05	0.016378734370664873
54.196800523583676	0.01567603682417486	1.8287465238435978e-05	0.016378734370664873
60.068926002177804	0.01578343278489267	1.8290618012325285e-05	0.016378734370664873
65.94105148077192	0.015890847258389056	1.829361580225739e-05	0.016378734370664873
71.81317695936606	0.015998278961687328	1.8296503189987794e-05	0.016378734370664873
77.68530243796017	0.01610572980450167	1.82992174679851e-05	0.016378734370664873
83.5574279165543	0.016213198315694996	1.830178133731383e-05	0.016378734370664873
89.42955339514842	0.016320680605298205	1.8304314574986028e-05	0.016378734370664873
95.30167887374255	0.016428176604957552	1.8306817907542025e-05	0.016378734370664873
101.17380435233667	0.01653568624631931	1.8309292061522147e-05	0.016378734370664873
107.04592983093079	0.016643209461029738	1.8311737763466724e-05	0.016378734370664873
112.91805530952492	0.016750746180735104	1.8314155739916075e-05	0.016378734370664873
118.79018078811903	0.016858296337081673	1.8316546717410536e-05	0.016378734370664873
124.66230626671316	0.016965859861715712	1.831891142249043e-05	0.016378734370664873
130.53443174530727	0.017073436686283482	1.8321250581696085e-05	0.016378734370664873
136.40655722390142	0.01718102674243125	1.832356492156783e-05	0.016378734370664873
142.27868270249553	0.01728862996180528	1.8325855168645988e-05	0.016378734370664873
148.15080818108964	0.01739624627605184	1.832812204947089e-05	0.016378734370664873
154.0229336596838	0.017503875616817193	1.8330366290582862e-05	0.016378734370664873
159.8950591382779	0.017611517915747603	1.833258861852223e-05	0.016378734370664873
165.76718461687202	0.01771917310448934	1.8334789759829326e-05	0.016378734370664873
171.63931009546613	0.01782684111468866	1.833697044104447e-05	0.016378734370664873
177.51143557406027	0.017934521877991837	1.8339131388707994e-05	0.016378734370664873
183.38356105265436	0.018042215326045132	1.8341273329360223e-05	0.016378734370664873
189.2556865312485	0.01814992139049481	1.8343396989541487e-05	0.016378734370664873
195.12781200984261	0.018257640002987137	1.8345503095792112e-05	0.016378734370664873
200.99993748843676	0.01836537109516838	1.8347592374652425e-05	0.016378734370664873
206.87206296703084	0.0184731145986848	1.8349665552662753e-05	0.016378734370664873
212.74418844562499	0.01858087044518266	1.8351723356363422e-05	0.016378734370664873
218.6163139242191	0.018688638566308233	1.8353766512294763e-05	0.016378734370664873
224.48843940281324	0.01879641889370778	1.8355795746997097e-05	0.016378734370664873
230.36056488140733	0.01890421135902757	1.835781178701076e-05	0.016378734370664873
236.23269036000147	0.019012015893913856	1.835981535887607e-05	0.016378734370664873
242.10481583859558	0.019119832430012917	1.836180718913336e-05	0.016378734370664873
247.97694131718973	0.019227660898971013	1.8363788004322954e-05	0.016378734370664873
253.84906679578387	0.019335501232434407	1.8365758530985183e-05	0.016378734370664873
259.7211922743779	0.019443353362049363	1.8367719495660373e-05	0.016378734370664873
265.5933177529721	0.019551217219462153	1.836967162488885e-05	0.016378734370664873
271.4654432315662	0.019659092736319037	1.837161564521094e-05	0.016378734370664873
277.3375687101603	0.01976697984426628	1.8373552283166972e-05	0.016378734370664873
283.2096941887545	0.019874878474950144	1.8375482265297273e-05	0.016378734370664873
289.08181966734855	0.019982788560016902	1.8377406318142174e-05	0.016378734370664873
294.9539451459427	0.02009071003111281	1.8379325168241994e-05	0.016378734370664873
300.82607062453684	0.020198642819884146	1.8381239542137068e-05	0.016378734370664873
306.69819610313095	0.020306586857977163	1.8383150166367717e-05	0.016378734370664873
312.57032158172507	0.02041454207703813	1.8385057767474273e-05	0.016378734370664873
318.4424470603192	0.02052250840871331	1.8386963071997063e-05	0.016378734370664873
324.3145725389133	0.020630485784648978	1.838886680647641e-05	0.016378734370664873
330.18669801750747	0.020738474136491387	1.8390769697452647e-05	0.016378734370664873
336.0588234961016	0.020846473395886807	1.8392672471466095e-05	0.016378734370664873
341.9309489746957	0.0209544834944815	1.8394575855057087e-05	0.016378734370664873
347.8030744532898	0.0210625055599528	1.8396450155547e-05	0.016378734370664873
353.6751999318839	0.02117053976553398	1.839828933305016e-05	0.016378734370664873
359.5473254104781	0.021278584623697284	1.8400131221491847e-05	0.016378734370664873
365.41945088907215	0.021386640154591244	1.8401975828994414e-05	0.016378734370664873
371.2915763676663	0.021494706378364394	1.8403823163680224e-05	0.016378734370664873
377.16370184626044	0.02160278331516526	1.840567323367163e-05	0.016378734370664873
383.0358273248546	0.021710870985142364	1.8407526047090994e-05	0.016378734370664873
388.9079528034487	0.021818969408444244	1.8409381612060663e-05	0.016378734370664873
394.78007828204284	0.02192707860521942	1.8411239936703e-05	0.016378734370664873
400.652203760637	0.022035198595616427	1.841310102914036e-05	0.016378734370664873
406.52432923923107	0.022143329399783786	1.8414964897495098e-05	0.016378734370664873
412.3964547178252	0.022251471037870035	1.8416831549889576e-05	0.016378734370664873
418.2685801964193	0.022359623530023694	1.8418700994446144e-05	0.016378734370664873
424.14070567501346	0.022467786896393296	1.842057323928716e-05	0.016378734370664873
430.0128311536076	0.02257596115712737	1.842244829253498e-05	0.016378734370664873
435.8849566322017	0.02268414633237444	1.8424326162311964e-05	0.016378734370664873
441.7570821107958	0.022792342442283037	1.8426206856740466e-05	0.016378734370664873
447.62920758939	0.02290054950700169	1.8428090383942844e-05	0.016378734370664873
453.5013330679841	0.023008767546678924	1.842997675204145e-05	0.016378734370664873
459.37345854657815	0.02311699658146327	1.843186596915865e-05	0.016378734370664873
465.24558402517226	0.023225236631503263	1.843375804341679e-05	0.016378734370664873
471.11770950376643	0.023333487716947418	1.843565298293823e-05	0.016378734370664873
476.98983498236055	0.023441749857944272	1.8437550795845328e-05	0.016378734370664873
482.86196046095466	0.023550023074642355	1.843945149026044e-05	0.016378734370664873
488.73408593954883	0.023658307387190186	1.8441355074305924e-05	0.016378734370664873
494.60621141814295	0.023766602815736306	1.8443261556104133e-05	0.016378734370664873
500.47833689673706	0.023874909380429233	1.8445170943777427e-05	0.016378734370664873
506.35046237533123	0.0239832271014175	1.8447083245448158e-05	0.016378734370664873
512.2225878539252	0.024091555998849632	1.844899846923869e-05	0.016378734370664873
518.0947133325194	0.024199896092874162	1.845091662327137e-05	0.016378734370664873
523.9668388111136	0.024308247403639616	1.845283771566856e-05	0.016378734370664873
529.8389642897076	0.02441660995129452	1.8454761754552618e-05	0.016378734370664873
535.7110897683018	0.024524983755987412	1.8456688748045898e-05	0.016378734370664873
541.5832152468959	0.02463336883786681	1.8458618704270754e-05	0.016378734370664873
547.45534072549	0.024741765217081244	1.8460551631349546e-05	0.016378734370664873
553.3274662040842	0.024850172913779247	1.8462487537404633e-05	0.016378734370664873
559.1995916826783	0.024958591948109343	1.8464426430558367e-05	0.016378734370664873
565.0717171612724	0.025067022340220062	1.8466368318933105e-05	0.016378734370664873
570.9438426398665	0.02517546411025993	1.84683132106512e-05	0.016378734370664873
576.8159681184607	0.025283917278377484	1.847026111383502e-05	0.016378734370664873
582.6880935970547	0.02539238186472124	1.8472212036606913e-05	0.016378734370664873
588.5602190756489	0.02550085788943974	1.8474165987089233e-05	0.016378734370664873
594.4323445542431	0.0256093453726815	1.847612297340434e-05	0.016378734370664873
600.3044700328371	0.025717844334595053	1.8478083003674594e-05	0.016378734370664873
606.1765955114313	0.02582635479532893	1.8480046086022347e-05	0.016378734370664873
612.0487209900255	0.025934876775031656	1.8482012228569957e-05	0.016378734370664873
617.9208464686195	0.026043410293851762	1.848398143943978e-05	0.016378734370664873
623.7929719472136	0.02615195537193777	1.8485953726754174e-05	0.016378734370664873
629.6650974258077	0.02626051202943822	1.848792909863549e-05	0.016378734370664873
635.5372229044019	0.02636908028650163	1.8489907563206094e-05	0.016378734370664873
641.409348382996	0.02647766016327653	1.8491889128588334e-05	0.016378734370664873
647.2814738615901	0.02658625167991146	1.849387380290457e-05	0.016378734370664873
653.1535993401843	0.026694854856554928	1.8495861594277157e-05	0.016378734370664873
659.0257248187784	0.02680346971335548	1.8497852510828457e-05	0.016378734370664873
664.8978502973725	0.026912096270461636	1.8499846560680816e-05	0.016378734370664873
670.7699757759666	0.027020734548021924	1.85018437519566e-05	0.016378734370664873
676.6421012545607	0.027129384566184876	1.8503844092778162e-05	0.016378734370664873
682.5142267331548	0.02723804634509902	1.850584759126786e-05	0.016378734370664873
688.386352211749	0.027346719904912883	1.8507854255548048e-05	0.016378734370664873
694.258477690343	0.02745540526577499	1.8509864093741084e-05	0.016378734370664873
700.1306031689372	0.027564102447833878	1.851187711396932e-05	0.016378734370664873
706.0027286475314	0.027672811471238068	1.8513893324355123e-05	0.016378734370664873
711.8748541261255	0.02778153235613609	1.8515912733020838e-05	0.016378734370664873
717.7469796047196	0.027890265122676478	1.851793534808883e-05	0.016378734370664873
723.6191050833138	0.02799900979100775	1.851996117768145e-05	0.016378734370664873
729.4912305619079	0.028107766381278442	1.852199022992106e-05	0.016378734370664873
735.363356040502	0.028216534913637084	1.8524022512930008e-05	0.016378734370664873
741.2354815190961	0.028325315408232195	1.852605803483066e-05	0.016378734370664873
747.1076069976903	0.028434107885212313	1.8528096803745364e-05	0.016378734370664873
752.9797324762843	0.02854291236472596	1.8530138827796485e-05	0.016378734370664873
758.8518579548784	0.028651728866921668	1.853218411510637e-05	0.016378734370664873
764.7239834334727	0.028760557411947968	1.8534232673797383e-05	0.016378734370664873
770.5961089120666	0.028869398019953377	1.853628451199188e-05	0.016378734370664873
776.4682343906609	0.028978250711086437	1.8538339637812213e-05	0.016378734370664873
782.3403598692549	0.02908711550549567	1.854039805938074e-05	0.016378734370664873
788.2124853478491	0.029195992423329604	1.8542459784819823e-05	0.016378734370664873
794.0846108264432	0.02930488148473677	1.854452482225181e-05	0.016378734370664873
799.9567363050373	0.029413782709865693	1.8546593179799064e-05	0.016378734370664873
805.8288617836314	0.0295226961188649	1.8548664865583937e-05	0.016378734370664873
811.7009872622255	0.029631621731882926	1.855073988772879e-05	0.016378734370664873
817.5731127408197	0.0297405595690683	1.8552818254355973e-05	0.016378734370664873
823.4452382194138	0.02984950965056954	1.855489997358785e-05	0.016378734370664873
829.317363698008	0.02995847199653518	1.855698505354677e-05	0.016378734370664873
835.189489176602	0.030067446627113754	1.8559073502355098e-05	0.016378734370664873
841.0616146551962	0.030176433562453784	1.8561165328135185e-05	0.016378734370664873
846.9337401337903	0.0302854328227038	1.856326053900939e-05	0.016378734370664873
852.8058656123845	0.03039444442801233	1.8565359143100065e-05	0.016378734370664873
858.6779910909786	0.030503468398527897	1.856746114852957e-05	0.016378734370664873
864.5501165695727	0.030612504754399042	1.8569566563420258e-05	0.016378734370664873
870.4222420481668	0.030721553515774283	1.8571675395894494e-05	0.016378734370664873
876.2943675267609	0.030830614702802156	1.8573787654074626e-05	0.016378734370664873
882.166493005355	0.030939688335631182	1.8575903346083013e-05	0.016378734370664873
888.0386184839491	0.03104877443440989	1.8578022480042012e-05	0.016378734370664873
893.9107439625434	0.031157873019286818	1.8580145064073982e-05	0.016378734370664873
899.7828694411373	0.031266984110410484	1.8582271106301273e-05	0.016378734370664873
905.6549949197316	0.03137610772792942	1.858440061484625e-05	0.016378734370664873
911.5271203983257	0.03148524389199215	1.858653359783126e-05	0.016378734370664873
917.3992458769197	0.03159439262274721	1.8588670063378666e-05	0.016378734370664873
923.2713713555139	0.031703553940343125	1.8590810019610824e-05	0.016378734370664873
929.143496834108	0.03181272786492842	1.859295347465009e-05	0.016378734370664873
935.0156223127021	0.03192191441665163	1.8595100436618817e-05	0.016378734370664873
940.8877477912962	0.032031113615661286	1.859725091363937e-05	0.016378734370664873
946.7598732698905	0.0321403254821059	1.8599404913834093e-05	0.016378734370664873
952.6319987484845	0.032249550036134014	1.8601562445325354e-05	0.016378734370664873
958.5041242270787	0.032358787297894154	1.86037235162355e-05	0.016378734370664873
964.3762497056728	0.03246803728753485	1.8605888134686897e-05	0.016378734370664873
970.2483751842668	0.03257730002520463	1.8608056308801896e-05	0.016378734370664873
976.120500662861	0.03268657553105202	1.8610228046702852e-05	0.016378734370664873
981.992626141455	0.032795863825225535	1.861240335651213e-05	0.016378734370664873
987.8647516200493	0.03290516492787374	1.8614582246352072e-05	0.016378734370664873
993.7368770986434	0.03301447885914512	1.861676472434505e-05	0.016378734370664873
999.6090025772376	0.033123805639188236	1.861895079861341e-05	0.016378734370664873
1005.4811280558316	0.0332331452881516	1.862114047727951e-05	0.016378734370664873
1011.3532535344258	0.033342497826183745	1.862333376846571e-05	0.016378734370664873
1017.2253790130198	0.0334518632734332	1.8625530680294364e-05	0.016378734370664873
1023.0975044916139	0.03356124165004849	1.8627731220887832e-05	0.016378734370664873
1028.9696299702082	0.03367063297617815	1.8629935398368464e-05	0.016378734370664873
1034.8417554488021	0.0337800372719707	1.863214322085862e-05	0.016378734370664873
1040.7138809273963	0.03388945455757468	1.863435469648066e-05	0.016378734370664873
1046.5860064059905	0.03399888485313861	1.863656983335694e-05	0.016378734370664873
1052.4581318845846	0.034108328178811015	1.8638788639609807e-05	0.016378734370664873
1058.3302573631788	0.03421778455474043	1.8641011123361628e-05	0.016378734370664873
1064.202382841773	0.03432725400107538	1.8643237292734755e-05	0.016378734370664873
1070.074508320367	0.03443673653796439	1.8645467155851544e-05	0.016378734370664873
1075.946633798961	0.034546232185556	1.8647700720834357e-05	0.016378734370664873
1081.8187592775553	0.03465574096399873	1.864993799580554e-05	0.016378734370664873
1087.6908847561492	0.03476526289344111	1.865217898888746e-05	0.016378734370664873
1093.5630102347434	0.034874797994031675	1.8654423708202467e-05	0.016378734370664873
1099.4351357133376	0.034984346285918934	1.865667216187292e-05	0.016378734370664873
1105.3072611919317	0.035093907789251436	1.8658924358021176e-05	0.016378734370664873
1111.179386670526	0.035203482524177696	1.8661180304769592e-05	0.016378734370664873
1117.05151214912	0.035313070510846256	1.866344001024052e-05	0.016378734370664873
1122.923637627714	0.035422671769405625	1.866570348255632e-05	0.016378734370664873
1128.7957631063082	0.03553228632000435	1.8667970729839352e-05	0.016378734370664873
1134.6678885849024	0.03564191418279096	1.8670241760211967e-05	0.016378734370664873
1140.5400140634963	0.03575155537791396	1.867251658179652e-05	0.016378734370664873
1146.4121395420907	0.0358612099255219	1.8674795202715377e-05	0.016378734370664873
1152.2842650206846	0.035970877845763305	1.8677077631090884e-05	0.016378734370664873
1158.1563904992788	0.036080559158786704	1.86793638750454e-05	0.016378734370664873
1164.028515977873	0.036190253884740606	1.8681653942701286e-05	0.016378734370664873
1169.9006414564672	0.03629996204377357	1.8683947842180893e-05	0.016378734370664873
1175.772766935061	0.0364096836560341	1.868624558160658e-05	0.016378734370664873
1181.6448924136555	0.036519418741670744	1.868854716910071e-05	0.016378734370664873
1187.5170178922494	0.03662916732083202	1.8690852612785626e-05	0.016378734370664873
1193.3891433708434	0.03673892941366645	1.8693161920783695e-05	0.016378734370664873
1199.2612688494378	0.036848705040322574	1.869547510121727e-05	0.016378734370664873
1205.1333943280317	0.03695849422094891	1.8697792162208707e-05	0.016378734370664873
1211.005519806626	0.037068296975694	1.8700113111880363e-05	0.016378734370664873
1216.87764528522	0.03717811332470636	1.8702437958354595e-05	0.016378734370664873
1222.7497707638142	0.03728794328813452	1.8704766709753756e-05	0.016378734370664873
1228.6218962424082	0.03739778968352606	1.870710914736254e-05	0.016378734370664873
1234.4940217210026	0.03750765870569483	1.8709487523720287e-05	0.016378734370664873
1240.3661471995965	0.03761754141777378	1.8711870931041367e-05	0.016378734370664873
1246.2382726781907	0.03772743785257464	1.871425937192608e-05	0.016378734370664873
1252.1103981567849	0.037837348042909155	1.871665284897472e-05	0.016378734370664873
1257.9825236353788	0.03794727202158904	1.8719051364787577e-05	0.016378734370664873
1263.854649113973	0.03805720982142603	1.872145492196494e-05	0.016378734370664873
1269.7267745925672	0.03816716147523185	1.8723863523107105e-05	0.016378734370664873
1275.5989000711613	0.038277127015818244	1.872627717081437e-05	0.016378734370664873
1281.4710255497555	0.03838710647599692	1.8728695867687018e-05	0.016378734370664873
1287.3431510283497	0.038497099888579626	1.8731119616325343e-05	0.016378734370664873
1293.2152765069436	0.038607107286378076	1.8733548419329645e-05	0.016378734370664873
1299.0874019855378	0.03871712870220401	1.873598227930021e-05	0.016378734370664873
1304.959527464132	0.03882716416886915	1.8738421198837336e-05	0.016378734370664873
1310.831652942726	0.03893721371918523	1.8740865180541308e-05	0.016378734370664873
1316.7037784213203	0.03904727738596398	1.874331422701243e-05	0.016378734370664873
1322.5759038999142	0.03915735520201712	1.874576834085098e-05	0.016378734370664873
1328.4480293785084	0.0392674472001564	1.874822752465726e-05	0.016378734370664873
1334.3201548571026	0.03937755341319353	1.8750691781031566e-05	0.016378734370664873
1340.1922803356968	0.03948767387394025	1.875316111257418e-05	0.016378734370664873
1346.0644058142907	0.03959780861520828	1.8755635521885404e-05	0.016378734370664873
1351.9365312928849	0.039707957669809356	1.8758115011565527e-05	0.016378734370664873
1357.808656771479	0.039818121070555205	1.8760599584214838e-05	0.016378734370664873
1363.680782250073	0.03992829885025755	1.8763089242433637e-05	0.016378734370664873
1369.5529077286674	0.040038491041728144	1.8765583988822213e-05	0.016378734370664873
1375.4250332072613	0.040148697677778684	1.8768083825980856e-05	0.016378734370664873
1381.2971586858555	0.04025891879122093	1.8770588756509862e-05	0.016378734370664873
1387.1692841644497	0.04036915441486658	1.8773098783009524e-05	0.016378734370664873
1393.0414096430438	0.04047940458152739	1.8775613908080132e-05	0.016378734370664873
1398.9135351216378	0.040589669324015074	1.8778134134321982e-05	0.016378734370664873
1404.785660600232	0.04069994867514137	1.8780659464335363e-05	0.016378734370664873
1410.6577860788261	0.04081024266771801	1.8783189900720572e-05	0.016378734370664873
1416.5299115574203	0.04092055133455671	1.8785725446077898e-05	0.016378734370664873
1422.4020370360145	0.0410308747084692	1.8788266103007634e-05	0.016378734370664873
1428.2741625146084	0.04114121282226722	1.8790811874110073e-05	0.016378734370664873
1434.1462879932026	0.041251565708762504	1.8793362761985508e-05	0.016378734370664873
1440.0184134717967	0.041361933400766764	1.879591876923423e-05	0.016378734370664873
1445.890538950391	0.04147231593109174	1.8798479898456537e-05	0.016378734370664873
1451.762664428985	0.04158271333254916	1.8801046152252716e-05	0.016378734370664873
1457.634789907579	0.04169312563795075	1.8803617533223063e-05	0.016378734370664873
1463.5069153861732	0.041803552880108244	1.8806194043967867e-05	0.016378734370664873
1469.3790408647674	0.04191399509183337	1.8808775687087425e-05	0.016378734370664873
1475.2511663433615	0.042024452305937855	1.8811362465182028e-05	0.016378734370664873
1481.1232918219555	0.04213492455523343	1.8813954380851967e-05	0.016378734370664873
1486.9954173005497	0.04224541187253182	1.8816551436697534e-05	0.016378734370664873
1492.867542779144	0.04235591429064477	1.8819153635319026e-05	0.016378734370664873
1498.739668257738	0.042466431842383995	1.8821760979316733e-05	0.016378734370664873
1504.6117937363322	0.04257696456056122	1.8824373471290946e-05	0.016378734370664873
1510.4839192149261	0.04268751247798818	1.882699111384196e-05	0.016378734370664873
1516.3560446935203	0.04279807562747661	1.8829613909570066e-05	0.016378734370664873
1522.2281701721145	0.04290865404183824	1.8832241861075562e-05	0.016378734370664873
1528.1002956507086	0.04301924775388479	1.8834874970958733e-05	0.016378734370664873
1533.9724211293026	0.043129856796427994	1.8837513241819876e-05	0.016378734370664873
1539.8445466078967	0.04324048120227958	1.884015667625928e-05	0.016378734370664873
1545.7166720864911	0.043351121004251286	1.8842805276877244e-05	0.016378734370664873
1551.588797565085	0.04346177623515483	1.8845459046274053e-05	0.016378734370664873
1557.4609230436793	0.04357244692780194	1.8848117987050007e-05	0.016378734370664873
1563.3330485222732	0.04368313311500435	1.8850782101805395e-05	0.016378734370664873
1569.2051740008674	0.043793834829573795	1.8853451393140508e-05	0.016378734370664873
1575.0772994794618	0.043904552104322	1.885612586365564e-05	0.016378734370664873
1580.9494249580557	0.0440152849720607	1.8858805515951085e-05	0.016378734370664873
1586.8215504366497	0.0441260334656016	1.8861490352627136e-05	0.016378734370664873
1592.6936759152438	0.04423679761775646	1.8864180376284084e-05	0.016378734370664873
1598.5658013938382	0.044347577461337	1.886687558952222e-05	0.016378734370664873
1604.4379268724322	0.04445837302915494	1.886957599494184e-05	0.016378734370664873
1610.3100523510263	0.04456918435402201	1.8872281595143235e-05	0.016378734370664873
1616.1821778296203	0.044680011468749954	1.88749923927267e-05	0.016378734370664873
1622.0543033082145	0.044790854406150486	1.8877708390292524e-05	0.016378734370664873
1627.9264287868089	0.04490171319903535	1.8880429590441e-05	0.016378734370664873
1633.7985542654028	0.04501258788021626	1.8883155995772423e-05	0.016378734370664873
1639.670679743997	0.04512347848250495	1.8885887608887086e-05	0.016378734370664873
1645.542805222591	0.04523438503871315	1.8888624432385278e-05	0.016378734370664873
1651.4149307011853	0.0453453075816526	1.8891366468867296e-05	0.016378734370664873
1657.2870561797793	0.045456246144135015	1.889411372093343e-05	0.016378734370664873
1663.1591816583734	0.04556720075897213	1.889686619118397e-05	0.016378734370664873
1669.0313071369674	0.045678171458975673	1.8899623882219215e-05	0.016378734370664873
1674.9034326155615	0.04578915827695738	1.8902386796639453e-05	0.016378734370664873
1680.775558094156	0.04590016124572897	1.8905154937044978e-05	0.016378734370664873
1686.6476835727499	0.046011180398102175	1.8907928306036083e-05	0.016378734370664873
1692.519809051344	0.04612221576688873	1.891070690621306e-05	0.016378734370664873
1698.391934529938	0.04623326738490035	1.8913490740176204e-05	0.016378734370664873
1704.2640600085324	0.04634433528494879	1.8916279810525803e-05	0.016378734370664873
1710.1361854871266	0.04645541949984575	1.8919074119862154e-05	0.016378734370664873
1716.0083109657205	0.046566520062402986	1.892187367078555e-05	0.016378734370664873
1721.8804364443145	0.046677637005432204	1.8924678465896278e-05	0.016378734370664873
1727.7525619229086	0.04678877036174515	1.8927488507794634e-05	0.016378734370664873
1733.624687401503	0.04689992016415355	1.8930303799080913e-05	0.016378734370664873
1739.496812880097	0.04701108644546913	1.8933124342355405e-05	0.016378734370664873
1745.3689383586911	0.047122269238503614	1.8935950140218403e-05	0.016378734370664873
1751.241063837285	0.04723346857606874	1.89387811952702e-05	0.016378734370664873
1757.1131893158795	0.047344684490976244	1.8941617510111086e-05	0.016378734370664873
1762.9853147944737	0.04745591701603784	1.8944459087341358e-05	0.016378734370664873
1768.8574402730676	0.04756716618406526	1.8947305929561306e-05	0.016378734370664873
1774.7295657516618	0.04767843202787024	1.8950158039371225e-05	0.016378734370664873
1780.6016912302557	0.0477897145802645	1.8953015419371403e-05	0.016378734370664873
1786.47381670885	0.04790101387405979	1.8955878072162137e-05	0.016378734370664873
1792.345942187444	0.04801232994206781	1.895874600034372e-05	0.016378734370664873
1798.2180676660382	0.04812366281710031	1.896161920651644e-05	0.016378734370664873
1804.0901931446322	0.04823501253196901	1.8964497693280597e-05	0.016378734370664873
1809.9623186232266	0.04834637911948566	1.8967381463236476e-05	0.016378734370664873
1815.8344441018207	0.04845776261246196	1.8970270518984373e-05	0.016378734370664873
1821.7065695804147	0.048569163043709646	1.8973164863124582e-05	0.016378734370664873
1827.5786950590089	0.048680580446040456	1.8976064498257395e-05	0.016378734370664873
1833.4508205376028	0.04879201485226612	1.89789694269831e-05	0.016378734370664873
1839.3229460161972	0.048903466295198365	1.8981879651901996e-05	0.016378734370664873
1845.1950714947911	0.049014934807648916	1.8984795175614373e-05	0.016378734370664873
1851.0671969733853	0.049126420422429505	1.8987716000720522e-05	0.016378734370664873
1856.9393224519793	0.04923792317235186	1.8990642129820737e-05	0.016378734370664873
1862.8114479305736	0.04934944309022772	1.8993573565515313e-05	0.016378734370664873
1868.6835734091678	0.0494609802088688	1.8996510310404542e-05	0.016378734370664873
1874.5556988877618	0.04957253456108683	1.8999452367088713e-05	0.016378734370664873
1880.427824366356	0.04968410617969356	1.9002399738168123e-05	0.016378734370664873
1886.2999498449499	0.04979569509750069	1.900535242624306e-05	0.016378734370664873
1892.1720753235443	0.04990730134731998	1.900831043391382e-05	0.016378734370664873
1898.0442008021384	0.05001892496196313	1.9011273763780696e-05	0.016378734370664873
1903.9163262807324	0.050130565974241884	1.901424241844398e-05	0.016378734370664873
1909.7884517593266	0.05024222441696797	1.901721640050396e-05	0.016378734370664873
1915.6605772379207	0.05035390032295312	1.9020195712560935e-05	0.016378734370664873
1921.532702716515	0.050465593725009056	1.9023180357215196e-05	0.016378734370664873
1927.4048281951088	0.050577304655947515	1.9026170337067036e-05	0.016378734370664873
1933.276953673703	0.050689033148580226	1.9029165654716747e-05	0.016378734370664873
1939.149079152297	0.05080077923571891	1.903216631276462e-05	0.016378734370664873
1945.0212046308914	0.05091254295017531	1.903517231381095e-05	0.016378734370664873
1950.8933301094855	0.05102432432476114	1.9038183660456028e-05	0.016378734370664873
1956.7654555880795	0.05113612339228814	1.9041200355300147e-05	0.016378734370664873
1962.6375810666736	0.051247940185568025	1.9044222400943598e-05	0.016378734370664873
1968.509706545268	0.05135977473741255	1.9047249799986678e-05	0.016378734370664873
1974.381832023862	0.05147162708063342	1.905028255502968e-05	0.016378734370664873
1980.253957502456	0.05158349724804238	1.9053320668672888e-05	0.016378734370664873
1986.12608298105	0.05169538527245115	1.9056364143516605e-05	0.016378734370664873
1991.998208459644	0.05180729118667146	1.9059412982161118e-05	0.016378734370664873
1997.8703339382384	0.051919215023515056	1.9062467187206718e-05	0.016378734370664873
2003.7424594168326	0.052031156815793636	1.9065526761253704e-05	0.016378734370664873
2009.6145848954266	0.052143116596318956	1.9068591706902365e-05	0.016378734370664873
2015.4867103740207	0.05225509439790273	1.9071662026752992e-05	0.016378734370664873
2021.3588358526151	0.0523670902533567	1.907473772340588e-05	0.016378734370664873
2027.230961331209	0.05247910419549258	1.9077818799461322e-05	0.016378734370664873
2033.1030868098032	0.05259113625712212	1.9080905257519608e-05	0.016378734370664873
2038.9752122883972	0.052703186471057026	1.9083997100181034e-05	0.016378734370664873
2044.8473377669911	0.05281525487010904	1.908709433004589e-05	0.016378734370664873
2050.7194632455858	0.0529273414870899	1.909019694971447e-05	0.016378734370664873
2056.5915887241795	0.05303944635481131	1.9093304961787067e-05	0.016378734370664873
2062.4637142027736	0.053151569506085024	1.909641836886397e-05	0.016378734370664873
2068.335839681368	0.05326371097372276	1.9099537173545477e-05	0.016378734370664873
2074.207965159962	0.05337587079053625	1.9102661378431877e-05	0.016378734370664873
2080.080090638556	0.053488048989337234	1.9105790986123464e-05	0.016378734370664873
2085.9522161171503	0.05360024560293741	1.910892599922053e-05	0.016378734370664873
2091.8243415957445	0.05371246066414853	1.911206642032337e-05	0.016378734370664873
2097.696467074338	0.05382469420578233	1.9115212252032274e-05	0.016378734370664873
2103.568592552933	0.053936946260650535	1.9118363496947537e-05	0.016378734370664873
2109.4407180315266	0.05404921686156486	1.9121520157669448e-05	0.016378734370664873
2115.3128435101207	0.05416150604133704	1.91246822367983e-05	0.016378734370664873
2121.184968988715	0.054273813832778815	1.912784973693439e-05	0.016378734370664873
2127.057094467309	0.05438614026870191	1.9131022660678008e-05	0.016378734370664873
2132.9292199459032	0.054498485381918045	1.9134201010629447e-05	0.016378734370664873
2138.8013454244974	0.054610849205238954	1.9137384789388998e-05	0.016378734370664873
2144.6734709030916	0.05472323177147638	1.9140573999556954e-05	0.016378734370664873
2150.5455963816853	0.05483563311344203	1.914376864373361e-05	0.016378734370664873
2156.41772186028	0.05494805326394765	1.9146968724519258e-05	0.016378734370664873
2162.289847338874	0.05506049225580496	1.9150174244514187e-05	0.016378734370664873
2168.161972817468	0.0551729501218257	1.9153385206318694e-05	0.016378734370664873
2174.034098296062	0.055285426894821584	1.915660161253307e-05	0.016378734370664873
2179.906223774656	0.05539792260760436	1.915982346575761e-05	0.016378734370664873
2185.7783492532503	0.055510437292985736	1.91630507685926e-05	0.016378734370664873
2191.6504747318445	0.05562297098377745	1.916628352363834e-05	0.016378734370664873
2197.5226002104387	0.05573552371279124	1.916952173349512e-05	0.016378734370664873
2203.3947256890324	0.05584809551283882	1.9172765400763232e-05	0.016378734370664873
2209.266851167627	0.05596068641673194	1.9176014528042967e-05	0.016378734370664873
2215.138976646221	0.05607329645728232	1.9179269117934623e-05	0.016378734370664873
2221.011102124815	0.05618592566730167	1.9182529173038485e-05	0.016378734370664873
2226.883227603409	0.056298574079601746	1.9185794695954852e-05	0.016378734370664873
2232.7553530820032	0.05641124172699427	1.9189065689284015e-05	0.016378734370664873
2238.6274785605974	0.05652392864229097	1.919234215562627e-05	0.016378734370664873
2244.4996040391916	0.05663663485830357	1.91956240975819e-05	0.016378734370664873
2250.3717295177858	0.0567493604078438	1.9198911517751203e-05	0.016378734370664873
2256.24385499638	0.056862105323723405	1.9202204418734476e-05	0.016378734370664873
2262.115980474974	0.05697486963875409	1.9205502803132005e-05	0.016378734370664873
2267.9881059535683	0.0570876533857476	1.9208806673544087e-05	0.016378734370664873
2273.860231432162	0.05720045659751566	1.9212116032571015e-05	0.016378734370664873
2279.732356910756	0.05731327930687	1.9215430882813077e-05	0.016378734370664873
2285.604482389351	0.05742612154662236	1.9218751226870567e-05	0.016378734370664873
2291.4766078679445	0.05753898334958445	1.9222077067343782e-05	0.016378734370664873
2297.3487333465387	0.05765186474856801	1.922540840683301e-05	0.016378734370664873
2303.220858825133	0.05776476577638476	1.922874524793855e-05	0.016378734370664873
2309.092984303727	0.057877686465846456	1.9232087593260683e-05	0.016378734370664873
2314.965109782321	0.05799062684976479	1.923543544539971e-05	0.016378734370664873
2320.8372352609153	0.05810358696095151	1.9238788806955926e-05	0.016378734370664873
2326.709360739509	0.05821656683221836	1.9242147680529616e-05	0.016378734370664873
2332.5814862181032	0.058329566496377036	1.9245512068721077e-05	0.016378734370664873
2338.453611696698	0.058442585986239304	1.9248881974130603e-05	0.016378734370664873
2344.3257371752916	0.05855562533461687	1.9252257399358485e-05	0.016378734370664873
2350.1978626538857	0.05866868457432146	1.9255638347005014e-05	0.016378734370664873
2356.06998813248	0.058781763738164815	1.9259024819670485e-05	0.016378734370664873
2361.942113611074	0.05889486285895867	1.926241681995519e-05	0.016378734370664873
2367.8142390896683	0.05900798196951473	1.926581435045942e-05	0.016378734370664873
2373.6863645682624	0.059121121102644746	1.926921741378347e-05	0.016378734370664873
2379.558490046856	0.05923428029116044	1.927262601252763e-05	0.016378734370664873
2385.4306155254503	0.059347459567873545	1.9276040149292195e-05	0.016378734370664873
2391.302741004045	0.0594606589655958	1.9279459826677457e-05	0.016378734370664873
2397.1748664826387	0.059573878517138905	1.928288504728371e-05	0.016378734370664873
2403.046991961233	0.05968711825531461	1.9286315813711243e-05	0.016378734370664873
2408.919117439827	0.05980037821293464	1.9289752128560355e-05	0.016378734370664873
2414.791242918421	0.05991365842281073	1.929319399443133e-05	0.016378734370664873
2420.6633683970153	0.0600269589177546	1.929664141392447e-05	0.016378734370664873
2426.5354938756095	0.06014027973057799	1.9300094389640057e-05	0.016378734370664873
2432.4076193542032	0.06025362089409261	1.9303552924178392e-05	0.016378734370664873
2438.2797448327974	0.06036698244111022	1.9307017020139767e-05	0.016378734370664873
2444.151870311392	0.060480364404442516	1.931048668012447e-05	0.016378734370664873
2450.0239957899857	0.060593766816901255	1.9313961906732797e-05	0.016378734370664873
2455.89612126858	0.06070718971129814	1.931744270256504e-05	0.016378734370664873
2461.768246747174	0.06082063312044493	1.932092907022149e-05	0.016378734370664873
2467.6403722257683	0.060934097077153346	1.9324421012302447e-05	0.016378734370664873
2473.5124977043624	0.06104758161423509	1.9327918531408194e-05	0.016378734370664873
2479.3846231829566	0.061161086764501923	1.9331421630139028e-05	0.016378734370664873
2485.256748661551	0.06127461256076556	1.933493031109524e-05	0.016378734370664873
2491.1288741401445	0.06138815903583773	1.9338444576877123e-05	0.016378734370664873
2497.000999618739	0.06150172622253018	1.9341964430084974e-05	0.016378734370664873
2502.873125097333	0.06161531415365461	1.934548987331908e-05	0.016378734370664873
2508.745250575927	0.061728922862022764	1.9349020909179736e-05	0.016378734370664873
2514.617376054521	0.06184255238044638	1.9352557540267237e-05	0.016378734370664873
2520.4895015331153	0.06195620274173719	1.935609976918187e-05	0.016378734370664873
2526.3616270117095	0.062069873978706884	1.935964759852393e-05	0.016378734370664873
2532.2337524903037	0.06218356612416724	1.9363201030893715e-05	0.016378734370664873
2538.105877968898	0.062297279210929965	1.936676006889151e-05	0.016378734370664873
2543.9780034474916	0.06241101327180679	1.937032471511761e-05	0.016378734370664873
2549.850128926086	0.06252476833960945	1.9373894972172312e-05	0.016378734370664873
2555.7222544046804	0.06263854444714965	1.93774708426559e-05	0.016378734370664873
2561.594379883274	0.06275234162723915	1.9381052329168674e-05	0.016378734370664873
2567.4665053618683	0.06286615991268968	1.9384639434310923e-05	0.016378734370664873
2573.3386308404624	0.06297999933631294	1.9388232160682942e-05	0.016378734370664873
2579.2107563190566	0.06309385993092069	1.9391830510885024e-05	0.016378734370664873
2585.0828817976508	0.06320774172932464	1.939543448751746e-05	0.016378734370664873
2590.955007276245	0.06332164476433652	1.939904409318054e-05	0.016378734370664873
2596.8271327548387	0.06343556906876807	1.940265933047456e-05	0.016378734370664873
2602.6992582334333	0.06354951467543102	1.9406280201999814e-05	0.016378734370664873
2608.5713837120275	0.06366348161713709	1.9409906710356594e-05	0.016378734370664873
2614.443509190621	0.063777469926698	1.941353885814519e-05	0.016378734370664873
2620.3156346692153	0.06389147963692551	1.9417176647965895e-05	0.016378734370664873
2626.1877601478095	0.06400551078063133	1.9420820082419003e-05	0.016378734370664873
2632.0598856264037	0.06411956339062717	1.9424469164104806e-05	0.016378734370664873
2637.932011104998	0.0642336374997248	1.9428123895623596e-05	0.016378734370664873
2643.804136583592	0.06434773314073593	1.9431784279575668e-05	0.016378734370664873
2649.6762620621857	0.06446185034647227	1.9435450318561313e-05	0.016378734370664873
2655.5483875407804	0.06457598914974558	1.9439122015180824e-05	0.016378734370664873
2661.4205130193745	0.06469014958336758	1.9442799372034496e-05	0.016378734370664873
2667.2926384979683	0.06480433168015	1.9446482391722616e-05	0.016378734370664873
2673.1647639765624	0.06491853547290456	1.945017107684548e-05	0.016378734370664873
2679.036889455157	0.065032760994443	1.9453865430003382e-05	0.016378734370664873
2684.9090149337508	0.06514700827757704	1.9457565453796613e-05	0.016378734370664873
2690.781140412345	0.06526127735511841	1.9461271150825465e-05	0.016378734370664873
2696.653265890939	0.06537556825987885	1.946498252369023e-05	0.016378734370664873
2702.525391369533	0.06548988102467009	1.9468699574991206e-05	0.016378734370664873
2708.3975168481275	0.06560421568230385	1.947242230732868e-05	0.016378734370664873
2714.2696423267216	0.06571857226559186	1.9476150723302943e-05	0.016378734370664873
2720.1417678053153	0.06583295080734583	1.9479884825514295e-05	0.016378734370664873
2726.0138932839095	0.06594735134037752	1.9483624616563024e-05	0.016378734370664873
2731.886018762504	0.06606177389749868	1.948737009904942e-05	0.016378734370664873
2737.758144241098	0.06617621851152097	1.9491121275573785e-05	0.016378734370664873
2743.630269719692	0.06629068521525618	1.9494878148736402e-05	0.016378734370664873
2749.502395198286	0.066405174041516	1.9498640721137566e-05	0.016378734370664873
2755.3745206768804	0.06651968502311219	1.9502408995377575e-05	0.016378734370664873
2761.2466461554745	0.06663421819285648	1.9506182974056712e-05	0.016378734370664873
2767.1187716340687	0.06674877358356056	1.9509962659775278e-05	0.016378734370664873
2772.9908971126624	0.0668633512280362	1.9513748055133565e-05	0.016378734370664873
2778.8630225912566	0.0669779511590951	1.951753916273186e-05	0.016378734370664873
2784.735148069851	0.06709257340954902	1.952133598517046e-05	0.016378734370664873
2790.607273548445	0.06720721801220966	1.9525138525049657e-05	0.016378734370664873
2796.479399027039	0.06732188499988877	1.9528946784969743e-05	0.016378734370664873
2802.3515245056333	0.06743657440539808	1.9532760767531012e-05	0.016378734370664873
2808.2236499842274	0.06755128626154928	1.9536580475333755e-05	0.016378734370664873
2814.0957754628216	0.06766602060115418	1.9540405910978264e-05	0.016378734370664873
2819.967900941416	0.06778077745702442	1.9544237077064836e-05	0.016378734370664873
2825.8400264200095	0.06789555686197178	1.954807397619376e-05	0.016378734370664873
2831.7121518986037	0.06801035884880798	1.9551916610965324e-05	0.016378734370664873
2837.5842773771983	0.06812518345034474	1.955576498397983e-05	0.016378734370664873
2843.456402855792	0.0682400306993938	1.9559619097837567e-05	0.016378734370664873
2849.328528334386	0.0683549006287669	1.9563478955138827e-05	0.016378734370664873
2855.2006538129804	0.06846979327127574	1.95673445584839e-05	0.016378734370664873
2861.0727792915745	0.06858470865973207	1.9571215910473087e-05	0.016378734370664873
2866.9449047701687	0.06869964682694762	1.957509301370667e-05	0.016378734370664873
2872.817030248763	0.0688146078057341	1.957897587078495e-05	0.016378734370664873
2878.689155727357	0.06892959162890326	1.9582864484308215e-05	0.016378734370664873
2884.5612812059508	0.06904459832926682	1.9586758856876756e-05	0.016378734370664873
2890.4334066845454	0.06915962793963652	1.9590658991090873e-05	0.016378734370664873
2896.305532163139	0.06927468049282409	1.9594564889550852e-05	0.016378734370664873
2902.1776576417333	0.06938975602164123	1.959847655485699e-05	0.016378734370664873
2908.0497831203274	0.06950485455889968	1.9602393989609576e-05	0.016378734370664873
2913.9219085989216	0.06961997613741121	1.9606317196408904e-05	0.016378734370664873
2919.794034077516	0.0697351207899875	1.961024617785527e-05	0.016378734370664873
2925.66615955611	0.06985028854944031	1.961418093654896e-05	0.016378734370664873
2931.538285034704	0.06996547944858134	1.9618121475090272e-05	0.016378734370664873
2937.4104105132983	0.07008069352022236	1.9622067796079497e-05	0.016378734370664873
2943.2825359918925	0.07019593079717507	1.9626019902116926e-05	0.016378734370664873
2949.154661470486	0.07031119131225119	1.9629977795802854e-05	0.016378734370664873
2955.0267869490804	0.07042647509826247	1.963394147973757e-05	0.016378734370664873
2960.8989124276745	0.07054178218802062	1.9637910956521372e-05	0.016378734370664873
2966.7710379062687	0.07065711261433741	1.964188622875455e-05	0.016378734370664873
2972.6431633848624	0.07077246641002452	1.9645867299037397e-05	0.016378734370664873
2978.5152888634566	0.07088784360789371	1.9649854169970206e-05	0.016378734370664873
2984.387414342051	0.07100324424075673	1.9653846844153266e-05	0.016378734370664873
2990.2595398206454	0.07111866834142525	1.9657845324186875e-05	0.016378734370664873
2996.1316652992396	0.07123411594271103	1.966184961267132e-05	0.016378734370664873
3002.0037907778337	0.07134958707742581	1.96658597122069e-05	0.016378734370664873
3007.8759162564274	0.07146508177838129	1.9669875625393906e-05	0.016378734370664873
3013.7480417350216	0.07158060007838923	1.9673897354832625e-05	0.016378734370664873
3019.620167213616	0.07169614201026135	1.9677924903123356e-05	0.016378734370664873
3025.4922926922095	0.07181170760680937	1.968195827286639e-05	0.016378734370664873
3031.3644181708037	0.07192729690084504	1.968599746666202e-05	0.016378734370664873
3037.2365436493983	0.07204290992518006	1.9690042487110536e-05	0.016378734370664873
3043.1086691279925	0.0721585467126262	1.9694093336812232e-05	0.016378734370664873
3048.9807946065866	0.07227420729599515	1.96981500183674e-05	0.016378734370664873
3054.852920085181	0.07238989170809863	1.9702212534376338e-05	0.016378734370664873
3060.7250455637745	0.07250559998174841	1.9706280887439333e-05	0.016378734370664873
3066.5971710423687	0.0726213321497562	1.9710355080156676e-05	0.016378734370664873
3072.469296520963	0.07273708824493375	1.9714435115128665e-05	0.016378734370664873
3078.341421999557	0.07285286830009274	1.971852099495559e-05	0.016378734370664873
3084.2135474781508	0.07296867234804494	1.9722612722237743e-05	0.016378734370664873
3090.0856729567454	0.07308450042160208	1.9726710299575417e-05	0.016378734370664873
3095.9577984353396	0.07320035255357588	1.9730813729568908e-05	0.016378734370664873
3101.8299239139337	0.07331622877677806	1.9734923014818502e-05	0.016378734370664873
3107.702049392528	0.07343212912402036	1.9739038157924498e-05	0.016378734370664873
3113.5741748711216	0.07354805362811451	1.9743159161487186e-05	0.016378734370664873
3119.446300349716	0.07366400232187223	1.974728602810686e-05	0.016378734370664873
3125.31842582831	0.07377997523810524	1.975141876038381e-05	0.016378734370664873
3131.190551306904	0.07389597240962531	1.975555736091833e-05	0.016378734370664873
3137.062676785498	0.07401199386924412	1.975970183231071e-05	0.016378734370664873
3142.9348022640925	0.07412803964977346	1.9763852177161248e-05	0.016378734370664873
3148.8069277426866	0.074244109784025	1.9768008398070235e-05	0.016378734370664873
3154.679053221281	0.0743602043048105	1.9772170497637963e-05	0.016378734370664873
3160.551178699875	0.07447632324494166	1.977633847846472e-05	0.016378734370664873
3166.4233041784687	0.07459246663723026	1.978051234315081e-05	0.016378734370664873
3172.295429657063	0.07470863451448798	1.978469209429651e-05	0.016378734370664873
3178.167555135657	0.07482482690952658	1.9788877734502127e-05	0.016378734370664873
3184.039680614251	0.07494104385515776	1.9793069266367946e-05	0.016378734370664873
3189.911806092845	0.07505728538419329	1.979726669249426e-05	0.016378734370664873
3195.78393157144	0.07517355152944488	1.9801470015481368e-05	0.016378734370664873
3201.6560570500337	0.07528984232372425	1.9805679237929554e-05	0.016378734370664873
3207.528182528628	0.07540615779984314	1.9809894362439115e-05	0.016378734370664873
3213.400308007222	0.07552249799061325	1.9814115391610343e-05	0.016378734370664873
3219.272433485816	0.07563886292884636	1.9818342328043532e-05	0.016378734370664873
3225.14455896441	0.07575525264735417	1.982257517433897e-05	0.016378734370664873
3231.016684443004	0.07587166717894842	1.9826813933096957e-05	0.016378734370664873
3236.8888099215983	0.07598810655644081	1.983105860691778e-05	0.016378734370664873
3242.760935400192	0.0761045708126431	1.9835309198401734e-05	0.016378734370664873
3248.633060878787	0.07622105998036705	1.983956571014911e-05	0.016378734370664873
3254.505186357381	0.0763375740924243	1.9843828144760202e-05	0.016378734370664873
3260.377311835975	0.07645411318162665	1.9848096504835302e-05	0.016378734370664873
3266.249437314569	0.0765706772807858	1.9852370792974703e-05	0.016378734370664873
3272.1215627931633	0.07668726642271351	1.9856651011778696e-05	0.016378734370664873
3277.993688271757	0.07680388064022146	1.986093716384758e-05	0.016378734370664873
3283.865813750351	0.07692051996612143	1.9865229251781638e-05	0.016378734370664873
3289.7379392289454	0.07703718443322513	1.986952727818117e-05	0.016378734370664873
3295.610064707539	0.07715387407434426	1.9873831245646464e-05	0.016378734370664873
3301.482190186134	0.0772705889222906	1.9878141156777814e-05	0.016378734370664873
3307.354315664728	0.07738732900987585	1.9882457014175514e-05	0.016378734370664873
3313.226441143322	0.07750409436991176	1.9886778820439857e-05	0.016378734370664873
3319.0985666219162	0.07762088503521	1.9891106578171134e-05	0.016378734370664873
3324.9706921005104	0.07773770103858238	1.989544028996964e-05	0.016378734370664873
3330.842817579104	0.07785454241284058	1.9899779958435664e-05	0.016378734370664873
3336.7149430576983	0.07797141666454967	1.9904126706144608e-05	0.016378734370664873
3342.5870685362925	0.07808833152255945	1.990848166883653e-05	0.016378734370664873
3348.4591940148866	0.07820527149795527	1.9912842512422246e-05	0.016378734370664873
3354.3313194934813	0.07832223662968647	1.9917209239822608e-05	0.016378734370664873
3360.203444972075	0.0784392269567024	1.9921581853958462e-05	0.016378734370664873
3366.075570450669	0.07855624251795243	1.992596035775065e-05	0.016378734370664873
3371.9476959292633	0.07867328335238588	1.9930344754120018e-05	0.016378734370664873
3377.8198214078575	0.07879034949895213	1.9934735045987414e-05	0.016378734370664873
3383.691946886451	0.07890744099660052	1.9939131236273686e-05	0.016378734370664873
3389.5640723650454	0.0790245578842804	1.994353332789968e-05	0.016378734370664873
3395.4361978436395	0.0791417002009411	1.994794132378624e-05	0.016378734370664873
3401.3083233222337	0.07925886798553203	1.9952355226854213e-05	0.016378734370664873
3407.1804488008283	0.07937606127700249	1.9956775040024445e-05	0.016378734370664873
3413.052574279422	0.07949328011430185	1.996120076621778e-05	0.016378734370664873
3418.9246997580162	0.07961052453637944	1.9965632408355067e-05	0.016378734370664873
3424.7968252366104	0.07972779458218464	1.997006996935715e-05	0.016378734370664873
3430.6689507152046	0.07984509029066678	1.997451345214488e-05	0.016378734370664873
3436.5410761937983	0.07996241170077523	1.99789628596391e-05	0.016378734370664873
3442.4132016723925	0.08007975885145932	1.9983418194760652e-05	0.016378734370664873
3448.2853271509866	0.0801971317816684	1.9987879460430388e-05	0.016378734370664873
3454.157452629581	0.08031453053035185	1.999234665956915e-05	0.016378734370664873
3460.0295781081754	0.08043195513645901	1.999681979509779e-05	0.016378734370664873
3465.901703586769	0.08054940563893921	2.0001298869937147e-05	0.016378734370664873
3471.7738290653633	0.08066688207674183	2.0005783887008072e-05	0.016378734370664873
3477.6459545439575	0.08078438448881618	2.0010274849231407e-05	0.016378734370664873
3483.5180800225517	0.08090191291411165	2.0014771759528004e-05	0.016378734370664873
3489.3902055011454	0.08101946739157759	2.0019274620818703e-05	0.016378734370664873
3495.2623309797395	0.08113704796016333	2.0023783436024355e-05	0.016378734370664873
3501.1344564583337	0.08125465465881822	2.00282982080658e-05	0.016378734370664873
3507.006581936928	0.08137228752649163	2.0032818939863894e-05	0.016378734370664873
3512.8787074155225	0.08148994660213292	2.0037345634339473e-05	0.016378734370664873
3518.7508328941167	0.08160763192469139	2.004187829441339e-05	0.016378734370664873
3524.6229583727104	0.08172534353311645	2.0046416923006485e-05	0.016378734370664873
3530.4950838513046	0.08184308146635741	2.005096152303961e-05	0.016378734370664873
3536.3672093298987	0.08196084576336364	2.0055512097433608e-05	0.016378734370664873
3542.2393348084925	0.08207863646308448	2.0060068649109327e-05	0.016378734370664873
3548.1114602870866	0.08219645360446931	2.0064631180987613e-05	0.016378734370664873
3553.983585765681	0.08231429722646744	2.006919969598931e-05	0.016378734370664873
3559.855711244275	0.08243216736802825	2.0073774197035266e-05	0.016378734370664873
3565.7278367228696	0.08255006406810109	2.0078354687046325e-05	0.016378734370664873
3571.5999622014638	0.08266798736563528	2.0082941168943333e-05	0.016378734370664873
3577.4720876800575	0.0827859372995802	2.008753364564714e-05	0.016378734370664873
3583.3442131586517	0.0829039139088852	2.009213212007859e-05	0.016378734370664873
3589.216338637246	0.08302191723249962	2.0096736595158527e-05	0.016378734370664873
3595.08846411584	0.08313994730937281	2.01013470738078e-05	0.016378734370664873
3600.9605895944337	0.08325800417845414	2.0105963558947256e-05	0.016378734370664873
3606.832715073028	0.08337608787869294	2.011058605349774e-05	0.016378734370664873
3612.704840551622	0.08349419844903858	2.0115214560380093e-05	0.016378734370664873
3618.5769660302167	0.0836123359284404	2.011984908251517e-05	0.016378734370664873
3624.449091508811	0.08373050035584774	2.012448962282381e-05	0.016378734370664873
3630.3212169874046	0.08384869177020997	2.0129136184226863e-05	0.016378734370664873
3636.1933424659987	0.08396691021047643	2.0133788769645172e-05	0.016378734370664873
3642.065467944593	0.08408515571559647	2.013844738199959e-05	0.016378734370664873
3647.937593423187	0.08420342832451945	2.0143112024210953e-05	0.016378734370664873
3653.809718901781	0.08432172807619472	2.0147782699200115e-05	0.016378734370664873
3659.681844380375	0.08444005500957162	2.015245940988792e-05	0.016378734370664873
3665.553969858969	0.08455840916359951	2.015714215919521e-05	0.016378734370664873
3671.4260953375638	0.08467679057722775	2.016183095004284e-05	0.016378734370664873
3677.298220816158	0.08479519928940568	2.0166525785351648e-05	0.016378734370664873
3683.1703462947517	0.08491363533908264	2.017122666804248e-05	0.016378734370664873
3689.042471773346	0.085032098765208	2.017593360103619e-05	0.016378734370664873
3694.91459725194	0.0851505896067311	2.0180646587253618e-05	0.016378734370664873
3700.786722730534	0.08526910790260128	2.018536562961561e-05	0.016378734370664873
3706.658848209128	0.08538765369176793	2.0190090731043014e-05	0.016378734370664873
3712.530973687722	0.08550622701318036	2.0194821894456678e-05	0.016378734370664873
3718.403099166316	0.08562482790578795	2.0199559122777443e-05	0.016378734370664873
3724.275224644911	0.08574345640854003	2.020430241892616e-05	0.016378734370664873
3730.147350123505	0.08586211256038596	2.0209051785823672e-05	0.016378734370664873
3736.0194756020987	0.0859807964002751	2.0213807226390824e-05	0.016378734370664873
3741.891601080693	0.08609950796715678	2.0218568743548468e-05	0.016378734370664873
3747.763726559287	0.08621824729998037	2.0223336340217443e-05	0.016378734370664873
3753.6358520378812	0.0863370144376952	2.02281100193186e-05	0.016378734370664873
3759.507977516475	0.08645580941925064	2.0232889783772787e-05	0.016378734370664873
3765.380102995069	0.08657463228359605	2.023767563650084e-05	0.016378734370664873
3771.2522284736633	0.08669348306968075	2.024246758042362e-05	0.016378734370664873
3777.124353952258	0.08681236181645413	2.024726561846196e-05	0.016378734370664873
3782.996479430852	0.0869312685628655	2.0252069753536713e-05	0.016378734370664873
3788.8686049094463	0.08705020334786423	2.0256879988568722e-05	0.016378734370664873
3794.74073038804	0.08716916621039966	2.0261696326478833e-05	0.016378734370664873
3800.612855866634	0.08728815718942118	2.0266518770187898e-05	0.016378734370664873
3806.4849813452283	0.0874071763238781	2.0271347322616756e-05	0.016378734370664873
3812.357106823822	0.08752622365271977	2.0276181986686256e-05	0.016378734370664873
3818.229232302416	0.08764529921489556	2.0281022765317244e-05	0.016378734370664873
3824.1013577810104	0.08776440304935482	2.0285869661430566e-05	0.016378734370664873
3829.973483259605	0.08788353519504691	2.0290722677947067e-05	0.016378734370664873
3835.845608738199	0.08800269569092115	2.0295581817787597e-05	0.016378734370664873
3841.7177342167934	0.08812188457592691	2.0300447083872997e-05	0.016378734370664873
3847.589859695387	0.08824110188901355	2.0305318479124118e-05	0.016378734370664873
3853.4619851739812	0.0883603476691304	2.0310196006461804e-05	0.016378734370664873
3859.3341106525754	0.08847962195522682	2.03150796688069e-05	0.016378734370664873
3865.2062361311696	0.08859892478625217	2.0319969469080253e-05	0.016378734370664873
3871.0783616097633	0.0887182562011558	2.0324865410202708e-05	0.016378734370664873
3876.9504870883575	0.08883761623888704	2.0329767495095114e-05	0.016378734370664873
3882.822612566952	0.08895700493839527	2.0334675726678316e-05	0.016378734370664873
3888.6947380455463	0.08907642233862982	2.0339590107873156e-05	0.016378734370664873
3894.5668635241404	0.08919586847854005	2.0344510641600487e-05	0.016378734370664873
3900.438989002734	0.08931534339707531	2.0349437330781148e-05	0.016378734370664873
3906.3111144813283	0.08943484713318493	2.0354370178335995e-05	0.016378734370664873
3912.1832399599225	0.08955437972581831	2.0359309187185863e-05	0.016378734370664873
3918.0553654385167	0.08967394121392475	2.0364254360251605e-05	0.016378734370664873
3923.9274909171104	0.08979353163645364	2.0369205700454064e-05	0.016378734370664873
3929.7996163957046	0.0899131510323543	2.037416321071409e-05	0.016378734370664873
3935.671741874299	0.09003279944057611	2.0379126893952525e-05	0.016378734370664873
3941.5438673528934	0.09015247690006839	2.0384096753090216e-05	0.016378734370664873
3947.4159928314875	0.09027218344978051	2.038907279104801e-05	0.016378734370664873
3953.2881183100812	0.09039191912866182	2.0394055010746756e-05	0.016378734370664873
3959.1602437886754	0.09051168397566167	2.0399043415107293e-05	0.016378734370664873
3965.0323692672696	0.09063147802972941	2.0404038007050472e-05	0.016378734370664873
3970.9044947458638	0.09075130132981439	2.040903878949714e-05	0.016378734370664873
3976.7766202244575	0.09087115391486596	2.041404576536814e-05	0.016378734370664873
3982.6487457030516	0.09099103582383347	2.041905893758432e-05	0.016378734370664873
3988.5208711816463	0.09111094709566629	2.042407830906653e-05	0.016378734370664873
3994.3929966602404	0.09123088776931373	2.042910388273561e-05	0.016378734370664873
4000.2651221388346	0.09135085788372518	2.0434135661512404e-05	0.016378734370664873
4006.1372476174283	0.09147085747784998	2.0439173648317763e-05	0.016378734370664873
4012.0093730960225	0.09159088659063748	2.0444217846072534e-05	0.016378734370664873
4017.8814985746167	0.09171094526103701	2.044926825769756e-05	0.016378734370664873
4023.753624053211	0.09183103352799796	2.045432488611369e-05	0.016378734370664873
4029.6257495318046	0.09195115143046965	2.0459387734241766e-05	0.016378734370664873
4035.4978750103987	0.09207129900740145	2.046445680500264e-05	0.016378734370664873
4041.3700004889934	0.09219147629774271	2.0469532101317153e-05	0.016378734370664873
4047.2421259675875	0.09231168334044276	2.0474613626106156e-05	0.016378734370664873
4053.1142514461817	0.09243192017445097	2.0479701382290488e-05	0.016378734370664873
4058.9863769247754	0.09255218683871669	2.0484795372791e-05	0.016378734370664873
4064.8585024033696	0.09267248337218925	2.048989560052854e-05	0.016378734370664873
4070.7306278819638	0.09279280981381803	2.049500206842395e-05	0.016378734370664873
4076.602753360558	0.09291316620255237	2.050011477939808e-05	0.016378734370664873
4082.4748788391516	0.09303355257734161	2.050523373637177e-05	0.016378734370664873
4088.347004317746	0.09315396897713513	2.0510358942265872e-05	0.016378734370664873
4094.2191297963404	0.09327441544088226	2.051549040000123e-05	0.016378734370664873
4100.091255274935	0.09339489200753234	2.052062811249869e-05	0.016378734370664873
4105.963380753528	0.09351539871603473	2.05257720826791e-05	0.016378734370664873
4111.8355062321225	0.0936359356053388	2.05309223134633e-05	0.016378734370664873
4117.707631710717	0.09375650271439387	2.0536078807772145e-05	0.016378734370664873
4123.579757189311	0.09387710008214933	2.0541241568526472e-05	0.016378734370664873
4129.451882667905	0.0939977277475545	2.0546410598647137e-05	0.016378734370664873
4135.324008146499	0.09411838574955872	2.0551585901054978e-05	0.016378734370664873
4141.196133625093	0.09423907412711138	2.0556767478670847e-05	0.016378734370664873
4147.0682591036875	0.09435979291916181	2.0561955334415585e-05	0.016378734370664873
4152.940384582282	0.09448054216465936	2.056714947121004e-05	0.016378734370664873
4158.812510060876	0.09460132190255338	2.057234989197506e-05	0.016378734370664873
4164.68463553947	0.09472213217179322	2.0577556599631487e-05	0.016378734370664873
4170.556761018064	0.09484297301132824	2.0582769597100173e-05	0.016378734370664873
4176.428886496658	0.09496384446010778	2.0587988887301958e-05	0.016378734370664873
4182.301011975252	0.09508474655708121	2.0593214473157693e-05	0.016378734370664873
4188.173137453846	0.09520567934119786	2.059844635758822e-05	0.016378734370664873
4194.04526293244	0.09532664285140709	2.0603684543514388e-05	0.016378734370664873
4199.917388411035	0.09544763712665826	2.0608929033857043e-05	0.016378734370664873
4205.789513889629	0.0955686622059007	2.061417983153703e-05	0.016378734370664873
4211.6616393682225	0.09568971812808377	2.06194369394752e-05	0.016378734370664873
4217.533764846817	0.09581080493215682	2.062470036059239e-05	0.016378734370664873
4223.405890325411	0.09593192265706922	2.062997009780945e-05	0.016378734370664873
4229.278015804005	0.0960530713417703	2.063524615404723e-05	0.016378734370664873
4235.150141282599	0.0961742510252094	2.0640528532226573e-05	0.016378734370664873
4241.022266761193	0.09629546174633591	2.0645817235268325e-05	0.016378734370664873
4246.8943922397875	0.09641670354409915	2.0651112266093333e-05	0.016378734370664873
4252.766517718382	0.0965379764574485	2.0656413627622442e-05	0.016378734370664873
4258.638643196976	0.09665928052533326	2.0661721322776497e-05	0.016378734370664873
4264.51076867557	0.09678061578670281	2.0667035354476346e-05	0.016378734370664873
4270.382894154164	0.09690198228050652	2.0672355725642835e-05	0.016378734370664873
4276.255019632758	0.09702338004569372	2.0677682439196813e-05	0.016378734370664873
4282.127145111353	0.09714480912121376	2.068301549805912e-05	0.016378734370664873
4287.999270589946	0.09726626954601598	2.0688354905150606e-05	0.016378734370664873
4293.87139606854	0.09738776135904977	2.069370066339212e-05	0.016378734370664873
4299.743521547134	0.09750928459926445	2.06990527757045e-05	0.016378734370664873
4305.615647025729	0.09763083930560938	2.0704411245008598e-05	0.016378734370664873
4311.487772504323	0.0977524255170339	2.070977607422526e-05	0.016378734370664873
4317.359897982917	0.09787404327248739	2.071514726627533e-05	0.016378734370664873
4323.232023461511	0.09799569261091917	2.0720524824079657e-05	0.016378734370664873
4329.104148940105	0.09811737357127859	2.0725908750559082e-05	0.016378734370664873
4334.976274418699	0.09823908619251503	2.0731299048634456e-05	0.016378734370664873
4340.848399897293	0.09836083051357783	2.0736695721226624e-05	0.016378734370664873
4346.7205253758875	0.09848260657341631	2.074209877125643e-05	0.016378734370664873
4352.592650854482	0.09860441441097986	2.0747508201644724e-05	0.016378734370664873
4358.464776333076	0.09872625406521784	2.075292401531235e-05	0.016378734370664873
4364.33690181167	0.09884812557507955	2.075834621518015e-05	0.016378734370664873
4370.209027290264	0.09897002897951437	2.076377480416898e-05	0.016378734370664873
4376.081152768858	0.09909196431747166	2.0769209785199677e-05	0.016378734370664873
4381.9532782474525	0.09921393162790076	2.077465116119309e-05	0.016378734370664873
4387.825403726047	0.09933593094975102	2.0780098935070068e-05	0.016378734370664873
4393.69752920464	0.0994579623219718	2.0785553109751453e-05	0.016378734370664873
4399.569654683234	0.09958002578351244	2.079101368815809e-05	0.016378734370664873
4405.441780161828	0.0997021213733223	2.079648067321083e-05	0.016378734370664873
4411.313905640423	0.09982424913035072	2.080195406783052e-05	0.016378734370664873
4417.186031119018	0.09994640909354706	2.0807433874938e-05	0.016378734370664873
4423.058156597612	0.10006860130186065	2.0812920097454122e-05	0.016378734370664873
4428.930282076205	0.10019082579424089	2.0818412738299728e-05	0.016378734370664873
4434.802407554799	0.10031308260963709	2.0823911800395665e-05	0.016378734370664873
4440.674533033393	0.1004353717869986	2.082941728666278e-05	0.016378734370664873
4446.5466585119875	0.1005576933652748	2.0834929200021916e-05	0.016378734370664873
4452.418783990582	0.10068004738341502	2.0840447543393926e-05	0.016378734370664873
4458.290909469176	0.10080243388036861	2.084597231969965e-05	0.016378734370664873
4464.16303494777	0.10092485289508493	2.085150353185994e-05	0.016378734370664873
4470.035160426364	0.10104730446651332	2.0857041182795635e-05	0.016378734370664873
4475.907285904958	0.10116978863360314	2.0862585275427584e-05	0.016378734370664873
4481.7794113835525	0.10129230543530374	2.0868135812676634e-05	0.016378734370664873
4487.651536862147	0.10141485491056446	2.0873692797463632e-05	0.016378734370664873
4493.523662340741	0.10153743709833467	2.0879256232709422e-05	0.016378734370664873
4499.395787819335	0.10166005203756372	2.0884826121334852e-05	0.016378734370664873
4505.267913297928	0.10178269976720093	2.0890402466260766e-05	0.016378734370664873
4511.140038776523	0.10190538032619571	2.089598527040801e-05	0.016378734370664873
4517.012164255118	0.10202809375349735	2.0901574536697435e-05	0.016378734370664873
4522.884289733712	0.10215084008805522	2.090717026804988e-05	0.016378734370664873
4528.756415212306	0.10227361936881868	2.0912772467386198e-05	0.016378734370664873
4534.628540690899	0.10239643163473709	2.091838113762723e-05	0.016378734370664873
4540.500666169493	0.10251927692475978	2.092399628169382e-05	0.016378734370664873
4546.3727916480875	0.1026421552778361	2.0929617902506826e-05	0.016378734370664873
4552.244917126682	0.10276506673291542	2.093524600298708e-05	0.016378734370664873
4558.117042605276	0.1028880113289471	2.0940880586055435e-05	0.016378734370664873
4563.989168083871	0.10301098910488046	2.094652165463274e-05	0.016378734370664873
4569.861293562464	0.10313400009966486	2.0952169211639836e-05	0.016378734370664873
4575.733419041058	0.10325704435224965	2.095782325999757e-05	0.016378734370664873
4581.6055445196525	0.10338012190158419	2.0963483802626788e-05	0.016378734370664873
4587.477669998247	0.10350323278661783	2.0969150842448336e-05	0.016378734370664873
4593.349795476841	0.10362637704629991	2.0974824382383063e-05	0.016378734370664873
4599.221920955435	0.10374955471957979	2.0980504425351816e-05	0.016378734370664873
4605.094046434029	0.10387276584540683	2.0986190974275434e-05	0.016378734370664873
4610.9661719126225	0.10399601046273037	2.0991884032074767e-05	0.016378734370664873
4616.838297391218	0.10411928861049977	2.0997583601670664e-05	0.016378734370664873
4622.710422869812	0.10424260032766436	2.100328968598397e-05	0.016378734370664873
4628.582548348406	0.1043659456531735	2.1009002287935525e-05	0.016378734370664873
4634.454673827	0.10448932462597654	2.1014721410446184e-05	0.016378734370664873
4640.326799305594	0.10461273728502285	2.102044705643679e-05	0.016378734370664873
4646.1989247841875	0.10473618366926175	2.1026179228828185e-05	0.016378734370664873
4652.071050262782	0.10485966381764263	2.1031917930541218e-05	0.016378734370664873
4657.943175741376	0.1049831777691148	2.1037663164496738e-05	0.016378734370664873
4663.81530121997	0.10510672556262764	2.104341493361559e-05	0.016378734370664873
4669.687426698565	0.1052303072371305	2.1049173240818614e-05	0.016378734370664873
4675.559552177158	0.10535392283157272	2.1054938089026664e-05	0.016378734370664873
4681.4316776557525	0.10547757238490363	2.1060709481160584e-05	0.016378734370664873
4687.303803134347	0.10560125593607263	2.1066487420141217e-05	0.016378734370664873
4693.175928612941	0.10572497352402903	2.107227190888941e-05	0.016378734370664873
4699.048054091535	0.1058487251877222	2.1078062950326013e-05	0.016378734370664873
4704.920179570129	0.10597251096610148	2.1083860547371868e-05	0.016378734370664873
4710.792305048723	0.10609633089811624	2.1089664702947822e-05	0.016378734370664873
4716.664430527317	0.1062201850227158	2.1095475419974724e-05	0.016378734370664873
4722.536556005912	0.10634407337884956	2.110129270137342e-05	0.016378734370664873
4728.408681484506	0.10646799600546683	2.1107116550064748e-05	0.016378734370664873
4734.2808069631	0.10659195294151697	2.1112946968969566e-05	0.016378734370664873
4740.152932441694	0.10671594422594932	2.111878396100871e-05	0.016378734370664873
4746.025057920288	0.10683996989771324	2.1124627529103032e-05	0.016378734370664873
4751.897183398882	0.1069640299957581	2.1130477676173375e-05	0.016378734370664873
4757.769308877476	0.10708812455903324	2.113633440514059e-05	0.016378734370664873
4763.64143435607	0.10721225362648801	2.1142197718925517e-05	0.016378734370664873
4769.513559834664	0.10733641723707174	2.1148067620449006e-05	0.016378734370664873
4775.385685313259	0.10746061542973383	2.1153944112631903e-05	0.016378734370664873
4781.2578107918525	0.10758484824342357	2.1159827198395053e-05	0.016378734370664873
4787.129936270447	0.10770911571709035	2.11657168806593e-05	0.016378734370664873
4793.002061749041	0.10783341788968351	2.1171613162345497e-05	0.016378734370664873
4798.874187227635	0.1079577548001524	2.117751604637448e-05	0.016378734370664873
4804.746312706229	0.10808212648744639	2.1183425535667105e-05	0.016378734370664873
4810.618438184823	0.1082065329905148	2.1189341633144212e-05	0.016378734370664873
4816.490563663418	0.108330974348307	2.119526434172665e-05	0.016378734370664873
4822.362689142012	0.10845545059977235	2.1201193664335263e-05	0.016378734370664873
4828.234814620606	0.10857996178386019	2.1207129603890898e-05	0.016378734370664873
4834.1069400992	0.10870450793951986	2.1213072163314402e-05	0.016378734370664873
4839.979065577794	0.1088290891057007	2.1219021345526622e-05	0.016378734370664873
4845.851191056388	0.1089537053213521	2.1224977153448402e-05	0.016378734370664873
4851.723316534983	0.10907835662542338	2.1230939590000586e-05	0.016378734370664873
4857.595442013576	0.10920304305686392	2.1236908658104026e-05	0.016378734370664873
4863.46756749217	0.10932776465462304	2.1242884360679564e-05	0.016378734370664873
4869.339692970764	0.10945252145765011	2.1248866700648045e-05	0.016378734370664873
4875.211818449358	0.10957731350489448	2.125485568093032e-05	0.016378734370664873
4881.083943927953	0.10970214083530552	2.1260851304447234e-05	0.016378734370664873
4886.956069406548	0.10982700348783253	2.126685357411963e-05	0.016378734370664873
4892.828194885141	0.10995190150142489	2.1272862492868354e-05	0.016378734370664873
4898.700320363735	0.11007683491503195	2.1278878063614255e-05	0.016378734370664873
4904.572445842329	0.11020180376760307	2.1284900289278177e-05	0.016378734370664873
4910.444571320923	0.11032680809808759	2.1290929172780968e-05	0.016378734370664873
4916.316696799518	0.11045184794543486	2.129696471704347e-05	0.016378734370664873
4922.188822278112	0.11057692334859423	2.1303006924986537e-05	0.016378734370664873
4928.060947756706	0.11070203434651506	2.130905579953101e-05	0.016378734370664873
4933.9330732353	0.1108271809781467	2.1315111343597735e-05	0.016378734370664873
4939.805198713894	0.11095236328243852	2.1321173560107558e-05	0.016378734370664873
4945.677324192488	0.1110775812983398	2.1327242451981324e-05	0.016378734370664873
4951.549449671083	0.11120283506479997	2.1333318022139883e-05	0.016378734370664873
4957.421575149677	0.11132812462076834	2.133940027350408e-05	0.016378734370664873
4963.293700628271	0.11145345000519427	2.134548920899476e-05	0.016378734370664873
4969.165826106864	0.11157881125702712	2.1351584831532766e-05	0.016378734370664873
4975.037951585458	0.11170420841521622	2.135768714403895e-05	0.016378734370664873
4980.9100770640525	0.11182964151871096	2.1363796149434155e-05	0.016378734370664873
4986.782202542648	0.11195511060646066	2.136991185063923e-05	0.016378734370664873
4992.654328021242	0.11208061571741466	2.1376034250575015e-05	0.016378734370664873
4998.526453499835	0.11220615689052232	2.1382163352162363e-05	0.016378734370664873
5004.398578978429	0.11233173416473302	2.1388299158322117e-05	0.016378734370664873
5010.270704457023	0.11245734757899609	2.1394441671975122e-05	0.016378734370664873
5016.142829935618	0.11258299717226088	2.1400590896042225e-05	0.016378734370664873
5022.014955414212	0.11270868298347672	2.1406746833444274e-05	0.016378734370664873
5027.887080892806	0.112834405051593	2.1412909487102113e-05	0.016378734370664873
5033.7592063714	0.11296016341555903	2.141907885993659e-05	0.016378734370664873
5039.631331849994	0.11308595811432423	2.142525495486855e-05	0.016378734370664873
5045.503457328588	0.11321178918683789	2.1431437774818836e-05	0.016378734370664873
5051.375582807183	0.11333765667204937	2.1437627322708298e-05	0.016378734370664873
5057.247708285777	0.113463560608908	2.1443823601457783e-05	0.016378734370664873
5063.119833764371	0.1135895010363632	2.1450026613988136e-05	0.016378734370664873
5068.991959242965	0.11371547799336426	2.14562363632202e-05	0.016378734370664873
5074.864084721558	0.11384149151886055	2.1462452852074825e-05	0.016378734370664873
5080.7362102001525	0.11396754165180142	2.1468676083472855e-05	0.016378734370664873
5086.608335678747	0.11409362843113623	2.147490606033514e-05	0.016378734370664873
5092.480461157342	0.11421975189581433	2.148114278558252e-05	0.016378734370664873
5098.352586635936	0.11434591208478506	2.1487386262135845e-05	0.016378734370664873
5104.224712114529	0.11447210903699778	2.149363649291596e-05	0.016378734370664873
5110.096837593123	0.11459834279140182	2.1499893480843712e-05	0.016378734370664873
5115.968963071718	0.11472461338694656	2.1506157228839947e-05	0.016378734370664873
5121.841088550312	0.11485092086258133	2.151242773982551e-05	0.016378734370664873
5127.713214028906	0.11497726525725549	2.1518705016721245e-05	0.016378734370664873
5133.5853395075	0.1151036466099184	2.1524989062448007e-05	0.016378734370664873
5139.457464986094	0.11523006495951937	2.1531279879926632e-05	0.016378734370664873
5145.329590464688	0.11535652034500785	2.1537577472077973e-05	0.016378734370664873
5151.201715943283	0.11548301280533307	2.1543881841822868e-05	0.016378734370664873
5157.073841421877	0.11560954237944446	2.1550192992082173e-05	0.016378734370664873
5162.945966900471	0.11573610910629131	2.1556510925776728e-05	0.016378734370664873
5168.818092379065	0.11586271302482304	2.156283564582738e-05	0.016378734370664873
5174.690217857659	0.11598935417398895	2.156916715515498e-05	0.016378734370664873
5180.5623433362525	0.11611603259273842	2.1575505456680365e-05	0.016378734370664873
5186.434468814847	0.1162427483200208	2.158185055332439e-05	0.016378734370664873
5192.306594293441	0.11636950139478541	2.1588202448007896e-05	0.016378734370664873
5198.178719772036	0.11649629185598165	2.159456114365173e-05	0.016378734370664873
5204.05084525063	0.11662311974255882	2.1600926643176738e-05	0.016378734370664873
5209.922970729224	0.11674998509346628	2.1607298949503768e-05	0.016378734370664873
5215.795096207818	0.11687688794765341	2.1613678065553665e-05	0.016378734370664873
5221.667221686412	0.11700382834406954	2.1620063994247272e-05	0.016378734370664873
5227.539347165006	0.11713080632166403	2.162645673850544e-05	0.016378734370664873
5233.4114726436	0.11725782191938625	2.1632856301249013e-05	0.016378734370664873
5239.283598122194	0.1173848751761855	2.1639262685398838e-05	0.016378734370664873
5245.155723600788	0.11751196613101117	2.164567589387576e-05	0.016378734370664873
5251.027849079383	0.11763909482281262	2.1652095929600627e-05	0.016378734370664873
5256.899974557977	0.11776626129053916	2.1658522795494282e-05	0.016378734370664873
5262.772100036571	0.11789346557314015	2.1664956494477573e-05	0.016378734370664873
5268.644225515165	0.11802070770956498	2.1671397029471345e-05	0.016378734370664873
5274.516350993759	0.11814798773876295	2.1677844403396447e-05	0.016378734370664873
5280.388476472353	0.11827530569968345	2.168429861917372e-05	0.016378734370664873
5286.260601950948	0.11840266163127583	2.1690759679724018e-05	0.016378734370664873
5292.132727429541	0.11853005557248941	2.169722758796818e-05	0.016378734370664873
5298.004852908135	0.11865748756227357	2.1703702346827055e-05	0.016378734370664873
5303.87697838673	0.11878495763957765	2.171018395922149e-05	0.016378734370664873
5309.749103865324	0.118912465843351	2.1716672428072327e-05	0.016378734370664873
5315.6212293439185	0.11904001221254296	2.1723167756300416e-05	0.016378734370664873
5321.493354822512	0.11916759678610289	2.1729669946826603e-05	0.016378734370664873
5327.365480301106	0.11929521960298016	2.173617900257173e-05	0.016378734370664873
5333.2376057797	0.11942288070212409	2.174269492645665e-05	0.016378734370664873
5339.109731258294	0.11955058012248405	2.1749217721402205e-05	0.016378734370664873
5344.981856736888	0.1196783179030094	2.1755747390329243e-05	0.016378734370664873
5350.853982215483	0.11980609408264947	2.1762283936158605e-05	0.016378734370664873
5356.726107694077	0.11993390870035363	2.1768827361811144e-05	0.016378734370664873
5362.598233172671	0.12006176179507122	2.17753776702077e-05	0.016378734370664873
5368.470358651265	0.12018965340575158	2.1781934864269124e-05	0.016378734370664873
5374.342484129859	0.12031758357134406	2.1788498946916263e-05	0.016378734370664873
5380.214609608453	0.12044555233079804	2.1795069921069955e-05	0.016378734370664873
5386.086735087048	0.12057355972306286	2.1801647789651056e-05	0.016378734370664873
5391.958860565642	0.12070160578708783	2.1808232555580406e-05	0.016378734370664873
5397.830986044235	0.12082969056182236	2.1814824221778852e-05	0.016378734370664873
5403.703111522829	0.12095781408621578	2.182142279116724e-05	0.016378734370664873
5409.575237001424	0.12108597639921745	2.182802826666642e-05	0.016378734370664873
5415.4473624800185	0.1212141775397767	2.1834640651197234e-05	0.016378734370664873
5421.319487958613	0.12134241754684288	2.1841259947680528e-05	0.016378734370664873
5427.191613437206	0.12147069645936535	2.184788615903715e-05	0.016378734370664873
5433.0637389158	0.12159901431629347	2.185451928818795e-05	0.016378734370664873
5438.935864394394	0.12172737115657659	2.1861159338053764e-05	0.016378734370664873
5444.807989872988	0.12185576701916404	2.1867806311555446e-05	0.016378734370664873
5450.680115351583	0.12198420194300519	2.1874460211613837e-05	0.016378734370664873
5456.552240830177	0.12211267596704939	2.188112104114979e-05	0.016378734370664873
5462.424366308771	0.12224118913024598	2.1887788803084146e-05	0.016378734370664873
5468.296491787365	0.12236974147154434	2.189446350033775e-05	0.016378734370664873
5474.168617265959	0.12249833302989377	2.1901145135831456e-05	0.016378734370664873
5480.040742744553	0.12262696384424367	2.19078337124861e-05	0.016378734370664873
5485.912868223148	0.12275563395354336	2.1914529233222534e-05	0.016378734370664873
5491.784993701742	0.1228843433967422	2.1921231700961605e-05	0.016378734370664873
5497.657119180336	0.12301309221278955	2.1927941118624155e-05	0.016378734370664873
5503.529244658929	0.12314188044063476	2.193465748913103e-05	0.016378734370664873
5509.401370137523	0.12327070811922716	2.1941380815403082e-05	0.016378734370664873
5515.273495616118	0.12339957528751615	2.194811110036115e-05	0.016378734370664873
5521.145621094713	0.12352848198445102	2.1954848346926087e-05	0.016378734370664873
5527.017746573307	0.12365742824898114	2.1961592558018734e-05	0.016378734370664873
5532.889872051901	0.12378641412005588	2.1968343736559938e-05	0.016378734370664873
5538.761997530494	0.12391543963662457	2.1975101885470545e-05	0.016378734370664873
5544.634123009088	0.1240445048376366	2.1981867007671405e-05	0.016378734370664873
5550.506248487683	0.12417360976204125	2.198863910608336e-05	0.016378734370664873
5556.378373966277	0.12430275444878795	2.199541818362726e-05	0.016378734370664873
5562.250499444871	0.124431938936826	2.2002204243223944e-05	0.016378734370664873
5568.122624923465	0.12456116326510477	2.2008997287794264e-05	0.016378734370664873
5573.994750402059	0.12469042747257361	2.2015797320259063e-05	0.016378734370664873
5579.866875880653	0.12481973159818185	2.202260434353919e-05	0.016378734370664873
5585.739001359248	0.12494907568087887	2.2029418360555494e-05	0.016378734370664873
5591.611126837842	0.125078459759614	2.203623937422881e-05	0.016378734370664873
5597.483252316436	0.12520788387333662	2.2043067387479994e-05	0.016378734370664873
5603.35537779503	0.12533734806099606	2.204990240322989e-05	0.016378734370664873
5609.227503273624	0.12546685236154165	2.2056744424399345e-05	0.016378734370664873
5615.0996287522175	0.1255963968139228	2.2063593453909202e-05	0.016378734370664873
5620.971754230813	0.1257259814570888	2.207044949468031e-05	0.016378734370664873
5626.843879709407	0.12585560632998902	2.2077312549633512e-05	0.016378734370664873
5632.716005188001	0.12598527147157282	2.208418262168966e-05	0.016378734370664873
5638.588130666595	0.12611497692078955	2.209105971376959e-05	0.016378734370664873
5644.460256145188	0.12624472271658854	2.2097943828794158e-05	0.016378734370664873
5650.332381623783	0.12637450889791918	2.2104834969684204e-05	0.016378734370664873
5656.204507102377	0.1265043355037308	2.211173313936058e-05	0.016378734370664873
5662.076632580971	0.12663420257297275	2.2118638340744125e-05	0.016378734370664873
5667.948758059565	0.12676411014459438	2.212555057675569e-05	0.016378734370664873
5673.82088353816	0.12689405825754507	2.2132469850316122e-05	0.016378734370664873
5679.693009016753	0.12702404695077413	2.213939616434626e-05	0.016378734370664873
5685.565134495348	0.1271540762632309	2.214632952176696e-05	0.016378734370664873
5691.437259973942	0.12728414623386478	2.2153269925499063e-05	0.016378734370664873
5697.309385452536	0.12741425690162508	2.2160217378463413e-05	0.016378734370664873
5703.18151093113	0.12754440830546118	2.2167171883580858e-05	0.016378734370664873
5709.053636409724	0.12767460048432241	2.2174133443772245e-05	0.016378734370664873
5714.925761888318	0.12780483347715815	2.2181102061958423e-05	0.016378734370664873
5720.797887366912	0.1279351073229177	2.218807774106023e-05	0.016378734370664873
5726.670012845507	0.1280654220605505	2.2195060483998523e-05	0.016378734370664873
5732.542138324101	0.1281957777290058	2.2202050293694138e-05	0.016378734370664873
5738.414263802695	0.128326174367233	2.2209047173067925e-05	0.016378734370664873
5744.286389281289	0.12845661201418146	2.2216051125040733e-05	0.016378734370664873
5750.1585147598835	0.12858709070880048	2.2223062152533405e-05	0.016378734370664873
5756.030640238477	0.1287176104900395	2.2230080258466786e-05	0.016378734370664873
5761.902765717071	0.12884817139684776	2.2237105445761725e-05	0.016378734370664873
5767.774891195665	0.1289787734681747	2.2244137717339068e-05	0.016378734370664873
5773.647016674259	0.12910941674296963	2.2251177076119658e-05	0.016378734370664873
5779.519142152854	0.12924010126018196	2.2258223525024346e-05	0.016378734370664873
5785.391267631448	0.12937082705876096	2.2265277066973972e-05	0.016378734370664873
5791.263393110042	0.129501594177656	2.227233770488939e-05	0.016378734370664873
5797.135518588636	0.12963240265581646	2.2279405441691435e-05	0.016378734370664873
5803.00764406723	0.12976325253219165	2.2286480280300962e-05	0.016378734370664873
5808.879769545824	0.12989414384573097	2.2293562223638818e-05	0.016378734370664873
5814.751895024418	0.13002507663538376	2.2300651274625843e-05	0.016378734370664873
5820.624020503013	0.13015605094009933	2.2307747436182888e-05	0.016378734370664873
5826.496145981606	0.13028706679882707	2.2314850711230796e-05	0.016378734370664873
5832.368271460201	0.13041812425051633	2.2321961102690416e-05	0.016378734370664873
5838.240396938795	0.13054922333411645	2.232907861348259e-05	0.016378734370664873
5844.112522417389	0.13068036408857678	2.2336203246528166e-05	0.016378734370664873
5849.9846478959835	0.13081154655284666	2.2343335004747995e-05	0.016378734370664873
5855.856773374578	0.13094277076587546	2.2350473891062918e-05	0.016378734370664873
5861.728898853171	0.13107403676661256	2.235761990839378e-05	0.016378734370664873
5867.601024331766	0.13120534459400723	2.236477305966143e-05	0.016378734370664873
