x	chi	dchidx	s0
0.00048793329115763296	0.0	0.016388198060601336	0.016388198060601336
0.014095845240101173	0.00022300077215119124	0.01638640954986406	0.016388198060601336
0.027703757189044713	0.0004459544970720052	0.016381283372988487	0.016388198060601336
0.04131166913798826	0.0006688157560957515	0.016372819529996738	0.016388198060601336
0.0549195810869318	0.000891539130556031	0.016361018020883872	0.016388198060601336
0.06852749303587534	0.00111407920178623	0.01634587884564246	0.016388198060601336
0.08213540498481887	0.0013363905511195148	0.01632740200426272	0.016388198060601336
0.09574331693376241	0.001558427759888831	0.01630558749673253	0.016388198060601336
0.10935122888270594	0.0017801454094269057	0.01628043532303742	0.016388198060601336
0.1229591408316495	0.002001498081066247	0.016251945483160564	0.016388198060601336
0.13656705278059303	0.002222440356139142	0.016220117977082806	0.016388198060601336
0.15017496472953656	0.0024429268159776585	0.016184952804782632	0.016388198060601336
0.16378287667848015	0.002662912041905676	0.016146449966292387	0.016388198060601336
0.1773907886274237	0.002882350615241381	0.016104609461685314	0.016388198060601336
0.19099870057636723	0.003101197117320825	0.016059431290906295	0.016388198060601336
0.20460661252531076	0.003319406129479594	0.016010915453896143	0.016388198060601336
0.2182145244742543	0.003536932233052256	0.015959061950595398	0.016388198060601336
0.23182243642319783	0.0037537300093723634	0.015903870780944317	0.016388198060601336
0.24543034837214137	0.003969754039772452	0.015845341944882886	0.016388198060601336
0.2590382603210849	0.004184958905584041	0.015783475442350807	0.016388198060601336
0.2726461722700284	0.004399299188137633	0.01571827127328751	0.016388198060601336
0.286254084218972	0.004612729468762716	0.015649729437632157	0.016388198060601336
0.29986199616791553	0.004825204328787759	0.015577849935323622	0.016388198060601336
0.3134699081168591	0.005036678349540217	0.015502632766300506	0.016388198060601336
0.32707782006580266	0.005247106112346529	0.01542407793050114	0.016388198060601336
0.34068573201474617	0.0054564421985321115	0.015342185427863569	0.016388198060601336
0.35429364396368973	0.005664641189421374	0.015256955258325568	0.016388198060601336
0.36790155591263324	0.005871657666337703	0.015168387421824636	0.016388198060601336
0.3815094678615768	0.006077446210603472	0.015076481918297994	0.016388198060601336
0.3951173798105203	0.0062819614035400356	0.014981238747682589	0.016388198060601336
0.40872529175946387	0.006485157826467735	0.014882657909915087	0.016388198060601336
0.4223332037084074	0.0066869900607058885	0.01478073940493188	0.016388198060601336
0.43594111565735094	0.006887412687572812	0.01467548323266909	0.016388198060601336
0.4495490276062945	0.0070863802883857855	0.014566889393062553	0.016388198060601336
0.463156939555238	0.007283847444461091	0.014454957886047835	0.016388198060601336
0.4767648515041816	0.007479768737113982	0.014339688711560224	0.016388198060601336
0.4903727634531251	0.0076740987476586996	0.014221081869534732	0.016388198060601336
0.5039806754020687	0.007866792057408473	0.014099137359906096	0.016388198060601336
0.5175885873510122	0.008057803247675506	0.013973855182608772	0.016388198060601336
0.5311964992999557	0.008247086899770996	0.013845235337576948	0.016388198060601336
0.5448044112488992	0.008434597595005111	0.013713277824744529	0.016388198060601336
0.5584123231978428	0.00862028991468702	0.013577982644045148	0.016388198060601336
0.5720202351467863	0.00880411844012486	0.013439349795412156	0.016388198060601336
0.5856281470957299	0.008986037752625757	0.013297379278778635	0.016388198060601336
0.5992360590446734	0.009166002433495827	0.013152071094077386	0.016388198060601336
0.612843970993617	0.00934396706404016	0.013003425241240938	0.016388198060601336
0.6264518829425605	0.009519886225562834	0.012851441720201539	0.016388198060601336
0.6400597948915041	0.009693714499366913	0.012696120530891163	0.016388198060601336
0.6536677068404476	0.009865406466754439	0.012537461673241507	0.016388198060601336
0.6672756187893911	0.010034916709026441	0.012375465147183996	0.016388198060601336
0.6808835307383346	0.010202199807482932	0.012210130952649775	0.016388198060601336
0.6944914426872782	0.01036721034342291	0.012041459089569708	0.016388198060601336
0.7080993546362218	0.010529902898144353	0.011869449557874393	0.016388198060601336
0.7217072665851653	0.01069023205294422	0.011694102357494148	0.016388198060601336
0.7353151785341088	0.010848152389118466	0.011515417488359011	0.016388198060601336
0.7489230904830524	0.011003618487962014	0.01133339495039875	0.016388198060601336
0.7625310024319959	0.011156584930768787	0.011148034743542846	0.016388198060601336
0.7761389143809395	0.011307006298831673	0.010959336867720517	0.016388198060601336
0.7897468263298829	0.011454837173446641	0.01076730132280784	0.016388198060601336
0.8033547382788265	0.011600032135917879	0.010571928108543844	0.016388198060601336
0.81696265022777	0.0117425457675352	0.010373217224817212	0.016388198060601336
0.8305705621767137	0.011882332649585997	0.010171168671530978	0.016388198060601336
0.844178474125657	0.012019347363356359	0.009965782448588626	0.016388198060601336
0.8577863860746007	0.012153544490131073	0.009757058555894094	0.016388198060601336
0.8713942980235442	0.012284878611193626	0.009544996993351774	0.016388198060601336
0.8850022099724878	0.012413304307826199	0.009329597760866523	0.016388198060601336
0.8986101219214314	0.012538776161309672	0.009110860858343641	0.016388198060601336
0.9122180338703748	0.012661248752923623	0.008888786285688892	0.016388198060601336
0.9258259458193183	0.012780676663946328	0.008663374042808487	0.016388198060601336
0.9394338577682619	0.012897014475654764	0.008434624129609096	0.016388198060601336
0.9530417697172056	0.0130102167693246	0.008202536545997846	0.016388198060601336
0.966649681666149	0.013120238126230206	0.007967111291882318	0.016388198060601336
0.9802575936150926	0.01322703312764465	0.007728348367170542	0.016388198060601336
0.9938655055640361	0.013330556354839694	0.0074862477717710105	0.016388198060601336
1.0074734175129796	0.013430762389085808	0.007240809505592667	0.016388198060601336
1.0210813294619232	0.013527605811652143	0.006992033568544914	0.016388198060601336
1.0346892414108666	0.013621041203806566	0.006739919960537606	0.016388198060601336
1.0482971533598102	0.013711023146815628	0.00648446868148105	0.016388198060601336
1.0619050653087538	0.013797506221944585	0.00622567973128601	0.016388198060601336
1.0755129772576975	0.013880445010457392	0.0059635531098637075	0.016388198060601336
1.0891208892066409	0.013959794093616692	0.005698088817125821	0.016388198060601336
1.1027288011555845	0.014035508052683839	0.005429286852984473	0.016388198060601336
1.1163367131045279	0.014107541468920081	0.0051571472173525205	0.016388198060601336
1.1299446250534715	0.014175848923586382	0.004881669910144435	0.016388198060601336
1.143552537002415	0.014240384997941245	0.004602854931276095	0.016388198060601336
1.1571604489513585	0.01430110427324207	0.004320702280664779	0.016388198060601336
1.1707683609003021	0.01435796133074517	0.004035211958229147	0.016388198060601336
1.1843762728492457	0.014410910751705761	0.0037463839638892625	0.016388198060601336
1.1979841847981891	0.014459907117377971	0.0034542182975665784	0.016388198060601336
1.2115920967471328	0.014504905009014836	0.003158714959183931	0.016388198060601336
1.2252000086960761	0.0145458590078683	0.0028598739486655625	0.016388198060601336
1.2388079206450198	0.014582723695189212	0.0025576952659371	0.016388198060601336
1.2524158325939634	0.014615453652227349	0.0022521789109255794	0.016388198060601336
1.266023744542907	0.014644003460231753	0.0019433248835598372	0.016388198060601336
1.2796316564918506	0.014668327700450533	0.0016311331837704723	0.016388198060601336
1.293239568440794	0.014688380954130782	0.001315603811489783	0.016388198060601336
1.3068474803897376	0.01470411780251868	0.000996736766651864	0.016388198060601336
1.320455392338681	0.01471549282685949	0.000674532049192628	0.016388198060601336
1.3340633042876244	0.014722460608397657	0.0003489896590498661	0.016388198060601336
1.347671216236568	0.014724975728376772	2.759282571303918e-05	0.016388198060601336
6.23053932470513	0.014859772098144076	2.761320254929495e-05	0.016388198060601336
11.113407433173691	0.014994625504068328	2.7621914902704505e-05	0.016388198060601336
15.996275541642252	0.015129515124002115	2.762780718926154e-05	0.016388198060601336
20.879143650110816	0.01526443170891196	2.7632407132979174e-05	0.016388198060601336
25.76201175857938	0.015399368229457283	2.763658887344587e-05	0.016388198060601336
30.64487986704794	0.01553432322766309	2.7640490752112047e-05	0.016388198060601336
35.527747975516505	0.0156692959968745	2.7644138078519953e-05	0.016388198060601336
40.41061608398506	0.015804285830436623	2.7647556162211836e-05	0.016388198060601336
45.293484192453626	0.015939292021694574	2.7650770312729942e-05	0.016388198060601336
50.17635230092219	0.016074313863993467	2.765380583961652e-05	0.016388198060601336
55.05922040939075	0.016209350650678415	2.765668805241381e-05	0.016388198060601336
59.942088517859304	0.01634440167509453	2.7659442260664062e-05	0.016388198060601336
64.82495662632786	0.016479466230586933	2.7662093773909526e-05	0.016388198060601336
69.70782473479643	0.016614543610500736	2.7664667901692443e-05	0.016388198060601336
74.59069284326499	0.016749633108181047	2.7667189953555064e-05	0.016388198060601336
79.47356095173356	0.01688473875720316	2.7669519195942792e-05	0.016388198060601336
84.35642906020213	0.017019855350311763	2.7671813753689124e-05	0.016388198060601336
89.23929716867069	0.01715498232630187	2.76740917537715e-05	0.016388198060601336
94.12216527713926	0.017290119665272864	2.7676353592263112e-05	0.016388198060601336
99.00503338560782	0.017425267347324136	2.7678599665237146e-05	0.016388198060601336
103.88790149407637	0.017560425352555063	2.7680830368766795e-05	0.016388198060601336
108.77076960254495	0.01769559366106503	2.7683046098925247e-05	0.016388198060601336
113.6536377110135	0.01783077225295343	2.768524725178569e-05	0.016388198060601336
118.53650581948204	0.01796596110831964	2.7687434223421316e-05	0.016388198060601336
123.41937392795062	0.01810116020726305	2.7689607409905314e-05	0.016388198060601336
128.3022420364192	0.01823636952988304	2.769176720731087e-05	0.016388198060601336
133.18511014488774	0.018371589056278996	2.769391401171118e-05	0.016388198060601336
138.0679782533563	0.018506818766550304	2.769604821917943e-05	0.016388198060601336
142.95084636182486	0.01864205864079635	2.769817022578881e-05	0.016388198060601336
147.83371447029342	0.018777308659116518	2.770028042761251e-05	0.016388198060601336
152.71658257876197	0.018912568801610193	2.7702379220723718e-05	0.016388198060601336
157.59945068723056	0.019047839048376758	2.7704467001195623e-05	0.016388198060601336
162.48231879569911	0.019183119379515598	2.770654416510142e-05	0.016388198060601336
167.36518690416767	0.019318409775126097	2.7708611108514293e-05	0.016388198060601336
172.24805501263623	0.019453710215307646	2.7710668227507433e-05	0.016388198060601336
177.13092312110481	0.01958902068015962	2.7712715918154032e-05	0.016388198060601336
182.01379122957334	0.019724341149781416	2.771475457652728e-05	0.016388198060601336
186.89665933804193	0.01985967160427241	2.7716784598700358e-05	0.016388198060601336
191.77952744651049	0.019995012023731985	2.7718806380746466e-05	0.016388198060601336
196.66239555497907	0.020130362388259535	2.7720820318738788e-05	0.016388198060601336
201.5452636634476	0.020265722677954436	2.7722826808750517e-05	0.016388198060601336
206.42813177191618	0.020401092872916075	2.7724826246854837e-05	0.016388198060601336
211.31099988038474	0.020536472953243838	2.7726819029124946e-05	0.016388198060601336
216.1938679888533	0.020671862899037115	2.7728805551634027e-05	0.016388198060601336
221.07673609732186	0.020807262690395283	2.773078621045527e-05	0.016388198060601336
225.95960420579044	0.02094267230741773	2.7732761401661868e-05	0.016388198060601336
230.84247231425897	0.02107809173020384	2.7734731521327006e-05	0.016388198060601336
235.72534042272753	0.021213520938852995	2.773669696552388e-05	0.016388198060601336
240.6082085311961	0.021348959913464586	2.7738658130325673e-05	0.016388198060601336
245.49107663966464	0.021484408634137992	2.7740615411805577e-05	0.016388198060601336
250.37394474813323	0.021619867080972605	2.7742569206036783e-05	0.016388198060601336
255.25681285660178	0.0217553352340678	2.774451990909248e-05	0.016388198060601336
260.13968096507034	0.021890813073522974	2.7746467917045857e-05	0.016388198060601336
265.0225490735389	0.022026300579437504	2.7748413625970107e-05	0.016388198060601336
269.9054171820075	0.022161797731910772	2.775035743193841e-05	0.016388198060601336
274.78828529047604	0.022297304511042164	2.7752299731023968e-05	0.016388198060601336
279.6711533989446	0.022432820896931074	2.775424091929996e-05	0.016388198060601336
284.55402150741315	0.02256834686967688	2.775618139283958e-05	0.016388198060601336
289.43688961588174	0.022703882409378963	2.7758121547716022e-05	0.016388198060601336
294.31975772435027	0.02283942749613671	2.776006178000247e-05	0.016388198060601336
299.20262583281885	0.022974982110049516	2.7762002485772113e-05	0.016388198060601336
304.0854939412874	0.02311054623121675	2.7763944061098144e-05	0.016388198060601336
308.96836204975597	0.02324611983973781	2.776588690205375e-05	0.016388198060601336
313.85123015822455	0.023381702915712073	2.7767831404712122e-05	0.016388198060601336
318.73409826669314	0.023517295439238924	2.776977796514645e-05	0.016388198060601336
323.6169663751616	0.02365289739041775	2.777172697942992e-05	0.016388198060601336
328.4998344836302	0.023788508749347938	2.777367884363573e-05	0.016388198060601336
333.3827025920988	0.02392412949612887	2.777563395383706e-05	0.016388198060601336
338.26557070056737	0.024059759610859932	2.7777592706107103e-05	0.016388198060601336
343.1484388090359	0.024195399073640503	2.7779555496519053e-05	0.016388198060601336
348.0313069175045	0.02433104820949453	2.7781511099045485e-05	0.016388198060601336
352.91417502597307	0.02446670795714913	2.7783427194085436e-05	0.016388198060601336
357.7970431344416	0.02460237699489884	2.778534866657434e-05	0.016388198060601336
362.6799112429101	0.024738055350731186	2.7787275519728465e-05	0.016388198060601336
367.5627793513787	0.024873743052633696	2.7789207756764064e-05	0.016388198060601336
372.4456474598473	0.025009440128593893	2.7791145380897403e-05	0.016388198060601336
377.3285155683159	0.025145146606599306	2.7793088395344748e-05	0.016388198060601336
382.2113836767844	0.025280862514637455	2.7795036803322357e-05	0.016388198060601336
387.09425178525294	0.025416587880695875	2.7796990608046492e-05	0.016388198060601336
391.9771198937215	0.02555232273276209	2.779894981273342e-05	0.016388198060601336
396.85998800219005	0.02568806709882362	2.78009144205994e-05	0.016388198060601336
401.74285611065864	0.025823821006868003	2.780288443486069e-05	0.016388198060601336
406.6257242191272	0.025959584484882756	2.7804859858733562e-05	0.016388198060601336
411.5085923275958	0.026095357560855407	2.7806840695434272e-05	0.016388198060601336
416.39146043606434	0.02623114026277348	2.7808826948179084e-05	0.016388198060601336
421.27432854453286	0.02636693261862451	2.7810818620184264e-05	0.016388198060601336
426.15719665300145	0.026502734656396014	2.7812815714666065e-05	0.016388198060601336
431.04006476147003	0.026638546404075522	2.7814818234840758e-05	0.016388198060601336
435.92293286993856	0.02677436788965056	2.7816826183924604e-05	0.016388198060601336
440.80580097840715	0.026910199141108652	2.7818839565133862e-05	0.016388198060601336
445.68866908687573	0.02704604018643733	2.7820858381684798e-05	0.016388198060601336
450.5715371953443	0.027181891053624115	2.782288263679367e-05	0.016388198060601336
455.4544053038128	0.027317751770656536	2.7824912333676745e-05	0.016388198060601336
460.3372734122814	0.02745362236552212	2.782694747555028e-05	0.016388198060601336
465.22014152074996	0.027589502866208388	2.7828988065630543e-05	0.016388198060601336
470.1030096292185	0.02772539330070287	2.7831034107133796e-05	0.016388198060601336
474.9858777376871	0.027861293696993094	2.7833085603276298e-05	0.016388198060601336
479.86874584615566	0.027997204083066586	2.7835142557274315e-05	0.016388198060601336
484.75161395462425	0.028133124486910868	2.7837204972344105e-05	0.016388198060601336
489.6344820630927	0.02826905493651347	2.783927285170193e-05	0.016388198060601336
494.5173501715613	0.028404995459861915	2.784134619856406e-05	0.016388198060601336
499.4002182800299	0.028540946084943734	2.7843425016146752e-05	0.016388198060601336
504.2830863884985	0.02867690683974645	2.7845509307666267e-05	0.016388198060601336
509.165954496967	0.02881287775225759	2.784759907633887e-05	0.016388198060601336
514.0488226054356	0.028948858850464682	2.784969432538082e-05	0.016388198060601336
518.9316907139041	0.02908485016235525	2.7851795058008387e-05	0.016388198060601336
523.8145588223728	0.029220851715916818	2.7853901277437823e-05	0.016388198060601336
528.6974269308413	0.029356863539136916	2.78560129868854e-05	0.016388198060601336
533.5802950393098	0.029492885660003073	2.7858130189567375e-05	0.016388198060601336
538.4631631477783	0.02962891810650281	2.786025288870001e-05	0.016388198060601336
543.346031256247	0.02976496090662365	2.7862381087499568e-05	0.016388198060601336
548.2288993647155	0.02990101408835313	2.7864514789182317e-05	0.016388198060601336
553.111767473184	0.030037077679678767	2.786665399696451e-05	0.016388198060601336
557.9946355816527	0.030173151708588093	2.7868798714062416e-05	0.016388198060601336
562.8775036901212	0.03030923620306863	2.7870948943692294e-05	0.016388198060601336
567.7603717985897	0.03044533119110791	2.787310468907041e-05	0.016388198060601336
572.6432399070583	0.03058143670069345	2.7875265953413023e-05	0.016388198060601336
577.5261080155269	0.030717552759812788	2.7877432739936398e-05	0.016388198060601336
582.4089761239954	0.030853679396453438	2.7879605051856794e-05	0.016388198060601336
587.291844232464	0.030989816638602938	2.7881782892390476e-05	0.016388198060601336
592.1747123409326	0.031125964514248806	2.7883966264753707e-05	0.016388198060601336
597.0575804494011	0.03126212305137857	2.7886155172162744e-05	0.016388198060601336
601.9404485578697	0.03139829227797976	2.7888349617833858e-05	0.016388198060601336
606.8233166663382	0.031534472222039894	2.7890549604983305e-05	0.016388198060601336
611.7061847748067	0.03167066291154651	2.789275513682735e-05	0.016388198060601336
616.5890528832753	0.03180686437448712	2.7894966216582252e-05	0.016388198060601336
621.4719209917439	0.031943076638849266	2.789718284746428e-05	0.016388198060601336
626.3547891002124	0.03207929973262046	2.7899405032689688e-05	0.016388198060601336
631.237657208681	0.03221553368378824	2.7901632775474745e-05	0.016388198060601336
636.1205253171496	0.03235177852034013	2.7903866079035712e-05	0.016388198060601336
641.0033934256181	0.032488034270263644	2.7906104946588847e-05	0.016388198060601336
645.8862615340867	0.032624300961546324	2.790834938135042e-05	0.016388198060601336
650.7691296425552	0.032760578622175685	2.791059938653669e-05	0.016388198060601336
655.6519977510238	0.03289686728013926	2.7912854965363913e-05	0.016388198060601336
660.5348658594924	0.03303316696342458	2.791511612104836e-05	0.016388198060601336
665.4177339679609	0.033169477700019157	2.7917382856806293e-05	0.016388198060601336
670.3006020764295	0.033305799517910524	2.791965517585397e-05	0.016388198060601336
675.183470184898	0.03344213244508622	2.7921933081407654e-05	0.016388198060601336
680.0663382933667	0.033578476509533745	2.792421657668361e-05	0.016388198060601336
684.9492064018351	0.03371483173924064	2.7926505664898097e-05	0.016388198060601336
689.8320745103036	0.03385119816219444	2.792880034926738e-05	0.016388198060601336
694.7149426187723	0.03398757580638266	2.7931100633007723e-05	0.016388198060601336
699.5978107272408	0.03412396469979283	2.7933406519335384e-05	0.016388198060601336
704.4806788357095	0.034260364870412466	2.7935718011466627e-05	0.016388198060601336
709.363546944178	0.03439677634622911	2.7938035112617714e-05	0.016388198060601336
714.2464150526466	0.03453319915523028	2.794035782600491e-05	0.016388198060601336
719.129283161115	0.0346696333254035	2.7942686154844478e-05	0.016388198060601336
724.0121512695836	0.0348060788847363	2.7945020102352675e-05	0.016388198060601336
728.8950193780522	0.03494253586121621	2.7947359671745764e-05	0.016388198060601336
733.7778874865207	0.035079004282830756	2.7949704866240014e-05	0.016388198060601336
738.6607555949894	0.03521548417756746	2.795205568905168e-05	0.016388198060601336
743.5436237034579	0.035351975573413845	2.795441214339703e-05	0.016388198060601336
748.4264918119266	0.03548847849835744	2.7956774232492325e-05	0.016388198060601336
753.3093599203951	0.03562499298038578	2.7959141959553824e-05	0.016388198060601336
758.1922280288635	0.035761519047486375	2.796151532779779e-05	0.016388198060601336
763.0750961373321	0.03589805672764676	2.796389434044049e-05	0.016388198060601336
767.9579642458007	0.036034606048854466	2.796627900069818e-05	0.016388198060601336
772.8408323542693	0.036171167039097014	2.796866931178713e-05	0.016388198060601336
777.7237004627378	0.03630773972636193	2.7971065276923597e-05	0.016388198060601336
782.6065685712065	0.03644432413863674	2.797346689932384e-05	0.016388198060601336
787.489436679675	0.03658092030390897	2.7975874182204132e-05	0.016388198060601336
792.3723047881434	0.03671752825016615	2.7978287128780728e-05	0.016388198060601336
797.2551728966121	0.0368541480053958	2.7980705742269888e-05	0.016388198060601336
802.1380410050806	0.03699077959758546	2.7983130025887883e-05	0.016388198060601336
807.0209091135492	0.037127423054722636	2.7985559982850967e-05	0.016388198060601336
811.9037772220178	0.03726407840479487	2.7987995616375406e-05	0.016388198060601336
816.7866453304864	0.03740074567578969	2.7990436929677465e-05	0.016388198060601336
821.6695134389549	0.0375374248956946	2.79928839259734e-05	0.016388198060601336
826.5523815474236	0.03767411609249715	2.799533660847948e-05	0.016388198060601336
831.435249655892	0.03781081929418485	2.799779498041196e-05	0.016388198060601336
836.3181177643605	0.03794753452874525	2.8000259044987114e-05	0.016388198060601336
841.2009858728292	0.03808426182416585	2.8002728805421192e-05	0.016388198060601336
846.0838539812977	0.038221001208434184	2.800520426493046e-05	0.016388198060601336
850.9667220897663	0.038357752709537785	2.8007685426731186e-05	0.016388198060601336
855.8495901982349	0.03849451635546418	2.8010172294039625e-05	0.016388198060601336
860.7324583067035	0.03863129217420088	2.8012664870072045e-05	0.016388198060601336
865.6153264151719	0.03876808019373543	2.8015163158044708e-05	0.016388198060601336
870.4981945236404	0.03890488044205534	2.801766716117387e-05	0.016388198060601336
875.3810626321091	0.03904169294714815	2.80201768826758e-05	0.016388198060601336
880.2639307405776	0.03917851773700137	2.8022692325766757e-05	0.016388198060601336
885.1467988490463	0.03931535483960255	2.8025213493663005e-05	0.016388198060601336
890.0296669575148	0.039452204282939204	2.8027740389580805e-05	0.016388198060601336
894.9125350659833	0.03958906609499885	2.8030273016736423e-05	0.016388198060601336
899.795403174452	0.039725940303769025	2.8032811378346115e-05	0.016388198060601336
904.6782712829204	0.03986282693723724	2.803535547762615e-05	0.016388198060601336
909.561139391389	0.039999726023391045	2.8037905317792787e-05	0.016388198060601336
914.4440074998575	0.04013663759021796	2.8040460902062287e-05	0.016388198060601336
919.3268756083262	0.04027356166570549	2.8043022233650917e-05	0.016388198060601336
924.2097437167947	0.04041049827784119	2.8045589315774934e-05	0.016388198060601336
929.0926118252632	0.04054744745461257	2.8048162151650603e-05	0.016388198060601336
933.9754799337319	0.04068440922400715	2.805074074449419e-05	0.016388198060601336
938.8583480422003	0.04082138361401248	2.805332509752195e-05	0.016388198060601336
943.741216150669	0.040958370652616066	2.805591521395015e-05	0.016388198060601336
948.6240842591375	0.04109537036780544	2.8058511096995053e-05	0.016388198060601336
953.5069523676061	0.04123238278756813	2.8061112749872916e-05	0.016388198060601336
958.3898204760746	0.041369407939891654	2.806372017580001e-05	0.016388198060601336
963.2726885845432	0.04150644585276356	2.806633337799259e-05	0.016388198060601336
968.1555566930118	0.04164349655417134	2.806895235966692e-05	0.016388198060601336
973.0384248014803	0.041780560072102554	2.8071577124039265e-05	0.016388198060601336
977.9212929099489	0.0419176364345447	2.8074207674325886e-05	0.016388198060601336
982.8041610184174	0.04205472566948533	2.8076844013743044e-05	0.016388198060601336
987.6870291268859	0.04219182780491195	2.8079486145507005e-05	0.016388198060601336
992.5698972353546	0.0423289428688121	2.808213407283403e-05	0.016388198060601336
997.4527653438231	0.0424660708891733	2.8084787798940375e-05	0.016388198060601336
1002.3356334522917	0.042603211893983084	2.808744732704231e-05	0.016388198060601336
1007.2185015607603	0.042740365911228956	2.8090112660356095e-05	0.016388198060601336
1012.1013696692289	0.04287753296889847	2.809278380209799e-05	0.016388198060601336
1016.9842377776973	0.04301471309497914	2.8095460755484264e-05	0.016388198060601336
1021.8671058861659	0.043151906317458494	2.8098143523731177e-05	0.016388198060601336
1026.7499739946345	0.043289112664324045	2.8100832110054985e-05	0.016388198060601336
1031.632842103103	0.04342633216356334	2.8103526517671955e-05	0.016388198060601336
1036.5157102115716	0.04356356484316389	2.8106226749798352e-05	0.016388198060601336
1041.3985783200403	0.04370081073111323	2.8108932809650434e-05	0.016388198060601336
1046.2814464285088	0.04383806985539889	2.8111644700444464e-05	0.016388198060601336
1051.1643145369771	0.04397534224400838	2.811436242539671e-05	0.016388198060601336
1056.047182645446	0.04411262792492923	2.8117085987723424e-05	0.016388198060601336
1060.9300507539144	0.044249926926148986	2.8119815390640878e-05	0.016388198060601336
1065.812918862383	0.04438723927565516	2.812255063736533e-05	0.016388198060601336
1070.6957869708515	0.04452456500143527	2.812529173111304e-05	0.016388198060601336
1075.5786550793202	0.044661904131476866	2.8128038675100278e-05	0.016388198060601336
1080.4615231877888	0.044799256693767456	2.81307914725433e-05	0.016388198060601336
1085.3443912962573	0.04493662271629456	2.813355012665837e-05	0.016388198060601336
1090.2272594047258	0.04507400222704572	2.813631464066175e-05	0.016388198060601336
1095.1101275131944	0.045211395254008455	2.8139085017769703e-05	0.016388198060601336
1099.9929956216629	0.04534880182517029	2.8141861261198492e-05	0.016388198060601336
1104.8758637301314	0.04548622196851876	2.814464337416438e-05	0.016388198060601336
1109.7587318386002	0.04562365571204138	2.8147431359883627e-05	0.016388198060601336
1114.6415999470687	0.045761103083725684	2.8150225221572495e-05	0.016388198060601336
1119.5244680555372	0.045898564111559195	2.815302496244725e-05	0.016388198060601336
1124.4073361640058	0.04603603882352943	2.8155830585724148e-05	0.016388198060601336
1129.2902042724743	0.04617352724762394	2.815864209461946e-05	0.016388198060601336
1134.1730723809428	0.046311029411830226	2.8161459492349443e-05	0.016388198060601336
1139.0559404894113	0.04644854534413583	2.816428278213036e-05	0.016388198060601336
1143.93880859788	0.04658607507252828	2.8167111967178472e-05	0.016388198060601336
1148.8216767063486	0.046723618624995085	2.8169947050710044e-05	0.016388198060601336
1153.7045448148172	0.04686117602952379	2.817278803594134e-05	0.016388198060601336
1158.5874129232857	0.046998747314101905	2.8175634926088617e-05	0.016388198060601336
1163.4702810317542	0.04713633250671696	2.8178487724368142e-05	0.016388198060601336
1168.3531491402227	0.047273931635356495	2.8181346433996175e-05	0.016388198060601336
1173.2360172486913	0.04741154472800802	2.818421105818898e-05	0.016388198060601336
1178.11888535716	0.04754917181265908	2.8187081600162814e-05	0.016388198060601336
1183.0017534656286	0.04768681291729718	2.8189958063133948e-05	0.016388198060601336
1187.884621574097	0.04782446806990985	2.819284045031864e-05	0.016388198060601336
1192.7674896825656	0.04796213729848463	2.8195728764933152e-05	0.016388198060601336
1197.6503577910341	0.048099820631009024	2.8198623010193744e-05	0.016388198060601336
1202.5332258995027	0.04823751809547059	2.8201523189316686e-05	0.016388198060601336
1207.4160940079712	0.048375229719856826	2.8204429305518235e-05	0.016388198060601336
1212.29896211644	0.048512955532155275	2.820734136201465e-05	0.016388198060601336
1217.1818302249085	0.04865069556035345	2.82102593620222e-05	0.016388198060601336
1222.0646983333768	0.04878844983243889	2.8213183308757146e-05	0.016388198060601336
1226.9475664418455	0.04892621837639912	2.8216113205435747e-05	0.016388198060601336
1231.830434550314	0.049064001220221656	2.821904905527427e-05	0.016388198060601336
1236.7133026587826	0.04920179839189403	2.8221990861488972e-05	0.016388198060601336
1241.5961707672511	0.04933960991940377	2.822493862729612e-05	0.016388198060601336
1246.4790388757199	0.049477435830738395	2.8227892355911975e-05	0.016388198060601336
1251.3619069841884	0.049615276153885446	2.82308520505528e-05	0.016388198060601336
1256.244775092657	0.04975314150935177	2.8233842063191452e-05	0.016388198060601336
1261.1276432011255	0.04989102886786097	2.8236856195178235e-05	0.016388198060601336
1266.010511309594	0.05002893060534367	2.8239877062236465e-05	0.016388198060601336
1270.8933794180628	0.05016684675782297	2.824290466672503e-05	0.016388198060601336
1275.7762475265313	0.05030477736132199	2.824593901100282e-05	0.016388198060601336
1280.6591156349998	0.050442722451863806	2.824898009742871e-05	0.016388198060601336
1285.5419837434683	0.05058068206547154	2.8252027928361595e-05	0.016388198060601336
1290.4248518519366	0.05071865623816827	2.8255082506160357e-05	0.016388198060601336
1295.3077199604054	0.05085664500597712	2.825814383318388e-05	0.016388198060601336
1300.190588068874	0.05099464840492118	2.8261211911791055e-05	0.016388198060601336
1305.0734561773425	0.05113266647102356	2.8264286744340765e-05	0.016388198060601336
1309.956324285811	0.05127069924030736	2.8267368333191894e-05	0.016388198060601336
1314.8391923942795	0.05140874674879567	2.827045668070333e-05	0.016388198060601336
1319.7220605027483	0.0515468090325116	2.827355178923396e-05	0.016388198060601336
1324.6049286112168	0.05168488612747824	2.8276653661142664e-05	0.016388198060601336
1329.4877967196853	0.05182297806971871	2.827976229878833e-05	0.016388198060601336
1334.3706648281538	0.0519610848952561	2.8282877704529846e-05	0.016388198060601336
1339.2535329366226	0.05209920664011351	2.82859998807261e-05	0.016388198060601336
1344.1364010450911	0.05223734334031405	2.828912882973597e-05	0.016388198060601336
1349.0192691535597	0.05237549503188081	2.8292264553918346e-05	0.016388198060601336
1353.9021372620282	0.0525136617508369	2.8295407055632114e-05	0.016388198060601336
1358.785005370497	0.052651843533205414	2.829855633723616e-05	0.016388198060601336
1363.6678734789652	0.052790040415009454	2.830171240108937e-05	0.016388198060601336
1368.5507415874338	0.05292825243227213	2.8304875249550627e-05	0.016388198060601336
1373.4336096959023	0.05306647962101654	2.8308044884978818e-05	0.016388198060601336
1378.3164778043708	0.05320472201726578	2.831122130973283e-05	0.016388198060601336
1383.1993459128394	0.05334297965704295	2.8314404526171546e-05	0.016388198060601336
1388.0822140213081	0.053481252576371166	2.8317594536653853e-05	0.016388198060601336
1392.9650821297766	0.053619540811273514	2.832079134353864e-05	0.016388198060601336
1397.8479502382452	0.0537578443977731	2.8323994949184787e-05	0.016388198060601336
1402.7308183467137	0.05389616337189302	2.8327205355951185e-05	0.016388198060601336
1407.6136864551825	0.05403449776965638	2.8330422566196713e-05	0.016388198060601336
1412.496554563651	0.05417284762708629	2.8333646582280265e-05	0.016388198060601336
1417.3794226721195	0.05431121298020584	2.833687740656072e-05	0.016388198060601336
1422.262290780588	0.05444959386503813	2.8340115041396968e-05	0.016388198060601336
1427.1451588890566	0.05458799031760627	2.834335948914789e-05	0.016388198060601336
1432.0280269975253	0.05472640237393335	2.8346610752172377e-05	0.016388198060601336
1436.9108951059936	0.05486483007004248	2.834986883282931e-05	0.016388198060601336
1441.7937632144622	0.05500327344195676	2.8353133733477577e-05	0.016388198060601336
1446.6766313229307	0.055141732525699295	2.8356405456476063e-05	0.016388198060601336
1451.5594994313992	0.05528020735729318	2.8359684004183657e-05	0.016388198060601336
1456.442367539868	0.05541869797276151	2.836296937895924e-05	0.016388198060601336
1461.3252356483365	0.055557204408127406	2.83662615831617e-05	0.016388198060601336
1466.208103756805	0.05569572669941395	2.836956061914992e-05	0.016388198060601336
1471.0909718652736	0.05583426488264426	2.8372866489282793e-05	0.016388198060601336
1475.9738399737423	0.05597281899384141	2.8376179195919195e-05	0.016388198060601336
1480.8567080822108	0.05611138906902854	2.8379498741418018e-05	0.016388198060601336
1485.7395761906794	0.05624997514422871	2.8382825128138145e-05	0.016388198060601336
1490.622444299148	0.05638857725546506	2.8386158358438463e-05	0.016388198060601336
1495.5053124076164	0.05652719543876066	2.838949843467786e-05	0.016388198060601336
1500.3881805160852	0.05666582973013863	2.8392845359215214e-05	0.016388198060601336
1505.2710486245537	0.05680448016562207	2.839619913440942e-05	0.016388198060601336
1510.153916733022	0.056943146781234064	2.8399559762619358e-05	0.016388198060601336
1515.0367848414905	0.05708182961299773	2.8402927246203915e-05	0.016388198060601336
1519.919652949959	0.05722052869693617	2.8406301587521977e-05	0.016388198060601336
1524.8025210584278	0.057359244069072474	2.8409682788932427e-05	0.016388198060601336
1529.6853891668964	0.057497975765429754	2.8413070852794156e-05	0.016388198060601336
1534.5682572753649	0.05763672382203111	2.8416465781466043e-05	0.016388198060601336
1539.4511253838334	0.05777548827489964	2.8419867577306983e-05	0.016388198060601336
1544.3339934923022	0.05791426916005844	2.842327624267585e-05	0.016388198060601336
1549.2168616007707	0.05805306651353062	2.842669177993154e-05	0.016388198060601336
1554.0997297092392	0.05819188037133927	2.8430114191432935e-05	0.016388198060601336
1558.9825978177078	0.058330710769507514	2.843354347953892e-05	0.016388198060601336
1563.8654659261763	0.05846955774405843	2.843697964660838e-05	0.016388198060601336
1568.748334034645	0.058608421331015126	2.8440422695000203e-05	0.016388198060601336
1573.6312021431136	0.058747301566400706	2.844387262707327e-05	0.016388198060601336
1578.514070251582	0.05888619848623827	2.844732944518647e-05	0.016388198060601336
1583.3969383600504	0.05902511212655091	2.845079315169869e-05	0.016388198060601336
1588.279806468519	0.05916404252336176	2.8454263748968817e-05	0.016388198060601336
1593.1626745769877	0.05930298971269388	2.845774123935573e-05	0.016388198060601336
1598.0455426854562	0.059441953730570395	2.846122562521832e-05	0.016388198060601336
1602.9284107939247	0.059580934613014405	2.8464716908915473e-05	0.016388198060601336
1607.8112789023933	0.059719932396048996	2.846821509280607e-05	0.016388198060601336
1612.6941470108618	0.05985894711569729	2.8471720179249002e-05	0.016388198060601336
1617.5770151193306	0.05999797880798237	2.847523217060315e-05	0.016388198060601336
1622.459883227799	0.06013702750892735	2.8478751069227405e-05	0.016388198060601336
1627.3427513362676	0.060276093254555324	2.848227687748065e-05	0.016388198060601336
1632.2256194447361	0.0604151760808894	2.8485809597721768e-05	0.016388198060601336
1637.108487553205	0.06055427602395267	2.848934923230965e-05	0.016388198060601336
1641.9913556616734	0.06069339311976824	2.8492895783603176e-05	0.016388198060601336
1646.874223770142	0.06083252740435922	2.8496449253961234e-05	0.016388198060601336
1651.7570918786105	0.060971678913748696	2.8500009645742712e-05	0.016388198060601336
1656.6399599870788	0.061110847683959774	2.8503576961306495e-05	0.016388198060601336
1661.5228280955475	0.06125003375101556	2.8507151203011466e-05	0.016388198060601336
1666.405696204016	0.06138923715093915	2.8510732373216512e-05	0.016388198060601336
1671.2885643124846	0.06152845791975366	2.851432047428052e-05	0.016388198060601336
1676.1714324209531	0.06166769609348216	2.8517915508562374e-05	0.016388198060601336
1681.0543005294217	0.06180695170814779	2.852151747842096e-05	0.016388198060601336
1685.9371686378904	0.061946224799773617	2.8525126386215162e-05	0.016388198060601336
1690.820036746359	0.062085515404382764	2.852874223430387e-05	0.016388198060601336
1695.7029048548275	0.06222482355799833	2.8532365025045967e-05	0.016388198060601336
1700.585772963296	0.0623641492966434	2.853599476080034e-05	0.016388198060601336
1705.4686410717648	0.06250349265634109	2.8539631443925873e-05	0.016388198060601336
1710.3515091802333	0.0626428536731145	2.8543275076781453e-05	0.016388198060601336
1715.2343772887018	0.06278223238298673	2.854692566172596e-05	0.016388198060601336
1720.1172453971703	0.06292162882198088	2.855058320111829e-05	0.016388198060601336
1725.0001135056389	0.06306104302612005	2.8554247697317323e-05	0.016388198060601336
1729.8829816141074	0.06320047503142734	2.8557919152681946e-05	0.016388198060601336
1734.765849722576	0.06333992487392585	2.8561597569571042e-05	0.016388198060601336
1739.6487178310445	0.0634793925896387	2.85652829503435e-05	0.016388198060601336
1744.531585939513	0.06361887821458898	2.8568975297358203e-05	0.016388198060601336
1749.4144540479815	0.06375838178479977	2.8572674612974034e-05	0.016388198060601336
1754.2973221564503	0.06389790333629419	2.857638089954989e-05	0.016388198060601336
1759.1801902649188	0.06403744290509536	2.8580094159444643e-05	0.016388198060601336
1764.0630583733873	0.06417700052722634	2.8583814395017187e-05	0.016388198060601336
1768.9459264818558	0.06431657623871026	2.8587541608626406e-05	0.016388198060601336
1773.8287945903246	0.06445617007557022	2.8591275802631186e-05	0.016388198060601336
1778.7116626987931	0.06459578207382931	2.859501697939041e-05	0.016388198060601336
1783.5945308072617	0.06473541226951064	2.8598765141262967e-05	0.016388198060601336
1788.4773989157302	0.06487506069863731	2.8602520290607742e-05	0.016388198060601336
1793.3602670241987	0.06501472739723241	2.8606282429783618e-05	0.016388198060601336
1798.2431351326675	0.06515441240131906	2.8610051561149483e-05	0.016388198060601336
1803.1260032411358	0.06529411574692034	2.8613827687064223e-05	0.016388198060601336
1808.0088713496043	0.06543383747005938	2.8617610809886723e-05	0.016388198060601336
1812.8917394580728	0.06557357760675925	2.862140093197587e-05	0.016388198060601336
1817.7746075665414	0.06571333619304306	2.8625198055690546e-05	0.016388198060601336
1822.6574756750101	0.06585311326493393	2.8629002183389642e-05	0.016388198060601336
1827.5403437834786	0.06599290885845495	2.8632813317432038e-05	0.016388198060601336
1832.4232118919472	0.0661327230096292	2.8636631460176623e-05	0.016388198060601336
1837.3060800004157	0.06627255575447982	2.8640456613982282e-05	0.016388198060601336
1842.1889481088845	0.06641240712902989	2.8644288781207903e-05	0.016388198060601336
1847.071816217353	0.06655227716930251	2.8648127964212368e-05	0.016388198060601336
1851.9546843258215	0.06669216591132078	2.8651974165354562e-05	0.016388198060601336
1856.83755243429	0.0668320733911078	2.8655827386993377e-05	0.016388198060601336
1861.7204205427586	0.0669719996446867	2.865968763148769e-05	0.016388198060601336
1866.6032886512273	0.06711194470808055	2.8663554901196397e-05	0.016388198060601336
1871.4861567596959	0.06725190861731244	2.866742919847837e-05	0.016388198060601336
1876.3690248681642	0.06739189140840549	2.867131052569251e-05	0.016388198060601336
1881.2518929766327	0.06753189311738282	2.867519888519769e-05	0.016388198060601336
1886.1347610851012	0.0676719137802675	2.8679094279352806e-05	0.016388198060601336
1891.01762919357	0.06781195343308266	2.8682996710516737e-05	0.016388198060601336
1895.9004973020385	0.06795201211185137	2.8686906181048367e-05	0.016388198060601336
1900.783365410507	0.06809208985259675	2.8690822693306588e-05	0.016388198060601336
1905.6662335189756	0.0682321866913419	2.8694746249650284e-05	0.016388198060601336
1910.549101627444	0.06837230266410993	2.8698676852438337e-05	0.016388198060601336
1915.4319697359128	0.06851243780692391	2.8702614504029636e-05	0.016388198060601336
1920.3148378443814	0.06865259215580698	2.8706559206783065e-05	0.016388198060601336
1925.19770595285	0.06879276574678221	2.871051096305751e-05	0.016388198060601336
1930.0805740613184	0.06893295861587273	2.8714469775211858e-05	0.016388198060601336
1934.9634421697872	0.06907317079910161	2.8718435645604994e-05	0.016388198060601336
1939.8463102782557	0.06921340233249197	2.87224085765958e-05	0.016388198060601336
1944.7291783867242	0.06935365325206691	2.8726388570543172e-05	0.016388198060601336
1949.6120464951928	0.06949392359384952	2.8730375629805985e-05	0.016388198060601336
1954.494914603661	0.06963421339386291	2.8734369756743127e-05	0.016388198060601336
1959.3777827121298	0.0697745226881302	2.8738370953713488e-05	0.016388198060601336
1964.2606508205984	0.06991485151267446	2.874237922307595e-05	0.016388198060601336
1969.1435189290669	0.07005519990351881	2.87463945671894e-05	0.016388198060601336
1974.0263870375354	0.07019556789668635	2.8750416988412723e-05	0.016388198060601336
1978.909255146004	0.07033595552820016	2.8754446489104802e-05	0.016388198060601336
1983.7921232544727	0.07047636283408337	2.875848307162453e-05	0.016388198060601336
1988.6749913629412	0.07061678985035907	2.8762526738330786e-05	0.016388198060601336
1993.5578594714098	0.07075723661305036	2.876657749158246e-05	0.016388198060601336
1998.4407275798783	0.07089770315818034	2.8770635333738433e-05	0.016388198060601336
2003.323595688347	0.0710381895217721	2.8774700267157594e-05	0.016388198060601336
2008.2064637968156	0.07117869573984877	2.877877229419883e-05	0.016388198060601336
2013.089331905284	0.07131922184843342	2.878285141722102e-05	0.016388198060601336
2017.9722000137526	0.07145976788354919	2.878693763858306e-05	0.016388198060601336
2022.8550681222212	0.07160033388121914	2.8791030960643828e-05	0.016388198060601336
2027.7379362306897	0.07174091987746639	2.879513138576221e-05	0.016388198060601336
2032.6208043391582	0.07188152590831404	2.8799238916297096e-05	0.016388198060601336
2037.5036724476267	0.0720221520097852	2.8803353554607366e-05	0.016388198060601336
2042.3865405560953	0.07216279821790296	2.8807475303051912e-05	0.016388198060601336
2047.2694086645638	0.07230346456869043	2.8811604163989615e-05	0.016388198060601336
2052.1522767730326	0.0724441510981707	2.8815740139779364e-05	0.016388198060601336
2057.035144881501	0.07258485784236687	2.881988323278004e-05	0.016388198060601336
2061.9180129899696	0.07272558483730206	2.8824033445350534e-05	0.016388198060601336
2066.8008810984384	0.07286633211899934	2.8828190779849728e-05	0.016388198060601336
2071.6837492069067	0.07300709972348185	2.883235523863651e-05	0.016388198060601336
2076.5666173153754	0.07314788768677266	2.8836526824069764e-05	0.016388198060601336
2081.449485423844	0.07328869604489491	2.8840705538508376e-05	0.016388198060601336
2086.3323535323125	0.07342952483387163	2.8844891384311233e-05	0.016388198060601336
2091.2152216407812	0.073570374089726	2.8849084363837216e-05	0.016388198060601336
2096.0980897492495	0.07371124384848107	2.885328447944522e-05	0.016388198060601336
2100.980957857718	0.07385213414615996	2.8857491733494118e-05	0.016388198060601336
2105.8638259661866	0.07399304501878576	2.886170612834281e-05	0.016388198060601336
2110.7466940746554	0.0741339765023816	2.886592766635017e-05	0.016388198060601336
2115.6295621831237	0.07427492863297055	2.887015634987509e-05	0.016388198060601336
2120.5124302915924	0.07441590144657573	2.8874392181276452e-05	0.016388198060601336
2125.3952984000607	0.07455689497922023	2.8878635162913144e-05	0.016388198060601336
2130.2781665085295	0.07469790926692715	2.888288529714405e-05	0.016388198060601336
2135.161034616998	0.07483894434571961	2.888714258632806e-05	0.016388198060601336
2140.0439027254665	0.07498000025162069	2.8891407032824053e-05	0.016388198060601336
2144.9267708339353	0.0751210770206535	2.889567863899092e-05	0.016388198060601336
2149.8096389424036	0.07526217468884114	2.8899957407187545e-05	0.016388198060601336
2154.6925070508723	0.07540329329220671	2.8904243339772814e-05	0.016388198060601336
2159.575375159341	0.07554443286677331	2.890853643910561e-05	0.016388198060601336
2164.4582432678094	0.07568559344856406	2.8912836707544822e-05	0.016388198060601336
2169.341111376278	0.07582677507360203	2.8917144147449336e-05	0.016388198060601336
2174.2239794847465	0.07596797777791033	2.8921458761178036e-05	0.016388198060601336
2179.106847593215	0.07610920159751208	2.8925780551089805e-05	0.016388198060601336
2183.9897157016835	0.07625044656843037	2.8930109519543536e-05	0.016388198060601336
2188.8725838101523	0.0763917127266883	2.893444566889811e-05	0.016388198060601336
2193.7554519186206	0.07653300010830896	2.893878900151241e-05	0.016388198060601336
2198.6383200270893	0.07667430874931548	2.8943139519745326e-05	0.016388198060601336
2203.521188135558	0.07681563868573094	2.894749722595574e-05	0.016388198060601336
2208.4040562440264	0.07695698995357844	2.8951862122502542e-05	0.016388198060601336
2213.286924352495	0.07709836258888109	2.8956234211744615e-05	0.016388198060601336
2218.1697924609634	0.07723975662766198	2.8960613496040848e-05	0.016388198060601336
2223.052660569432	0.07738117210594422	2.8964999977750123e-05	0.016388198060601336
2227.935528677901	0.07752260905975092	2.8969393659231325e-05	0.016388198060601336
2232.8183967863692	0.07766406752510517	2.8973794542843342e-05	0.016388198060601336
2237.701264894838	0.07780554753803008	2.897820263094506e-05	0.016388198060601336
2242.5841330033068	0.07794704913454874	2.8982617925895363e-05	0.016388198060601336
2247.467001111775	0.07808857235068423	2.898704043005314e-05	0.016388198060601336
2252.3498692202434	0.0782301172224597	2.899147014577727e-05	0.016388198060601336
2257.232737328712	0.07837168378589823	2.8995907075426648e-05	0.016388198060601336
2262.1156054371804	0.07851327207702291	2.900035122136015e-05	0.016388198060601336
2266.998473545649	0.07865488213185685	2.9004802585936667e-05	0.016388198060601336
2271.881341654118	0.07879651398642316	2.9009261171515085e-05	0.016388198060601336
2276.7642097625862	0.07893816767674494	2.9013726980454288e-05	0.016388198060601336
2281.647077871055	0.07907984323884526	2.9018200015113164e-05	0.016388198060601336
2286.5299459795233	0.07922154070874726	2.9022680277850596e-05	0.016388198060601336
2291.412814087992	0.07936326012247402	2.902716777102547e-05	0.016388198060601336
2296.295682196461	0.07950500151604867	2.903166249699667e-05	0.016388198060601336
2301.178550304929	0.07964676492549427	2.903616445812309e-05	0.016388198060601336
2306.061418413398	0.07978855038683394	2.9040673656763605e-05	0.016388198060601336
2310.9442865218666	0.07993035793609078	2.904519009527711e-05	0.016388198060601336
2315.827154630335	0.0800721876092879	2.9049713776022482e-05	0.016388198060601336
2320.710022738803	0.08021403944244838	2.905424470135861e-05	0.016388198060601336
2325.592890847272	0.08035591347159536	2.9058782873644382e-05	0.016388198060601336
2330.4757589557403	0.08049780973275189	2.906332829523868e-05	0.016388198060601336
2335.358627064209	0.08063972826194113	2.9067880968500394e-05	0.016388198060601336
2340.241495172678	0.08078166909518612	2.907244089578841e-05	0.016388198060601336
2345.124363281146	0.08092363226851	2.907700807946161e-05	0.016388198060601336
2350.007231389615	0.08106561781793586	2.9081582521878876e-05	0.016388198060601336
2354.890099498083	0.08120762577948681	2.9086164225399104e-05	0.016388198060601336
2359.772967606552	0.08134965618918594	2.909075319238117e-05	0.016388198060601336
2364.6558357150207	0.08149170908305636	2.9095349425183966e-05	0.016388198060601336
2369.538703823489	0.08163378449712116	2.9099952926166378e-05	0.016388198060601336
2374.4215719319577	0.08177588246740346	2.9104563697687284e-05	0.016388198060601336
2379.304440040426	0.08191800302992633	2.910918174210558e-05	0.016388198060601336
2384.1873081488948	0.0820601462207129	2.9113807061780145e-05	0.016388198060601336
2389.0701762573635	0.08220231207578627	2.9118439659069864e-05	0.016388198060601336
2393.953044365832	0.0823445006311695	2.9123079536333627e-05	0.016388198060601336
2398.8359124743	0.08248671192288576	2.9127726695930316e-05	0.016388198060601336
2403.718780582769	0.0826289459869581	2.913238114021882e-05	0.016388198060601336
2408.6016486912376	0.08277120285940964	2.9137042871558025e-05	0.016388198060601336
2413.484516799706	0.08291348257626349	2.9141711892306814e-05	0.016388198060601336
2418.3673849081747	0.08305578517354271	2.914638820482407e-05	0.016388198060601336
2423.250253016643	0.08319811068727045	2.9151071811468683e-05	0.016388198060601336
2428.1331211251118	0.0833404591534698	2.915576271459954e-05	0.016388198060601336
2433.0159892335805	0.08348283060816383	2.916046091657552e-05	0.016388198060601336
2437.898857342049	0.08362522508737569	2.916516641975552e-05	0.016388198060601336
2442.781725450517	0.08376764262712844	2.9169879226498415e-05	0.016388198060601336
2447.664593558986	0.08391008326344518	2.9174599339163096e-05	0.016388198060601336
2452.547461667454	0.08405254703234906	2.9179326760108446e-05	0.016388198060601336
2457.430329775923	0.08419503396986314	2.918406149169335e-05	0.016388198060601336
2462.3131978843917	0.08433754411201053	2.9188803536276697e-05	0.016388198060601336
2467.19606599286	0.08448007749481432	2.9193552896217372e-05	0.016388198060601336
2472.0789341013287	0.08462263415429763	2.919830957387426e-05	0.016388198060601336
2476.9618022097975	0.08476521412648355	2.9203073571606247e-05	0.016388198060601336
2481.844670318266	0.0849078174473952	2.9207844891772217e-05	0.016388198060601336
2486.7275384267346	0.08505044415305565	2.9212623536731055e-05	0.016388198060601336
2491.610406535203	0.08519309427948803	2.9217409508841654e-05	0.016388198060601336
2496.4932746436716	0.08533576786271542	2.922220281046289e-05	0.016388198060601336
2501.3761427521404	0.08547846493876093	2.9227003443953656e-05	0.016388198060601336
2506.2590108606087	0.08562118554364767	2.9231811411672832e-05	0.016388198060601336
2511.1418789690774	0.08576392971339873	2.9236626715979307e-05	0.016388198060601336
2516.0247470775457	0.08590669748403722	2.9241449359231967e-05	0.016388198060601336
2520.9076151860145	0.08604948889158623	2.9246279343789698e-05	0.016388198060601336
2525.7904832944832	0.08619230397206887	2.9251116672011382e-05	0.016388198060601336
2530.6733514029515	0.08633514276150822	2.9255961346255907e-05	0.016388198060601336
2535.5562195114203	0.08647800529592742	2.926081336888216e-05	0.016388198060601336
2540.439087619889	0.08662089161134955	2.9265672742249026e-05	0.016388198060601336
2545.3219557283574	0.08676380174379769	2.927053946871539e-05	0.016388198060601336
2550.204823836826	0.08690673572929497	2.9275413550640137e-05	0.016388198060601336
2555.0876919452944	0.0870496936038645	2.9280294990382152e-05	0.016388198060601336
2559.970560053763	0.08719267540352937	2.9285183790300323e-05	0.016388198060601336
2564.853428162232	0.08733568116431266	2.9290079952753537e-05	0.016388198060601336
2569.7362962707	0.08747871092223748	2.9294983480100677e-05	0.016388198060601336
2574.619164379169	0.08762176471332696	2.9299894374700627e-05	0.016388198060601336
2579.502032487637	0.08776484257360415	2.9304812638912277e-05	0.016388198060601336
2584.3849005961056	0.0879079445390922	2.930973827509451e-05	0.016388198060601336
2589.267768704574	0.08805107064581419	2.9314671285606215e-05	0.016388198060601336
2594.1506368130426	0.08819422092979323	2.931961167280627e-05	0.016388198060601336
2599.0335049215114	0.08833739542705243	2.932455943905357e-05	0.016388198060601336
2603.9163730299797	0.08848059417361487	2.9329514586706992e-05	0.016388198060601336
2608.7992411384485	0.08862381720550364	2.933447711812543e-05	0.016388198060601336
2613.682109246917	0.08876706455874186	2.9339447035667766e-05	0.016388198060601336
2618.5649773553855	0.08891033626935266	2.9344424341692883e-05	0.016388198060601336
2623.4478454638543	0.08905363237335909	2.934940903855967e-05	0.016388198060601336
2628.3307135723226	0.08919695290678425	2.9354401128627012e-05	0.016388198060601336
2633.2135816807913	0.0893402979056513	2.9359400614253794e-05	0.016388198060601336
2638.09644978926	0.08948366740598329	2.93644074977989e-05	0.016388198060601336
2642.9793178977284	0.08962706144380335	2.9369421781621222e-05	0.016388198060601336
2647.862186006197	0.08977048005513455	2.9374443468079638e-05	0.016388198060601336
2652.7450541146654	0.08991392327600002	2.937947255953304e-05	0.016388198060601336
2657.627922223134	0.09005739114242284	2.938450905834031e-05	0.016388198060601336
2662.510790331603	0.09020088369042614	2.9389552966860333e-05	0.016388198060601336
2667.3936584400712	0.090344400956033	2.9394604287451997e-05	0.016388198060601336
2672.27652654854	0.09048794297526651	2.9399663022474188e-05	0.016388198060601336
2677.1593946570083	0.0906315097841498	2.940472917428579e-05	0.016388198060601336
2682.042262765477	0.09077510141870594	2.940980274524569e-05	0.016388198060601336
2686.925130873946	0.09091871791495806	2.9414883737712773e-05	0.016388198060601336
2691.807998982414	0.09106235930892925	2.9419972154045924e-05	0.016388198060601336
2696.690867090883	0.0912060256366426	2.9425067996604028e-05	0.016388198060601336
2701.5737351993516	0.09134971693412124	2.9430171267745975e-05	0.016388198060601336
2706.45660330782	0.09149343323738823	2.9435281969830645e-05	0.016388198060601336
2711.3394714162887	0.0916371745824667	2.944040010521693e-05	0.016388198060601336
2716.222339524757	0.09178094100537976	2.944552567626371e-05	0.016388198060601336
2721.1052076332257	0.09192473254215049	2.945065868532987e-05	0.016388198060601336
2725.9880757416936	0.09206854922880198	2.94557991347743e-05	0.016388198060601336
2730.8709438501623	0.09221239110135734	2.9460947026955885e-05	0.016388198060601336
2735.753811958631	0.09235625819583973	2.946610236423351e-05	0.016388198060601336
2740.6366800670994	0.09250015054827218	2.947126514896606e-05	0.016388198060601336
2745.519548175568	0.0926440681946778	2.947643538351242e-05	0.016388198060601336
2750.4024162840365	0.09278801117107971	2.9481613070231477e-05	0.016388198060601336
2755.285284392505	0.09293197951350102	2.948679821148212e-05	0.016388198060601336
2760.168152500974	0.0930759732579648	2.9491990809623226e-05	0.016388198060601336
2765.0510206094423	0.09321999244049417	2.949719086701369e-05	0.016388198060601336
2769.933888717911	0.09336403709711225	2.9502398386012394e-05	0.016388198060601336
2774.81675682638	0.09350810726384208	2.9507613368978222e-05	0.016388198060601336
2779.699624934848	0.09365220297670683	2.951283581827006e-05	0.016388198060601336
2784.582493043317	0.09379632427172957	2.9518065736246793e-05	0.016388198060601336
2789.465361151785	0.0939404711849334	2.952330312526731e-05	0.016388198060601336
2794.348229260254	0.09408464375234143	2.9528547987690495e-05	0.016388198060601336
2799.2310973687227	0.09422884200997675	2.9533800325875237e-05	0.016388198060601336
2804.113965477191	0.09437306599386247	2.9539060142180413e-05	0.016388198060601336
2808.9968335856597	0.0945173157400217	2.954432743896492e-05	0.016388198060601336
2813.879701694128	0.09466159128447751	2.954960221858763e-05	0.016388198060601336
2818.7625698025968	0.09480589266325304	2.9554884483407443e-05	0.016388198060601336
2823.6454379110655	0.09495021991237138	2.9560174235783236e-05	0.016388198060601336
2828.528306019534	0.0950945730678556	2.9565471478073897e-05	0.016388198060601336
2833.4111741280026	0.09523895216572884	2.957077621263831e-05	0.016388198060601336
2838.2940422364713	0.09538335724201417	2.9576088441835364e-05	0.016388198060601336
2843.1769103449396	0.09552778833273473	2.9581408168023943e-05	0.016388198060601336
2848.0597784534084	0.09567224547391359	2.958673539356293e-05	0.016388198060601336
2852.9426465618767	0.09581672870157387	2.9592070120811217e-05	0.016388198060601336
2857.8255146703455	0.09596123805173865	2.959741235212768e-05	0.016388198060601336
2862.708382778814	0.09610577356043104	2.9602762089871215e-05	0.016388198060601336
2867.5912508872825	0.09625033526367414	2.9608119336400704e-05	0.016388198060601336
2872.474118995751	0.09639492319749104	2.961348409407503e-05	0.016388198060601336
2877.356987104219	0.09653953739790488	2.961885636525308e-05	0.016388198060601336
2882.239855212688	0.09668417790093875	2.962423615229374e-05	0.016388198060601336
2887.122723321156	0.09682884474261573	2.96296234575559e-05	0.016388198060601336
2892.005591429625	0.09697353795895892	2.9635018283398436e-05	0.016388198060601336
2896.8884595380937	0.09711825758599145	2.9640420632180245e-05	0.016388198060601336
2901.771327646562	0.09726300365973639	2.9645830506260204e-05	0.016388198060601336
2906.6541957550307	0.09740777621621687	2.9651247907997202e-05	0.016388198060601336
2911.5370638634995	0.09755257529145596	2.9656672839750124e-05	0.016388198060601336
2916.419931971968	0.09769740092147677	2.9662105303877856e-05	0.016388198060601336
2921.3028000804366	0.09784225314230242	2.9667545302739286e-05	0.016388198060601336
2926.185668188905	0.09798713198995598	2.9672992838693295e-05	0.016388198060601336
2931.0685362973736	0.09813203750046061	2.9678447914098772e-05	0.016388198060601336
2935.9514044058424	0.09827696970983935	2.96839105313146e-05	0.016388198060601336
2940.8342725143107	0.09842192865411531	2.9689380692699668e-05	0.016388198060601336
2945.7171406227794	0.09856691436931161	2.969485840061286e-05	0.016388198060601336
2950.6000087312477	0.09871192689145136	2.9700343657413064e-05	0.016388198060601336
2955.4828768397165	0.09885696625655763	2.970583646545916e-05	0.016388198060601336
2960.3657449481852	0.09900203250065355	2.971133682711004e-05	0.016388198060601336
2965.2486130566535	0.0991471256597622	2.9716844744724585e-05	0.016388198060601336
2970.1314811651223	0.0992922457699067	2.9722360220661684e-05	0.016388198060601336
2975.0143492735906	0.09943739286711013	2.972788325728022e-05	0.016388198060601336
2979.8972173820594	0.09958256698739562	2.973341385693908e-05	0.016388198060601336
2984.780085490528	0.09972776816678625	2.973895202199715e-05	0.016388198060601336
2989.6629535989964	0.09987299644130512	2.9744497754813317e-05	0.016388198060601336
2994.545821707465	0.10001825184697533	2.9750051057746462e-05	0.016388198060601336
2999.428689815934	0.10016353441982	2.9755611933155476e-05	0.016388198060601336
3004.311557924402	0.1003088441958622	2.9761180383399242e-05	0.016388198060601336
3009.194426032871	0.10045418121112507	2.9766756410836645e-05	0.016388198060601336
3014.0772941413393	0.1005995455016317	2.9772340017826573e-05	0.016388198060601336
3018.9601622498076	0.10074493710340514	2.9777931206727908e-05	0.016388198060601336
3023.843030358276	0.10089035605246857	2.978352997989954e-05	0.016388198060601336
3028.7258984667446	0.10103580238484504	2.9789136339700352e-05	0.016388198060601336
3033.6087665752134	0.10118127613655767	2.979475028848923e-05	0.016388198060601336
3038.4916346836817	0.10132677734362956	2.9800371828625065e-05	0.016388198060601336
3043.3745027921505	0.10147230604208382	2.9806000962466732e-05	0.016388198060601336
3048.2573709006188	0.10161786226794353	2.9811637692373126e-05	0.016388198060601336
3053.1402390090875	0.10176344605723181	2.9817282020703126e-05	0.016388198060601336
3058.0231071175563	0.10190905744597173	2.9822933949815624e-05	0.016388198060601336
3062.9059752260246	0.10205469647018643	2.98285934820695e-05	0.016388198060601336
3067.7888433344933	0.102200363165899	2.9834260619823644e-05	0.016388198060601336
3072.671711442962	0.10234605756913254	2.983993536543694e-05	0.016388198060601336
3077.5545795514304	0.10249177971591014	2.9845617721268274e-05	0.016388198060601336
3082.437447659899	0.10263752964225492	2.985130768967653e-05	0.016388198060601336
3087.3203157683674	0.10278330738418995	2.9857005273020595e-05	0.016388198060601336
3092.203183876836	0.10292911297773837	2.9862710473659356e-05	0.016388198060601336
3097.086051985305	0.10307494645892323	2.9868423293951695e-05	0.016388198060601336
3101.9689200937732	0.10322080786376771	2.98741437362565e-05	0.016388198060601336
3106.851788202242	0.10336669722829485	2.987987180293266e-05	0.016388198060601336
3111.7346563107103	0.10351261458852776	2.9885607496339057e-05	0.016388198060601336
3116.617524419179	0.10365855998048955	2.9891350818834573e-05	0.016388198060601336
3121.500392527648	0.1038045334402033	2.98971017727781e-05	0.016388198060601336
3126.383260636116	0.10395053500369217	2.9902860360528524e-05	0.016388198060601336
3131.266128744585	0.1040965647069792	2.9908626584444725e-05	0.016388198060601336
3136.1489968530536	0.1042426225860875	2.9914400446885594e-05	0.016388198060601336
3141.031864961522	0.1043887086770402	2.992018195021001e-05	0.016388198060601336
3145.9147330699907	0.10453482301586038	2.9925971096776867e-05	0.016388198060601336
3150.797601178459	0.10468096563857116	2.9931767888945046e-05	0.016388198060601336
3155.6804692869277	0.1048271365811956	2.9937572329073435e-05	0.016388198060601336
3160.5633373953965	0.10497333587975685	2.9943384419520916e-05	0.016388198060601336
3165.4462055038643	0.10511956357027799	2.9949204162646378e-05	0.016388198060601336
3170.329073612333	0.10526581968878211	2.9955031560808705e-05	0.016388198060601336
3175.2119417208014	0.10541210427129233	2.9960866616366784e-05	0.016388198060601336
3180.09480982927	0.10555841735383174	2.9966709331679498e-05	0.016388198060601336
3184.9776779377385	0.10570475897242346	2.9972559709105737e-05	0.016388198060601336
3189.860546046207	0.10585112916309056	2.9978417751004386e-05	0.016388198060601336
3194.743414154676	0.10599752796185619	2.9984283459734326e-05	0.016388198060601336
3199.6262822631443	0.10614395540474339	2.9990156837654445e-05	0.016388198060601336
3204.509150371613	0.10629041152777528	2.999603788712363e-05	0.016388198060601336
3209.392018480082	0.106436896366975	3.0001926610500768e-05	0.016388198060601336
3214.27488658855	0.1065834099583656	3.000782301014474e-05	0.016388198060601336
3219.157754697019	0.10672995233797022	3.0013727088414438e-05	0.016388198060601336
3224.040622805487	0.10687652354181193	3.001963884766874e-05	0.016388198060601336
3228.923490913956	0.10702312360591387	3.002555829026654e-05	0.016388198060601336
3233.8063590224247	0.1071697525662991	3.0031485418566716e-05	0.016388198060601336
3238.689227130893	0.10731641045899074	3.003742023492816e-05	0.016388198060601336
3243.5720952393617	0.1074630973200119	3.0043362741709754e-05	0.016388198060601336
3248.45496334783	0.10760981318538566	3.004931294127038e-05	0.016388198060601336
3253.3378314562988	0.10775655809113514	3.0055270835968933e-05	0.016388198060601336
3258.2206995647675	0.10790333207328345	3.0061236428164294e-05	0.016388198060601336
3263.103567673236	0.10805013516785364	3.0067209720215348e-05	0.016388198060601336
3267.9864357817046	0.10819696741086887	3.007319071448098e-05	0.016388198060601336
3272.869303890173	0.10834382883835222	3.0079179413320078e-05	0.016388198060601336
3277.7521719986416	0.10849071948632677	3.0085175819091525e-05	0.016388198060601336
3282.6350401071104	0.10863763939081565	3.009117993415421e-05	0.016388198060601336
3287.5179082155787	0.10878458858784196	3.009719176086702e-05	0.016388198060601336
3292.4007763240475	0.1089315671134288	3.0103211301588832e-05	0.016388198060601336
3297.283644432516	0.10907857500359924	3.0109238558678538e-05	0.016388198060601336
3302.1665125409845	0.10922561229437641	3.0115273534495024e-05	0.016388198060601336
3307.0493806494533	0.10937267902178341	3.0121316231397176e-05	0.016388198060601336
3311.932248757921	0.10951977522184334	3.0127366651743876e-05	0.016388198060601336
3316.81511686639	0.10966690093057929	3.0133424797894016e-05	0.016388198060601336
3321.697984974858	0.10981405618401438	3.0139490672206476e-05	0.016388198060601336
3326.580853083327	0.10996124101817172	3.0145564277040143e-05	0.016388198060601336
3331.4637211917957	0.11010845546907437	3.01516456147539e-05	0.016388198060601336
3336.346589300264	0.11025569957274546	3.015773468770664e-05	0.016388198060601336
3341.2294574087327	0.11040297336520807	3.0163831498257244e-05	0.016388198060601336
3346.112325517201	0.11055027688248534	3.0169936048764597e-05	0.016388198060601336
3350.99519362567	0.11069761016060034	3.0176048341587586e-05	0.016388198060601336
3355.8780617341386	0.11084497323557618	3.01821683790851e-05	0.016388198060601336
3360.760929842607	0.11099236614343597	3.0188296163616017e-05	0.016388198060601336
3365.6437979510756	0.11113978892020278	3.0194431697539226e-05	0.016388198060601336
3370.5266660595444	0.11128724160189976	3.0200574983213618e-05	0.016388198060601336
3375.4095341680127	0.11143472422454996	3.020672602299807e-05	0.016388198060601336
3380.2924022764814	0.1115822368241765	3.0212884819251476e-05	0.016388198060601336
3385.1752703849497	0.11172977943680251	3.0219051374332715e-05	0.016388198060601336
3390.0581384934185	0.11187735209845107	3.0225225690600675e-05	0.016388198060601336
3394.9410066018872	0.11202495484514527	3.0231407770414242e-05	0.016388198060601336
3399.8238747103555	0.11217258771290821	3.0237597616132303e-05	0.016388198060601336
3404.7067428188243	0.112320250737763	3.0243795230113742e-05	0.016388198060601336
3409.5896109272926	0.11246794395573276	3.0250000614717444e-05	0.016388198060601336
3414.4724790357614	0.11261566740284057	3.02562137723023e-05	0.016388198060601336
3419.35534714423	0.11276342111510954	3.0262434705227187e-05	0.016388198060601336
3424.2382152526984	0.11291120512856273	3.0268663415850997e-05	0.016388198060601336
3429.121083361167	0.11305901947922334	3.027489990653261e-05	0.016388198060601336
3434.003951469636	0.11320686420311438	3.0281144179630922e-05	0.016388198060601336
3438.886819578104	0.11335473933625898	3.0287396237504806e-05	0.016388198060601336
3443.769687686573	0.1135026449146802	3.0293656082513156e-05	0.016388198060601336
3448.6525557950413	0.11365058097440126	3.0299923717014858e-05	0.016388198060601336
3453.53542390351	0.11379854755144514	3.0306199143368792e-05	0.016388198060601336
3458.418292011978	0.11394654468183496	3.0312482363933847e-05	0.016388198060601336
3463.3011601204466	0.11409457240159387	3.031877338106891e-05	0.016388198060601336
3468.1840282289154	0.11424263074674496	3.0325072197132867e-05	0.016388198060601336
3473.0668963373837	0.1143907197533113	3.03313788144846e-05	0.016388198060601336
3477.9497644458525	0.11453883945731605	3.0337693235482996e-05	0.016388198060601336
3482.8326325543208	0.11468699034927662	3.0344015553980148e-05	0.016388198060601336
3487.7155006627895	0.11483517747011023	3.0350346772834395e-05	0.016388198060601336
3492.5983687712583	0.1149833953401327	3.0356685777911287e-05	0.016388198060601336
3497.4812368797266	0.11513164399996327	3.0363032572332724e-05	0.016388198060601336
3502.3641049881953	0.11527992349022115	3.0369387159220597e-05	0.016388198060601336
3507.246973096664	0.11542823385152558	3.037574954169681e-05	0.016388198060601336
3512.1298412051324	0.11557657512449578	3.038211972288326e-05	0.016388198060601336
3517.012709313601	0.11572494734975097	3.0388497705901846e-05	0.016388198060601336
3521.8955774220694	0.1158733505679104	3.0394883493874465e-05	0.016388198060601336
3526.778445530538	0.11602178481959327	3.040127708992302e-05	0.016388198060601336
3531.661313639007	0.11617025014541883	3.04076784971694e-05	0.016388198060601336
3536.5441817474752	0.11631874658600631	3.041408771873551e-05	0.016388198060601336
3541.427049855944	0.11646727418197492	3.0420504757743253e-05	0.016388198060601336
3546.3099179644123	0.11661583297394389	3.0426929617314516e-05	0.016388198060601336
3551.192786072881	0.11676442300253245	3.0433362300571205e-05	0.016388198060601336
3556.07565418135	0.11691304430835983	3.0439802810635215e-05	0.016388198060601336
3560.958522289818	0.11706169693204527	3.0446251150628444e-05	0.016388198060601336
3565.841390398287	0.11721038091420798	3.0452707323672797e-05	0.016388198060601336
3570.724258506755	0.11735909629546717	3.0459171332890164e-05	0.016388198060601336
3575.607126615224	0.1175078431164421	3.0465643181402446e-05	0.016388198060601336
3580.4899947236927	0.117656621417752	3.0472122872331544e-05	0.016388198060601336
3585.372862832161	0.11780543124001608	3.0478610408799355e-05	0.016388198060601336
3590.2557309406297	0.11795427262385358	3.0485105793927774e-05	0.016388198060601336
3595.1385990490985	0.1181031456098837	3.0491609030838704e-05	0.016388198060601336
3600.021467157567	0.11825205023872569	3.049812012265404e-05	0.016388198060601336
3604.904335266035	0.11840098655099876	3.0504639072495682e-05	0.016388198060601336
3609.7872033745034	0.11854995458732218	3.051116588348553e-05	0.016388198060601336
3614.670071482972	0.11869895438831514	3.051770055874548e-05	0.016388198060601336
3619.5529395914405	0.11884798599459687	3.0524243101397426e-05	0.016388198060601336
3624.435807699909	0.11899704944678662	3.0530793514563276e-05	0.016388198060601336
3629.318675808378	0.11914614478550359	3.0537351801364925e-05	0.016388198060601336
3634.2015439168463	0.11929527205136702	3.0543917964924264e-05	0.016388198060601336
3639.084412025315	0.11944443128499613	3.055049200836321e-05	0.016388198060601336
3643.9672801337833	0.11959362252701017	3.055707393480363e-05	0.016388198060601336
3648.850148242252	0.11974284581802834	3.056366374736745e-05	0.016388198060601336
3653.733016350721	0.11989210119866989	3.0570261449176565e-05	0.016388198060601336
3658.615884459189	0.12004138870955403	3.057686704335286e-05	0.016388198060601336
3663.498752567658	0.12019070839129999	3.0583480533018245e-05	0.016388198060601336
3668.3816206761267	0.120340060284527	3.059010192129461e-05	0.016388198060601336
3673.264488784595	0.12048944442985429	3.0596731211303864e-05	0.016388198060601336
3678.1473568930637	0.12063886086790108	3.0603368406167895e-05	0.016388198060601336
3683.030225001532	0.12078830963928662	3.06100135090086e-05	0.016388198060601336
3687.913093110001	0.12093779078463011	3.061666652294789e-05	0.016388198060601336
3692.7959612184695	0.1210873043445508	3.062332745110765e-05	0.016388198060601336
3697.678829326938	0.1212368503596679	3.0629996296609795e-05	0.016388198060601336
3702.5616974354066	0.12138642887060064	3.06366730625762e-05	0.016388198060601336
3707.444565543875	0.12153603991796826	3.064335775212879e-05	0.016388198060601336
3712.3274336523436	0.12168568354238997	3.065005036838944e-05	0.016388198060601336
3717.2103017608124	0.12183535978448501	3.065675091448006e-05	0.016388198060601336
3722.0931698692807	0.1219850686848726	3.0663459393522546e-05	0.016388198060601336
3726.9760379777495	0.12213481028417197	3.0670175808638795e-05	0.016388198060601336
3731.858906086218	0.12228458462300236	3.067690016295071e-05	0.016388198060601336
3736.7417741946865	0.12243439174198298	3.068363245958018e-05	0.016388198060601336
3741.6246423031553	0.12258423168173306	3.069037270164912e-05	0.016388198060601336
3746.5075104116236	0.12273410448287184	3.069712089227941e-05	0.016388198060601336
3751.390378520092	0.12288401018601852	3.0703877034592954e-05	0.016388198060601336
3756.27324662856	0.12303394883179235	3.071064113171166e-05	0.016388198060601336
3761.156114737029	0.12318392046081257	3.0717413186757416e-05	0.016388198060601336
3766.0389828454977	0.12333392511369838	3.072419320285212e-05	0.016388198060601336
3770.921850953966	0.12348396283106902	3.073098118311768e-05	0.016388198060601336
3775.8047190624347	0.12363403365354372	3.073777713067599e-05	0.016388198060601336
3780.687587170903	0.1237841376217417	3.0744581048648936e-05	0.016388198060601336
3785.570455279372	0.12393427477628219	3.075139294015843e-05	0.016388198060601336
3790.4533233878406	0.12408444515778443	3.0758212808326366e-05	0.016388198060601336
3795.336191496309	0.12423464880686762	3.0765040656274647e-05	0.016388198060601336
3800.2190596047776	0.12438488576415101	3.077187648712517e-05	0.016388198060601336
3805.1019277132464	0.12453515607025382	3.0778720303999825e-05	0.016388198060601336
3809.9847958217147	0.12468545976579529	3.078557211002052e-05	0.016388198060601336
3814.8676639301834	0.12483579689139462	3.079243190830915e-05	0.016388198060601336
3819.7505320386517	0.12498616748767105	3.0799299701987614e-05	0.016388198060601336
3824.6334001471205	0.12513657159524383	3.080617549417781e-05	0.016388198060601336
3829.5162682555892	0.12528700925473216	3.081305928800163e-05	0.016388198060601336
3834.3991363640575	0.12543748050675527	3.081995108658098e-05	0.016388198060601336
3839.2820044725263	0.1255879853919324	3.082685089303776e-05	0.016388198060601336
3844.1648725809946	0.12573852395088275	3.0833758710493867e-05	0.016388198060601336
3849.0477406894634	0.1258890962242256	3.084067454207119e-05	0.016388198060601336
3853.930608797932	0.12603970225258013	3.084759839089164e-05	0.016388198060601336
3858.8134769064004	0.12619034207656557	3.0854530260077105e-05	0.016388198060601336
3863.696345014869	0.12634101573680118	3.086147015274949e-05	0.016388198060601336
3868.5792131233375	0.12649172327390618	3.086841807203069e-05	0.016388198060601336
3873.462081231806	0.12664246472849977	3.087537402104261e-05	0.016388198060601336
3878.344949340275	0.1267932401412012	3.0882338002907144e-05	0.016388198060601336
3883.2278174487433	0.12694404955262967	3.0889310020746185e-05	0.016388198060601336
3888.110685557212	0.12709489300340443	3.089629007768164e-05	0.016388198060601336
3892.993553665681	0.1272457705341447	3.09032781768354e-05	0.016388198060601336
3897.876421774149	0.12739668218546973	3.0910274321329365e-05	0.016388198060601336
3902.7592898826174	0.12754762799799874	3.091727851428544e-05	0.016388198060601336
3907.6421579910857	0.12769860801235092	3.0924290758825515e-05	0.016388198060601336
3912.5250260995545	0.12784962226914554	3.093131105807149e-05	0.016388198060601336
3917.4078942080228	0.12800067080900182	3.093833941514527e-05	0.016388198060601336
3922.2907623164915	0.12815175367253898	3.094537583316875e-05	0.016388198060601336
3927.1736304249603	0.12830287090037623	3.095242031526382e-05	0.016388198060601336
3932.0564985334286	0.12845402253313284	3.095947286455239e-05	0.016388198060601336
3936.9393666418973	0.12860520861142802	3.0966533484156354e-05	0.016388198060601336
3941.8222347503656	0.12875642917588095	3.097360217719761e-05	0.016388198060601336
3946.7051028588344	0.12890768426711094	3.098067894679805e-05	0.016388198060601336
3951.587970967303	0.12905897392573715	3.0987763796079586e-05	0.016388198060601336
3956.4708390757714	0.12921029819237884	3.09948567281641e-05	0.016388198060601336
3961.35370718424	0.1293616571076552	3.100195774617351e-05	0.016388198060601336
3966.236575292709	0.12951305071218555	3.100906685322969e-05	0.016388198060601336
3971.1194434011773	0.129664479046589	3.101618405245457e-05	0.016388198060601336
3976.002311509646	0.12981594215148487	3.1023309346970014e-05	0.016388198060601336
3980.8851796181143	0.12996744006749233	3.1030442739897945e-05	0.016388198060601336
3985.768047726583	0.13011897283523063	3.103758423436025e-05	0.016388198060601336
3990.650915835052	0.130270540495319	3.1044733833478836e-05	0.016388198060601336
3995.53378394352	0.13042214308837666	3.105189154037559e-05	0.016388198060601336
4000.416652051989	0.13057378065502284	3.105905735817241e-05	0.016388198060601336
4005.299520160457	0.13072545323587675	3.106623128999121e-05	0.016388198060601336
4010.182388268926	0.13087716087155765	3.107341333895388e-05	0.016388198060601336
4015.0652563773947	0.13102890360268477	3.108060350818231e-05	0.016388198060601336
4019.948124485863	0.1311806814698773	3.108780180079841e-05	0.016388198060601336
4024.8309925943317	0.1313324945137545	3.1095008219924076e-05	0.016388198060601336
4029.7138607028005	0.13148434277493556	3.11022227686812e-05	0.016388198060601336
4034.596728811269	0.13163622629403976	3.110944545019168e-05	0.016388198060601336
4039.4795969197376	0.1317881451116863	3.111667626757743e-05	0.016388198060601336
4044.362465028206	0.1319400992684944	3.112391522396033e-05	0.016388198060601336
4049.245333136674	0.13209208880508327	3.1131162322462286e-05	0.016388198060601336
4054.1282012451425	0.13224411376207218	3.11384175662052e-05	0.016388198060601336
4059.011069353611	0.13239617418008034	3.114568095831096e-05	0.016388198060601336
4063.89393746208	0.13254827009972697	3.115295250190147e-05	0.016388198060601336
4068.7768055705483	0.13270040156163132	3.116023220009864e-05	0.016388198060601336
4073.659673679017	0.13285256860641262	3.116752005602435e-05	0.016388198060601336
4078.5425417874853	0.13300477127469004	3.1174816072800505e-05	0.016388198060601336
4083.425409895954	0.13315700960708288	3.1182120253549e-05	0.016388198060601336
4088.308278004423	0.13330928364421032	3.118943260139174e-05	0.016388198060601336
4093.191146112891	0.1334615934266916	3.119675311945062e-05	0.016388198060601336
4098.07401422136	0.13361393899514595	3.120408181084755e-05	0.016388198060601336
4102.956882329829	0.1337663203901926	3.121141867870441e-05	0.016388198060601336
4107.839750438297	0.13391873765245077	3.12187637261431e-05	0.016388198060601336
4112.722618546765	0.1340711908225397	3.1226116956285526e-05	0.016388198060601336
4117.605486655234	0.13422367994107862	3.123347837225359e-05	0.016388198060601336
4122.488354763703	0.13437620504868672	3.124084797716918e-05	0.016388198060601336
4127.3712228721715	0.13452876618598325	3.1248225774154204e-05	0.016388198060601336
4132.25409098064	0.13468136339358747	3.125561176633055e-05	0.016388198060601336
4137.136959089108	0.13483399671211857	3.126300595682012e-05	0.016388198060601336
4142.019827197577	0.1349866661821958	3.127040834874482e-05	0.016388198060601336
4146.902695306046	0.13513937184443833	3.1277818945226546e-05	0.016388198060601336
4151.785563414514	0.13529211373946548	3.128523774938718e-05	0.016388198060601336
4156.668431522983	0.1354448919078964	3.129266476434865e-05	0.016388198060601336
4161.551299631451	0.13559770639035038	3.1300099993232825e-05	0.016388198060601336
4166.43416773992	0.13575055722744658	3.1307543439161615e-05	0.016388198060601336
4171.3170358483885	0.1359034444598043	3.131499510525693e-05	0.016388198060601336
4176.199903956857	0.13605636812804267	3.132245499464065e-05	0.016388198060601336
4181.082772065326	0.136209328272781	3.132992311043468e-05	0.016388198060601336
4185.965640173794	0.13636232493463854	3.1337399455760924e-05	0.016388198060601336
4190.848508282263	0.13651535815423443	3.134488403374127e-05	0.016388198060601336
4195.7313763907305	0.13666842797218792	3.1352376847497625e-05	0.016388198060601336
4200.614244499199	0.1368215344291183	3.135987790015188e-05	0.016388198060601336
4205.497112607668	0.13697467756564474	3.1367387194825945e-05	0.016388198060601336
4210.379980716137	0.13712785742238648	3.1374904734641705e-05	0.016388198060601336
4215.2628488246055	0.13728107403996273	3.138243052272107e-05	0.016388198060601336
4220.145716933074	0.13743432745899276	3.138996456218593e-05	0.016388198060601336
4225.028585041542	0.13758761772009576	3.1397506856158184e-05	0.016388198060601336
4229.911453150011	0.137740944863891	3.140505740775974e-05	0.016388198060601336
4234.79432125848	0.13789430893099763	3.1412616220112484e-05	0.016388198060601336
4239.677189366948	0.13804770996203497	3.142018329633831e-05	0.016388198060601336
4244.560057475417	0.1382011479976222	3.142775863955914e-05	0.016388198060601336
4249.442925583885	0.13835462307837854	3.1435342252896854e-05	0.016388198060601336
4254.325793692354	0.13850813524492323	3.144293413947335e-05	0.016388198060601336
4259.2086618008225	0.1386616845378755	3.1450534302410535e-05	0.016388198060601336
4264.091529909291	0.13881527099785457	3.1458142744830295e-05	0.016388198060601336
4268.97439801776	0.13896889466547968	3.146575946985454e-05	0.016388198060601336
4273.857266126228	0.13912255558137004	3.147338448060517e-05	0.016388198060601336
4278.740134234697	0.1392762537861449	3.148101778020407e-05	0.016388198060601336
4283.623002343165	0.13942998932042344	3.148865937177316e-05	0.016388198060601336
4288.505870451634	0.13958376222482494	3.149630925843431e-05	0.016388198060601336
4293.388738560103	0.13973757253996863	3.1503967443309436e-05	0.016388198060601336
4298.271606668571	0.1398914203064737	3.151163392952044e-05	0.016388198060601336
4303.1544747770395	0.1400453055649594	3.1519308720189205e-05	0.016388198060601336
4308.037342885508	0.14019922835604492	3.1526991818437644e-05	0.016388198060601336
4312.920210993977	0.14035318872034955	3.153468322738765e-05	0.016388198060601336
4317.803079102446	0.1405071866984925	3.1542382950161115e-05	0.016388198060601336
4322.685947210914	0.14066122233109293	3.1550090989879945e-05	0.016388198060601336
4327.568815319382	0.14081529565877016	3.155780734966604e-05	0.016388198060601336
4332.451683427851	0.14096940672214336	3.156553203264129e-05	0.016388198060601336
4337.33455153632	0.14112355556183181	3.1573265041927605e-05	0.016388198060601336
4342.217419644788	0.14127774221845465	3.158100638064687e-05	0.016388198060601336
4347.100287753256	0.1414319667326312	3.158875605192099e-05	0.016388198060601336
4351.983155861725	0.14158622914498065	3.1596514058871866e-05	0.016388198060601336
4356.866023970194	0.14174052949612223	3.1604280404621395e-05	0.016388198060601336
4361.748892078662	0.14189486782667515	3.161205509229147e-05	0.016388198060601336
4366.631760187131	0.14204924417725864	3.161983812500399e-05	0.016388198060601336
4371.514628295599	0.14220365858849196	3.162762950588086e-05	0.016388198060601336
4376.397496404068	0.1423581111009943	3.163542923804398e-05	0.016388198060601336
4381.280364512537	0.1425126017553849	3.1643237324615236e-05	0.016388198060601336
4386.163232621005	0.14266713059228303	3.165105376871654e-05	0.016388198060601336
4391.046100729473	0.14282169765230784	3.165887857346978e-05	0.016388198060601336
4395.928968837942	0.1429763029760786	3.166671174199686e-05	0.016388198060601336
4400.811836946411	0.14313094660421455	3.167455327741968e-05	0.016388198060601336
4405.69470505488	0.1432856285773349	3.1682403182860124e-05	0.016388198060601336
4410.577573163348	0.14344034893605886	3.169026146144011e-05	0.016388198060601336
4415.460441271816	0.1435951077210057	3.169812811628153e-05	0.016388198060601336
4420.343309380285	0.1437499049727946	3.1706003150506275e-05	0.016388198060601336
4425.226177488754	0.14390474073204482	3.171388656723624e-05	0.016388198060601336
4430.109045597223	0.1440596150393756	3.1721778369593345e-05	0.016388198060601336
4434.99191370569	0.1442145279354061	3.172967856069947e-05	0.016388198060601336
4439.874781814159	0.14436947946075562	3.1737587143676524e-05	0.016388198060601336
4444.757649922628	0.14452446965604335	3.174550412164639e-05	0.016388198060601336
4449.640518031097	0.14467949856188855	3.1753429497730986e-05	0.016388198060601336
4454.523386139565	0.14483456621891042	3.1761363275052194e-05	0.016388198060601336
4459.406254248033	0.14498967266772816	3.176930545673192e-05	0.016388198060601336
4464.289122356502	0.14514481794896106	3.177725604589207e-05	0.016388198060601336
4469.171990464971	0.14530000210322833	3.178521504565452e-05	0.016388198060601336
4474.05485857344	0.14545522517114917	3.1793182459141185e-05	0.016388198060601336
4478.937726681908	0.1456104871933428	3.1801158289473965e-05	0.016388198060601336
4483.820594790376	0.14576578821042852	3.180914253977475e-05	0.016388198060601336
4488.703462898845	0.14592112826302545	3.181713521316544e-05	0.016388198060601336
4493.586331007313	0.1460765073917529	3.182513631276794e-05	0.016388198060601336
4498.4691991157815	0.1462319256372301	3.183314584170414e-05	0.016388198060601336
4503.35206722425	0.1463873830400762	3.184116380309595e-05	0.016388198060601336
4508.234935332719	0.14654287964091053	3.184919020006525e-05	0.016388198060601336
4513.117803441188	0.14669841548035223	3.1857225035733954e-05	0.016388198060601336
4518.0006715496565	0.1468539905990206	3.1865268313223955e-05	0.016388198060601336
4522.883539658124	0.1470096050375348	3.187332003565715e-05	0.016388198060601336
4527.766407766593	0.1471652588365141	3.188138020615544e-05	0.016388198060601336
4532.649275875062	0.1473209520365777	3.188944882784072e-05	0.016388198060601336
4537.532143983531	0.14747668467834485	3.1897525903834895e-05	0.016388198060601336
4542.415012091999	0.14763245680243478	3.190561143725985e-05	0.016388198060601336
4547.297880200467	0.1477882684494667	3.19137054312375e-05	0.016388198060601336
4552.180748308936	0.14794411966005983	3.192180788888973e-05	0.016388198060601336
4557.063616417405	0.14810001047483345	3.192991881333845e-05	0.016388198060601336
4561.9464845258735	0.14825594093440672	3.1938038207705545e-05	0.016388198060601336
4566.829352634342	0.1484119110793989	3.1946166075112926e-05	0.016388198060601336
4571.71222074281	0.14856792095042926	3.195430241868248e-05	0.016388198060601336
4576.595088851279	0.14872397058811693	3.196244724153612e-05	0.016388198060601336
4581.477956959748	0.14888006003308119	3.197060054679573e-05	0.016388198060601336
4586.360825068216	0.14903618932594132	3.1978762337583215e-05	0.016388198060601336
4591.243693176685	0.14919235850731644	3.198693261702047e-05	0.016388198060601336
4596.126561285153	0.14934856761782583	3.1995111388229404e-05	0.016388198060601336
4601.009429393622	0.14950481669808877	3.2003298654331895e-05	0.016388198060601336
4605.8922975020905	0.1496611057887244	3.201149441844986e-05	0.016388198060601336
4610.775165610559	0.149817434930352	3.201969868370519e-05	0.016388198060601336
4615.658033719028	0.14997380416359077	3.202791145321979e-05	0.016388198060601336
4620.540901827496	0.15013021352905995	3.2036132730115543e-05	0.016388198060601336
4625.423769935965	0.15028666306737878	3.204436251751436e-05	0.016388198060601336
4630.306638044433	0.15044315281916648	3.2052600818538134e-05	0.016388198060601336
4635.189506152901	0.15059968282504224	3.2060847636308767e-05	0.016388198060601336
4640.07237426137	0.15075625312562535	3.2069102973948156e-05	0.016388198060601336
4644.955242369839	0.15091286376153498	3.20773668345782e-05	0.016388198060601336
4649.8381104783075	0.15106951477339042	3.2085639221320795e-05	0.016388198060601336
4654.720978586776	0.15122620620181085	3.209392013729784e-05	0.016388198060601336
4659.603846695244	0.15138293808741551	3.210220958563124e-05	0.016388198060601336
4664.486714803713	0.1515397104708236	3.211050756944288e-05	0.016388198060601336
4669.369582912182	0.1516965233926544	3.2118814091854665e-05	0.016388198060601336
4674.25245102065	0.15185337689352713	3.21271291559885e-05	0.016388198060601336
4679.135319129119	0.15201027101406098	3.2135452764966276e-05	0.016388198060601336
4684.018187237587	0.1521672057948752	3.214378492190989e-05	0.016388198060601336
4688.901055346056	0.152324181276589	3.2152125629941244e-05	0.016388198060601336
4693.7839234545245	0.15248119749982164	3.216047489218224e-05	0.016388198060601336
4698.666791562993	0.1526382545051923	3.216883271175477e-05	0.016388198060601336
4703.549659671462	0.15279535233332028	3.2177199091780734e-05	0.016388198060601336
4708.43252777993	0.15295249102482475	3.218557403538203e-05	0.016388198060601336
4713.315395888399	0.15310967062032496	3.219395754568056e-05	0.016388198060601336
4718.198263996867	0.15326689116044012	3.220234962579821e-05	0.016388198060601336
4723.081132105336	0.15342415268578946	3.22107502788569e-05	0.016388198060601336
4727.964000213805	0.1535814552369922	3.2219159507978506e-05	0.016388198060601336
4732.846868322273	0.15373879885466762	3.222757731628494e-05	0.016388198060601336
4737.7297364307415	0.1538961835794349	3.22360037068981e-05	0.016388198060601336
4742.61260453921	0.15405360945191326	3.224443868293987e-05	0.016388198060601336
4747.495472647679	0.15421107651272195	3.2252882247532173e-05	0.016388198060601336
4752.378340756148	0.1543685848024802	3.2261334403796885e-05	0.016388198060601336
4757.261208864616	0.15452613436180723	3.226979515485592e-05	0.016388198060601336
4762.144076973084	0.15468372523132226	3.227826450383116e-05	0.016388198060601336
4767.026945081553	0.15484135745164454	3.228674245384452e-05	0.016388198060601336
4771.909813190022	0.15499903106339324	3.229522900801789e-05	0.016388198060601336
4776.792681298491	0.15515674610718766	3.230372416947317e-05	0.016388198060601336
4781.675549406958	0.155314502623647	3.231222794133226e-05	0.016388198060601336
4786.558417515427	0.15547230065339046	3.2320740326717054e-05	0.016388198060601336
4791.441285623895	0.1556301402370373	3.232926132874945e-05	0.016388198060601336
4796.324153732364	0.15578802141520676	3.233779095055135e-05	0.016388198060601336
4801.207021840833	0.15594594422851804	3.234632919524465e-05	0.016388198060601336
4806.089889949301	0.1561039087175904	3.235487606595126e-05	0.016388198060601336
4810.97275805777	0.156261914923043	3.236343156579305e-05	0.016388198060601336
4815.855626166239	0.15641996288549512	3.2371995697891954e-05	0.016388198060601336
4820.738494274707	0.15657805264556598	3.238056846536984e-05	0.016388198060601336
4825.621362383175	0.1567361842438748	3.2389149871348626e-05	0.016388198060601336
4830.504230491644	0.15689435772104082	3.23977399189502e-05	0.016388198060601336
4835.387098600113	0.15705257311768325	3.240633861129647e-05	0.016388198060601336
4840.269966708582	0.15721083047442133	3.241494595150932e-05	0.016388198060601336
4845.15283481705	0.1573691298318743	3.242356194271066e-05	0.016388198060601336
4850.035702925518	0.15752747123066135	3.243218658802238e-05	0.016388198060601336
4854.918571033987	0.15768585471140173	3.244081989056639e-05	0.016388198060601336
4859.801439142456	0.15784428031471467	3.244946185346458e-05	0.016388198060601336
4864.684307250925	0.1580027480812194	3.2458112479838845e-05	0.016388198060601336
4869.567175359392	0.15816125805153514	3.246677177281109e-05	0.016388198060601336
4874.450043467861	0.1583198102662811	3.2475439735503215e-05	0.016388198060601336
4879.33291157633	0.15847840476607655	3.248411637103711e-05	0.016388198060601336
