x	chi	dchidx	s0
0.00023807889661991947	0.0	0.02336635396209014	0.02336635396209014
0.013848514627326466	0.0003180182874230994	0.023364626107553004	0.02336635396209014
0.027458950358033012	0.0006359903360669721	0.02335955935540317	0.02336635396209014
0.041069386088739564	0.0009538707020803909	0.023351153705656463	0.02336635396209014
0.05467982181944611	0.0012716139416126125	0.02333940915830277	0.02336635396209014
0.06829025755015267	0.0015891746108124896	0.023324325713327675	0.02336635396209014
0.08190069328085921	0.0019065072658284632	0.02330590337071261	0.02336635396209014
0.09551112901156575	0.002223566462808561	0.02328414213043484	0.02336635396209014
0.1091215647422723	0.0025403067579004017	0.023259041992467484	0.02336635396209014
0.12273200047297886	0.0028566827072511887	0.02323060295677949	0.02336635396209014
0.1363424362036854	0.003172648867007714	0.02319882502333565	0.02336635396209014
0.14995287193439194	0.003488159793316359	0.023163708192096604	0.02336635396209014
0.1635633076650985	0.0038031700423064546	0.023125252463100106	0.02336635396209014
0.17717374339580505	0.00411763417008348	0.023083457836499965	0.02336635396209014
0.19078417912651158	0.004431506732802133	0.023038324312206156	0.02336635396209014
0.20439461485721813	0.004744742286618076	0.02298985189011319	0.02336635396209014
0.2180050505879247	0.005057295387684942	0.022938040570114532	0.02336635396209014
0.23161548631863124	0.005369120592154333	0.022882890352102583	0.02336635396209014
0.24522592204933777	0.005680172456175822	0.0228244012359687	0.02336635396209014
0.25883635778004427	0.005990405535896955	0.02276257322160319	0.02336635396209014
0.27244679351075085	0.006299774387463248	0.022697406308895298	0.02336635396209014
0.2860572292414574	0.0066082335670181866	0.022628900497733223	0.02336635396209014
0.2996676649721639	0.006915737630703227	0.02255705578800411	0.02336635396209014
0.3132781007028705	0.007222241134657803	0.022481872179594048	0.02336635396209014
0.326888536433577	0.007527698635019309	0.022403349672388082	0.02336635396209014
0.34049897216428354	0.007832064687923114	0.0223214882662702	0.02336635396209014
0.3541094078949901	0.008135293849502566	0.02223628796112333	0.02336635396209014
0.36771984362569665	0.008437340675888968	0.02214774875682936	0.02336635396209014
0.3813302793564032	0.00873815972321161	0.02205587065326912	0.02336635396209014
0.39494071508710976	0.009037705547597742	0.021960653650322383	0.02336635396209014
0.4085511508178163	0.009335932705172589	0.021862097747867876	0.02336635396209014
0.42216158654852287	0.009632795752059354	0.02176020294578327	0.02336635396209014
0.4357720222792294	0.00992824924437919	0.021654969243945187	0.02336635396209014
0.4493824580099359	0.010222247738251245	0.02154639664222919	0.02336635396209014
0.4629928937406425	0.010514745789792624	0.021434485140509794	0.02336635396209014
0.47660332947134915	0.010805697955118407	0.021319234738660462	0.02336635396209014
0.4902137652020557	0.011095058790341644	0.021200645436553606	0.02336635396209014
0.5038242009327623	0.011382782851573353	0.02107871723406058	0.02336635396209014
0.5174346366634688	0.011668824694922529	0.020953450131051685	0.02336635396209014
0.5310450723941753	0.011953138876496135	0.02082484412739618	0.02336635396209014
0.544655508124882	0.012235679952399105	0.020692899222962257	0.02336635396209014
0.5582659438555885	0.012516402478734341	0.020557615417617067	0.02336635396209014
0.571876379586295	0.012795261011602723	0.020418992711226706	0.02336635396209014
0.5854868153170015	0.013072210107103091	0.02027703110365621	0.02336635396209014
0.5990972510477081	0.01334720432133227	0.020131730594769567	0.02336635396209014
0.6127076867784146	0.013620198210385041	0.019983091184429723	0.02336635396209014
0.6263181225091212	0.01389114633035417	0.01983111287249855	0.02336635396209014
0.6399285582398277	0.014160003237330382	0.019675795658836887	0.02336635396209014
0.6535389939705343	0.01442672348740238	0.01951713954330451	0.02336635396209014
0.6671494297012408	0.014691261636656837	0.019355144525760145	0.02336635396209014
0.6807598654319473	0.014953572241178392	0.019189810606061466	0.02336635396209014
0.694370301162654	0.015213609857049667	0.019021137784065095	0.02336635396209014
0.7079807368933605	0.015471329040351237	0.018849126059626603	0.02336635396209014
0.721591172624067	0.015726684347161658	0.018673775432600504	0.02336635396209014
0.7352016083547736	0.015979630333557468	0.018495085902840255	0.02336635396209014
0.7488120440854801	0.01623012155561315	0.018313057470198277	0.02336635396209014
0.7624224798161866	0.01647811256940118	0.018127690134525927	0.02336635396209014
0.7760329155468931	0.016723557930991992	0.017938983895673506	0.02336635396209014
0.7896433512775997	0.016966412196454006	0.017746938753490267	0.02336635396209014
0.8032537870083063	0.01720662992185359	0.017551554707824414	0.02336635396209014
0.8168642227390128	0.017444165663255105	0.017352831758523098	0.02336635396209014
0.8304746584697194	0.017678973976722363	0.017150769905413955	0.02336635396209014
0.8440850942004259	0.017911009418340552	0.01694536914801461	0.02336635396209014
0.8576955299311324	0.018140226544174902	0.01673662948601507	0.02336635396209014
0.8713059656618389	0.01836657991027853	0.016524550919215057	0.02336635396209014
0.8849164013925455	0.018590024072701737	0.016309133447414303	0.02336635396209014
0.898526837123252	0.018810513587492	0.016090377070412578	0.02336635396209014
0.9121372728539586	0.019028003010693992	0.01586828178800966	0.02336635396209014
0.9257477085846652	0.01924244689834956	0.015642847600005352	0.02336635396209014
0.9393581443153717	0.019453799806497744	0.015414074506199485	0.02336635396209014
0.9529685800460783	0.019662016291174762	0.015181962506391894	0.02336635396209014
0.9665790157767848	0.01986705090841402	0.014946511600382455	0.02336635396209014
0.9801894515074914	0.020068858214246105	0.014707721787971053	0.02336635396209014
0.9937998872381979	0.020267392764698793	0.014465593068957599	0.02336635396209014
1.0074103229689044	0.02046260911579704	0.014220125443142023	0.02336635396209014
1.021020758699611	0.02065446182356299	0.013971318910324272	0.02336635396209014
1.0346311944303175	0.020842905444015975	0.013719173470304324	0.02336635396209014
1.048241630161024	0.0210278945331725	0.013463689122882169	0.02336635396209014
1.0618520658917305	0.021209383647046266	0.013204865867857823	0.02336635396209014
1.075462501622437	0.021387327341648152	0.012942703705031325	0.02336635396209014
1.0890729373531438	0.021561680172986226	0.01267720263420272	0.02336635396209014
1.1026833730838503	0.021732396697065733	0.012408362655172103	0.02336635396209014
1.1162938088145569	0.021899431469889107	0.012136183767739565	0.02336635396209014
1.1299042445452634	0.02206273904745597	0.011860665971705224	0.02336635396209014
1.14351468027597	0.022222273985763125	0.011581809266869225	0.02336635396209014
1.1571251160066764	0.02237799084080459	0.011299613653031742	0.02336635396209014
1.170735551737383	0.0225298441685744	0.011014079129994398	0.02336635396209014
1.1843459874680895	0.02267778852506372	0.010725205697560785	0.02336635396209014
1.197956423198796	0.02282177846625954	0.010432993355535655	0.02336635396209014
1.2115668589295026	0.02296176854814623	0.010137442103725275	0.02336635396209014
1.225177294660209	0.023097713326705526	0.009838551941937432	0.02336635396209014
1.2387877303909158	0.02322956735791654	0.00953632286998141	0.02336635396209014
1.2523981661216224	0.023357285197755744	0.009230754887668034	0.02336635396209014
1.2660086018523289	0.02348082140219699	0.008921847994809617	0.02336635396209014
1.2796190375830354	0.023600130527211494	0.008609602191219996	0.02336635396209014
1.293229473313742	0.023715167128767853	0.008294017476714526	0.02336635396209014
1.3068399090444485	0.023825885762832396	0.00797509385111055	0.02336635396209014
1.320450344775155	0.023932240985369172	0.007652831314227655	0.02336635396209014
1.3340607805058615	0.0240341873523396	0.007327229865887381	0.02336635396209014
1.347671216236568	0.024131679419702658	0.007021854386391859	0.02336635396209014
1.5846394098338483	0.025795636747354234	0.007021863248660825	0.02336635396209014
1.8216076034311284	0.027459596025105053	0.007021871800449328	0.02336635396209014
2.0585757970284084	0.02912355723630886	0.007021880088559485	0.02336635396209014
2.295543990625689	0.030787520364319382	0.007021888159793413	0.02336635396209014
2.532512184222969	0.03245148539249037	0.007021896060953231	0.02336635396209014
2.769480377820249	0.03411545230417555	0.007021903838841055	0.02336635396209014
3.0064485714175295	0.03577942108272868	0.007021911540259005	0.02336635396209014
3.2434167650148096	0.03744339171150347	0.007021919212009196	0.02336635396209014
3.4803849586120896	0.03910736417385368	0.007021926900893748	0.02336635396209014
3.71735315220937	0.04077133845313305	0.007021934653714777	0.02336635396209014
3.9543213458066497	0.04243531493978172	0.0070219421394174955	0.02336635396209014
4.19128953940393	0.044099293263310996	0.007021949672486834	0.02336635396209014
4.42825773300121	0.04576327333602462	0.007021957363846401	0.02336635396209014
4.66522592659849	0.04742725519813147	0.007021965213727117	0.02336635396209014
4.90219412019577	0.04909123888984046	0.007021973222359904	0.02336635396209014
5.139162313793051	0.05075522445136047	0.007021981389975682	0.02336635396209014
5.3761305073903305	0.05241921192290039	0.007021989716805372	0.02336635396209014
5.613098700987611	0.054083201344669124	0.0070219982030798956	0.02336635396209014
5.8500668945848915	0.05574719275687555	0.007022006849030173	0.02336635396209014
6.087035088182171	0.057411186199728556	0.007022015654887126	0.02336635396209014
6.324003281779452	0.05907518171343706	0.007022024620881674	0.02336635396209014
6.560971475376732	0.06073917933820992	0.00702203374724474	0.02336635396209014
6.797939668974012	0.062403179114256066	0.0070220430342072425	0.02336635396209014
7.034907862571292	0.06406718108178436	0.007022052482000105	0.02336635396209014
7.271876056168572	0.06573118528100369	0.007022062090854247	0.02336635396209014
7.508844249765852	0.06739519175212297	0.007022071861000589	0.02336635396209014
7.745812443363133	0.06905920053535108	0.007022081792670052	0.02336635396209014
7.982780636960412	0.07072321167089693	0.007022091886093559	0.02336635396209014
8.219748830557693	0.0723872251989694	0.0070221021415020285	0.02336635396209014
8.456717024154973	0.07405124115977736	0.007022112559126382	0.02336635396209014
8.693685217752254	0.07571525959352973	0.007022123139197541	0.02336635396209014
8.930653411349533	0.0773792805404354	0.007022133881946427	0.02336635396209014
9.167621604946813	0.07904330404070324	0.00702214478760396	0.02336635396209014
9.404589798544094	0.08070733013454218	0.00702215585640106	0.02336635396209014
9.641557992141374	0.08237135886216106	0.007022167088568649	0.02336635396209014
9.878526185738654	0.08403539026376883	0.0070221784843376486	0.02336635396209014
10.115494379335935	0.08569942437957434	0.0070221900439389785	0.02336635396209014
10.352462572933215	0.0873634612497865	0.00702220176760356	0.02336635396209014
10.589430766530494	0.08902750091461417	0.007022213655562315	0.02336635396209014
10.826398960127776	0.0906915434142663	0.0070222257080461625	0.02336635396209014
11.063367153725055	0.09235558878895175	0.0070222379252860255	0.02336635396209014
11.300335347322335	0.09401963707887939	0.007022250307512823	0.02336635396209014
11.537303540919616	0.09568368832425816	0.007022262854957478	0.02336635396209014
11.774271734516896	0.09734774256529692	0.007022275567850909	0.02336635396209014
12.011239928114176	0.09901179984220457	0.007022288446424039	0.02336635396209014
12.248208121711457	0.10067586019519001	0.007022301490907788	0.02336635396209014
12.485176315308737	0.10233992366446211	0.007022314701533077	0.02336635396209014
12.722144508906016	0.10400399029022978	0.007022328078530827	0.02336635396209014
12.959112702503296	0.10566806011270191	0.007022341622131959	0.02336635396209014
13.196080896100577	0.1073321331720874	0.007022355332567394	0.02336635396209014
13.433049089697857	0.10899620950859512	0.007022369210068053	0.02336635396209014
13.670017283295136	0.11066028916243395	0.007022383254864856	0.02336635396209014
13.906985476892418	0.11232437217381283	0.007022397467188725	0.02336635396209014
14.143953670489697	0.11398845858294063	0.00702241184727058	0.02336635396209014
14.380921864086977	0.11565254843002623	0.007022426395341343	0.02336635396209014
14.617890057684258	0.11731664175527853	0.0070224411116319345	0.02336635396209014
14.854858251281538	0.11898073859890643	0.007022455996373276	0.02336635396209014
15.09182644487882	0.12064483900111883	0.007022471049796287	0.02336635396209014
15.328794638476099	0.12230894300212458	0.007022486272131889	0.02336635396209014
15.56576283207338	0.12397305064213263	0.007022501663611003	0.02336635396209014
15.802731025670658	0.1256371619613518	0.007022517224464551	0.02336635396209014
16.03969921926794	0.12730127699999105	0.0070225329549234525	0.02336635396209014
16.27666741286522	0.12896539579825922	0.0070225488552186285	0.02336635396209014
16.5136356064625	0.13062951839636527	0.007022564925581001	0.02336635396209014
16.750603800059782	0.13229364483451805	0.007022581166241489	0.02336635396209014
16.98757199365706	0.1339577751529264	0.007022597577431016	0.02336635396209014
17.22454018725434	0.1356219093917993	0.007022614159380501	0.02336635396209014
17.461508380851622	0.1372860475913456	0.007022630912320866	0.02336635396209014
17.698476574448904	0.1389501897917742	0.007022647836483031	0.02336635396209014
17.93544476804618	0.14061433603329399	0.007022664932097918	0.02336635396209014
18.17241296164346	0.14227848635611384	0.007022682199396447	0.02336635396209014
18.40938115524074	0.1439426408004427	0.007022699638609539	0.02336635396209014
18.646349348838026	0.1456067994064894	0.007022717249968115	0.02336635396209014
18.883317542435304	0.14727096221446287	0.007022735033703097	0.02336635396209014
19.12028573603258	0.14893512926457197	0.007022752990045404	0.02336635396209014
19.357253929629863	0.15059930059702564	0.007022771119225959	0.02336635396209014
19.594222123227144	0.15226347625203274	0.007022789421475681	0.02336635396209014
19.831190316824422	0.15392765626980212	0.007022807897025492	0.02336635396209014
20.068158510421704	0.15559184069054277	0.007022826546106313	0.02336635396209014
20.305126704018985	0.1572560295544635	0.007022845368949065	0.02336635396209014
20.542094897616266	0.15892022290177327	0.007022864365784668	0.02336635396209014
20.779063091213544	0.16058442077268087	0.007022883536844044	0.02336635396209014
21.016031284810822	0.1622486232073953	0.007022902882358113	0.02336635396209014
21.252999478408103	0.1639128302461254	0.007022922402557796	0.02336635396209014
21.489967672005385	0.1655770419290801	0.0070229420976740155	0.02336635396209014
21.726935865602666	0.1672412582964682	0.00702296196793769	0.02336635396209014
21.963904059199944	0.16890547938849867	0.007022982013579743	0.02336635396209014
22.200872252797225	0.17056970524538043	0.0070230022348310925	0.02336635396209014
22.437840446394507	0.1722339359073223	0.007023022631922662	0.02336635396209014
22.674808639991785	0.17389817141453315	0.007023043205085371	0.02336635396209014
22.911776833589066	0.17556241180722199	0.007023063954550142	0.02336635396209014
23.148745027186347	0.17722665712559763	0.007023084880547893	0.02336635396209014
23.38571322078363	0.17889090740986896	0.007023105983309548	0.02336635396209014
23.622681414380907	0.18055516270024485	0.007023127263066026	0.02336635396209014
23.859649607978184	0.18221942303693434	0.007023148720048249	0.02336635396209014
24.096617801575466	0.18388368934012442	0.007023170331020342	0.02336635396209014
24.333585995172747	0.18554796132880771	0.007023192103286126	0.02336635396209014
24.57055418877003	0.18721223846659354	0.007023214051933294	0.02336635396209014
24.807522382367306	0.18887652079558093	0.0070232361769669936	0.02336635396209014
25.044490575964588	0.1905408083578689	0.007023258478392368	0.02336635396209014
25.28145876956187	0.19220510119555642	0.007023280956214564	0.02336635396209014
25.518426963159147	0.19386939935074246	0.007023303610438727	0.02336635396209014
25.755395156756425	0.19553370286552607	0.0070233264410700024	0.02336635396209014
25.99236335035371	0.19719801178200624	0.007023349448113537	0.02336635396209014
26.22933154395099	0.198862326142282	0.007023372631574474	0.02336635396209014
26.46629973754827	0.2005266459884523	0.007023395991457963	0.02336635396209014
26.703267931145547	0.20219097136261613	0.007023419527769146	0.02336635396209014
26.940236124742828	0.20385530230687254	0.007023443240513169	0.02336635396209014
27.17720431834011	0.20551963886332053	0.00702346712969518	0.02336635396209014
27.41417251193739	0.20718398107405905	0.007023491195320323	0.02336635396209014
27.65114070553467	0.2088483289811871	0.007023515437393745	0.02336635396209014
27.88810889913195	0.21051268262680378	0.007023539855920589	0.02336635396209014
28.12507709272923	0.212177042053008	0.007023564450906003	0.02336635396209014
28.36204528632651	0.21384140730189877	0.007023589222355132	0.02336635396209014
28.599013479923787	0.21550577841557508	0.007023614170273121	0.02336635396209014
28.835981673521072	0.217170155436136	0.007023639294665117	0.02336635396209014
29.072949867118353	0.21883453840568046	0.007023664595536265	0.02336635396209014
29.30991806071563	0.22049892736630744	0.00702369007289171	0.02336635396209014
29.54688625431291	0.22216332236011602	0.007023715726736599	0.02336635396209014
29.78385444791019	0.22382772342920518	0.007023741557076076	0.02336635396209014
30.020822641507472	0.2254921306156739	0.007023767563915288	0.02336635396209014
30.25779083510475	0.22715654396162113	0.007023793747259381	0.02336635396209014
30.49475902870203	0.228820963509146	0.007023820107113499	0.02336635396209014
30.731727222299313	0.2304853893003474	0.007023846643482788	0.02336635396209014
30.968695415896594	0.23214982137732437	0.007023873356372395	0.02336635396209014
31.205663609493868	0.2338142597821759	0.007023900245787465	0.02336635396209014
31.44263180309115	0.235478704557001	0.007023927311733143	0.02336635396209014
31.67959999668843	0.2371431557438987	0.007023954554214575	0.02336635396209014
31.916568190285716	0.23880761338496792	0.007023981973236908	0.02336635396209014
32.153536383882994	0.24047207752230776	0.007024009568805285	0.02336635396209014
32.39050457748027	0.24213654819801708	0.007024037340924854	0.02336635396209014
32.62747277107756	0.24380102545419505	0.0070240652896007595	0.02336635396209014
32.864440964674834	0.24546550933294056	0.007024093414838148	0.02336635396209014
33.10140915827211	0.2471299998763526	0.007024121716642164	0.02336635396209014
33.33837735186939	0.24879449712653026	0.007024150195017954	0.02336635396209014
33.575345545466675	0.2504590011255725	0.007024178849970664	0.02336635396209014
33.81231373906395	0.2521235119155783	0.007024207681505438	0.02336635396209014
34.04928193266124	0.25378802953864665	0.007024236689627423	0.02336635396209014
34.286250126258516	0.2554525540368766	0.007024265874341765	0.02336635396209014
34.52321831985579	0.2571170854523671	0.0070242952356536085	0.02336635396209014
34.76018651345308	0.2587816238272172	0.0070243247735681	0.02336635396209014
34.99715470705035	0.2604461692035258	0.007024354488090385	0.02336635396209014
35.234122900647634	0.262110721623392	0.007024384379225609	0.02336635396209014
35.47109109424492	0.26377528112891485	0.007024414446978918	0.02336635396209014
35.7080592878422	0.2654398477621932	0.007024444691355457	0.02336635396209014
35.94502748143948	0.2671044215653262	0.0070244751123603715	0.02336635396209014
36.18199567503675	0.26876900258041264	0.007024505709998808	0.02336635396209014
36.41896386863404	0.27043359084955176	0.007024536484275912	0.02336635396209014
36.655932062231315	0.27209818641484246	0.00702456743519683	0.02336635396209014
36.89290025582859	0.27376278931838366	0.007024598562766706	0.02336635396209014
37.12986844942588	0.27542739960227447	0.007024629866990685	0.02336635396209014
37.366836643023156	0.2770920173086139	0.007024661347873915	0.02336635396209014
37.60380483662044	0.2787566424795009	0.007024693005421541	0.02336635396209014
37.84077303021772	0.28042127515703447	0.007024724839638708	0.02336635396209014
38.077741223814996	0.28208591538331357	0.007024756850530562	0.02336635396209014
38.314709417412274	0.2837505632004373	0.007024789038102248	0.02336635396209014
38.55167761100956	0.28541521865050457	0.007024821402358912	0.02336635396209014
38.78864580460684	0.2870798817756144	0.007024853943305701	0.02336635396209014
39.025613998204115	0.28874455261786586	0.007024886660947759	0.02336635396209014
39.2625821918014	0.2904092312193579	0.007024919555290233	0.02336635396209014
39.49955038539868	0.29207391762218954	0.007024952626338267	0.02336635396209014
39.73651857899596	0.29373861186845973	0.007024985874097008	0.02336635396209014
39.97348677259324	0.2954033140002675	0.007025019298571601	0.02336635396209014
40.21045496619052	0.29706802405971183	0.0070250528997671926	0.02336635396209014
40.4474231597878	0.2987327420888918	0.0070250866776889265	0.02336635396209014
40.684391353385074	0.30039746812990625	0.007025120632341951	0.02336635396209014
40.92135954698236	0.30206220222485436	0.0070251547637314084	0.02336635396209014
41.15832774057964	0.30372694441583503	0.007025189071862448	0.02336635396209014
41.39529593417692	0.3053916947449473	0.007025223556740213	0.02336635396209014
41.63226412777421	0.3070564532542902	0.00702525821836985	0.02336635396209014
41.86923232137148	0.3087212199859626	0.007025293056756504	0.02336635396209014
42.10620051496876	0.31038599498206365	0.007025328071905322	0.02336635396209014
42.34316870856604	0.31205077828469224	0.007025363263821449	0.02336635396209014
42.58013690216332	0.3137155699359474	0.007025398632510029	0.02336635396209014
42.8171050957606	0.3153803699779282	0.007025434177976211	0.02336635396209014
43.05407328935788	0.3170451784527336	0.007025469900225137	0.02336635396209014
43.291041482955166	0.31870999540246253	0.007025505799261956	0.02336635396209014
43.52800967655244	0.3203748208692141	0.00702554187509181	0.02336635396209014
43.76497787014972	0.3220396548950871	0.007025578127719849	0.02336635396209014
44.001946063747	0.3237044975221809	0.007025614557151215	0.02336635396209014
44.238914257344284	0.3253693487925942	0.007025651163391056	0.02336635396209014
44.47588245094156	0.32703420874842604	0.007025687946444516	0.02336635396209014
44.71285064453884	0.32869907743177557	0.007025724906316742	0.02336635396209014
44.949818838136125	0.33036395488474163	0.0070257620430128785	0.02336635396209014
45.1867870317334	0.3320288411494233	0.007025799356538072	0.02336635396209014
45.42375522533069	0.33369373626791954	0.007025836846897468	0.02336635396209014
45.660723418927965	0.3353586402823294	0.007025874514096211	0.02336635396209014
45.89769161252524	0.33702355323475186	0.007025912358139448	0.02336635396209014
46.13465980612253	0.33868847516728584	0.007025950379032325	0.02336635396209014
46.3716279997198	0.34035340612203047	0.007025988576779987	0.02336635396209014
46.608596193317084	0.3420183461410847	0.007026026951387579	0.02336635396209014
46.84556438691436	0.3436832952665475	0.007026065502860248	0.02336635396209014
47.082532580511646	0.3453482535405179	0.007026104231203138	0.02336635396209014
47.31950077410893	0.3470132210050949	0.007026143136421397	0.02336635396209014
47.5564689677062	0.34867819770237746	0.007026182218520168	0.02336635396209014
47.79343716130349	0.35034318367446465	0.007026221477504598	0.02336635396209014
48.030405354900765	0.35200817896345543	0.007026260913379834	0.02336635396209014
48.26737354849804	0.3536731836114488	0.007026300526151019	0.02336635396209014
48.50434174209532	0.35533819766054375	0.0070263403158233005	0.02336635396209014
48.741309935692605	0.35700322115283933	0.007026380282401823	0.02336635396209014
48.97827812928989	0.3586682541304345	0.007026420425891733	0.02336635396209014
49.21524632288717	0.36033329663542824	0.007026460746298176	0.02336635396209014
49.452214516484446	0.3619983487099196	0.007026501243626297	0.02336635396209014
49.689182710081724	0.3636634103960076	0.007026541917881243	0.02336635396209014
49.92615090367901	0.36532848173579113	0.007026582769068159	0.02336635396209014
50.16311909727629	0.3669935627713693	0.00702662379719219	0.02336635396209014
50.400087290873564	0.368658653544841	0.007026665002258482	0.02336635396209014
50.63705548447085	0.37032375409830537	0.0070267063842721815	0.02336635396209014
50.87402367806813	0.37198886447386137	0.0070267479432384325	0.02336635396209014
51.11099187166541	0.3736539847136079	0.007026789679162382	0.02336635396209014
51.34796006526268	0.375319114859644	0.007026831592049176	0.02336635396209014
51.58492825885997	0.3769842549540688	0.007026873681903959	0.02336635396209014
51.82189645245725	0.37864940503898115	0.007026915948731877	0.02336635396209014
52.05886464605452	0.3803145651564801	0.0070269583925380765	0.02336635396209014
52.29583283965181	0.38197973534866464	0.0070270010133277015	0.02336635396209014
52.532801033249086	0.3836449156576338	0.007027043811105899	0.02336635396209014
52.76976922684637	0.38531010612548666	0.007027086785877814	0.02336635396209014
53.00673742044365	0.386975306794322	0.007027129937648593	0.02336635396209014
53.24370561404093	0.3886405177062389	0.007027173266423381	0.02336635396209014
53.48067380763821	0.3903057389033365	0.0070272167722073235	0.02336635396209014
53.71764200123549	0.39197097042771367	0.007027260455005566	0.02336635396209014
53.95461019483277	0.39363621232146945	0.007027304314823255	0.02336635396209014
54.191578388430045	0.3953014646267029	0.007027348351665536	0.02336635396209014
54.42854658202733	0.39696672738551286	0.007027392565537554	0.02336635396209014
54.665514775624615	0.3986320006399985	0.007027436956444455	0.02336635396209014
54.90248296922189	0.40029728443225876	0.007027481524391385	0.02336635396209014
55.13945116281917	0.40196257880439257	0.007027526269383489	0.02336635396209014
55.37641935641645	0.403627883798499	0.007027571191425913	0.02336635396209014
55.613387550013734	0.40529319945667697	0.0070276162905238025	0.02336635396209014
55.85035574361101	0.40695852582102565	0.007027661566682304	0.02336635396209014
56.08732393720829	0.40862386293364394	0.007027707019906562	0.02336635396209014
56.324292130805574	0.4102892108366308	0.007027752650201723	0.02336635396209014
56.56126032440285	0.4119545695720853	0.007027798457572932	0.02336635396209014
56.79822851800014	0.4136199391821064	0.007027844442025335	0.02336635396209014
57.03519671159741	0.41528531970879307	0.007027890603564077	0.02336635396209014
57.27216490519469	0.4169507111942443	0.0070279369421943055	0.02336635396209014
57.50913309879198	0.4186161136805593	0.007027983457921164	0.02336635396209014
57.74610129238925	0.4202815272098368	0.0070280301507498	0.02336635396209014
57.98306948598653	0.42194695182417596	0.007028077020685358	0.02336635396209014
58.22003767958381	0.4236123875656757	0.0070281240677329835	0.02336635396209014
58.457005873181096	0.4252778344764351	0.0070281712918978225	0.02336635396209014
58.693974066778374	0.42694329259855307	0.007028218693185021	0.02336635396209014
58.93094226037565	0.4286087619741286	0.007028266271599724	0.02336635396209014
59.16791045397294	0.4302742426452609	0.007028314027147078	0.02336635396209014
59.404878647570214	0.4319397346540487	0.007028361959832228	0.02336635396209014
59.641846841167485	0.4336052380425911	0.00702841006966032	0.02336635396209014
59.87881503476476	0.4352707528529871	0.0070284583566364986	0.02336635396209014
60.11578322836205	0.43693627912733585	0.007028506820765911	0.02336635396209014
60.35275142195933	0.43860181690773614	0.007028555462053703	0.02336635396209014
60.58971961555661	0.4402673662362871	0.0070286042805050184	0.02336635396209014
60.826687809153896	0.4419329271550876	0.007028653276125005	0.02336635396209014
61.06365600275116	0.4435984997062366	0.007028702448918806	0.02336635396209014
61.300624196348444	0.4452640839318335	0.00702875179889157	0.02336635396209014
61.53759238994573	0.4469296798739768	0.00702880132604844	0.02336635396209014
61.77456058354301	0.4485952875747658	0.007028851030394564	0.02336635396209014
62.01152877714029	0.45026090707629945	0.007028900911935085	0.02336635396209014
62.24849697073757	0.45192653842067665	0.0070289509706751505	0.02336635396209014
62.485465164334855	0.45359218164999665	0.007029001206619906	0.02336635396209014
62.72243335793213	0.45525783680635806	0.007029051619774497	0.02336635396209014
62.95940155152942	0.45692350393186015	0.007029102210144069	0.02336635396209014
63.19636974512669	0.4585891830686018	0.007029152977733768	0.02336635396209014
63.433337938723966	0.46025487425868217	0.007029203922548739	0.02336635396209014
63.67030613232125	0.4619205775442002	0.007029255044594129	0.02336635396209014
63.90727432591853	0.4635862929672548	0.007029306343875081	0.02336635396209014
64.14424251951581	0.465252020569945	0.0070293578203967436	0.02336635396209014
64.38121071311309	0.46691776039436983	0.00702940947416426	0.02336635396209014
64.61817890671037	0.4685835124826283	0.007029461305182779	0.02336635396209014
64.85514710030765	0.47024927687681933	0.0070295133134574425	0.02336635396209014
65.09211529390493	0.471915053619042	0.007029565498993399	0.02336635396209014
65.3290834875022	0.47358084275139534	0.007029617861795793	0.02336635396209014
65.5660516810995	0.47524664431597835	0.00702967040186977	0.02336635396209014
65.80301987469677	0.47691245835488993	0.007029723119220477	0.02336635396209014
66.03998806829405	0.4785782849102292	0.007029776013853057	0.02336635396209014
66.27695626189134	0.48024412402409494	0.0070298290857726585	0.02336635396209014
66.51392445548862	0.4819099757385865	0.007029882334984426	0.02336635396209014
66.7508926490859	0.4835758400958026	0.007029935761493505	0.02336635396209014
66.98786084268316	0.4852417171378422	0.007029989365305041	0.02336635396209014
67.22482903628045	0.4869076069068046	0.00703004314642418	0.02336635396209014
67.46179722987773	0.48857350944478856	0.007030097104856067	0.02336635396209014
67.69876542347501	0.4902394247938932	0.007030151240605849	0.02336635396209014
67.9357336170723	0.49190535299621746	0.007030205553678671	0.02336635396209014
68.17270181066958	0.49357129409386025	0.007030260044079678	0.02336635396209014
68.40967000426686	0.49523724812892084	0.007030314711814017	0.02336635396209014
68.64663819786412	0.49690321514349783	0.007030369556886832	0.02336635396209014
68.88360639146141	0.4985691951796906	0.00703042457930327	0.02336635396209014
69.12057458505869	0.5002351882795981	0.007030479779068476	0.02336635396209014
69.35754277865597	0.5019011944853191	0.007030535156187595	0.02336635396209014
69.59451097225326	0.5035672138389528	0.007030590710665775	0.02336635396209014
69.83147916585054	0.5052332463825981	0.007030646442508159	0.02336635396209014
70.06844735944782	0.5068992921583539	0.007030702351719895	0.02336635396209014
70.3054155530451	0.5085653512083195	0.0070307584383061264	0.02336635396209014
70.54238374664239	0.5102314235745937	0.007030814702272001	0.02336635396209014
70.77935194023965	0.5118975092992755	0.0070308711436226625	0.02336635396209014
71.01632013383693	0.5135636084244639	0.007030927762363258	0.02336635396209014
71.25328832743422	0.5152297209922581	0.0070309845584989325	0.02336635396209014
71.4902565210315	0.5168958470447568	0.007031041532034832	0.02336635396209014
71.72722471462878	0.5185619866240592	0.007031098682976101	0.02336635396209014
71.96419290822605	0.5202281397722642	0.007031156011327887	0.02336635396209014
72.20116110182335	0.5218943065314708	0.007031213517095334	0.02336635396209014
72.43812929542061	0.523560486943778	0.00703127120028359	0.02336635396209014
72.67509748901789	0.5252266810512849	0.0070313290608977974	0.02336635396209014
72.91206568261518	0.5268928888960904	0.007031387098943104	0.02336635396209014
73.14903387621246	0.5285591105202938	0.007031445314424655	0.02336635396209014
73.38600206980973	0.5302253459659936	0.007031503707347596	0.02336635396209014
73.62297026340703	0.5318915952752891	0.007031562277717073	0.02336635396209014
73.8599384570043	0.5335578584902791	0.007031621025538231	0.02336635396209014
74.09690665060158	0.5352241356530629	0.0070316799508162164	0.02336635396209014
74.33387484419886	0.5368904268057393	0.007031739053556174	0.02336635396209014
74.57084303779614	0.5385567319904073	0.00703179833376325	0.02336635396209014
74.80781123139342	0.5402230512491659	0.007031857791442591	0.02336635396209014
75.0447794249907	0.5418893846241143	0.00703191742659934	0.02336635396209014
75.28174761858799	0.5435557321573512	0.007031977239238645	0.02336635396209014
75.51871581218526	0.5452220938909758	0.007032037229365652	0.02336635396209014
75.75568400578254	0.5468884698670871	0.0070320973969855045	0.02336635396209014
75.99265219937982	0.5485548601277841	0.00703215774210335	0.02336635396209014
76.2296203929771	0.5502212647151654	0.0070322182647243325	0.02336635396209014
76.46658858657437	0.5518876836713307	0.007032278964853599	0.02336635396209014
76.70355678017165	0.5535541170383784	0.007032339842496295	0.02336635396209014
76.94052497376894	0.555220564858408	0.007032400897657566	0.02336635396209014
77.17749316736622	0.556887027173518	0.007032462130342557	0.02336635396209014
77.4144613609635	0.5585535040258078	0.0070325235405564145	0.02336635396209014
77.65142955456078	0.5602199954573763	0.007032585128304284	0.02336635396209014
77.88839774815807	0.5618865015103224	0.007032646893591311	0.02336635396209014
78.12536594175535	0.5635530222267451	0.007032708836422642	0.02336635396209014
78.36233413535261	0.5652195576487433	0.007032770956803421	0.02336635396209014
78.5993023289499	0.5668861078184162	0.007032833254738795	0.02336635396209014
78.83627052254718	0.5685526727778629	0.007032895730233908	0.02336635396209014
79.07323871614446	0.5702192525691823	0.007032958383293908	0.02336635396209014
79.31020690974175	0.5718858472344732	0.007033021213923939	0.02336635396209014
79.54717510333903	0.5735524568158348	0.007033084222129148	0.02336635396209014
79.7841432969363	0.5752190813553661	0.007033147407914679	0.02336635396209014
80.02111149053357	0.5768857208951659	0.007033210771285678	0.02336635396209014
80.25807968413086	0.5785523754773334	0.007033274312247292	0.02336635396209014
80.49504787772814	0.5802190451439676	0.007033338030804665	0.02336635396209014
80.73201607132542	0.5818857299371676	0.007033401926962945	0.02336635396209014
80.96898426492271	0.583552429899032	0.0070334660007272745	0.02336635396209014
81.20595245851999	0.5852191450716602	0.007033530252102802	0.02336635396209014
81.44292065211727	0.586885875497151	0.007033594681094671	0.02336635396209014
81.67988884571454	0.5885526212176034	0.007033659287708029	0.02336635396209014
81.91685703931184	0.5902193822751166	0.0070337240719480195	0.02336635396209014
82.1538252329091	0.5918861587117893	0.00703378903381979	0.02336635396209014
82.39079342650638	0.5935529505697207	0.007033854173328486	0.02336635396209014
82.62776162010367	0.5952197578910099	0.007033919490479252	0.02336635396209014
82.86472981370095	0.5968865807177555	0.007033984985277235	0.02336635396209014
83.10169800729822	0.598553419092057	0.00703405065772758	0.02336635396209014
83.3386662008955	0.600220273056013	0.0070341165078354325	0.02336635396209014
83.5756343944928	0.6018871426517227	0.007034182535605938	0.02336635396209014
83.81260258809006	0.6035540279212848	0.007034248741044243	0.02336635396209014
84.04957078168734	0.6052209289067989	0.0070343151241554925	0.02336635396209014
84.28653897528463	0.6068878456503636	0.007034381684944833	0.02336635396209014
84.5235071688819	0.6085547781940779	0.007034448423417408	0.02336635396209014
84.76047536247918	0.6102217265800409	0.007034515339578365	0.02336635396209014
84.99744355607646	0.6118886908503516	0.0070345824334328505	0.02336635396209014
85.23441174967375	0.613555671047109	0.007034649704986008	0.02336635396209014
85.47137994327103	0.6152226672124119	0.007034717154242985	0.02336635396209014
85.70834813686831	0.6168896793883596	0.007034784781208925	0.02336635396209014
85.94531633046559	0.6185567076170508	0.007034852585888976	0.02336635396209014
86.18228452406287	0.6202237519405848	0.007034920568288282	0.02336635396209014
86.41925271766014	0.6218908124010604	0.007034988728411989	0.02336635396209014
86.65622091125744	0.6235578890405766	0.007035057066265244	0.02336635396209014
86.89318910485471	0.6252249819012325	0.00703512558185319	0.02336635396209014
87.13015729845199	0.6268920910251272	0.007035194275180976	0.02336635396209014
87.36712549204927	0.6285592164543595	0.007035263146253745	0.02336635396209014
87.60409368564655	0.6302263582310282	0.007035332195076643	0.02336635396209014
87.84106187924382	0.6318935163972328	0.007035401421654817	0.02336635396209014
88.0780300728411	0.6335606909950721	0.007035470825993412	0.02336635396209014
88.3149982664384	0.635227882066645	0.007035540408097573	0.02336635396209014
88.55196646003567	0.6368950896540506	0.007035610167972446	0.02336635396209014
88.78893465363295	0.6385623137993879	0.007035680105623178	0.02336635396209014
89.02590284723023	0.6402295545447558	0.0070357502210549126	0.02336635396209014
89.26287104082752	0.6418968119322533	0.007035820514272796	0.02336635396209014
89.4998392344248	0.6435640860039797	0.007035890985281975	0.02336635396209014
89.73680742802206	0.6452313768020336	0.007035961634087594	0.02336635396209014
89.97377562161935	0.6468986843685142	0.007036032460694799	0.02336635396209014
90.21074381521663	0.6485660087455205	0.007036103465108736	0.02336635396209014
90.44771200881391	0.6502333499751514	0.007036174647334551	0.02336635396209014
90.68468020241119	0.651900708099506	0.007036246007377389	0.02336635396209014
90.92164839600848	0.6535680831606833	0.007036317545242395	0.02336635396209014
91.15861658960576	0.6552354752007823	0.007036389260934715	0.02336635396209014
91.39558478320302	0.6569028842619016	0.007036461154459496	0.02336635396209014
91.63255297680031	0.6585703103861409	0.007036533225821883	0.02336635396209014
91.86952117039759	0.6602377536155988	0.007036605475027022	0.02336635396209014
92.10648936399487	0.6619052139923745	0.007036677902080056	0.02336635396209014
92.34345755759215	0.6635726915585667	0.007036750506986134	0.02336635396209014
92.58042575118944	0.6652401863562747	0.0070368232897504	0.02336635396209014
92.81739394478672	0.6669076984275973	0.007036896250378	0.02336635396209014
93.054362138384	0.6685752278146335	0.00703696938887408	0.02336635396209014
93.29133033198129	0.6702427745594826	0.0070370427052437855	0.02336635396209014
93.52829852557855	0.6719103387042433	0.007037116199492262	0.02336635396209014
93.76526671917583	0.6735779202910146	0.0070371898716246545	0.02336635396209014
94.00223491277312	0.6752455193618957	0.00703726372164611	0.02336635396209014
94.2392031063704	0.6769131359589853	0.007037337749561773	0.02336635396209014
94.47617129996767	0.6785807701243827	0.00703741195537679	0.02336635396209014
94.71313949356495	0.6802484219001868	0.0070374863390963065	0.02336635396209014
94.95010768716224	0.6819160913284964	0.007037560900725467	0.02336635396209014
95.18707588075951	0.6835837784514106	0.007037635640269419	0.02336635396209014
95.42404407435679	0.6852514833110287	0.0070377105577333066	0.02336635396209014
95.66101226795408	0.6869192059494494	0.007037785653122277	0.02336635396209014
95.89798046155136	0.6885869464087719	0.007037860926441475	0.02336635396209014
96.13494865514863	0.690254704731095	0.007037936377696045	0.02336635396209014
96.37191684874591	0.6919224809585177	0.007038012006891135	0.02336635396209014
96.6088850423432	0.6935902751331392	0.007038087814031889	0.02336635396209014
96.84585323594048	0.6952580872970583	0.007038163799123453	0.02336635396209014
97.08282142953776	0.6969259174923741	0.007038239962170974	0.02336635396209014
97.31978962313504	0.6985937657611856	0.007038316303179595	0.02336635396209014
97.55675781673231	0.7002616321455918	0.007038392822154464	0.02336635396209014
97.79372601032959	0.7019295166876918	0.007038469519100727	0.02336635396209014
98.03069420392687	0.7035974194295842	0.007038546394023527	0.02336635396209014
98.26766239752416	0.7052653404133683	0.007038623446928012	0.02336635396209014
98.50463059112144	0.7069332796811433	0.007038700677819326	0.02336635396209014
98.74159878471872	0.7086012372750079	0.007038778086702616	0.02336635396209014
98.978566978316	0.7102692132370609	0.007038855673583027	0.02336635396209014
99.21553517191327	0.7119372076094018	0.007038933438465705	0.02336635396209014
99.45250336551055	0.7136052204341297	0.007039011381355795	0.02336635396209014
99.68947155910783	0.7152732517533429	0.007039089502258444	0.02336635396209014
99.92643975270512	0.7169413016091408	0.007039167801178796	0.02336635396209014
100.1634079463024	0.7186093700436226	0.007039246278121998	0.02336635396209014
100.40037613989968	0.7202774570988869	0.007039324933093195	0.02336635396209014
100.63734433349697	0.721945562817033	0.007039403766097532	0.02336635396209014
100.87431252709425	0.7236136872401597	0.007039482777140157	0.02336635396209014
101.11128072069151	0.7252818304103662	0.0070395619662262125	0.02336635396209014
101.3482489142888	0.7269499923697514	0.007039641333360846	0.02336635396209014
101.58521710788608	0.7286181731604141	0.007039720878549203	0.02336635396209014
101.82218530148336	0.7302863728244536	0.007039800601796429	0.02336635396209014
102.05915349508064	0.731954591403969	0.00703988050310767	0.02336635396209014
102.29612168867793	0.7336228289410587	0.007039960582488072	0.02336635396209014
102.5330898822752	0.7352910854778223	0.007040040839942779	0.02336635396209014
102.77005807587247	0.7369593610563584	0.007040121275476938	0.02336635396209014
103.00702626946976	0.7386276557187663	0.007040201889095695	0.02336635396209014
103.24399446306704	0.7402959695071449	0.0070402826808041935	0.02336635396209014
103.48096265666432	0.7419643024635934	0.007040363650607582	0.02336635396209014
103.7179308502616	0.7436326546302102	0.007040444798511005	0.02336635396209014
103.95489904385889	0.7453010260490949	0.0070405261245196065	0.02336635396209014
104.19186723745617	0.7469694167623464	0.007040607628638534	0.02336635396209014
104.42883543105344	0.7486378268120636	0.0070406893108729334	0.02336635396209014
104.66580362465074	0.7503062562403452	0.00704077117122795	0.02336635396209014
104.902771818248	0.7519747050892909	0.007040853209708728	0.02336635396209014
105.13974001184528	0.7536431734009991	0.0070409354263204155	0.02336635396209014
105.37670820544255	0.755311661217569	0.007041017821068157	0.02336635396209014
105.61367639903985	0.7569801685810994	0.007041100393957098	0.02336635396209014
105.85064459263712	0.7586486955336896	0.007041183144992383	0.02336635396209014
106.0876127862344	0.7603172421174387	0.00704126607417916	0.02336635396209014
106.3245809798317	0.7619858083744453	0.007041349181522573	0.02336635396209014
106.56154917342896	0.7636543943468085	0.007041432467027768	0.02336635396209014
106.79851736702624	0.7653230000766276	0.007041515930699892	0.02336635396209014
107.03548556062353	0.7669916256060012	0.0070415995725440885	0.02336635396209014
107.2724537542208	0.7686602709770287	0.007041683392565505	0.02336635396209014
107.50942194781808	0.7703289362318089	0.007041767390769286	0.02336635396209014
107.74639014141536	0.7719976214124407	0.007041851567160577	0.02336635396209014
107.98335833501265	0.7736663265610233	0.007041935921744525	0.02336635396209014
108.22032652860993	0.7753350517196554	0.007042020454526275	0.02336635396209014
108.45729472220721	0.7770037969304364	0.007042105165510971	0.02336635396209014
108.69426291580449	0.778672562235465	0.007042190054703762	0.02336635396209014
108.93123110940176	0.7803413476768404	0.00704227512210979	0.02336635396209014
109.16819930299904	0.7820101532966615	0.0070423603677342034	0.02336635396209014
109.40516749659632	0.7836789791370272	0.007042445791582147	0.02336635396209014
109.64213569019361	0.7853478252400365	0.0070425313936587665	0.02336635396209014
109.87910388379089	0.7870166916477888	0.007042617173969207	0.02336635396209014
110.11607207738817	0.7886855784023825	0.007042703132518615	0.02336635396209014
110.35304027098545	0.790354485545917	0.007042789269312135	0.02336635396209014
110.59000846458272	0.7920234131204913	0.007042875584354914	0.02336635396209014
110.82697665818	0.7936923611682042	0.007042962077652097	0.02336635396209014
111.06394485177728	0.7953613297311549	0.00704304874920883	0.02336635396209014
111.30091304537457	0.7970303188514422	0.0070431355990302575	0.02336635396209014
111.53788123897185	0.7986993285711653	0.007043222627121527	0.02336635396209014
111.77484943256913	0.8003683589324231	0.0070433098334877825	0.02336635396209014
112.01181762616642	0.8020374099773145	0.007043397218134171	0.02336635396209014
112.2487858197637	0.8037064817479388	0.007043484781065837	0.02336635396209014
112.48575401336096	0.8053755742863946	0.007043572522287927	0.02336635396209014
112.72272220695824	0.8070446876347812	0.007043660441805586	0.02336635396209014
112.95969040055553	0.8087138218351976	0.007043748539623961	0.02336635396209014
113.19665859415281	0.8103829769297426	0.007043836815748195	0.02336635396209014
113.43362678775009	0.8120521529605151	0.007043925270183437	0.02336635396209014
113.67059498134738	0.8137213499696148	0.007044013902934829	0.02336635396209014
113.90756317494466	0.8153905679991399	0.007044102714007521	0.02336635396209014
114.14453136854192	0.8170598070911895	0.007044191703406654	0.02336635396209014
114.38149956213921	0.818729067287863	0.0070442808711373775	0.02336635396209014
114.61846775573649	0.8203983486312594	0.007044370217204835	0.02336635396209014
114.85543594933377	0.8220676511634774	0.007044459741614173	0.02336635396209014
115.09240414293104	0.823736974926616	0.007044549444370537	0.02336635396209014
115.32937233652834	0.8254063199627745	0.007044639325479072	0.02336635396209014
115.56634053012561	0.8270756863140516	0.0070447293849449245	0.02336635396209014
115.80330872372289	0.8287450740225463	0.00704481962277324	0.02336635396209014
116.04027691732017	0.8304144831303579	0.007044910038969164	0.02336635396209014
116.27724511091745	0.8320839136795852	0.007045000633537842	0.02336635396209014
116.51421330451473	0.833753365712327	0.007045091406484421	0.02336635396209014
116.751181498112	0.8354228392706828	0.0070451823578140445	0.02336635396209014
116.9881496917093	0.8370923343967512	0.007045273487531859	0.02336635396209014
117.22511788530657	0.8387618511326314	0.007045364795643011	0.02336635396209014
117.46208607890385	0.8404313895204222	0.007045456282152644	0.02336635396209014
117.69905427250114	0.8421009496022227	0.0070455479470659076	0.02336635396209014
117.93602246609841	0.8437705314201318	0.007045639790387944	0.02336635396209014
118.17299065969569	0.8454401350162487	0.007045731812123899	0.02336635396209014
118.40995885329296	0.8471097604326725	0.00704582401227892	0.02336635396209014
118.64692704689026	0.848779407711502	0.0070459163908581516	0.02336635396209014
118.88389524048753	0.850449076894836	0.007046008947866739	0.02336635396209014
119.12086343408481	0.8521187680247739	0.00704610168330983	0.02336635396209014
119.3578316276821	0.8537884811434144	0.0070461945971925675	0.02336635396209014
119.59479982127938	0.8554582162928567	0.007046287689520099	0.02336635396209014
119.83176801487666	0.8571279735151996	0.007046380960297569	0.02336635396209014
120.06873620847394	0.8587977528525425	0.007046474409530124	0.02336635396209014
120.30570440207123	0.860467554346984	0.00704656803722291	0.02336635396209014
120.5426725956685	0.862137378040623	0.007046661843381072	0.02336635396209014
120.77964078926576	0.8638072239755588	0.0070467558280097545	0.02336635396209014
121.01660898286305	0.8654770921938904	0.007046849991114106	0.02336635396209014
121.25357717646033	0.8671469827377166	0.0070469443326992695	0.02336635396209014
121.4905453700576	0.8688168956491368	0.007047038852770392	0.02336635396209014
121.7275135636549	0.8704868309702496	0.007047133551332618	0.02336635396209014
121.96448175725217	0.872156788743154	0.007047228428391095	0.02336635396209014
122.20144995084945	0.8738267690099492	0.007047323483950968	0.02336635396209014
122.43841814444673	0.8754967718127342	0.007047418718017381	0.02336635396209014
122.67538633804402	0.8771668004593284	0.007047514146511421	0.02336635396209014
122.9123545316413	0.8788368522948646	0.0070476097562451835	0.02336635396209014
123.14932272523858	0.8805069267369251	0.007047705544175787	0.02336635396209014
123.38629091883585	0.8821770238283245	0.007047801510311761	0.02336635396209014
123.62325911243315	0.8838471436118779	0.007047897654661633	0.02336635396209014
123.86022730603042	0.8855172861303997	0.00704799397723393	0.02336635396209014
124.0971954996277	0.887187451426705	0.00704809047803718	0.02336635396209014
124.334163693225	0.8888576395436084	0.007048187157079912	0.02336635396209014
124.57113188682227	0.8905278505239246	0.007048284014370652	0.02336635396209014
124.80810008041952	0.8921980844104683	0.007048381049917929	0.02336635396209014
125.04506827401681	0.8938683412460546	0.0070484782637302715	0.02336635396209014
125.28203646761409	0.8955386210734982	0.007048575655816206	0.02336635396209014
125.51900466121137	0.8972089239356137	0.007048673226184261	0.02336635396209014
125.75597285480865	0.898879249875216	0.0070487709748429635	0.02336635396209014
125.99294104840594	0.9005495989351197	0.007048868901800842	0.02336635396209014
126.22990924200322	0.9022199711581397	0.007048967007066425	0.02336635396209014
126.4668774356005	0.9038903665870908	0.007049065290648239	0.02336635396209014
126.70384562919779	0.9055607852647876	0.007049163752554813	0.02336635396209014
126.94081382279506	0.907231227234045	0.007049262392794675	0.02336635396209014
127.17778201639234	0.9089016925376778	0.007049361211376352	0.02336635396209014
127.41475020998962	0.9105721812185007	0.007049460208308371	0.02336635396209014
127.65171840358691	0.9122426933193285	0.007049559383599261	0.02336635396209014
127.88868659718419	0.913913228882976	0.0070496587372575505	0.02336635396209014
128.12565479078148	0.9155837879522578	0.0070497582692917666	0.02336635396209014
128.36262298437873	0.9172543705699887	0.0070498579797104366	0.02336635396209014
128.599591177976	0.9189249767789838	0.007049957868522088	0.02336635396209014
128.8365593715733	0.9205956066220575	0.007050057935735251	0.02336635396209014
129.07352756517056	0.9222662601420247	0.007050158181358451	0.02336635396209014
129.31049575876784	0.9239369373817002	0.007050258605400217	0.02336635396209014
129.54746395236515	0.9256076383838988	0.007050359207869076	0.02336635396209014
129.78443214596243	0.9272783631914352	0.007050459988773557	0.02336635396209014
130.0214003395597	0.9289491118471241	0.0070505609481221875	0.02336635396209014
130.25836853315698	0.9306198843937805	0.007050662085923494	0.02336635396209014
130.49533672675426	0.9322906808742188	0.0070507634021860065	0.02336635396209014
130.73230492035154	0.9339615013312542	0.007050864896918251	0.02336635396209014
130.96927311394882	0.9356323458077012	0.007050966570128756	0.02336635396209014
131.20624130754612	0.9373032143463745	0.00705106842182605	0.02336635396209014
131.4432095011434	0.9389741069900891	0.00705117045201866	0.02336635396209014
131.68017769474068	0.9406450237816596	0.0070512726607151145	0.02336635396209014
131.91714588833796	0.9423159647639009	0.00705137504792394	0.02336635396209014
132.15411408193523	0.9439869299796276	0.0070514776136536665	0.02336635396209014
132.39108227553248	0.9456579194716545	0.00705158035791282	0.02336635396209014
132.62805046912976	0.9473289332827965	0.007051683280709929	0.02336635396209014
132.86501866272707	0.9489999714558683	0.007051786382053521	0.02336635396209014
133.10198685632434	0.9506710340336848	0.007051889661952124	0.02336635396209014
133.33895504992162	0.9523421210590606	0.0070519931204142666	0.02336635396209014
133.5759232435189	0.9540132325748105	0.007052096757448475	0.02336635396209014
133.81289143711618	0.9556843686237493	0.007052200573063279	0.02336635396209014
134.04985963071346	0.9573555292486917	0.007052304567267205	0.02336635396209014
134.28682782431073	0.9590267144924526	0.007052408740068781	0.02336635396209014
134.52379601790804	0.9606979243978466	0.007052513091476535	0.02336635396209014
134.76076421150532	0.9623691590076886	0.007052617621498996	0.02336635396209014
134.9977324051026	0.9640404183647934	0.00705272233014469	0.02336635396209014
135.23470059869987	0.9657117025119756	0.0070528272174221465	0.02336635396209014
135.47166879229715	0.9673830114920501	0.007052932283339892	0.02336635396209014
135.70863698589443	0.9690543453478316	0.0070530375279064545	0.02336635396209014
135.94560517949168	0.9707257041221348	0.007053142951130362	0.02336635396209014
136.18257337308899	0.9723970878577747	0.007053248553020143	0.02336635396209014
136.41954156668626	0.9740684965975659	0.007053354333584325	0.02336635396209014
136.65650976028354	0.9757399303843233	0.007053460292831435	0.02336635396209014
136.89347795388082	0.9774113892608616	0.007053566430770002	0.02336635396209014
137.1304461474781	0.9790828732699954	0.007053672747408553	0.02336635396209014
137.36741434107537	0.9807543824545397	0.007053779242755616	0.02336635396209014
137.60438253467265	0.9824259168573092	0.007053885916819719	0.02336635396209014
137.84135072826996	0.9840974765211187	0.007053992769609391	0.02336635396209014
138.07831892186724	0.9857690614887828	0.0070540998011331575	0.02336635396209014
138.3152871154645	0.9874406718031165	0.007054207011399548	0.02336635396209014
138.5522553090618	0.9891123075069345	0.00705431440041709	0.02336635396209014
138.78922350265907	0.9907839686430514	0.007054421968194311	0.02336635396209014
139.02619169625635	0.9924556552542821	0.007054529714739739	0.02336635396209014
139.26315988985363	0.9941273673834415	0.007054637640061902	0.02336635396209014
139.50012808345093	0.9957991050733442	0.007054745744169327	0.02336635396209014
139.7370962770482	0.997470868366805	0.007054854027070543	0.02336635396209014
139.97406447064546	0.9991426573066384	0.007054962488774078	0.02336635396209014
140.21103266424274	1.0008144719356598	0.007055071129288459	0.02336635396209014
140.44800085784001	1.0024863122966834	0.007055179948622213	0.02336635396209014
140.6849690514373	1.0041581784325244	0.00705528894678387	0.02336635396209014
140.9219372450346	1.0058300703859973	0.007055398123781956	0.02336635396209014
141.15890543863188	1.007501988199917	0.007055507479625	0.02336635396209014
141.39587363222915	1.009173931917098	0.007055617014321529	0.02336635396209014
141.63284182582643	1.0108459015803553	0.007055726727880072	0.02336635396209014
141.8698100194237	1.0125178972325037	0.007055836620309156	0.02336635396209014
142.106778213021	1.014189918916358	0.007055946691617308	0.02336635396209014
142.34374640661827	1.0158619666747326	0.007056056941813057	0.02336635396209014
142.58071460021557	1.0175340405504427	0.007056167370904931	0.02336635396209014
142.81768279381285	1.0192061405863029	0.007056277978901458	0.02336635396209014
143.05465098741013	1.020878266825128	0.007056388765811164	0.02336635396209014
143.2916191810074	1.0225504193097326	0.007056499731642579	0.02336635396209014
143.52858737460465	1.0242225980829316	0.007056610876404229	0.02336635396209014
143.76555556820193	1.02589480318754	0.0070567222001046434	0.02336635396209014
144.0025237617992	1.0275670346663721	0.00705683370275235	0.02336635396209014
144.23949195539652	1.0292392925622431	0.007056945384355875	0.02336635396209014
144.4764601489938	1.0309115769179675	0.007057057244923747	0.02336635396209014
144.71342834259107	1.0325838877763602	0.007057169284464496	0.02336635396209014
144.95039653618835	1.034256225180236	0.007057281502986647	0.02336635396209014
145.18736472978563	1.0359285891724097	0.007057393900498728	0.02336635396209014
145.4243329233829	1.0376009797956958	0.007057506477009268	0.02336635396209014
145.66130111698018	1.0392733970929093	0.007057619232526794	0.02336635396209014
145.8982693105775	1.0409458411068648	0.007057732167059835	0.02336635396209014
146.13523750417477	1.0426183118803773	0.007057845280616919	0.02336635396209014
146.37220569777205	1.0442908094562613	0.007057958573206571	0.02336635396209014
146.60917389136932	1.0459633338773318	0.0070580720448373225	0.02336635396209014
146.8461420849666	1.0476358851864034	0.007058185695517699	0.02336635396209014
147.08311027856388	1.049308463426291	0.007058299525256229	0.02336635396209014
147.32007847216116	1.0509810686398096	0.0070584135340614395	0.02336635396209014
147.55704666575843	1.0526537008697732	0.007058527721941861	0.02336635396209014
147.7940148593557	1.0543263601589972	0.0070586420889060175	0.02336635396209014
148.030983052953	1.0559990465502964	0.00705875663496244	0.02336635396209014
148.26795124655027	1.0576717600864853	0.007058871360119655	0.02336635396209014
148.50491944014755	1.0593445008103788	0.007058986264386191	0.02336635396209014
148.74188763374482	1.0610172687647914	0.007059101347770574	0.02336635396209014
148.9788558273421	1.0626900639925383	0.007059216610281334	0.02336635396209014
149.2158240209394	1.064362886536434	0.007059332051926998	0.02336635396209014
149.4527922145367	1.0660357364392936	0.007059447672716094	0.02336635396209014
149.68976040813396	1.0677086137439313	0.007059563472657149	0.02336635396209014
149.92672860173124	1.0693815184931625	0.007059679451758692	0.02336635396209014
150.16369679532852	1.0710544507298014	0.007059795610029251	0.02336635396209014
150.4006649889258	1.072727410496663	0.007059911947477352	0.02336635396209014
150.63763318252307	1.0744003978365622	0.007060028464111525	0.02336635396209014
150.87460137612038	1.0760734127923137	0.0070601451599402966	0.02336635396209014
151.11156956971763	1.077746455406732	0.007060262034972195	0.02336635396209014
151.3485377633149	1.0794195257226322	0.007060379089215747	0.02336635396209014
151.5855059569122	1.0810926237828289	0.007060496322679482	0.02336635396209014
151.82247415050946	1.082765749630137	0.007060613735371928	0.02336635396209014
152.05944234410674	1.0844389033073714	0.007060731327301611	0.02336635396209014
152.29641053770402	1.0861120848573464	0.007060849098477061	0.02336635396209014
152.53337873130133	1.0877852943228772	0.0070609670489068035	0.02336635396209014
152.7703469248986	1.0894585317467784	0.007061085178599368	0.02336635396209014
153.00731511849588	1.0911317971718646	0.0070612034875632826	0.02336635396209014
153.24428331209316	1.092805090640951	0.007061321975807074	0.02336635396209014
153.48125150569044	1.0944784121968518	0.0070614406433392694	0.02336635396209014
153.71821969928772	1.0961517618823824	0.007061559490168399	0.02336635396209014
153.955187892885	1.0978251397403571	0.007061678516302989	0.02336635396209014
154.1921560864823	1.0994985458135909	0.007061797721751567	0.02336635396209014
154.42912428007958	1.1011719801448985	0.007061917106522662	0.02336635396209014
154.66609247367685	1.1028454427770944	0.007062036670624802	0.02336635396209014
154.90306066727413	1.104518933752994	0.007062156414066513	0.02336635396209014
155.14002886087138	1.1061924531154113	0.007062276336856324	0.02336635396209014
155.37699705446866	1.1078660009071617	0.007062396439002763	0.02336635396209014
155.61396524806597	1.1095395771710597	0.007062516720514358	0.02336635396209014
155.85093344166324	1.11121318194992	0.007062637181399636	0.02336635396209014
156.08790163526052	1.1128868152865576	0.007062757821667125	0.02336635396209014
156.3248698288578	1.1145604772237871	0.007062878641325354	0.02336635396209014
156.56183802245508	1.1162341678044234	0.0070629996403828495	0.02336635396209014
156.79880621605236	1.1179078870712813	0.0070631208188481395	0.02336635396209014
157.03577440964963	1.1195816350671752	0.007063242176729753	0.02336635396209014
157.27274260324694	1.1212554118349203	0.007063363714036216	0.02336635396209014
157.50971079684422	1.122929217417331	0.007063485430776058	0.02336635396209014
157.7466789904415	1.1246030518572225	0.007063607326957806	0.02336635396209014
157.98364718403877	1.126276915197409	0.007063729402589988	0.02336635396209014
158.22061537763605	1.1279508074807059	0.007063851657681131	0.02336635396209014
158.45758357123333	1.1296247287499275	0.007063974092239764	0.02336635396209014
158.69455176483058	1.1312986790478887	0.007064096706274415	0.02336635396209014
158.93151995842788	1.1329726584174045	0.007064219499793611	0.02336635396209014
159.16848815202516	1.1346466669012891	0.00706434247280588	0.02336635396209014
159.40545634562244	1.136320704542358	0.007064465625319751	0.02336635396209014
159.64242453921972	1.1379947713834255	0.0070645889573437495	0.02336635396209014
159.879392732817	1.1396688674673066	0.007064712468886405	0.02336635396209014
160.11636092641427	1.1413429928368157	0.007064836159956246	0.02336635396209014
160.35332912001155	1.143017147534768	0.007064960030561798	0.02336635396209014
160.59029731360886	1.1446913316039782	0.007065084080711591	0.02336635396209014
160.82726550720614	1.1463655450872607	0.007065208310414152	0.02336635396209014
161.0642337008034	1.1480397880274307	0.007065332719678009	0.02336635396209014
161.3012018944007	1.1497140604673026	0.007065457308511688	0.02336635396209014
161.53817008799797	1.1513883624496914	0.007065582076923721	0.02336635396209014
161.77513828159525	1.153062694017412	0.007065707024922632	0.02336635396209014
162.01210647519252	1.154737055213279	0.00706583215251695	0.02336635396209014
162.24907466878983	1.156411446080107	0.007065957459715204	0.02336635396209014
162.4860428623871	1.158085866660711	0.00706608294652592	0.02336635396209014
162.72301105598436	1.1597603169979056	0.007066208612957627	0.02336635396209014
162.95997924958164	1.1614347971345058	0.007066334459018853	0.02336635396209014
163.1969474431789	1.1631093071133263	0.007066460484718124	0.02336635396209014
163.4339156367762	1.1647838469771818	0.007066586690063971	0.02336635396209014
163.67088383037347	1.166458416768887	0.007066713075064919	0.02336635396209014
163.90785202397078	1.168133016531257	0.007066839639729497	0.02336635396209014
164.14482021756805	1.169807646307106	0.007066966384066233	0.02336635396209014
164.38178841116533	1.1714823061392492	0.007067093308083655	0.02336635396209014
164.6187566047626	1.1731569960705013	0.007067220411790289	0.02336635396209014
164.8557247983599	1.174831716143677	0.007067347695194666	0.02336635396209014
165.09269299195716	1.1765064664015912	0.007067475158305311	0.02336635396209014
165.32966118555444	1.1781812468870585	0.007067602801130753	0.02336635396209014
165.56662937915175	1.1798560576428936	0.00706773062367952	0.02336635396209014
165.80359757274903	1.1815308987119117	0.007067858625960139	0.02336635396209014
166.0405657663463	1.183205770136927	0.0070679868079811395	0.02336635396209014
166.27753395994355	1.1848806719607545	0.007068115169751047	0.02336635396209014
166.51450215354083	1.1865556042262093	0.007068243711278392	0.02336635396209014
166.7514703471381	1.1882305669761055	0.0070683724325717005	0.02336635396209014
166.9884385407354	1.1899055602532587	0.0070685013336395	0.02336635396209014
167.2254067343327	1.191580584100483	0.00706863041449032	0.02336635396209014
167.46237492792997	1.1932556385605935	0.007068759675132687	0.02336635396209014
167.69934312152725	1.1949307236764046	0.007068889115575129	0.02336635396209014
167.93631131512453	1.1966058394907315	0.007069018735826175	0.02336635396209014
168.1732795087218	1.1982809860463888	0.007069148535894351	0.02336635396209014
168.41024770231908	1.1999561633861913	0.0070692785157881865	0.02336635396209014
168.64721589591636	1.2016313715529539	0.007069408675516208	0.02336635396209014
168.88418408951367	1.203306610589491	0.007069539015086944	0.02336635396209014
169.12115228311094	1.2049818805386174	0.007069669534508923	0.02336635396209014
169.35812047670822	1.2066571814431484	0.007069800233790672	0.02336635396209014
169.5950886703055	1.208332513345898	0.007069931112940719	0.02336635396209014
169.83205686390278	1.2100078762896818	0.007070062171967591	0.02336635396209014
170.06902505750006	1.211683270317314	0.007070193410879818	0.02336635396209014
170.30599325109733	1.2133586954716091	0.007070324829685925	0.02336635396209014
170.5429614446946	1.2150341517953827	0.0070704564283944425	0.02336635396209014
170.7799296382919	1.2167096393314492	0.0070705882070138965	0.02336635396209014
171.01689783188917	1.2183851581226233	0.007070720165552816	0.02336635396209014
171.25386602548645	1.2200607082117196	0.007070852304019728	0.02336635396209014
171.49083421908372	1.2217362896415533	0.0070709846224231605	0.02336635396209014
171.727802412681	1.2234119024549388	0.007071117120771642	0.02336635396209014
171.9647706062783	1.225087546694691	0.0070712497990736995	0.02336635396209014
172.20173879987559	1.2267632224036247	0.007071382657337861	0.02336635396209014
172.43870699347286	1.2284389296245548	0.0070715156955726555	0.02336635396209014
172.67567518707014	1.2301146684002957	0.007071648913786609	0.02336635396209014
172.91264338066742	1.2317904387736625	0.00707178231198825	0.02336635396209014
173.1496115742647	1.2334662407874697	0.007071915890186107	0.02336635396209014
173.38657976786197	1.2351420744845323	0.007072049648388708	0.02336635396209014
173.62354796145928	1.2368179399076649	0.007072183586604579	0.02336635396209014
173.86051615505653	1.2384938370996823	0.0070723177048422495	0.02336635396209014
174.0974843486538	1.2401697661033997	0.007072452003110247	0.02336635396209014
174.33445254225109	1.241845726961631	0.007072586481417099	0.02336635396209014
174.57142073584836	1.243521719717192	0.007072721139771334	0.02336635396209014
174.80838892944564	1.2451977444128965	0.007072855978181479	0.02336635396209014
175.04535712304292	1.2468738010915599	0.007072990996656062	0.02336635396209014
175.28232531664023	1.2485498897959966	0.007073126195203612	0.02336635396209014
175.5192935102375	1.2502260105690217	0.007073261573832655	0.02336635396209014
175.75626170383478	1.2519021634534497	0.00707339713255172	0.02336635396209014
175.99322989743206	1.2535783484920957	0.007073532871369335	0.02336635396209014
176.23019809102934	1.255254565727774	0.007073668790294026	0.02336635396209014
176.46716628462661	1.2569308152032999	0.007073804889334324	0.02336635396209014
176.7041344782239	1.2586070969614875	0.007073941168498754	0.02336635396209014
176.9411026718212	1.2602834110451522	0.0070740776277958455	0.02336635396209014
177.17807086541848	1.2619597574971084	0.007074214267234125	0.02336635396209014
177.41503905901575	1.2636361363601711	0.007074351086822122	0.02336635396209014
177.65200725261303	1.265312547677155	0.007074488086568363	0.02336635396209014
177.88897544621028	1.2669889914908745	0.007074625266481376	0.02336635396209014
178.12594363980756	1.268665467844145	0.007074762626569689	0.02336635396209014
178.36291183340484	1.2703419767797808	0.0070749001668418314	0.02336635396209014
178.59988002700214	1.272018518340597	0.007075037887306328	0.02336635396209014
178.83684822059942	1.2736950925694082	0.007075175787971709	0.02336635396209014
179.0738164141967	1.2753716995090292	0.007075313868846501	0.02336635396209014
179.31078460779398	1.2770483392022745	0.007075452129939232	0.02336635396209014
179.54775280139125	1.2787250116919593	0.007075590571258432	0.02336635396209014
179.78472099498853	1.2804017170208983	0.0070757291928126255	0.02336635396209014
180.0216891885858	1.282078455231906	0.007075867994610342	0.02336635396209014
180.25865738218312	1.2837552263677972	0.007076006976660109	0.02336635396209014
180.4956255757804	1.2854320304713869	0.007076146138970454	0.02336635396209014
180.73259376937767	1.2871088675854898	0.007076285481549906	0.02336635396209014
180.96956196297495	1.2887857377529208	0.007076425004406992	0.02336635396209014
181.20653015657223	1.2904626410164943	0.00707656470755024	0.02336635396209014
181.44349835016948	1.292139577419025	0.007076704590988177	0.02336635396209014
181.68046654376678	1.2938165470033283	0.007076844654729333	0.02336635396209014
181.91743473736406	1.2954935498122184	0.007076984898782234	0.02336635396209014
182.15440293096134	1.2971705858885103	0.007077125323155409	0.02336635396209014
182.39137112455862	1.298847655275019	0.007077265927857384	0.02336635396209014
182.6283393181559	1.3005247580145587	0.007077406712896688	0.02336635396209014
182.86530751175317	1.3022018941499447	0.00707754767828185	0.02336635396209014
183.10227570535045	1.3038790637239912	0.007077688824021396	0.02336635396209014
183.33924389894773	1.3055562667795138	0.007077830150123854	0.02336635396209014
183.57621209254503	1.3072335033593265	0.007077971656597753	0.02336635396209014
183.8131802861423	1.3089107735062444	0.00707811334345162	0.02336635396209014
184.0501484797396	1.3105880772630822	0.007078255210693983	0.02336635396209014
184.28711667333687	1.312265414672655	0.0070783972583333705	0.02336635396209014
184.52408486693415	1.3139427857777768	0.007078539486378308	0.02336635396209014
184.76105306053142	1.315620190621263	0.0070786818948373265	0.02336635396209014
184.9980212541287	1.3172976292459282	0.007078824483718952	0.02336635396209014
185.234989447726	1.3189751016945874	0.007078967253031713	0.02336635396209014
185.47195764132326	1.3206526080100547	0.007079110202784137	0.02336635396209014
185.70892583492054	1.3223301482351455	0.0070792533329847515	0.02336635396209014
185.9458940285178	1.3240077224126745	0.007079396643642085	0.02336635396209014
186.1828622221151	1.3256853305854561	0.007079540134764665	0.02336635396209014
186.41983041571237	1.3273629727963054	0.007079683806361019	0.02336635396209014
186.65679860930967	1.3290406490880373	0.007079827658439676	0.02336635396209014
186.89376680290695	1.3307183595034664	0.007079971691009163	0.02336635396209014
187.13073499650423	1.332396104085407	0.0070801159040780074	0.02336635396209014
187.3677031901015	1.3340738828766745	0.007080260297654737	0.02336635396209014
187.6046713836988	1.3357516959200835	0.0070804048717478816	0.02336635396209014
187.84163957729606	1.3374295432584489	0.007080549626365967	0.02336635396209014
188.07860777089334	1.3391074249345851	0.007080694561517522	0.02336635396209014
188.31557596449065	1.340785340991307	0.007080839677211073	0.02336635396209014
188.55254415808793	1.3424632914714296	0.00708098497345515	0.02336635396209014
188.7895123516852	1.3441412764177674	0.007081130450258279	0.02336635396209014
189.02648054528245	1.3458192958731352	0.007081276107628989	0.02336635396209014
189.26344873887973	1.347497349880348	0.007081421945575808	0.02336635396209014
189.500416932477	1.34917543848222	0.007081567964107262	0.02336635396209014
189.7373851260743	1.350853561721567	0.007081714163231881	0.02336635396209014
189.9743533196716	1.352531719641203	0.007081860542958192	0.02336635396209014
190.21132151326887	1.3542099122839428	0.007082007103294722	0.02336635396209014
190.44828970686615	1.3558881396926012	0.0070821538442500005	0.02336635396209014
190.68525790046343	1.3575664019099931	0.007082300765832554	0.02336635396209014
190.9222260940607	1.3592446989789335	0.007082447868050911	0.02336635396209014
191.15919428765798	1.3609230309422367	0.007082595150913599	0.02336635396209014
191.39616248125526	1.3626013978427176	0.007082742614429146	0.02336635396209014
191.63313067485257	1.364279799723191	0.00708289025860608	0.02336635396209014
191.87009886844984	1.365958236626472	0.007083038083452928	0.02336635396209014
192.10706706204712	1.367636708595375	0.007083186088978219	0.02336635396209014
192.3440352556444	1.3693152156727146	0.007083334275190481	0.02336635396209014
192.58100344924168	1.3709937579013058	0.0070834826420982395	0.02336635396209014
192.81797164283896	1.3726723353239636	0.007083631189710025	0.02336635396209014
193.0549398364362	1.3743509479835023	0.007083779918034365	0.02336635396209014
193.2919080300335	1.376029595922737	0.0070839288270797855	0.02336635396209014
193.5288762236308	1.3777082791844824	0.007084077916854815	0.02336635396209014
193.76584441722807	1.3793869978115534	0.007084227187367983	0.02336635396209014
194.00281261082534	1.3810657518467644	0.007084376638627816	0.02336635396209014
194.23978080442262	1.3827445413329307	0.007084526270642842	0.02336635396209014
194.4767489980199	1.3844233663128667	0.007084676083421589	0.02336635396209014
194.71371719161718	1.386102226829387	0.007084826076972584	0.02336635396209014
194.95068538521448	1.3877811229253068	0.0070849762513043564	0.02336635396209014
195.18765357881176	1.3894600546434406	0.007085126606425433	0.02336635396209014
195.42462177240904	1.3911390220266031	0.007085277142344341	0.02336635396209014
195.66158996600632	1.3928180251176094	0.00708542785906961	0.02336635396209014
195.8985581596036	1.3944970639592742	0.0070855787566097665	0.02336635396209014
196.13552635320087	1.396176138594412	0.0070857298349733385	0.02336635396209014
196.37249454679815	1.3978552490658376	0.007085881094168854	0.02336635396209014
196.60946274039543	1.3995343954163657	0.007086032534204841	0.02336635396209014
196.8464309339927	1.4012135776888117	0.007086184155089827	0.02336635396209014
197.08339912758998	1.4028927959259896	0.007086335956832341	0.02336635396209014
197.32036732118726	1.4045720501707146	0.007086487939440909	0.02336635396209014
197.55733551478454	1.4062513404658015	0.00708664010292406	0.02336635396209014
197.79430370838182	1.4079306668540648	0.007086792447290321	0.02336635396209014
198.03127190197912	1.4096100293783196	0.007086944972548221	0.02336635396209014
198.2682400955764	1.4112894280813801	0.007087097678706287	0.02336635396209014
198.50520828917368	1.4129688630060617	0.007087250565773047	0.02336635396209014
198.74217648277096	1.414648334195179	0.007087403633757029	0.02336635396209014
198.97914467636824	1.4163278416915466	0.007087556882666762	0.02336635396209014
199.2161128699655	1.4180073855379791	0.007087710312510771	0.02336635396209014
199.4530810635628	1.419686965777292	0.007087863923297586	0.02336635396209014
199.69004925716007	1.421366582452299	0.007088017715035734	0.02336635396209014
199.92701745075738	1.4230462356058158	0.007088171687733743	0.02336635396209014
200.16398564435465	1.4247259252806566	0.007088325841400141	0.02336635396209014
200.40095383795193	1.4264056515196368	0.007088480176043456	0.02336635396209014
200.63792203154918	1.4280854143655701	0.007088634691672216	0.02336635396209014
200.87489022514646	1.4297652138612724	0.007088789388294947	0.02336635396209014
201.11185841874374	1.431445050049558	0.00708894426592018	0.02336635396209014
201.34882661234104	1.4331249229732415	0.0070890993245564405	0.02336635396209014
201.58579480593832	1.434804832675138	0.0070892545642122565	0.02336635396209014
201.8227629995356	1.4364847791980622	0.0070894099848961565	0.02336635396209014
202.05973119313288	1.4381647625848282	0.007089565586616668	0.02336635396209014
202.29669938673015	1.439844782878252	0.007089721369382319	0.02336635396209014
202.53366758032743	1.4415248401211476	0.007089877333201638	0.02336635396209014
202.7706357739247	1.4432049343563293	0.007090033478083152	0.02336635396209014
203.00760396752202	1.444885065626613	0.007090189804035388	0.02336635396209014
203.2445721611193	1.446565233974813	0.007090346311066875	0.02336635396209014
203.48154035471657	1.4482454394437438	0.007090502999186142	0.02336635396209014
203.71850854831385	1.4499256820762203	0.007090659868401714	0.02336635396209014
203.95547674191113	1.4516059619150572	0.007090816918722122	0.02336635396209014
204.19244493550838	1.4532862790030696	0.00709097415015589	0.02336635396209014
204.42941312910565	1.454966633383072	0.007091131562711549	0.02336635396209014
204.66638132270296	1.4566470250978794	0.007091289156397626	0.02336635396209014
204.90334951630024	1.4583274541903062	0.007091446931222649	0.02336635396209014
205.14031770989752	1.4600079207031675	0.007091604887195145	0.02336635396209014
205.3772859034948	1.4616884246792778	0.007091763024323642	0.02336635396209014
205.61425409709207	1.4633689661614522	0.007091921342616669	0.02336635396209014
205.85122229068935	1.465049545192505	0.007092079842082752	0.02336635396209014
206.08819048428663	1.4667301618152515	0.00709223852273042	0.02336635396209014
206.32515867788393	1.4684108160725062	0.007092397384568201	0.02336635396209014
206.5621268714812	1.4700915080070838	0.0070925564276046234	0.02336635396209014
206.7990950650785	1.4717722376617992	0.007092715651848214	0.02336635396209014
207.03606325867577	1.473453005079467	0.007092875057307499	0.02336635396209014
207.27303145227305	1.4751338103029024	0.00709303464399101	0.02336635396209014
207.50999964587032	1.4768146533749196	0.007093194411907272	0.02336635396209014
207.7469678394676	1.4784955343383337	0.007093354361064814	0.02336635396209014
207.9839360330649	1.4801764532359594	0.007093514491472163	0.02336635396209014
208.22090422666216	1.4818574101106112	0.007093674803137847	0.02336635396209014
208.45787242025943	1.4835384050051044	0.007093835296070395	0.02336635396209014
208.6948406138567	1.4852194379622534	0.007093995970278335	0.02336635396209014
208.931808807454	1.4869005090248733	0.007094156825770193	0.02336635396209014
209.16877700105127	1.4885816182357785	0.007094317862554498	0.02336635396209014
209.40574519464855	1.490262765637784	0.007094479080639777	0.02336635396209014
209.64271338824585	1.4919439512737045	0.007094640480034558	0.02336635396209014
209.87968158184313	1.4936251751863545	0.00709480206074737	0.02336635396209014
210.1166497754404	1.4953064374185492	0.00709496382278674	0.02336635396209014
210.35361796903769	1.4969877380131034	0.007095125766161196	0.02336635396209014
210.59058616263496	1.4986690770128315	0.007095287890879266	0.02336635396209014
210.82755435623224	1.5003504544605484	0.007095450196949476	0.02336635396209014
211.06452254982952	1.502031870399069	0.007095612684380357	0.02336635396209014
211.30149074342683	1.5037133248712076	0.007095775353180435	0.02336635396209014
211.5384589370241	1.5053948179197798	0.007095938203358238	0.02336635396209014
211.77542713062135	1.5070763495875994	0.007096101234922294	0.02336635396209014
212.01239532421863	1.5087579199174819	0.00709626444788113	0.02336635396209014
212.2493635178159	1.5104395289522419	0.007096427842243276	0.02336635396209014
212.4863317114132	1.512121176734694	0.007096591418017258	0.02336635396209014
212.7232999050105	1.5138028633076535	0.007096755175211604	0.02336635396209014
212.96026809860777	1.5154845887139343	0.007096919113834842	0.02336635396209014
213.19723629220505	1.5171663529963517	0.0070970832338955	0.02336635396209014
213.43420448580233	1.5188481561977207	0.007097247535402106	0.02336635396209014
213.6711726793996	1.5205299983608556	0.007097412018363188	0.02336635396209014
213.90814087299688	1.522211879528571	0.0070975766827872724	0.02336635396209014
214.14510906659416	1.5238937997436823	0.0070977415286828886	0.02336635396209014
214.38207726019144	1.525575759049004	0.007097906556058564	0.02336635396209014
214.61904545378874	1.5272577574873507	0.0070980717649228265	0.02336635396209014
214.85601364738602	1.5289397951015373	0.007098237155284204	0.02336635396209014
215.0929818409833	1.5306218719343787	0.007098402727151224	0.02336635396209014
215.32995003458058	1.5323039880286895	0.007098568480532414	0.02336635396209014
215.56691822817785	1.5339861434272846	0.007098734415436303	0.02336635396209014
215.8038864217751	1.535668338172978	0.007098900531871418	0.02336635396209014
216.0408546153724	1.5373505723085858	0.0070990668298462865	0.02336635396209014
216.2778228089697	1.539032845876922	0.007099233309369437	0.02336635396209014
216.51479100256697	1.5407151589208017	0.007099399970449397	0.02336635396209014
216.75175919616424	1.5423975114830393	0.007099566813094696	0.02336635396209014
216.98872738976152	1.5440799036064496	0.0070997338373138584	0.02336635396209014
217.2256955833588	1.5457623353338477	0.007099901043115415	0.02336635396209014
217.46266377695608	1.547444806708048	0.0071000684305078925	0.02336635396209014
217.69963197055338	1.5491273177718654	0.007100235999499819	0.02336635396209014
217.93660016415066	1.5508098685681149	0.007100403750099722	0.02336635396209014
218.17356835774794	1.552492459139611	0.00710057168231613	0.02336635396209014
218.41053655134522	1.5541750895291684	0.00710073979615757	0.02336635396209014
218.6475047449425	1.5558577597796022	0.007100908091632569	0.02336635396209014
218.88447293853977	1.5575404699337267	0.007101076568749657	0.02336635396209014
219.12144113213705	1.5592232200343572	0.007101245227517362	0.02336635396209014
219.35840932573433	1.5609060101243077	0.007101414067944209	0.02336635396209014
219.5953775193316	1.562588840246394	0.007101583090038728	0.02336635396209014
219.83234571292888	1.5642717104434305	0.0071017522938094475	0.02336635396209014
220.06931390652616	1.5659546207582316	0.007101921679264893	0.02336635396209014
220.30628210012344	1.5676375712336124	0.007102091246413594	0.02336635396209014
220.54325029372072	1.5693205619123873	0.007102260995264078	0.02336635396209014
220.780218487318	1.5710035928373713	0.007102430925824872	0.02336635396209014
221.0171866809153	1.5726866640513797	0.007102601038104506	0.02336635396209014
221.25415487451258	1.5743697755972264	0.007102771332111505	0.02336635396209014
221.49112306810986	1.5760529275177264	0.007102941807854399	0.02336635396209014
221.72809126170714	1.577736119855695	0.007103112465341715	0.02336635396209014
221.9650594553044	1.5794193526539462	0.0071032833045819805	0.02336635396209014
222.2020276489017	1.5811026259552954	0.007103454325583724	0.02336635396209014
222.43899584249897	1.582785939802557	0.007103625528355474	0.02336635396209014
222.67596403609627	1.584469294238546	0.007103796912905756	0.02336635396209014
222.91293222969355	1.586152689306077	0.0071039684792431	0.02336635396209014
223.14990042329083	1.5878361250479647	0.007104140227376033	0.02336635396209014
223.38686861688808	1.5895196015070239	0.0071043121573130825	0.02336635396209014
223.62383681048536	1.5912031187260696	0.007104484269062778	0.02336635396209014
223.86080500408264	1.5928866767479164	0.0071046565626336445	0.02336635396209014
224.0977731976799	1.5945702756153795	0.007104829038034212	0.02336635396209014
224.33474139127722	1.596253915371273	0.007105001695273008	0.02336635396209014
224.5717095848745	1.5979375960584115	0.0071051745343585606	0.02336635396209014
224.80867777847178	1.5996213177196106	0.0071053475552993964	0.02336635396209014
225.04564597206905	1.6013050803976845	0.0071055207581040445	0.02336635396209014
225.28261416566633	1.6029888841354487	0.007105694142781032	0.02336635396209014
225.5195823592636	1.604672728975717	0.007105867709338887	0.02336635396209014
225.7565505528609	1.6063566149613044	0.0071060414577861376	0.02336635396209014
225.9935187464582	1.6080405421350261	0.007106215388131311	0.02336635396209014
226.23048694005547	1.6097245105396965	0.007106389500382935	0.02336635396209014
226.46745513365275	1.6114085202181305	0.007106563794549539	0.02336635396209014
226.70442332725003	1.613092571213143	0.007106738270639648	0.02336635396209014
226.94139152084728	1.614776663567548	0.007106912928661793	0.02336635396209014
227.17835971444455	1.6164607973241616	0.0071070877686245	0.02336635396209014
227.41532790804186	1.6181449725257977	0.007107262790536297	0.02336635396209014
227.65229610163914	1.6198291892152712	0.007107437994405712	0.02336635396209014
227.88926429523642	1.621513447435397	0.007107613380241272	0.02336635396209014
228.1262324888337	1.6231977472289896	0.0071077889480515065	0.02336635396209014
228.36320068243097	1.624882088638864	0.007107964697844943	0.02336635396209014
228.60016887602825	1.626566471707835	0.007108140629630108	0.02336635396209014
228.83713706962553	1.628250896478717	0.0071083167434155305	0.02336635396209014
229.07410526322283	1.6299353629943254	0.007108493039209738	0.02336635396209014
229.3110734568201	1.6316198712974743	0.007108669517021258	0.02336635396209014
229.5480416504174	1.6333044214309793	0.007108846176858619	0.02336635396209014
229.78500984401467	1.6349890134376541	0.007109023018730349	0.02336635396209014
230.02197803761194	1.6366736473603143	0.007109200042644975	0.02336635396209014
230.25894623120922	1.6383583232417744	0.007109377248611025	0.02336635396209014
230.4959144248065	1.6400430411248488	0.0071095546366370275	0.02336635396209014
230.73288261840378	1.6417278010523533	0.007109732206731509	0.02336635396209014
230.96985081200106	1.6434126030671012	0.007109909958902999	0.02336635396209014
231.20681900559833	1.6450974472119086	0.007110087893160024	0.02336635396209014
231.4437871991956	1.6467823335295895	0.007110266009511114	0.02336635396209014
231.6807553927929	1.648467262062959	0.007110444307964794	0.02336635396209014
231.91772358639017	1.650152232854832	0.007110622788529593	0.02336635396209014
232.15469177998744	1.6518372459480228	0.007110801451214038	0.02336635396209014
232.39165997358475	1.6535223013853466	0.007110980296026659	0.02336635396209014
232.62862816718203	1.6552073992096177	0.0071111593229759825	0.02336635396209014
232.8655963607793	1.6568925394636511	0.007111338532070536	0.02336635396209014
233.10256455437658	1.658577722190262	0.007111517923318848	0.02336635396209014
233.33953274797386	1.6602629474322645	0.007111697496729446	0.02336635396209014
233.57650094157114	1.661948215232474	0.007111877252310858	0.02336635396209014
233.81346913516842	1.6636335256337047	0.007112057190071612	0.02336635396209014
234.05043732876572	1.6653188786787716	0.007112237310020236	0.02336635396209014
234.287405522363	1.6670042744104894	0.007112417612165256	0.02336635396209014
234.52437371596025	1.668689712871673	0.0071125980965152024	0.02336635396209014
234.76134190955753	1.670375194105137	0.007112778763078601	0.02336635396209014
234.9983101031548	1.6720607181536964	0.007112959611863982	0.02336635396209014
235.23527829675209	1.6737462850601657	0.00711314064287987	0.02336635396209014
235.47224649034936	1.6754318948673599	0.007113321856134796	0.02336635396209014
235.70921468394667	1.677117547618094	0.007113503251637286	0.02336635396209014
235.94618287754395	1.678803243355182	0.007113684829395868	0.02336635396209014
236.18315107114122	1.6804889821214393	0.00711386658941907	0.02336635396209014
236.4201192647385	1.6821747639596805	0.00711404853171542	0.02336635396209014
236.65708745833578	1.6838605889127205	0.007114230656293447	0.02336635396209014
236.89405565193306	1.6855464570233736	0.007114412963161677	0.02336635396209014
237.13102384553034	1.6872323683344552	0.007114595452328638	0.02336635396209014
237.36799203912764	1.6889183228887794	0.007114778123802858	0.02336635396209014
237.60496023272492	1.690604320729162	0.007114960977592866	0.02336635396209014
237.8419284263222	1.6922903618984164	0.0071151440137071885	0.02336635396209014
238.07889661991948	1.6939764464393583	0.007115327232154354	0.02336635396209014
