x	chi	dchidx	s0
0.0010145134807735248	0.0	0.036478318101641725	0.036478318101641725
0.014617106437902762	0.0004961904603124588	0.03647640184881649	0.036478318101641725
0.028219699395032	0.000992332172114582	0.03647115057017649	0.036478318101641725
0.041822292352161235	0.0014883797704154684	0.03646256426644881	0.036478318101641725
0.055424885309290475	0.0019842878902278514	0.03645064293764951	0.036478318101641725
0.06902747826641971	0.0024800111665637765	0.03643538658377487	0.036478318101641725
0.08263007122354894	0.0029755042344345537	0.036416795204806215	0.036478318101641725
0.09623266418067818	0.0034707217288507592	0.03639486880070996	0.036478318101641725
0.10983525713780742	0.003965618284822237	0.036369607371437546	0.036478318101641725
0.12343785009493664	0.00446014853735809	0.03634101091692551	0.036478318101641725
0.1370404430520659	0.0049542671214666935	0.036309079437095416	0.036478318101641725
0.15064303600919512	0.0054479286721556865	0.036273812931853916	0.036478318101641725
0.16424562896632436	0.00594108782435731	0.03623521140202529	0.036478318101641725
0.17784822192345362	0.006433699212827929	0.03619327485079435	0.036478318101641725
0.19145081488058283	0.006925717472609366	0.03614800327795541	0.036478318101641725
0.20505340783771206	0.007417097238765493	0.03609939668296401	0.036478318101641725
0.21865600079484132	0.007907793146353944	0.03604745506527972	0.036478318101641725
0.23225859375197055	0.008397759830426118	0.035992178424366104	0.036478318101641725
0.24586118670909976	0.008886951926027169	0.03593356675969077	0.036478318101641725
0.259463779666229	0.009375324068196026	0.03587162007072531	0.036478318101641725
0.27306637262335826	0.009862830891965371	0.03580633835694533	0.036478318101641725
0.2866689655804875	0.010349427032361651	0.035737721617830474	0.036478318101641725
0.3002715585376167	0.010835067124405082	0.035665769852864376	0.036478318101641725
0.31387415149474596	0.011319705803109634	0.03559048306153469	0.036478318101641725
0.3274767444518752	0.011803297703483043	0.03551186124333309	0.036478318101641725
0.3410793374090044	0.012285797460526812	0.03542990439775525	0.036478318101641725
0.3546819303661337	0.012767159709236201	0.03534461252430087	0.036478318101641725
0.36828452332326295	0.013247339084600237	0.03525598562247366	0.036478318101641725
0.3818871162803921	0.013726290221601704	0.035164023691781336	0.036478318101641725
0.3954897092375214	0.014203967755217158	0.03506872673173564	0.036478318101641725
0.40909230219465054	0.014680326320416905	0.0349700947418523	0.036478318101641725
0.4226948951517798	0.015155320552165032	0.034868127721651106	0.036478318101641725
0.43629748810890906	0.01562890508541937	0.034762825670655806	0.036478318101641725
0.4499000810660383	0.016101034555131524	0.034654188588394204	0.036478318101641725
0.4635026740231676	0.016571663596246865	0.0345422164743981	0.036478318101641725
0.4771052669802968	0.017040746843704508	0.034426909328203296	0.036478318101641725
0.490707859937426	0.01750823893243735	0.034308267149349626	0.036478318101641725
0.5043104528945552	0.017974094497372046	0.03418628993738093	0.036478318101641725
0.5179130458516845	0.018438268173429015	0.034060977691845074	0.036478318101641725
0.5315156388088137	0.018900714595522426	0.033932330412293904	0.036478318101641725
0.545118231765943	0.01936138839856023	0.033800348098283306	0.036478318101641725
0.5587208247230723	0.019820244217444126	0.03366503074937318	0.036478318101641725
0.5723234176802013	0.020277236687069586	0.03352637836512743	0.036478318101641725
0.5859260106373306	0.020732320442325834	0.03338439094511398	0.036478318101641725
0.5995286035944599	0.02118545011809587	0.033239068488904754	0.036478318101641725
0.6131311965515891	0.021636580349256453	0.0330904109960757	0.036478318101641725
0.6267337895087184	0.022085665770678088	0.032938418466206786	0.036478318101641725
0.6403363824658477	0.022532661017225068	0.03278309089888198	0.036478318101641725
0.6539389754229769	0.022977520723755435	0.03262442829368926	0.036478318101641725
0.667541568380106	0.023420199525120994	0.032462430650220635	0.036478318101641725
0.6811441613372353	0.023860652056167317	0.03229709796807211	0.036478318101641725
0.6947467542943645	0.02429883295173374	0.032128430246843726	0.036478318101641725
0.7083493472514938	0.024734696846653352	0.0319564274861395	0.036478318101641725
0.7219519402086231	0.025168198375753015	0.031781089685567504	0.036478318101641725
0.7355545331657523	0.025599292173853348	0.03160241684473979	0.036478318101641725
0.7491571261228814	0.02602793287576874	0.031420408963272445	0.036478318101641725
0.7627597190800107	0.026454075116307336	0.03123506604078556	0.036478318101641725
0.77636231203714	0.026877673530271037	0.031046388076903242	0.036478318101641725
0.7899649049942692	0.027298682752455537	0.030854375071253597	0.036478318101641725
0.8035674979513985	0.02771705741765025	0.030659027023468767	0.036478318101641725
0.8171700909085277	0.028132752160638385	0.030460343933184898	0.036478318101641725
0.830772683865657	0.028545721616196902	0.030258325800042146	0.036478318101641725
0.8443752768227861	0.028955920419096514	0.030052972623684678	0.036478318101641725
0.8579778697799155	0.029363303204101732	0.029844284403760687	0.036478318101641725
0.8715804627370446	0.02976782460597078	0.029632261139922365	0.036478318101641725
0.8851830556941738	0.03016943925945569	0.029416902831825922	0.036478318101641725
0.8987856486513032	0.030568101799302225	0.029198209479131584	0.036478318101641725
0.9123882416084323	0.030963766860249924	0.0289761810815036	0.036478318101641725
0.9259908345655616	0.03135638907703209	0.028750817638610197	0.036478318101641725
0.9395934275226908	0.03174592308437579	0.028522119150123662	0.036478318101641725
0.9531960204798201	0.03213232351700186	0.028290085615720252	0.036478318101641725
0.9667986134369493	0.032515545009624856	0.028054717035080282	0.036478318101641725
0.9804012063940785	0.03289554219695316	0.027816013407888036	0.036478318101641725
0.9940037993512078	0.033272269713688886	0.027573974733831837	0.036478318101641725
1.007606392308337	0.03364568219452789	0.02732860101260402	0.036478318101641725
1.0212089852654662	0.03401573427415984	0.027079892243900918	0.036478318101641725
1.0348115782225955	0.03438238058726812	0.026827848427422897	0.036478318101641725
1.0484141711797246	0.03474557576852989	0.026572469562874325	0.036478318101641725
1.0620167641368539	0.03510527445261611	0.026313755649963584	0.036478318101641725
1.0756193570939832	0.035461431274191456	0.026051706688403065	0.036478318101641725
1.0892219500511124	0.03581400086791438	0.025786322677909188	0.036478318101641725
1.1028245430082417	0.03616293786843709	0.025517603618202375	0.036478318101641725
1.116427135965371	0.03650819691040557	0.02524554950900705	0.036478318101641725
1.1300297289225	0.036849732628459586	0.02497016035005168	0.036478318101641725
1.1436323218796294	0.037187499657232614	0.024691436141068723	0.036478318101641725
1.1572349148367587	0.03752145263135195	0.02440937688179464	0.036478318101641725
1.1708375077938877	0.03785154618543861	0.024123982571969932	0.036478318101641725
1.184440100751017	0.03817773495410739	0.023835253211339107	0.036478318101641725
1.1980426937081463	0.038499973571966835	0.02354318879965068	0.036478318101641725
1.2116452866652756	0.03881821667361929	0.02324778933665716	0.036478318101641725
1.225247879622405	0.03913241889366082	0.0229490548221151	0.036478318101641725
1.238850472579534	0.039442534866681284	0.022646985255785082	0.036478318101641725
1.2524530655366632	0.03974851922726428	0.022341580637431628	0.036478318101641725
1.2660556584937925	0.04005032660998719	0.02203284096682335	0.036478318101641725
1.2796582514509218	0.04034791164942113	0.021720766243732835	0.036478318101641725
1.293260844408051	0.04064122898013101	0.021405356467936704	0.036478318101641725
1.3068634373651802	0.040930233236675495	0.021086611639215557	0.036478318101641725
1.3204660303223095	0.041214879053607	0.020764531757354036	0.036478318101641725
1.3340686232794385	0.0414951210654717	0.02043911682214081	0.036478318101641725
1.347671216236568	0.041770913906809565	0.020110366833368507	0.036478318101641725
1.4478750969784258	0.04378605166303655	0.020110383868877986	0.036478318101641725
1.5480789777202835	0.045801191093822406	0.02011040113098429	0.036478318101641725
1.6482828584621414	0.04781633223075655	0.020110418626941285	0.036478318101641725
1.7484867392039989	0.049831475105428374	0.020110436364002844	0.036478318101641725
1.8486906199458568	0.051846619749427315	0.02011045434942283	0.036478318101641725
1.9488945006877143	0.05386176619434276	0.020110472590455116	0.036478318101641725
2.0490983814295722	0.05587691447176415	0.020110491094353568	0.036478318101641725
2.14930226217143	0.05789206461328087	0.02011050986837205	0.036478318101641725
2.249506142913288	0.05990721665048234	0.020110528919764437	0.036478318101641725
2.349710023655146	0.06192237061495798	0.020110548255784594	0.036478318101641725
2.4499139043970035	0.06393752653829718	0.020110567883686387	0.036478318101641725
2.550117785138861	0.06595268445208935	0.02011058781072369	0.036478318101641725
2.650321665880719	0.06796784438792394	0.020110608044150362	0.036478318101641725
2.7505255466225766	0.06998300637739033	0.020110628591220283	0.036478318101641725
2.850729427364435	0.07199817045207793	0.02011064945918731	0.036478318101641725
2.9509333081062925	0.07401333664357618	0.020110670655305318	0.036478318101641725
3.05113718884815	0.07602850498347445	0.020110692186828174	0.036478318101641725
3.1513410695900075	0.07804367550336216	0.020110714061009744	0.036478318101641725
3.2515449503318656	0.08005884823482876	0.0201107362851039	0.036478318101641725
3.3517488310737233	0.08207402320946361	0.020110758866364504	0.036478318101641725
3.451952711815581	0.08408920045885616	0.02011078181204543	0.036478318101641725
3.552156592557439	0.0861043800145958	0.020110805129400545	0.036478318101641725
3.652360473299297	0.08811956247969681	0.020110828362098005	0.036478318101641725
3.752564354041154	0.09013474728786043	0.0201108519759525	0.036478318101641725
3.852768234783012	0.09214993445711313	0.02011087598870689	0.036478318101641725
3.95297211552487	0.09416512402790568	0.020110900400399027	0.036478318101641725
4.053175996266728	0.09618031604068886	0.02011092521106677	0.036478318101641725
4.153379877008586	0.09819551053591345	0.020110950420747963	0.036478318101641725
4.253583757750444	0.10021070755403023	0.02011097602948046	0.036478318101641725
4.353787638492301	0.10222590713548999	0.020111002037302112	0.036478318101641725
4.453991519234159	0.10424110932074349	0.020111028444250775	0.036478318101641725
4.554195399976017	0.10625631415024155	0.020111055250364294	0.036478318101641725
4.6543992807178745	0.1082715216644349	0.02011108245568053	0.036478318101641725
4.754603161459732	0.11028673190377439	0.020111110060237324	0.036478318101641725
4.85480704220159	0.11230194490871075	0.020111138064072536	0.036478318101641725
4.955010922943448	0.11431716071969475	0.020111166467224016	0.036478318101641725
5.055214803685305	0.11633237937717722	0.020111195269729612	0.036478318101641725
5.155418684427163	0.11834760092160891	0.02011122447162718	0.036478318101641725
5.255622565169021	0.12036282539344062	0.02011125407295457	0.036478318101641725
5.355826445910879	0.1223780528331231	0.020111284073749635	0.036478318101641725
5.456030326652737	0.12439328328110717	0.020111314474050224	0.036478318101641725
5.556234207394594	0.1264085167778436	0.020111345273894195	0.036478318101641725
5.6564380881364515	0.12842375336378314	0.02011137647331939	0.036478318101641725
5.75664196887831	0.13043899307937662	0.02011140807236367	0.036478318101641725
5.856845849620168	0.1324542359650748	0.020111440071064884	0.036478318101641725
5.957049730362026	0.13446948206132847	0.02011147246946088	0.036478318101641725
6.057253611103883	0.13648473140858836	0.020111505267589515	0.036478318101641725
6.157457491845741	0.13849998404730535	0.020111538465488635	0.036478318101641725
6.257661372587599	0.14051524001793012	0.0201115720631961	0.036478318101641725
6.357865253329457	0.14253049936091355	0.020111606060749757	0.036478318101641725
6.458069134071314	0.1445457621167063	0.020111640458187453	0.036478318101641725
6.558273014813173	0.1465610283257593	0.020111675255547048	0.036478318101641725
6.65847689555503	0.1485762980285232	0.02011171045286639	0.036478318101641725
6.758680776296889	0.15059157126544886	0.020111746050183333	0.036478318101641725
6.858884657038746	0.15260684807698705	0.020111782047535727	0.036478318101641725
6.959088537780603	0.15462212850358847	0.020111818444961422	0.036478318101641725
7.059292418522461	0.15663741258570402	0.020111855242498273	0.036478318101641725
7.159496299264319	0.15865270036378445	0.020111892440184128	0.036478318101641725
7.259700180006178	0.1606679918782805	0.020111930038056842	0.036478318101641725
7.359904060748034	0.16268328716964298	0.020111968036154268	0.036478318101641725
7.460107941489892	0.16469858627832265	0.020112006434514256	0.036478318101641725
7.560311822231751	0.16671388924477032	0.02011204523317466	0.036478318101641725
7.6605157029736075	0.16872919610943676	0.020112084432173324	0.036478318101641725
7.760719583715466	0.17074450691277276	0.020112124031548106	0.036478318101641725
7.860923464457323	0.1727598216952291	0.020112164031336862	0.036478318101641725
7.9611273451991815	0.17477514049725656	0.020112204431577435	0.036478318101641725
8.06133122594104	0.17679046335930593	0.02011224523230768	0.036478318101641725
8.161535106682898	0.17880579032182797	0.020112286433565454	0.036478318101641725
8.261738987424755	0.18082112142527343	0.0201123280353886	0.036478318101641725
8.361942868166613	0.18283645671009316	0.020112370037814974	0.036478318101641725
8.46214674890847	0.18485179621673792	0.02011241244088243	0.036478318101641725
8.562350629650327	0.18686713998565846	0.02011245524462882	0.036478318101641725
8.662554510392185	0.18888248805730562	0.02011249844909199	0.036478318101641725
8.762758391134044	0.19089784047213013	0.020112542054309793	0.036478318101641725
8.862962271875903	0.19291319727058281	0.020112586060320087	0.036478318101641725
8.96316615261776	0.1949285584931144	0.02011263046716072	0.036478318101641725
9.063370033359616	0.1969439241801757	0.02011267527486954	0.036478318101641725
9.163573914101475	0.19895929437221754	0.020112720483484406	0.036478318101641725
9.263777794843332	0.2009746691096906	0.020112766093043164	0.036478318101641725
9.36398167558519	0.20299004843304577	0.02011281210358367	0.036478318101641725
9.464185556327047	0.20500543238273375	0.020112858515143776	0.036478318101641725
9.564389437068906	0.20702082099920538	0.020112905327761325	0.036478318101641725
9.664593317810764	0.20903621432291136	0.02011295254147418	0.036478318101641725
9.764797198552621	0.2110516123943026	0.02011300015632019	0.036478318101641725
9.86500107929448	0.21306701525382976	0.0201130481723372	0.036478318101641725
9.965204960036337	0.21508242294194374	0.02011309658956307	0.036478318101641725
10.065408840778195	0.21709783549909512	0.02011314540803565	0.036478318101641725
10.165612721520052	0.21911325296573492	0.020113194627792787	0.036478318101641725
10.26581660226191	0.22112867538231384	0.02011324424887234	0.036478318101641725
10.366020483003767	0.22314410278928254	0.020113294271312154	0.036478318101641725
10.466224363745626	0.22515953522709192	0.02011334469515008	0.036478318101641725
10.566428244487485	0.22717497273619275	0.02011339552042398	0.036478318101641725
10.666632125229341	0.22919041535703577	0.0201134467471717	0.036478318101641725
10.7668360059712	0.2312058631300719	0.02011349837543109	0.036478318101641725
10.867039886713057	0.23322131609575175	0.02011355040524	0.036478318101641725
10.967243767454914	0.2352367742945261	0.020113602836636286	0.036478318101641725
11.067447648196772	0.2372522377668459	0.0201136556696578	0.036478318101641725
11.16765152893863	0.23926770655316182	0.02011370890434239	0.036478318101641725
11.267855409680488	0.24128318069392463	0.020113762540727914	0.036478318101641725
11.368059290422346	0.24329866022958513	0.020113816578852216	0.036478318101641725
11.468263171164205	0.24531414520059408	0.020113871018753154	0.036478318101641725
11.568467051906062	0.24732963564740235	0.02011392586046858	0.036478318101641725
11.668670932647919	0.24934513161046062	0.020113981104036338	0.036478318101641725
11.768874813389777	0.2513606331302197	0.020114036749494288	0.036478318101641725
11.869078694131634	0.25337614024713045	0.02011409279688028	0.036478318101641725
11.969282574873493	0.2553916530016435	0.020114149246232164	0.036478318101641725
12.06948645561535	0.2574071714342097	0.02011420609758779	0.036478318101641725
12.169690336357208	0.25942269558527997	0.020114263350985016	0.036478318101641725
12.269894217099067	0.26143822549530493	0.02011432100646169	0.036478318101641725
12.370098097840923	0.26345376120473535	0.020114379064055662	0.036478318101641725
12.470301978582782	0.2654693027540221	0.020114437523804787	0.036478318101641725
12.570505859324639	0.26748485018361584	0.020114496385746916	0.036478318101641725
12.670709740066497	0.26950040353396754	0.0201145556499199	0.036478318101641725
12.770913620808354	0.2715159628455278	0.02011461531636159	0.036478318101641725
12.871117501550211	0.27353152815874754	0.02011467538510984	0.036478318101641725
12.97132138229207	0.27554709951407746	0.0201147358562025	0.036478318101641725
13.071525263033926	0.27756267695196835	0.020114796729677423	0.036478318101641725
13.171729143775787	0.27957826051287105	0.020114858005572462	0.036478318101641725
13.271933024517644	0.28159385023723627	0.020114919683925463	0.036478318101641725
13.3721369052595	0.2836094461655148	0.020114981764774286	0.036478318101641725
13.472340786001357	0.28562504833815744	0.020115044248156775	0.036478318101641725
13.572544666743214	0.28764065679561496	0.02011510713411079	0.036478318101641725
13.672748547485075	0.28965627157833823	0.020115170422674175	0.036478318101641725
13.772952428226931	0.29167189272677785	0.020115234113884786	0.036478318101641725
13.87315630896879	0.2936875202813848	0.020115298207780474	0.036478318101641725
13.973360189710647	0.29570315428260974	0.020115362704399092	0.036478318101641725
14.073564070452507	0.29771879477090346	0.02011542760377849	0.036478318101641725
14.173767951194364	0.29973444178671677	0.02011549290595652	0.036478318101641725
14.27397183193622	0.3017500953705004	0.020115558610971033	0.036478318101641725
14.374175712678078	0.30376575556270524	0.020115624718859883	0.036478318101641725
14.474379593419938	0.30578142240378203	0.02011569122966092	0.036478318101641725
14.574583474161795	0.3077970959341815	0.020115758143412	0.036478318101641725
14.674787354903652	0.3098127761943544	0.020115825460150966	0.036478318101641725
14.77499123564551	0.3118284632247516	0.02011589317991568	0.036478318101641725
14.875195116387367	0.31384415706582386	0.020115961302743984	0.036478318101641725
14.975398997129227	0.31585985775802194	0.020116029828673738	0.036478318101641725
15.075602877871084	0.3178755653417967	0.020116098757742788	0.036478318101641725
15.175806758612941	0.3198912798575988	0.020116168089988992	0.036478318101641725
15.276010639354798	0.32190700134587913	0.020116237825450193	0.036478318101641725
15.376214520096658	0.3239227298470884	0.020116307964164252	0.036478318101641725
15.476418400838515	0.3259384654016774	0.020116378506169017	0.036478318101641725
15.576622281580372	0.32795420805009695	0.020116449451502337	0.036478318101641725
15.67682616232223	0.32996995783279776	0.020116520800202067	0.036478318101641725
15.777030043064087	0.3319857147902307	0.020116592552306058	0.036478318101641725
15.877233923805948	0.3340014789628465	0.02011666470785216	0.036478318101641725
15.977437804547804	0.336017250391096	0.02011673726687823	0.036478318101641725
16.077641685289663	0.3380330291154299	0.02011681022942212	0.036478318101641725
16.177845566031518	0.3400488151762989	0.020116883595521672	0.036478318101641725
16.278049446773377	0.34206460861415405	0.020116957365214745	0.036478318101641725
16.378253327515235	0.34408040946944596	0.02011703153853919	0.036478318101641725
16.478457208257094	0.34609621778262545	0.02011710611553286	0.036478318101641725
16.57866108899895	0.3481120335941432	0.020117181096233606	0.036478318101641725
16.678864969740808	0.3501278569444501	0.020117256480679278	0.036478318101641725
16.779068850482666	0.35214368787399686	0.020117332268907728	0.036478318101641725
16.879272731224525	0.35415952642323445	0.02011740846095681	0.036478318101641725
16.979476611966383	0.3561753726326134	0.020117485056864375	0.036478318101641725
17.07968049270824	0.3581912265425846	0.020117562056668273	0.036478318101641725
17.179884373450097	0.36020708819359887	0.02011763946040636	0.036478318101641725
17.280088254191956	0.362222957626107	0.02011771726811648	0.036478318101641725
17.380292134933814	0.3642388348805597	0.020117795479836494	0.036478318101641725
17.48049601567567	0.36625471999740766	0.02011787409560425	0.036478318101641725
17.580699896417528	0.36827061301710196	0.0201179531154576	0.036478318101641725
17.680903777159386	0.370286513980093	0.02011803253943439	0.036478318101641725
17.781107657901245	0.3723024229268319	0.020118112367572483	0.036478318101641725
17.8813115386431	0.3743183398977693	0.020118192599909723	0.036478318101641725
17.98151541938496	0.3763342649333559	0.02011827323648396	0.036478318101641725
18.081719300126817	0.3783501980740427	0.020118354277333054	0.036478318101641725
18.181923180868672	0.38036613936028024	0.02011843572249485	0.036478318101641725
18.282127061610534	0.38238208883251945	0.0201185175720072	0.036478318101641725
18.38233094235239	0.3843980465312111	0.020118599825907964	0.036478318101641725
18.482534823094248	0.38641401249680596	0.020118682484234984	0.036478318101641725
18.582738703836103	0.38842998676975476	0.020118765547026116	0.036478318101641725
18.68294258457796	0.3904459693905083	0.02011884901431921	0.036478318101641725
18.78314646531982	0.3924619603995175	0.02011893288615212	0.036478318101641725
18.88335034606168	0.3944779598372328	0.020119017162562695	0.036478318101641725
18.983554226803538	0.3964939677441054	0.02011910184358879	0.036478318101641725
19.083758107545393	0.39850998416058575	0.020119186929268253	0.036478318101641725
19.183961988287255	0.4005260091271249	0.020119272419638942	0.036478318101641725
19.28416586902911	0.4025420426841734	0.020119358314738704	0.036478318101641725
19.38436974977097	0.40455808487218214	0.02011944461460539	0.036478318101641725
19.484573630512823	0.40657413573160195	0.020119531319276854	0.036478318101641725
19.584777511254682	0.4085901953028835	0.02011961842879095	0.036478318101641725
19.68498139199654	0.41060626362647773	0.020119705943185524	0.036478318101641725
19.7851852727384	0.4126223407428352	0.020119793862498434	0.036478318101641725
19.885389153480258	0.4146384266924068	0.020119882186767527	0.036478318101641725
19.985593034222113	0.41665452151564336	0.020119970916030655	0.036478318101641725
20.08579691496397	0.41867062525299564	0.020120060050325676	0.036478318101641725
20.18600079570583	0.4206867379449144	0.020120149589690432	0.036478318101641725
20.28620467644769	0.4227028596318504	0.02012023953416278	0.036478318101641725
20.386408557189544	0.4247189903542545	0.020120329883780576	0.036478318101641725
20.486612437931402	0.4267351301525773	0.020120420638581667	0.036478318101641725
20.58681631867326	0.4287512790672698	0.020120511798603902	0.036478318101641725
20.68702019941512	0.4307674371387828	0.020120603363885138	0.036478318101641725
20.787224080156978	0.4327836044075668	0.020120695334463225	0.036478318101641725
20.887427960898833	0.43479978091407284	0.020120787710376016	0.036478318101641725
20.98763184164069	0.4368159666987516	0.020120880491661358	0.036478318101641725
21.08783572238255	0.43883216180205387	0.02012097367835711	0.036478318101641725
21.18803960312441	0.4408483662644305	0.020121067270501117	0.036478318101641725
21.288243483866264	0.4428645801263322	0.020121161268131238	0.036478318101641725
21.388447364608123	0.4448808034282096	0.020121255671285317	0.036478318101641725
21.48865124534998	0.44689703621051385	0.020121350480001212	0.036478318101641725
21.58885512609184	0.4489132785136955	0.02012144569431677	0.036478318101641725
21.6890590068337	0.45092953037820527	0.020121541314269846	0.036478318101641725
21.789262887575553	0.4529457918444941	0.02012163733989829	0.036478318101641725
21.889466768317412	0.4549620629530127	0.020121733771239957	0.036478318101641725
21.989670649059267	0.4569783437442118	0.020121830608332697	0.036478318101641725
22.08987452980113	0.45899463425854237	0.020121927851214357	0.036478318101641725
22.190078410542984	0.461010934536455	0.020122025499922796	0.036478318101641725
22.290282291284843	0.4630272446184004	0.020122123554495865	0.036478318101641725
22.3904861720267	0.4650435645448296	0.020122222014971408	0.036478318101641725
22.49069005276856	0.4670598943561933	0.02012232088138729	0.036478318101641725
22.59089393351042	0.46907623409294213	0.020122420153781347	0.036478318101641725
22.691097814252274	0.47109258379552704	0.020122519832191446	0.036478318101641725
22.791301694994132	0.47310894350439875	0.020122619916655426	0.036478318101641725
22.891505575735987	0.47512531326000806	0.02012272040721115	0.036478318101641725
22.99170945647785	0.4771416931028058	0.020122821303896463	0.036478318101641725
23.091913337219705	0.47915808307324265	0.020122922606749215	0.036478318101641725
23.192117217961563	0.4811744832117695	0.020123024315807266	0.036478318101641725
23.29232109870342	0.4831908935588368	0.02012312643110846	0.036478318101641725
23.392524979445277	0.4852073141548959	0.020123228952690652	0.036478318101641725
23.49272886018714	0.48722374504039717	0.02012333188059169	0.036478318101641725
23.592932740928994	0.48924018625579146	0.020123435214849435	0.036478318101641725
23.693136621670853	0.4912566378415297	0.02012353895550173	0.036478318101641725
23.793340502412708	0.4932730998380625	0.020123643102586432	0.036478318101641725
23.893544383154566	0.49528957228584064	0.02012374765614139	0.036478318101641725
23.993748263896425	0.4973060552253151	0.020123852616204453	0.036478318101641725
24.093952144638283	0.49932254869693654	0.02012395798281348	0.036478318101641725
24.194156025380142	0.5013390527411555	0.020124063756006318	0.036478318101641725
24.294359906121997	0.5033555673984232	0.02012416993582082	0.036478318101641725
24.39456378686386	0.5053720927091903	0.02012427652229484	0.036478318101641725
24.494767667605714	0.5073886287139073	0.020124383515466224	0.036478318101641725
24.594971548347573	0.5094051754530252	0.020124490915372828	0.036478318101641725
24.695175429089428	0.5114217329669949	0.0201245987220525	0.036478318101641725
24.795379309831286	0.5134383012962669	0.0201247069355431	0.036478318101641725
24.895583190573145	0.5154548804812922	0.020124815555882473	0.036478318101641725
24.995787071315004	0.5174714706309902	0.020124924583856757	0.036478318101641725
25.095990952056862	0.5194880835279659	0.02012503414732809	0.036478318101641725
25.196194832798717	0.5215047072838137	0.020125144115445047	0.036478318101641725
25.296398713540576	0.5235213419398173	0.020125254488223717	0.036478318101641725
25.39660259428243	0.5255379875372603	0.020125365265680203	0.036478318101641725
25.49680647502429	0.5275546441174266	0.020125476447830592	0.036478318101641725
25.597010355766148	0.5295713117215998	0.02012558803469098	0.036478318101641725
25.697214236508003	0.5315879903910636	0.02012570002627746	0.036478318101641725
25.797418117249862	0.5336046801671017	0.020125812422606124	0.036478318101641725
25.897621997991724	0.5356213810909981	0.02012592522369307	0.036478318101641725
25.997825878733583	0.5376380932040362	0.02012603842955439	0.036478318101641725
26.098029759475438	0.5396548165474998	0.020126152040206177	0.036478318101641725
26.198233640217296	0.5416715511626726	0.020126266055664525	0.036478318101641725
26.29843752095915	0.5436882970908383	0.020126380475945525	0.036478318101641725
26.39864140170101	0.5457050543732808	0.020126495301065278	0.036478318101641725
26.49884528244287	0.5477218230512837	0.02012661053103987	0.036478318101641725
26.599049163184723	0.5497386031661307	0.0201267261658854	0.036478318101641725
26.699253043926582	0.5517553947591054	0.02012684220561796	0.036478318101641725
26.799456924668444	0.5537721978714919	0.020126958650253643	0.036478318101641725
26.899660805410303	0.5557890125445736	0.020127075499808543	0.036478318101641725
26.999864686152158	0.5578058388196342	0.020127192754298754	0.036478318101641725
27.100068566894016	0.5598226767379576	0.02012731041374037	0.036478318101641725
27.20027244763587	0.5618395263408273	0.020127428478149485	0.036478318101641725
27.30047632837773	0.5638563876695273	0.020127546947542194	0.036478318101641725
27.40068020911959	0.5658732607653411	0.020127665821934586	0.036478318101641725
27.50088408986145	0.5678901456695526	0.02012778510134276	0.036478318101641725
27.601087970603306	0.5699070424234454	0.02012790478578281	0.036478318101641725
27.701291851345164	0.5719239510683032	0.020128024875270822	0.036478318101641725
27.801495732087023	0.5739408716454096	0.020128145369822898	0.036478318101641725
27.901699612828878	0.5759578041960487	0.020128266269455127	0.036478318101641725
28.001903493570737	0.5779747487615039	0.020128387574183608	0.036478318101641725
28.10210737431259	0.579991705383059	0.02012850928402443	0.036478318101641725
28.20231125505445	0.5820086741019977	0.020128631398993686	0.036478318101641725
28.30251513579631	0.5840256549596038	0.020128753919107477	0.036478318101641725
28.402719016538164	0.586042647997161	0.020128876844381888	0.036478318101641725
28.502922897280026	0.588059653255953	0.020129000174833017	0.036478318101641725
28.603126778021885	0.5900766707772636	0.020129123910476956	0.036478318101641725
28.703330658763743	0.5920937006023762	0.0201292480513298	0.036478318101641725
28.8035345395056	0.5941107427725749	0.020129372597407644	0.036478318101641725
28.903738420247457	0.5961277973291432	0.02012949754872658	0.036478318101641725
29.003942300989312	0.5981448643133649	0.020129622905302704	0.036478318101641725
29.10414618173117	0.6001619437665238	0.020129748667152107	0.036478318101641725
29.20435006247303	0.6021790357299034	0.020129874834290882	0.036478318101641725
29.304553943214884	0.6041961402447876	0.020130001406735126	0.036478318101641725
29.404757823956746	0.6062132573524602	0.02013012838450093	0.036478318101641725
29.504961704698605	0.6082303870942047	0.020130255767604393	0.036478318101641725
29.605165585440464	0.6102475295113049	0.0201303835560616	0.036478318101641725
29.70536946618232	0.6122646846450445	0.02013051174988865	0.036478318101641725
29.805573346924177	0.6142818525367072	0.02013064034910164	0.036478318101641725
29.905777227666032	0.6162990332275768	0.020130769353716656	0.036478318101641725
30.00598110840789	0.618316226758937	0.0201308987637498	0.036478318101641725
30.10618498914975	0.6203334331720716	0.02013102857921716	0.036478318101641725
30.206388869891605	0.6223506525082642	0.02013115880013483	0.036478318101641725
30.306592750633463	0.6243678848087985	0.020131289426518904	0.036478318101641725
30.406796631375325	0.6263851301149583	0.02013142045838548	0.036478318101641725
30.507000512117184	0.6284023884680273	0.020131551895750645	0.036478318101641725
30.60720439285904	0.6304196599092892	0.020131683738630498	0.036478318101641725
30.707408273600898	0.6324369444800276	0.020131815987041134	0.036478318101641725
30.807612154342753	0.6344542422215265	0.02013194864099864	0.036478318101641725
30.90781603508461	0.6364715531750693	0.020132081700519115	0.036478318101641725
31.00801991582647	0.63848887738194	0.02013221516561865	0.036478318101641725
31.108223796568325	0.6405062148834222	0.020132349036313342	0.036478318101641725
31.208427677310183	0.6425235657207996	0.02013248331261928	0.036478318101641725
31.308631558052046	0.6445409299353562	0.020132617994552564	0.036478318101641725
31.408835438793904	0.6465583075683752	0.020132753082129282	0.036478318101641725
31.50903931953576	0.6485756986611405	0.02013288857536553	0.036478318101641725
31.609243200277618	0.6505931032549361	0.020133024474277405	0.036478318101641725
31.709447081019473	0.6526105213910454	0.020133160778880995	0.036478318101641725
31.80965096176133	0.6546279531107523	0.020133297489192396	0.036478318101641725
31.90985484250319	0.6566453984553404	0.020133434605227703	0.036478318101641725
32.010058723245045	0.6586628574660935	0.02013357212700301	0.036478318101641725
32.110262603986904	0.6606803301842954	0.020133710054534407	0.036478318101641725
32.21046648472876	0.6626978166512296	0.020133848387837994	0.036478318101641725
32.31067036547062	0.6647153169081801	0.020133987126929858	0.036478318101641725
32.41087424621248	0.6667328309964303	0.0201341262718261	0.036478318101641725
32.51107812695434	0.6687503589572642	0.020134265822542807	0.036478318101641725
32.6112820076962	0.6707679008319654	0.020134405779096073	0.036478318101641725
32.711485888438055	0.6727854566618174	0.020134546141501997	0.036478318101641725
32.81168976917991	0.6748030264881044	0.02013468690977667	0.036478318101641725
32.911893649921765	0.6768206103521097	0.020134828083936185	0.036478318101641725
33.012097530663624	0.6788382082951172	0.020134969663996638	0.036478318101641725
33.11230141140548	0.6808558203584107	0.020135111649974117	0.036478318101641725
33.21250529214734	0.6828734465832739	0.020135254041884723	0.036478318101641725
33.3127091728892	0.6848910870109902	0.020135396839744548	0.036478318101641725
33.41291305363106	0.6869087416828437	0.020135540043569683	0.036478318101641725
33.51311693437292	0.6889264106401178	0.020135683653376223	0.036478318101641725
33.613320815114776	0.6909440939240966	0.020135827669180262	0.036478318101641725
33.71352469585663	0.6929617915760635	0.020135972090997895	0.036478318101641725
33.813728576598486	0.6949795036373024	0.02013611691884521	0.036478318101641725
33.913932457340344	0.696997230149097	0.02013626215273831	0.036478318101641725
34.0141363380822	0.6990149711527309	0.020136407792693285	0.036478318101641725
34.11434021882406	0.7010327266894879	0.020136553838726225	0.036478318101641725
34.21454409956592	0.7030504968006519	0.020136700290853227	0.036478318101641725
34.31474798030778	0.7050682815275062	0.020136847149090385	0.036478318101641725
34.41495186104964	0.7070860809113348	0.02013699441345379	0.036478318101641725
34.515155741791496	0.7091038949934214	0.02013714208395954	0.036478318101641725
34.61535962253335	0.7111217238150498	0.020137290160623725	0.036478318101641725
34.715563503275206	0.7131395674175034	0.02013743864346244	0.036478318101641725
34.815767384017065	0.7151574258420663	0.020137587532491782	0.036478318101641725
34.91597126475892	0.717175299130022	0.020137736827727837	0.036478318101641725
35.01617514550078	0.7191931873226542	0.02013788652918671	0.036478318101641725
35.11637902624264	0.7212110904612469	0.020138036636884484	0.036478318101641725
35.2165829069845	0.7232290085870835	0.020138187150837258	0.036478318101641725
35.31678678772636	0.7252469417414478	0.020138338071061124	0.036478318101641725
35.416990668468216	0.7272648899656236	0.020138489397572176	0.036478318101641725
35.51719454921007	0.7292828533008945	0.02013864113038651	0.036478318101641725
35.617398429951926	0.7313008317885443	0.020138793269520217	0.036478318101641725
35.717602310693785	0.7333188254698567	0.020138945814989394	0.036478318101641725
35.81780619143564	0.7353368343861155	0.02013909876681013	0.036478318101641725
35.9180100721775	0.7373548585786043	0.020139252124998522	0.036478318101641725
36.01821395291935	0.739372898088607	0.020139405889570666	0.036478318101641725
36.11841783366122	0.7413909529574071	0.020139560060542648	0.036478318101641725
36.21862171440308	0.7434090232262884	0.020139714637930572	0.036478318101641725
36.318825595144936	0.7454271089365346	0.020139869621750524	0.036478318101641725
36.41902947588679	0.7474452101294295	0.020140025012018597	0.036478318101641725
36.51923335662865	0.7494633268462567	0.020140180808750893	0.036478318101641725
36.619437237370505	0.7514814591283001	0.020140337011963497	0.036478318101641725
36.719641118112364	0.7534996070168433	0.020140493621672508	0.036478318101641725
36.81984499885422	0.7555177705531699	0.02014065063789402	0.036478318101641725
36.920048879596074	0.7575359497785638	0.02014080806064412	0.036478318101641725
37.02025276033794	0.7595541447343088	0.02014096588993891	0.036478318101641725
37.1204566410798	0.7615723554616883	0.02014112412579448	0.036478318101641725
37.22066052182166	0.7635905820019864	0.020141282768226923	0.036478318101641725
37.32086440256351	0.7656088243964865	0.020141441817252335	0.036478318101641725
37.42106828330537	0.7676270826864724	0.02014160127288681	0.036478318101641725
37.521272164047225	0.769645356913228	0.02014176113514644	0.036478318101641725
37.621476044789084	0.7716636471180367	0.020141921404047317	0.036478318101641725
37.72167992553094	0.7736819533421826	0.02014208207960554	0.036478318101641725
37.821883806272794	0.7757002756269491	0.020142243161837197	0.036478318101641725
37.92208768701465	0.7777186140136201	0.020142404650758384	0.036478318101641725
38.02229156775652	0.7797369685434794	0.020142566546385198	0.036478318101641725
38.12249544849838	0.7817553392578104	0.020142728848733728	0.036478318101641725
38.22269932924023	0.783773726197897	0.02014289155782007	0.036478318101641725
38.32290320998209	0.785792129405023	0.02014305467366032	0.036478318101641725
38.423107090723946	0.787810548920472	0.020143218196270567	0.036478318101641725
38.523310971465804	0.7898289847855278	0.020143382125666905	0.036478318101641725
38.62351485220766	0.7918474370414741	0.020143546461865433	0.036478318101641725
38.723718732949514	0.7938659057295945	0.02014371120488224	0.036478318101641725
38.82392261369137	0.7958843908911728	0.020143876354733425	0.036478318101641725
38.92412649443324	0.797902892567493	0.020144041911435075	0.036478318101641725
39.0243303751751	0.7999214107998385	0.020144207875003286	0.036478318101641725
39.12453425591695	0.8019399456294929	0.020144374245454153	0.036478318101641725
39.22473813665881	0.8039584970977401	0.020144541022803768	0.036478318101641725
39.324942017400666	0.805977065245864	0.020144708207068228	0.036478318101641725
39.425145898142524	0.807995650115148	0.020144875798263625	0.036478318101641725
39.52534977888438	0.810014251746876	0.020145043796406054	0.036478318101641725
39.625553659626235	0.8120328701823316	0.020145212201511605	0.036478318101641725
39.72575754036809	0.8140515054627988	0.020145381013596374	0.036478318101641725
39.82596142110995	0.816070157629561	0.020145550232676453	0.036478318101641725
39.92616530185182	0.8180888267239022	0.02014571985876794	0.036478318101641725
40.02636918259367	0.8201075127871056	0.020145889891886926	0.036478318101641725
40.12657306333553	0.8221262158604556	0.020146060332049506	0.036478318101641725
40.226776944077386	0.8241449359852355	0.02014623117927177	0.036478318101641725
40.326980824819245	0.826163673202729	0.02014640243356982	0.036478318101641725
40.4271847055611	0.8281824275542201	0.020146574094959742	0.036478318101641725
40.527388586302955	0.8302011990809923	0.02014674616345763	0.036478318101641725
40.62759246704481	0.8322199878243294	0.02014691863907958	0.036478318101641725
40.72779634778667	0.834238793825515	0.020147091521841687	0.036478318101641725
40.82800022852854	0.8362576171258331	0.020147264811760043	0.036478318101641725
40.92820410927039	0.8382764577665671	0.020147438508850743	0.036478318101641725
41.02840799001225	0.840295315789001	0.02014761261312988	0.036478318101641725
41.128611870754106	0.8423141912344181	0.020147787124613546	0.036478318101641725
41.228815751495965	0.8443330841441026	0.020147962043317837	0.036478318101641725
41.329019632237824	0.8463519945593381	0.020148137369258846	0.036478318101641725
41.429223512979675	0.848370922521408	0.02014831310245267	0.036478318101641725
41.529427393721534	0.8503898680715962	0.020148489242915395	0.036478318101641725
41.62963127446339	0.8524088312511868	0.02014866579066312	0.036478318101641725
41.72983515520526	0.8544278121014632	0.02014884274571194	0.036478318101641725
41.83003903594711	0.8564468106637089	0.02014902010807795	0.036478318101641725
41.93024291668897	0.8584658269792078	0.020149197877777237	0.036478318101641725
42.03044679743083	0.8604848610892437	0.020149376054825897	0.036478318101641725
42.130650678172685	0.8625039130351003	0.020149554639240026	0.036478318101641725
42.230854558914544	0.8645229828580614	0.02014973363103572	0.036478318101641725
42.331058439656395	0.8665420705994105	0.020149913030229068	0.036478318101641725
42.431262320398254	0.8685611763004314	0.020150092836836164	0.036478318101641725
42.53146620114011	0.8705803000024079	0.020150273050873104	0.036478318101641725
42.63167008188197	0.8725994417466236	0.020150453672355982	0.036478318101641725
42.73187396262383	0.8746186015743624	0.02015063470130089	0.036478318101641725
42.83207784336569	0.876637779526908	0.02015081613772392	0.036478318101641725
42.93228172410755	0.8786569756455438	0.020150997981641175	0.036478318101641725
43.032485604849406	0.8806761899715541	0.020151180233068736	0.036478318101641725
43.132689485591264	0.8826954225462218	0.020151362892022705	0.036478318101641725
43.232893366333116	0.8847146734108313	0.020151545958519174	0.036478318101641725
43.333097247074974	0.8867339426066663	0.020151729432574234	0.036478318101641725
43.43330112781683	0.8887532301750101	0.020151913314203983	0.036478318101641725
43.53350500855869	0.8907725361571466	0.020152097603424513	0.036478318101641725
43.63370888930055	0.8927918605943599	0.020152282300251918	0.036478318101641725
43.73391277004241	0.8948112035279331	0.02015246740470229	0.036478318101641725
43.83411665078427	0.8968305649991503	0.020152652916791722	0.036478318101641725
43.934320531526126	0.898849945049295	0.020152838836536312	0.036478318101641725
44.03452441226798	0.9008693437196512	0.020153025163952152	0.036478318101641725
44.134728293009836	0.9028887610515024	0.020153211899055334	0.036478318101641725
44.234932173751695	0.9049081970861323	0.020153399041861954	0.036478318101641725
44.33513605449355	0.9069276518648249	0.020153586592388105	0.036478318101641725
44.43533993523541	0.9089471254288637	0.020153774550649883	0.036478318101641725
44.53554381597727	0.9109666178195323	0.020153962916663375	0.036478318101641725
44.63574769671913	0.9129861290781147	0.02015415169044468	0.036478318101641725
44.73595157746099	0.9150056592458946	0.02015434087200989	0.036478318101641725
44.836155458202846	0.9170252083641554	0.020154530461375105	0.036478318101641725
44.9363593389447	0.9190447764741809	0.02015472045855641	0.036478318101641725
45.036563219686556	0.9210643636172553	0.0201549108635699	0.036478318101641725
45.136767100428415	0.9230839698346618	0.020155101676431673	0.036478318101641725
45.23697098117027	0.9251035951676843	0.020155292897157822	0.036478318101641725
45.33717486191213	0.9271232396576063	0.020155484525764437	0.036478318101641725
45.43737874265398	0.9291429033457119	0.020155676562267615	0.036478318101641725
45.53758262339585	0.9311625862732847	0.02015586900668345	0.036478318101641725
45.63778650413771	0.9331822884816083	0.020156061859028032	0.036478318101641725
45.737990384879566	0.9352020100119666	0.020156255119317457	0.036478318101641725
45.83819426562142	0.9372217509056431	0.02015644878756782	0.036478318101641725
45.93839814636328	0.9392415112039216	0.02015664286379522	0.036478318101641725
46.038602027105135	0.9412612909480857	0.020156837348015738	0.036478318101641725
46.138805907846994	0.9432810901794195	0.020157032240245475	0.036478318101641725
46.23900978858885	0.9453009089392064	0.020157227540500526	0.036478318101641725
46.339213669330704	0.9473207472687302	0.02015742324879698	0.036478318101641725
46.43941755007256	0.9493406052092745	0.020157619365150935	0.036478318101641725
46.53962143081443	0.9513604828021234	0.020157815889578486	0.036478318101641725
46.63982531155629	0.9533803800885603	0.020158012822095724	0.036478318101641725
46.74002919229814	0.9554002971098687	0.02015821016271874	0.036478318101641725
46.84023307304	0.9574202339073329	0.020158407911463633	0.036478318101641725
46.940436953781855	0.9594401905222363	0.020158606068346494	0.036478318101641725
47.040640834523714	0.9614601669958625	0.020158804633383418	0.036478318101641725
47.14084471526557	0.9634801633694954	0.020159003606590495	0.036478318101641725
47.241048596007424	0.9655001796844187	0.020159202987983824	0.036478318101641725
47.34125247674928	0.9675202159819161	0.020159402777579497	0.036478318101641725
47.44145635749115	0.9695402723032713	0.020159602975393605	0.036478318101641725
47.54166023823301	0.9715603486897681	0.020159803581442245	0.036478318101641725
47.64186411897486	0.9735804451826902	0.02016000459574151	0.036478318101641725
47.74206799971672	0.9756005618233211	0.020160206018307494	0.036478318101641725
47.842271880458576	0.9776206986529448	0.020160407849156292	0.036478318101641725
47.942475761200434	0.9796408557128449	0.02016061008830399	0.036478318101641725
48.04267964194229	0.9816610330443051	0.020160812735766694	0.036478318101641725
48.142883522684144	0.9836812306886091	0.02016101579156049	0.036478318101641725
48.243087403426	0.9857014486870409	0.02016121925570147	0.036478318101641725
48.34329128416786	0.9877216870808838	0.020161423128205735	0.036478318101641725
48.44349516490973	0.9897419459114218	0.020161627409089375	0.036478318101641725
48.54369904565158	0.9917622252199387	0.02016183209836848	0.036478318101641725
48.64390292639344	0.9937825250477177	0.020162037196059152	0.036478318101641725
48.744106807135296	0.9958028454360431	0.020162242702177476	0.036478318101641725
48.844310687877154	0.9978231864261984	0.02016244861673955	0.036478318101641725
48.94451456861901	0.9998435480594672	0.020162654939761472	0.036478318101641725
49.044718449360865	1.0018639303771333	0.020162861671259327	0.036478318101641725
49.14492233010272	1.0038843334204806	0.020163068811249216	0.036478318101641725
49.24512621084458	1.0059047572307924	0.02016327635974723	0.036478318101641725
49.34533009158645	1.0079252018493532	0.02016348431676946	0.036478318101641725
49.4455339723283	1.0099456673174458	0.020163692682332004	0.036478318101641725
49.54573785307016	1.0119661536763545	0.02016390145645095	0.036478318101641725
49.645941733812016	1.0139866609673627	0.0201641106391424	0.036478318101641725
49.746145614553875	1.0160071892317546	0.020164320230422444	0.036478318101641725
49.84634949529573	1.0180277385108132	0.020164530230307173	0.036478318101641725
49.946553376037585	1.020048308845823	0.020164740638812684	0.036478318101641725
50.04675725677944	1.022068900278067	0.020164951455955073	0.036478318101641725
50.1469611375213	1.0240895128488292	0.020165162681750427	0.036478318101641725
50.24716501826316	1.0261101465993936	0.020165374316214846	0.036478318101641725
50.34736889900502	1.0281308015710438	0.02016558635936442	0.036478318101641725
50.44757277974688	1.030151477805063	0.02016579881121524	0.036478318101641725
50.547776660488736	1.0321721753427358	0.020166011671783408	0.036478318101641725
50.647980541230595	1.034192894225345	0.020166224941085012	0.036478318101641725
50.748184421972454	1.036213634494175	0.02016643861913615	0.036478318101641725
50.848388302714305	1.0382343961905094	0.02016665270595291	0.036478318101641725
50.948592183456164	1.0402551793556314	0.020166867201551388	0.036478318101641725
51.04879606419802	1.0422759840308253	0.02016708210594768	0.036478318101641725
51.14899994493988	1.044296810257375	0.02016729741915788	0.036478318101641725
51.24920382568174	1.0463176580765636	0.020167513141198076	0.036478318101641725
51.34940770642359	1.048338527529675	0.020167729272084368	0.036478318101641725
51.44961158716545	1.0503594186579934	0.020167945811832847	0.036478318101641725
51.54981546790731	1.0523803315028015	0.02016816276045961	0.036478318101641725
51.65001934864917	1.054401266105384	0.020168380117980743	0.036478318101641725
51.750223229391025	1.0564222225070243	0.02016859788441235	0.036478318101641725
51.85042711013288	1.0584432007490059	0.020168816059770514	0.036478318101641725
51.950630990874735	1.060464200872613	0.020169034644071337	0.036478318101641725
52.050834871616594	1.0624852229191288	0.020169253637330912	0.036478318101641725
52.15103875235846	1.0645062669298375	0.020169473039565327	0.036478318101641725
52.25124263310032	1.0665273329460225	0.020169692850790684	0.036478318101641725
52.35144651384218	1.0685484210089675	0.020169913071023067	0.036478318101641725
52.451650394584036	1.0705695311599561	0.020170133700278578	0.036478318101641725
52.551854275325894	1.0725906634402724	0.020170354738573308	0.036478318101641725
52.652058156067746	1.0746118178911999	0.02017057618592335	0.036478318101641725
52.752262036809604	1.0766329945540223	0.020170798042344798	0.036478318101641725
52.85246591755146	1.0786541934700238	0.020171020307853747	0.036478318101641725
52.95266979829332	1.0806754146804871	0.020171242982466288	0.036478318101641725
53.05287367903518	1.082696658226697	0.020171466066198518	0.036478318101641725
53.15307755977703	1.0847179241499365	0.02017168955906653	0.036478318101641725
53.25328144051889	1.0867392124914894	0.020171913461086415	0.036478318101641725
53.35348532126075	1.0887605232926398	0.020172137772274272	0.036478318101641725
53.45368920200261	1.0907818565946712	0.020172362492646187	0.036478318101641725
53.553893082744466	1.0928032124388674	0.020172587622218262	0.036478318101641725
53.65409696348633	1.0948245908665122	0.020172813161006584	0.036478318101641725
53.75430084422819	1.0968459919188889	0.020173039109027253	0.036478318101641725
53.85450472497005	1.0988674156372813	0.02017326546629636	0.036478318101641725
53.9547086057119	1.1008888620629735	0.020173492232829996	0.036478318101641725
54.05491248645376	1.102910331237249	0.020173719408644257	0.036478318101641725
54.15511636719562	1.1049318232013916	0.02017394699375524	0.036478318101641725
54.255320247937476	1.1069533379966847	0.02017417498817903	0.036478318101641725
54.355524128679335	1.1089748756644124	0.02017440339193173	0.036478318101641725
54.455728009421186	1.1109964362458586	0.020174632205029432	0.036478318101641725
54.555931890163045	1.1130180197823063	0.020174861427488228	0.036478318101641725
54.6561357709049	1.11503962631504	0.020175091059324208	0.036478318101641725
54.75633965164676	1.1170612558853428	0.02017532110055347	0.036478318101641725
54.85654353238862	1.1190829085344987	0.02017555155119211	0.036478318101641725
54.95674741313047	1.1211045843037915	0.020175782411256216	0.036478318101641725
55.05695129387233	1.1231262832345048	0.020176013680761884	0.036478318101641725
55.15715517461419	1.1251480053679224	0.02017624535972521	0.036478318101641725
55.25735905535605	1.1271697507453278	0.020176477448162287	0.036478318101641725
55.35756293609791	1.1291915194080049	0.020176709946089208	0.036478318101641725
55.45776681683976	1.1312133113972374	0.020176942853522065	0.036478318101641725
55.55797069758163	1.1332351267543093	0.020177176170476957	0.036478318101641725
55.65817457832349	1.1352569655205038	0.02017740989696997	0.036478318101641725
55.75837845906534	1.1372788277371049	0.020177644033017205	0.036478318101641725
55.8585823398072	1.139300713445396	0.02017787857863475	0.036478318101641725
55.95878622054906	1.1413226226866615	0.020178113533838703	0.036478318101641725
56.05899010129092	1.1433445555021846	0.020178348898645157	0.036478318101641725
56.159193982032775	1.1453665119332488	0.020178584673070203	0.036478318101641725
56.25939786277463	1.1473884920211384	0.020178820857129937	0.036478318101641725
56.359601743516485	1.1494104958071372	0.020179057450840455	0.036478318101641725
56.459805624258344	1.1514325233325282	0.020179294454217844	0.036478318101641725
56.5600095050002	1.1534545746385954	0.020179531867278208	0.036478318101641725
56.66021338574206	1.155476649766623	0.02017976969003763	0.036478318101641725
56.76041726648391	1.1574987487578938	0.02018000792251221	0.036478318101641725
56.86062114722577	1.1595208716536927	0.02018024656471804	0.036478318101641725
56.96082502796763	1.1615430184953024	0.020180485616671216	0.036478318101641725
57.06102890870949	1.163565189324007	0.020180725078387828	0.036478318101641725
57.16123278945135	1.1655873841810904	0.02018096494988397	0.036478318101641725
57.2614366701932	1.1676096031078362	0.02018120523117574	0.036478318101641725
57.36164055093506	1.1696318461455282	0.020181445922279228	0.036478318101641725
57.46184443167693	1.1716541133354499	0.020181687023210527	0.036478318101641725
57.56204831241878	1.173676404718885	0.020181928533985736	0.036478318101641725
57.66225219316064	1.1756987203371172	0.02018217045462094	0.036478318101641725
57.7624560739025	1.1777210602314305	0.020182412785132244	0.036478318101641725
57.86265995464436	1.1797434244431084	0.020182655525535734	0.036478318101641725
57.962863835386216	1.1817658130134348	0.020182898675847504	0.036478318101641725
58.06306771612807	1.1837882259836934	0.02018314223608365	0.036478318101641725
58.163271596869926	1.1858106633951675	0.020183386206260267	0.036478318101641725
58.263475477611784	1.1878331252891412	0.020183630586393445	0.036478318101641725
58.36367935835364	1.1898556117068984	0.02018387537649928	0.036478318101641725
58.4638832390955	1.1918781226897224	0.020184120576593866	0.036478318101641725
58.56408711983735	1.193900658278897	0.020184366186693295	0.036478318101641725
58.66429100057921	1.1959232185157065	0.02018461220681366	0.036478318101641725
58.76449488132107	1.1979458034414336	0.02018485863697106	0.036478318101641725
58.86469876206293	1.1999684130973627	0.020185105477181584	0.036478318101641725
58.96490264280479	1.2019910475247777	0.020185352727461327	0.036478318101641725
59.06510652354664	1.2040137067649614	0.020185600387826384	0.036478318101641725
59.1653104042885	1.2060363908591987	0.020185848458292847	0.036478318101641725
59.265514285030356	1.2080590998487728	0.02018609693887681	0.036478318101641725
59.36571816577222	1.2100818337749673	0.02018634582959437	0.036478318101641725
59.46592204651408	1.2121045926790657	0.020186595130461615	0.036478318101641725
59.56612592725594	1.2141273766023521	0.020186844841494644	0.036478318101641725
59.6663298079978	1.2161501855861103	0.020187094962709547	0.036478318101641725
59.766533688739656	1.2181730196716236	0.020187345494122415	0.036478318101641725
59.86673756948151	1.220195878900176	0.020187596435749352	0.036478318101641725
59.966941450223366	1.2222187633130512	0.020187847787606444	0.036478318101641725
60.067145330965225	1.2242416729515329	0.020188099549709786	0.036478318101641725
60.167349211707084	1.2262646078569048	0.020188351722075473	0.036478318101641725
60.26755309244894	1.2282875680704506	0.020188604304719596	0.036478318101641725
60.367756973190794	1.2303105536334542	0.020188857297658253	0.036478318101641725
60.46796085393265	1.2323335645871991	0.020189110700907533	0.036478318101641725
60.56816473467451	1.2343566009729692	0.020189364514483533	0.036478318101641725
60.66836861541637	1.236379662832048	0.020189618738402346	0.036478318101641725
60.76857249615823	1.2384027502057193	0.020189873372680068	0.036478318101641725
60.86877637690008	1.2404258631352671	0.020190128417332788	0.036478318101641725
60.96898025764194	1.2424490016619747	0.020190383872376604	0.036478318101641725
61.0691841383838	1.244472165827126	0.020190639737827608	0.036478318101641725
61.169388019125655	1.2464953556720046	0.02019089601370189	0.036478318101641725
61.26959189986752	1.248518571237895	0.020191152700015553	0.036478318101641725
61.36979578060938	1.2505418125660797	0.02019140979678468	0.036478318101641725
61.46999966135124	1.252565079697843	0.020191667304025374	0.036478318101641725
61.5702035420931	1.2545883726744684	0.020191925221753722	0.036478318101641725
61.67040742283495	1.2566116915372403	0.020192183549985823	0.036478318101641725
61.77061130357681	1.2586350363274414	0.020192442288737768	0.036478318101641725
61.870815184318666	1.2606584070863565	0.02019270143802565	0.036478318101641725
61.971019065060524	1.2626818038552683	0.020192960997865564	0.036478318101641725
62.07122294580238	1.2647052266754613	0.020193220968273605	0.036478318101641725
62.171426826544234	1.2667286755882188	0.020193481349265865	0.036478318101641725
62.27163070728609	1.2687521506348247	0.020193742140858437	0.036478318101641725
62.37183458802795	1.2707756518565625	0.020194003343067417	0.036478318101641725
62.47203846876981	1.2727991792947162	0.020194264955908894	0.036478318101641725
62.57224234951167	1.2748227329905695	0.02019452697939897	0.036478318101641725
62.67244623025352	1.2768463129854055	0.02019478941355373	0.036478318101641725
62.77265011099538	1.278869919320509	0.020195052258389273	0.036478318101641725
62.87285399173724	1.280893552037163	0.020195315513921695	0.036478318101641725
62.973057872479096	1.2829172111766516	0.020195579180167084	0.036478318101641725
63.073261753220955	1.2849408967802578	0.020195843257141535	0.036478318101641725
63.17346563396282	1.2869646088892663	0.020196107744861143	0.036478318101641725
63.27366951470468	1.2889883475449602	0.020196372643342005	0.036478318101641725
63.37387339544654	1.2910121127886232	0.020196637952600207	0.036478318101641725
63.47407727618839	1.2930359046615392	0.02019690367265185	0.036478318101641725
63.57428115693025	1.295059723204992	0.020197169803513024	0.036478318101641725
63.674485037672106	1.297083568460265	0.020197436345199823	0.036478318101641725
63.774688918413965	1.2991074404686422	0.020197703297728343	0.036478318101641725
63.87489279915582	1.3011313392714074	0.020197970661114676	0.036478318101641725
63.975096679897675	1.3031552649098441	0.020198238435374914	0.036478318101641725
64.07530056063953	1.305179217425236	0.020198506620525154	0.036478318101641725
64.17550444138139	1.3072031968588669	0.020198775216581488	0.036478318101641725
64.27570832212325	1.3092272032520205	0.02019904422356001	0.036478318101641725
64.37591220286511	1.3112512366459805	0.020199313641476816	0.036478318101641725
64.47611608360697	1.313275297082031	0.020199583470347993	0.036478318101641725
64.57631996434883	1.3152993846014553	0.020199853710189643	0.036478318101641725
64.67652384509068	1.317323499245537	0.020200124361017858	0.036478318101641725
64.77672772583253	1.3193476410555602	0.020200395422848728	0.036478318101641725
64.87693160657439	1.3213718100728085	0.020200666895698348	0.036478318101641725
64.97713548731625	1.3233960063385655	0.020200938779582813	0.036478318101641725
65.07733936805812	1.3254202298941151	0.020201211074518215	0.036478318101641725
65.17754324879998	1.3274444807807408	0.02020148378052065	0.036478318101641725
65.27774712954184	1.3294687590397265	0.020201756897606213	0.036478318101641725
65.3779510102837	1.3314930647123555	0.020202030425790992	0.036478318101641725
65.47815489102555	1.3335173978399122	0.020202304365091087	0.036478318101641725
65.5783587717674	1.33554175846368	0.020202578715522588	0.036478318101641725
65.67856265250926	1.3375661466249424	0.020202853477101587	0.036478318101641725
65.77876653325112	1.3395905623649833	0.020203128649844183	0.036478318101641725
65.87897041399297	1.3416150057250866	0.02020340423376647	0.036478318101641725
65.97917429473483	1.3436394767465358	0.020203680228884534	0.036478318101641725
66.07937817547669	1.345663975470615	0.020203956635214477	0.036478318101641725
66.17958205621855	1.347688501938607	0.020204233452772388	0.036478318101641725
66.27978593696041	1.3497130561917965	0.02020451068157436	0.036478318101641725
66.37998981770227	1.3517376382714668	0.020204788321636493	0.036478318101641725
66.48019369844413	1.3537622482189016	0.020205066372974877	0.036478318101641725
66.58039757918597	1.3557868860753848	0.020205344835605606	0.036478318101641725
66.68060145992783	1.3578115518821998	0.02020562370954477	0.036478318101641725
66.78080534066969	1.3598362456806306	0.02020590299480847	0.036478318101641725
66.88100922141155	1.3618609675119608	0.02020618269141279	0.036478318101641725
66.98121310215342	1.3638857174174746	0.020206462799373836	0.036478318101641725
67.08141698289528	1.365910495438455	0.02020674331870769	0.036478318101641725
67.18162086363714	1.367935301616186	0.020207024249430456	0.036478318101641725
67.281824744379	1.369960135991951	0.02020730559155822	0.036478318101641725
67.38202862512084	1.3719849986070345	0.020207587345107077	0.036478318101641725
67.4822325058627	1.3740098895027197	0.020207869510093127	0.036478318101641725
67.58243638660456	1.37603480872029	0.020208152086532455	0.036478318101641725
67.68264026734641	1.3780597563010297	0.020208435074441162	0.036478318101641725
67.78284414808827	1.3800847322862226	0.020208718473835336	0.036478318101641725
67.88304802883013	1.3821097367171518	0.020209002284731076	0.036478318101641725
67.98325190957199	1.3841347696351014	0.02020928650714447	0.036478318101641725
68.08345579031385	1.3861598310813554	0.020209571141091617	0.036478318101641725
68.18365967105571	1.3881849210971966	0.020209856186588607	0.036478318101641725
68.28386355179757	1.3902100397239097	0.02021014164365154	0.036478318101641725
68.38406743253941	1.392235187002778	0.0202104275122965	0.036478318101641725
68.48427131328127	1.3942603629750856	0.020210713792539588	0.036478318101641725
68.58447519402313	1.3962855676821153	0.020211000484396894	0.036478318101641725
68.68467907476499	1.3983108011651515	0.020211287587884517	0.036478318101641725
68.78488295550684	1.400336063465478	0.020211575103018544	0.036478318101641725
68.88508683624872	1.4023613546243785	0.02021186302981507	0.036478318101641725
68.98529071699058	1.4043866746831362	0.020212151368290195	0.036478318101641725
69.08549459773243	1.4064120236830355	0.020212440118460007	0.036478318101641725
69.18569847847428	1.4084374016653596	0.020212729280340604	0.036478318101641725
69.28590235921614	1.4104628086713924	0.02021301885394807	0.036478318101641725
69.386106239958	1.4124882447424176	0.020213308839298512	0.036478318101641725
69.48631012069986	1.4145137099197191	0.020213599236408017	0.036478318101641725
69.58651400144171	1.4165392042445806	0.020213890045292678	0.036478318101641725
69.68671788218357	1.4185647277582851	0.02021418126596859	0.036478318101641725
69.78692176292543	1.4205902805021176	0.020214472898451845	0.036478318101641725
69.88712564366729	1.4226158625173606	0.02021476494275854	0.036478318101641725
69.98732952440915	1.4246414738452986	0.02021505739890477	0.036478318101641725
70.087533405151	1.4266671145272152	0.02021535026690662	0.036478318101641725
70.18773728589285	1.4286927846043938	0.020215643546780192	0.036478318101641725
70.28794116663471	1.4307184841181182	0.02021593723854158	0.036478318101641725
70.38814504737657	1.4327442131096726	0.02021623134220687	0.036478318101641725
70.48834892811843	1.4347699716203401	0.02021652585779217	0.036478318101641725
70.58855280886029	1.436795759691405	0.020216820785313557	0.036478318101641725
70.68875668960214	1.4388215773641502	0.020217116124787136	0.036478318101641725
70.78896057034402	1.4408474246798604	0.020217411876228997	0.036478318101641725
70.88916445108588	1.4428733016798185	0.02021770803965523	0.036478318101641725
70.98936833182772	1.4448992084053085	0.020218004615081938	0.036478318101641725
71.08957221256958	1.4469251448976141	0.020218301602525208	0.036478318101641725
71.18977609331144	1.4489511111980193	0.020218599002001136	0.036478318101641725
71.2899799740533	1.450977107347808	0.020218896813525813	0.036478318101641725
71.39018385479515	1.453003133388263	0.020219195037115337	0.036478318101641725
71.49038773553701	1.4550291893606684	0.020219493672785797	0.036478318101641725
71.59059161627887	1.4570552753063084	0.020219792720553294	0.036478318101641725
71.69079549702073	1.4590813912664662	0.020220092180433913	0.036478318101641725
71.79099937776259	1.4611075372824258	0.020220392052443754	0.036478318101641725
71.89120325850445	1.463133713395471	0.020220692336598907	0.036478318101641725
71.99140713924629	1.4651599196468852	0.02022099303291547	0.036478318101641725
72.09161101998815	1.4671861560779522	0.02022129414140953	0.036478318101641725
72.19181490073001	1.469212422729956	0.020221595662097188	0.036478318101641725
72.29201878147187	1.4712387196441798	0.020221897594994532	0.036478318101641725
72.39222266221373	1.4732650468619077	0.02022219994011766	0.036478318101641725
72.49242654295558	1.4752914044244236	0.020222502697482665	0.036478318101641725
72.59263042369744	1.477317792373011	0.020222805867105637	0.036478318101641725
72.69283430443932	1.4793442107489534	0.020223109449002675	0.036478318101641725
72.79303818518116	1.4813706595935345	0.020223413443189873	0.036478318101641725
72.89324206592302	1.4833971389480385	0.02022371784968332	0.036478318101641725
72.99344594666488	1.485423648853749	0.020224022668499108	0.036478318101641725
73.09364982740674	1.4874501893519492	0.020224327899653338	0.036478318101641725
73.1938537081486	1.4894767604839232	0.0202246335431621	0.036478318101641725
73.29405758889045	1.4915033622909548	0.02022493959904149	0.036478318101641725
73.39426146963231	1.4935299948143275	0.0202252460673076	0.036478318101641725
73.49446535037417	1.4955566580953255	0.02022555294797652	0.036478318101641725
73.59466923111603	1.4975833521752318	0.02022586024106435	0.036478318101641725
73.69487311185789	1.4996100770953307	0.02022616794658718	0.036478318101641725
73.79507699259973	1.5016368328969056	0.020226476064561107	0.036478318101641725
73.89528087334159	1.5036636196212403	0.020226784595002222	0.036478318101641725
73.99548475408345	1.5056904373096185	0.020227093537926618	0.036478318101641725
74.09568863482531	1.507717286003324	0.020227402893350392	0.036478318101641725
74.19589251556717	1.5097441657436406	0.020227712661289636	0.036478318101641725
74.29609639630903	1.511771076571852	0.02022802284176044	0.036478318101641725
74.39630027705088	1.5137980185292417	0.020228333434778905	0.036478318101641725
74.49650415779274	1.5158249916570932	0.020228644440361123	0.036478318101641725
74.5967080385346	1.5178519959966912	0.020228955858523183	0.036478318101641725
74.69691191927646	1.5198790315893183	0.020229267689281183	0.036478318101641725
74.79711580001832	1.5219060984762591	0.020229579932651214	0.036478318101641725
74.89731968076018	1.5239331966987963	0.02022989258864937	0.036478318101641725
74.99752356150204	1.5259603262982147	0.02023020565729175	0.036478318101641725
75.0977274422439	1.5279874873157975	0.020230519138594444	0.036478318101641725
75.19793132298575	1.5300146797928282	0.02023083303257354	0.036478318101641725
75.29813520372761	1.5320419037705912	0.020231147339245144	0.036478318101641725
75.39833908446947	1.53406915929037	0.02023146205862534	0.036478318101641725
75.49854296521133	1.5360964463934477	0.020231777190730223	0.036478318101641725
75.59874684595317	1.5381237651211084	0.020232092735575892	0.036478318101641725
75.69895072669503	1.540151115514636	0.020232408693178435	0.036478318101641725
75.79915460743689	1.5421784976153141	0.02023272506355395	0.036478318101641725
75.89935848817875	1.5442059114644264	0.020233041846718525	0.036478318101641725
75.9995623689206	1.5462333571032567	0.020233359042688262	0.036478318101641725
76.09976624966247	1.5482608345730884	0.020233676651479248	0.036478318101641725
76.19997013040432	1.5502883439152058	0.020233994673107582	0.036478318101641725
76.30017401114618	1.5523158851708923	0.02023431310758935	0.036478318101641725
76.40037789188804	1.5543434583814313	0.020234631954940654	0.036478318101641725
76.5005817726299	1.5563710635881076	0.02023495121517758	0.036478318101641725
76.60078565337176	1.5583987008322033	0.020235270888316233	0.036478318101641725
76.70098953411362	1.5604263701550032	0.020235590974372695	0.036478318101641725
76.80119341485548	1.562454071597791	0.020235911473363066	0.036478318101641725
76.90139729559733	1.5644818052018499	0.020236232385303442	0.036478318101641725
77.0016011763392	1.5665095710084644	0.02023655371020991	0.036478318101641725
77.10180505708105	1.5685373690589173	0.020236875448098563	0.036478318101641725
77.20200893782291	1.5705651993944931	0.020237197598985502	0.036478318101641725
77.30221281856477	1.5725930620564745	0.02023752016288682	0.036478318101641725
77.40241669930661	1.5746209570861467	0.020237843139818606	0.036478318101641725
77.50262058004847	1.5766488845247926	0.020238166529796955	0.036478318101641725
77.60282446079033	1.5786768444136956	0.020238490332837963	0.036478318101641725
77.70302834153219	1.58070483679414	0.02023881454895772	0.036478318101641725
77.80323222227405	1.582732861707409	0.020239139178172324	0.036478318101641725
77.9034361030159	1.5847609191947871	0.02023946422049787	0.036478318101641725
78.00363998375776	1.586789009297557	0.020239789675950443	0.036478318101641725
78.10384386449962	1.5888171320570033	0.020240115544546147	0.036478318101641725
78.20404774524148	1.590845287514409	0.020240441826301067	0.036478318101641725
78.30425162598334	1.5928734757110585	0.020240768521231304	0.036478318101641725
78.4044555067252	1.5949016966882352	0.02024109562935295	0.036478318101641725
78.50465938746706	1.596929950487223	0.020241423150682093	0.036478318101641725
78.60486326820892	1.5989582371493052	0.020241751085234835	0.036478318101641725
78.70506714895077	1.6009865567157657	0.020242079433027263	0.036478318101641725
78.80527102969263	1.6030149092278885	0.020242408194075478	0.036478318101641725
78.90547491043449	1.6050432947269568	0.020242737368395564	0.036478318101641725
79.00567879117635	1.6070717132542551	0.020243066956003624	0.036478318101641725
79.10588267191821	1.6091001648510659	0.02024339695691575	0.036478318101641725
79.20608655266005	1.6111286495586743	0.02024372737114803	0.036478318101641725
79.30629043340191	1.6131571674183633	0.020244058198716563	0.036478318101641725
79.40649431414377	1.615185718471417	0.02024438943963744	0.036478318101641725
79.50669819488563	1.617214302759118	0.020244721093926756	0.036478318101641725
79.60690207562749	1.6192429203227512	0.020245053161600607	0.036478318101641725
79.70710595636935	1.6212715712036	0.02024538564267508	0.036478318101641725
79.8073098371112	1.6233002554429485	0.02024571853716628	0.036478318101641725
79.90751371785306	1.62532897308208	0.02024605184509029	0.036478318101641725
80.00771759859492	1.6273577241622772	0.02024638556646321	0.036478318101641725
80.10792147933678	1.6293865087248256	0.020246719701301128	0.036478318101641725
80.20812536007864	1.6314153268110085	0.020247054249620144	0.036478318101641725
80.3083292408205	1.633444178462109	0.02024738921143635	0.036478318101641725
80.40853312156236	1.6354730637194108	0.020247724586765836	0.036478318101641725
80.50873700230422	1.6375019826241979	0.0202480603756247	0.036478318101641725
80.60894088304607	1.6395309352177545	0.020248396578029033	0.036478318101641725
80.70914476378793	1.6415599215413637	0.02024873319399493	0.036478318101641725
80.80934864452979	1.6435889416363088	0.020249070223538487	0.036478318101641725
80.90955252527165	1.645617995543875	0.020249407666675795	0.036478318101641725
81.0097564060135	1.647647083305345	0.020249745523422947	0.036478318101641725
81.10996028675535	1.649676204962002	0.020250083793796038	0.036478318101641725
81.21016416749721	1.6517053605551304	0.020250422477811163	0.036478318101641725
81.31036804823907	1.6537345501260146	0.020250761575484416	0.036478318101641725
81.41057192898093	1.655763773715937	0.02025110108683189	0.036478318101641725
81.51077580972279	1.657793031366182	0.020251441011869674	0.036478318101641725
81.61097969046465	1.6598223231180333	0.020251781350613868	0.036478318101641725
81.7111835712065	1.6618516490127746	0.020252122103080562	0.036478318101641725
81.81138745194836	1.6638810090916896	0.020252463269285856	0.036478318101641725
81.91159133269022	1.6659104033960621	0.020252804849245836	0.036478318101641725
82.01179521343207	1.6679398319671757	0.020253146842976598	0.036478318101641725
82.11199909417394	1.669969294846314	0.02025348925049424	0.036478318101641725
82.2122029749158	1.6719987920747608	0.02025383207181485	0.036478318101641725
82.31240685565766	1.6740283236938	0.020254175306954524	0.036478318101641725
82.41261073639951	1.6760578897447154	0.020254518955929356	0.036478318101641725
82.51281461714137	1.6780874902687901	0.02025486301875544	0.036478318101641725
82.61301849788323	1.6801171253073086	0.02025520749544887	0.036478318101641725
82.71322237862509	1.6821467949015538	0.02025555238602574	0.036478318101641725
82.81342625936693	1.6841764990928105	0.02025589769050214	0.036478318101641725
82.9136301401088	1.6862062379223612	0.02025624340889417	0.036478318101641725
83.01383402085065	1.6882360114314907	0.02025658954121792	0.036478318101641725
83.11403790159251	1.690265819661482	0.02025693608748948	0.036478318101641725
83.21424178233437	1.6922956626536192	0.020257283047724953	0.036478318101641725
83.31444566307623	1.6943255404491855	0.020257630421940426	0.036478318101641725
83.41464954381809	1.6963554530894656	0.020257978210151992	0.036478318101641725
83.51485342455994	1.698385400615742	0.02025832641237575	0.036478318101641725
83.6150573053018	1.700415383069299	0.02025867502862779	0.036478318101641725
83.71526118604366	1.702445400491421	0.02025902405892421	0.036478318101641725
83.8154650667855	1.7044754529233908	0.020259373503281098	0.036478318101641725
83.91566894752737	1.706505540406492	0.02025972336171455	0.036478318101641725
84.01587282826924	1.7085356629820092	0.02026007363424066	0.036478318101641725
84.1160767090111	1.7105658206912255	0.020260424320875523	0.036478318101641725
84.21628058975296	1.7125960135754248	0.020260775421635232	0.036478318101641725
84.31648447049481	1.7146262416758908	0.020261126936535877	0.036478318101641725
84.41668835123667	1.7166565050339067	0.020261478865593558	0.036478318101641725
84.51689223197853	1.7186868036907574	0.020261831208824365	0.036478318101641725
84.61709611272038	1.7207171376877257	0.020262183966244393	0.036478318101641725
84.71729999346223	1.7227475070660954	0.020262537137869734	0.036478318101641725
84.81750387420409	1.7247779118671502	0.020262890723716485	0.036478318101641725
84.91770775494595	1.7268083521321742	0.020263244723800734	0.036478318101641725
85.01791163568781	1.7288388279024511	0.02026359913813858	0.036478318101641725
85.11811551642967	1.730869339219264	0.02026395396674612	0.036478318101641725
85.21831939717153	1.7328998861238976	0.02026430920963944	0.036478318101641725
85.31852327791339	1.7349304686576348	0.020264664866834634	0.036478318101641725
85.41872715865524	1.7369610868617595	0.020265020938347804	0.036478318101641725
85.5189310393971	1.7389917407775557	0.020265377424195034	0.036478318101641725
85.61913492013895	1.7410224304463067	0.020265734324392423	0.036478318101641725
85.7193388008808	1.7430531559092963	0.020266091638956065	0.036478318101641725
85.81954268162266	1.745083917207809	0.02026644936790205	0.036478318101641725
85.91974656236454	1.7471147143831276	0.02026680751124648	0.036478318101641725
86.0199504431064	1.749145547476536	0.02026716606900544	0.036478318101641725
86.12015432384825	1.7511764165293178	0.020267525041195025	0.036478318101641725
86.22035820459011	1.7532073215827575	0.020267884427831333	0.036478318101641725
86.32056208533197	1.7552382626781378	0.020268244228930456	0.036478318101641725
86.42076596607382	1.7572692398567429	0.020268604444508485	0.036478318101641725
86.52096984681567	1.7593002531598567	0.020268965074581514	0.036478318101641725
86.62117372755753	1.7613313026287627	0.020269326119165643	0.036478318101641725
86.72137760829939	1.7633623883047447	0.02026968757827696	0.036478318101641725
86.82158148904125	1.7653935102290865	0.02027004945193156	0.036478318101641725
86.92178536978311	1.7674246684430712	0.020270411740145537	0.036478318101641725
87.02198925052497	1.7694558629879835	0.020270774442934986	0.036478318101641725
87.12219313126683	1.7714870939051064	0.020271137560315997	0.036478318101641725
87.22239701200868	1.7735183612357237	0.020271501092304668	0.036478318101641725
87.32260089275054	1.7755496650211193	0.02027186503891709	0.036478318101641725
87.42280477349239	1.7775810053025771	0.02027222940016936	0.036478318101641725
87.52300865423425	1.7796123821213805	0.020272594176077564	0.036478318101641725
87.6232125349761	1.7816437955188134	0.020272959366657805	0.036478318101641725
87.72341641571796	1.783675245536159	0.020273324971926174	0.036478318101641725
87.82362029645984	1.785706732214702	0.02027369099189876	0.036478318101641725
87.9238241772017	1.7877382555957255	0.020274057426591666	0.036478318101641725
88.02402805794355	1.7897698157205135	0.020274424276020976	0.036478318101641725
88.12423193868541	1.7918014126303494	0.02027479154020279	0.036478318101641725
88.22443581942726	1.7938330463665166	0.0202751592191532	0.036478318101641725
88.32463970016912	1.7958647169702995	0.020275527312888297	0.036478318101641725
88.42484358091097	1.7978964244829818	0.020275895821424177	0.036478318101641725
88.52504746165283	1.7999281689458466	0.020276264744776937	0.036478318101641725
88.62525134239469	1.8019599504001782	0.020276634082962666	0.036478318101641725
88.72545522313655	1.8039917688872604	0.02027700383599746	0.036478318101641725
88.82565910387841	1.8060236244483763	0.020277374003897414	0.036478318101641725
88.92586298462027	1.80805551712481	0.02027774458667862	0.036478318101641725
89.02606686536213	1.8100874469578456	0.02027811558435717	0.036478318101641725
89.12627074610398	1.812119413988766	0.02027848699694916	0.036478318101641725
89.22647462684583	1.8141514182588554	0.020278858824470683	0.036478318101641725
89.32667850758769	1.8161834598093973	0.020279231066937832	0.036478318101641725
89.42688238832955	1.818215538681676	0.020279603724366702	0.036478318101641725
89.5270862690714	1.8202476549169746	0.02027997679677339	0.036478318101641725
89.62729014981326	1.8222798085565768	0.020280350284173982	0.036478318101641725
89.72749403055514	1.8243119996417674	0.02028072418658458	0.036478318101641725
89.827697911297	1.8263442282138285	0.02028109850402127	0.036478318101641725
89.92790179203885	1.8283764943140444	0.020281473236500154	0.036478318101641725
90.0281056727807	1.8304087979836994	0.020281848384037317	0.036478318101641725
90.12830955352256	1.8324411392640765	0.020282223946648862	0.036478318101641725
90.22851343426441	1.83447351819646	0.020282599924350872	0.036478318101641725
90.32871731500627	1.8365059348221333	0.020282976317159453	0.036478318101641725
90.42892119574813	1.8385383891823803	0.02028335312509069	0.036478318101641725
90.52912507648999	1.8405708813184845	0.020283730348160674	0.036478318101641725
90.62932895723185	1.8426034112717296	0.02028410798638551	0.036478318101641725
90.72953283797371	1.8446359790833995	0.020284486039781283	0.036478318101641725
90.82973671871557	1.8466685847947777	0.02028486450836409	0.036478318101641725
90.92994059945742	1.848701228447148	0.020285243392150026	0.036478318101641725
91.03014448019927	1.8507339100817948	0.02028562269115518	0.036478318101641725
91.13034836094113	1.8527666297400005	0.02028600240539565	0.036478318101641725
91.23055224168299	1.85479938746305	0.02028638253488753	0.036478318101641725
91.33075612242484	1.8568321832922265	0.02028676307964691	0.036478318101641725
91.4309600031667	1.8588650172688137	0.020287144039689887	0.036478318101641725
91.53116388390856	1.8608978894340953	0.02028752541503255	0.036478318101641725
91.63136776465043	1.8629307998293556	0.020287907205691	0.036478318101641725
91.7315716453923	1.8649637484958772	0.02028828941168133	0.036478318101641725
91.83177552613414	1.8669967354749448	0.020288672033019626	0.036478318101641725
91.931979406876	1.8690297608078419	0.02028905506972199	0.036478318101641725
92.03218328761785	1.8710628245358518	0.02028943852180451	0.036478318101641725
92.13238716835971	1.873095926700258	0.02028982238928328	0.036478318101641725
92.23259104910157	1.8751290673423457	0.0202902066721744	0.036478318101641725
92.33279492984343	1.877162246503397	0.020290591370493962	0.036478318101641725
92.43299881058529	1.8791954642246966	0.020290976484258053	0.036478318101641725
92.53320269132715	1.881228720547528	0.020291362013482774	0.036478318101641725
92.633406572069	1.8832620155131745	0.020291747958184215	0.036478318101641725
92.73361045281086	1.88529534916292	0.02029213431837847	0.036478318101641725
92.83381433355271	1.8873287215380485	0.020292521094081632	0.036478318101641725
92.93401821429457	1.8893621326798438	0.0202929082853098	0.036478318101641725
93.03422209503643	1.8913955826295887	0.020293295892079063	0.036478318101641725
93.13442597577829	1.8934290714285686	0.020293683914405513	0.036478318101641725
93.23462985652014	1.895462599118066	0.02029407235230525	0.036478318101641725
93.334833737262	1.8974961657393643	0.020294461205794364	0.036478318101641725
93.43503761800386	1.8995297713337478	0.020294850474888947	0.036478318101641725
93.53524149874572	1.9015634159425008	0.020295240159605096	0.036478318101641725
93.63544537948758	1.9035970996069063	0.020295630259958904	0.036478318101641725
93.73564926022944	1.9056308223682477	0.020296020775966463	0.036478318101641725
93.8358531409713	1.9076645842678093	0.020296411707643867	0.036478318101641725
93.93605702171315	1.9096983853468745	0.020296803055007213	0.036478318101641725
94.03626090245501	1.9117322256467277	0.020297194818072593	0.036478318101641725
94.13646478319687	1.9137661052086519	0.0202975869968561	0.036478318101641725
94.23666866393873	1.9158000240739308	0.02029797959137383	0.036478318101641725
94.33687254468059	1.9178339822838484	0.02029837260164187	0.036478318101641725
94.43707642542245	1.919867979879688	0.020298766027676322	0.036478318101641725
94.5372803061643	1.921902016902734	0.020299159869493277	0.036478318101641725
94.63748418690615	1.9239360933942704	0.020299554127108824	0.036478318101641725
94.73768806764801	1.9259702093955795	0.020299948800539064	0.036478318101641725
94.83789194838987	1.9280043649479461	0.020300343889800086	0.036478318101641725
94.93809582913173	1.9300385600926542	0.020300739394907986	0.036478318101641725
95.03829970987358	1.9320727948709862	0.02030113531587886	0.036478318101641725
95.13850359061544	1.9341070693242268	0.020301531652728796	0.036478318101641725
95.2387074713573	1.9361413834936596	0.02030192840547389	0.036478318101641725
95.33891135209916	1.9381757374205684	0.02030232557413024	0.036478318101641725
95.43911523284102	1.940210131146237	0.020302723158713933	0.036478318101641725
95.53931911358288	1.942244564711948	0.020303121159241065	0.036478318101641725
95.63952299432474	1.944279038158987	0.020303519575727735	0.036478318101641725
95.7397268750666	1.946313551528636	0.020303918408190028	0.036478318101641725
95.83993075580845	1.9483481048621796	0.020304317656644044	0.036478318101641725
95.94013463655031	1.9503826982009014	0.020304717321105874	0.036478318101641725
96.04033851729217	1.9524173315860853	0.020305117401591615	0.036478318101641725
96.14054239803403	1.9544520050590144	0.020305517898117357	0.036478318101641725
96.24074627877589	1.956486718660973	0.020305918810699194	0.036478318101641725
96.34095015951773	1.9585214724332447	0.020306320139353226	0.036478318101641725
96.44115404025959	1.9605562664171132	0.020306721884095536	0.036478318101641725
96.54135792100145	1.9625911006538619	0.020307124044942226	0.036478318101641725
96.64156180174331	1.964625975184775	0.020307526621909388	0.036478318101641725
96.74176568248517	1.966660890051136	0.020307929615013112	0.036478318101641725
96.84196956322702	1.9686958452942287	0.020308333024269497	0.036478318101641725
96.94217344396888	1.9707308409553366	0.020308736849694635	0.036478318101641725
97.04237732471074	1.972765877075744	0.020309141091304616	0.036478318101641725
97.1425812054526	1.9748009536967337	0.02030954574911554	0.036478318101641725
97.24278508619446	1.9768360708595902	0.020309950823143498	0.036478318101641725
97.34298896693632	1.978871228605597	0.02031035631340458	0.036478318101641725
97.44319284767818	1.9809064269760377	0.020310762219914888	0.036478318101641725
97.54339672842003	1.982941666012196	0.020311168542690508	0.036478318101641725
97.6436006091619	1.984976945755355	0.020311575281747537	0.036478318101641725
97.74380448990375	1.9870122662467997	0.02031198243710207	0.036478318101641725
97.84400837064561	1.9890476275278135	0.0203123900087702	0.036478318101641725
97.94421225138747	1.9910830296396798	0.020312797996768016	0.036478318101641725
98.04441613212933	1.9931184726236824	0.02031320640111162	0.036478318101641725
98.14462001287117	1.9951539565211047	0.0203136152218171	0.036478318101641725
98.24482389361303	1.9971894813732307	0.02031402445890055	0.036478318101641725
98.34502777435489	1.9992250472213438	0.020314434112378068	0.036478318101641725
98.44523165509675	2.0012606541067286	0.020314844182265743	0.036478318101641725
98.5454355358386	2.0032963020706682	0.02031525466857967	0.036478318101641725
98.64563941658047	2.0053319911544465	0.020315665571335944	0.036478318101641725
98.74584329732232	2.0073677213993473	0.02031607689055066	0.036478318101641725
98.84604717806418	2.0094034928466535	0.020316488626239908	0.036478318101641725
98.94625105880604	2.0114393055376496	0.020316900778419782	0.036478318101641725
99.0464549395479	2.0134751595136193	0.02031731334710638	0.036478318101641725
99.14665882028976	2.015511054815846	0.02031772633231579	0.036478318101641725
99.24686270103162	2.017546991485615	0.02031813973406411	0.036478318101641725
99.34706658177348	2.019582969564207	0.020318553552367436	0.036478318101641725
99.44727046251533	2.0216189890929077	0.020318967787241855	0.036478318101641725
99.54747434325719	2.0236550501130006	0.020319382438703466	0.036478318101641725
99.64767822399905	2.025691152665769	0.02031979750676836	0.036478318101641725
99.74788210474091	2.0277272967924973	0.020320212991452632	0.036478318101641725
99.84808598548277	2.029763482534469	0.020320628892772374	0.036478318101641725
99.94828986622461	2.031799709932967	0.020321045210743682	0.036478318101641725
100.04849374696647	2.033835979029276	0.02032146194538265	0.036478318101641725
100.14869762770833	2.0358722898646793	0.02032187909670537	0.036478318101641725
100.24890150845019	2.037908642480461	0.020322296664727936	0.036478318101641725
100.34910538919205	2.039945036917904	0.020322714649466445	0.036478318101641725
100.4493092699339	2.0419814732182933	0.020323133050936984	0.036478318101641725
100.54951315067576	2.044017951422911	0.020323551869155652	0.036478318101641725
100.64971703141762	2.046054471573042	0.02032397110413854	0.036478318101641725
100.74992091215948	2.04809103370997	0.020324390755901745	0.036478318101641725
100.85012479290134	2.0501276378749784	0.02032481082446136	0.036478318101641725
100.95032867364318	2.052164284109351	0.020325231309833477	0.036478318101641725
101.05053255438504	2.054200972454371	0.02032565221203419	0.036478318101641725
101.15073643512692	2.056237702951323	0.020326073531079594	0.036478318101641725
101.25094031586877	2.05827447564149	0.02032649526698578	0.036478318101641725
101.35114419661063	2.0603112905661565	0.020326917419768845	0.036478318101641725
101.45134807735248	2.0623481477666052	0.02032733998944488	0.036478318101641725
