x	chi	dchidx	s0
0.0003502922574578671	0.0	0.6878738499867544	0.6878738499867544
0.013959594519873122	0.00936147536622721	0.6878721819800586	0.6878738499867544
0.027568896782288375	0.018722906605194756	0.6878673657673422	0.6878738499867544
0.041178199044703635	0.028084250882261796	0.6878594022161831	0.6878738499867544
0.05478750130711888	0.03744546536496895	0.68784829136322	0.6878738499867544
0.06839680356953413	0.046806507220899025	0.6878340332330634	0.6878738499867544
0.0820061058319494	0.056167333617677014	0.6878166278382947	0.6878738499867544
0.09561540809436465	0.06552790172297006	0.6877960751794675	0.6878738499867544
0.1092247103567799	0.07488816870448753	0.6877723752451068	0.6878738499867544
0.12283401261919517	0.08424809172998092	0.6877455280117094	0.6878738499867544
0.1364433148816104	0.09360762792008052	0.6877155334570663	0.6878738499867544
0.15005261714402568	0.10296673418288964	0.6876823916185668	0.6878738499867544
0.16366191940644095	0.11232536767653048	0.6876461024734095	0.6878738499867544
0.17727122166885617	0.12168348560262782	0.6876066659845528	0.6878738499867544
0.19088052393127145	0.13104104516064663	0.6875640821125649	0.6878738499867544
0.2044898261936867	0.14039800354789198	0.6875183508156246	0.6878738499867544
0.21809912845610196	0.14975431795950908	0.6874694720495209	0.6878738499867544
0.23170843071851718	0.1591099455884833	0.6874174457676526	0.6878738499867544
0.24531773298093248	0.16846484362564013	0.6873622719210292	0.6878738499867544
0.2589270352433477	0.1778189692596452	0.6873039504582698	0.6878738499867544
0.27253633750576295	0.18717227967700417	0.6872424813256042	0.6878738499867544
0.28614563976817825	0.1965247320620632	0.6871778644668722	0.6878738499867544
0.2997549420305935	0.2058762835970081	0.6871100998235238	0.6878738499867544
0.31336424429300874	0.21522689146186513	0.6870391873346191	0.6878738499867544
0.326973546555424	0.22457651283450067	0.6869651269368285	0.6878738499867544
0.34058284881783923	0.23392510489062113	0.6868879185644325	0.6878738499867544
0.3541921510802545	0.2432726248037731	0.686807562149322	0.6878738499867544
0.3678014533426697	0.25261902974534334	0.686724057620998	0.6878738499867544
0.38141075560508503	0.2619642768845587	0.6866374049065712	0.6878738499867544
0.3950200578675003	0.27130832338848626	0.6865476039307633	0.6878738499867544
0.4086293601299155	0.28065112642203316	0.6864546546159057	0.6878738499867544
0.42223866239233077	0.2899926431479465	0.6863585568819401	0.6878738499867544
0.435847964654746	0.299332830726814	0.6862593106464183	0.6878738499867544
0.4494572669171612	0.308671646317063	0.6861569158245026	0.6878738499867544
0.46306656917957645	0.31800904707496136	0.6860513723289648	0.6878738499867544
0.4766758714419917	0.3273449901546168	0.6859426800701879	0.6878738499867544
0.49028517370440705	0.3366794327079775	0.6858308389561641	0.6878738499867544
0.5038944759668222	0.3460123318848314	0.6857158488924966	0.6878738499867544
0.5175037782292375	0.35534364483280667	0.6855977097823981	0.6878738499867544
0.5311130804916527	0.3646733286973719	0.685476421526692	0.6878738499867544
0.544722382754068	0.37400134062183565	0.6853519840238115	0.6878738499867544
0.5583316850164832	0.38332763774734646	0.6852243971698004	0.6878738499867544
0.5719409872788985	0.39265217721289314	0.6850936608583124	0.6878738499867544
0.5855502895413138	0.4019749161553049	0.6849597749806114	0.6878738499867544
0.599159591803729	0.4112958117092502	0.6848227394255717	0.6878738499867544
0.6127688940661443	0.4206148210072391	0.6846825540796775	0.6878738499867544
0.6263781963285595	0.4299319011796203	0.6845392188270233	0.6878738499867544
0.6399874985909748	0.4392470093545837	0.684392733549314	0.6878738499867544
0.6535968008533901	0.4485601026581587	0.6842430981258643	0.6878738499867544
0.6672061031158053	0.4578711382142151	0.6840903124335994	0.6878738499867544
0.6808154053782206	0.4671800731444631	0.6839343763470547	0.6878738499867544
0.6944247076406358	0.47648686456845224	0.6837752897383755	0.6878738499867544
0.7080340099030511	0.48579146960357333	0.6836130524773176	0.6878738499867544
0.7216433121654663	0.4950938453650562	0.6834476644312467	0.6878738499867544
0.7352526144278816	0.5043939489659716	0.683279125465139	0.6878738499867544
0.7488619166902969	0.5136917375172301	0.6831074354415806	0.6878738499867544
0.7624712189527121	0.5229871681275822	0.6829325942207681	0.6878738499867544
0.7760805212151274	0.5322801979036192	0.6827546016605079	0.6878738499867544
0.7896898234775426	0.5415707839497718	0.682573457616217	0.6878738499867544
0.8032991257399579	0.5508588833683112	0.6823891619409223	0.6878738499867544
0.8169084280023731	0.5601444532593487	0.6822017144852609	0.6878738499867544
0.8305177302647884	0.569427450720836	0.6820111150974802	0.6878738499867544
0.8441270325272037	0.5787078328485644	0.6818173636234379	0.6878738499867544
0.8577363347896189	0.5879855567361657	0.6816204599066017	0.6878738499867544
0.8713456370520342	0.5972605794751118	0.6814204037880494	0.6878738499867544
0.8849549393144495	0.6065328581547147	0.6812171951064693	0.6878738499867544
0.8985642415768647	0.6158023498621262	0.6810108336981595	0.6878738499867544
0.91217354383928	0.6250690116823392	0.6808013193970287	0.6878738499867544
0.925782846101695	0.6343328006981854	0.6805886520345956	0.6878738499867544
0.9393921483641104	0.643593673990338	0.680372831439989	0.6878738499867544
0.9530014506265255	0.6528515886373091	0.6801538574399479	0.6878738499867544
0.9666107528889409	0.6621065017154519	0.6799317298588218	0.6878738499867544
0.9802200551513562	0.6713583702989594	0.6797064485185699	0.6878738499867544
0.9938293574137714	0.6806071514598643	0.679478013238762	0.6878738499867544
1.0074386596761866	0.6898528022680402	0.6792464238365779	0.6878738499867544
1.021047961938602	0.6990952797912003	0.6790116801268075	0.6878738499867544
1.0346572642010172	0.7083345410948981	0.6787737819218511	0.6878738499867544
1.0482665664634325	0.7175705432425277	0.6785327290317191	0.6878738499867544
1.0618758687258476	0.7268032432953222	0.6782885212640322	0.6878738499867544
1.075485170988263	0.7360325983123559	0.6780411584240209	0.6878738499867544
1.0890944732506782	0.7452585653505427	0.6777906403145264	0.6878738499867544
1.1027037755130935	0.754481101464637	0.6775369667359998	0.6878738499867544
1.1163130777755086	0.7637001637072329	0.6772801374865024	0.6878738499867544
1.129922380037924	0.7729157091287653	0.6770201523617058	0.6878738499867544
1.1435316823003394	0.7821276947775084	0.6767570111548916	0.6878738499867544
1.1571409845627545	0.7913360776995773	0.6764907136569519	0.6878738499867544
1.1707502868251698	0.8005408149389263	0.6762212596563886	0.6878738499867544
1.1843595890875849	0.809741863537351	0.6759486489393142	0.6878738499867544
1.1979688913500002	0.8189391805344864	0.6756728812894509	0.6878738499867544
1.2115781936124155	0.8281327229678077	0.6753939564881316	0.6878738499867544
1.2251874958748308	0.8373224478726308	0.6751118743142991	0.6878738499867544
1.238796798137246	0.8465083122821107	0.6748266345445064	0.6878738499867544
1.2524061003996612	0.8556902732272434	0.6745382369529168	0.6878738499867544
1.2660154026620765	0.8648682877368651	0.6742466813113037	0.6878738499867544
1.2796247049244918	0.8740423128376508	0.6739519673890507	0.6878738499867544
1.293234007186907	0.8832123055541174	0.6736540949531516	0.6878738499867544
1.3068433094493224	0.8923785696496305	0.6733467674024968	0.6878738499867544
1.3204526117117374	0.9015402477251997	0.6730210425806389	0.6878738499867544
1.3340619139741527	0.910697124628826	0.6727302399658193	0.6878738499867544
1.347671216236568	0.9198510931155981	0.6726040761003649	0.6878738499867544
1.3498286250036773	0.921302178211396	0.6726070100390124	0.6878738499867544
1.3519860337707863	0.9227532696416051	0.6726099484668205	0.6878738499867544
1.3541434425378958	0.9242043674159178	0.6726128913838612	0.6878738499867544
1.3563008513050048	0.9256554715440259	0.6726158387902059	0.6878738499867544
1.358458260072114	0.9271065820356218	0.6726187906859267	0.6878738499867544
1.3606156688392232	0.9285576989003972	0.6726217470710951	0.6878738499867544
1.3627730776063325	0.9300088221480447	0.6726247079457831	0.6878738499867544
1.3649304863734417	0.931459951788256	0.6726276733100623	0.6878738499867544
1.367087895140551	0.9329110878307232	0.6726306431640046	0.6878738499867544
1.3692453039076602	0.9343622302851387	0.6726336175076815	0.6878738499867544
1.3714027126747692	0.9358133791611942	0.672636596341165	0.6878738499867544
1.3735601214418787	0.9372645344685823	0.6726395796645268	0.6878738499867544
1.3757175302089877	0.9387156962169946	0.6726425674778387	0.6878738499867544
1.377874938976097	0.9401668644161234	0.6726455597811724	0.6878738499867544
1.3800323477432062	0.941618039075661	0.6726485565745997	0.6878738499867544
1.3821897565103154	0.943069220205299	0.6726515578581923	0.6878738499867544
1.3843471652774246	0.94452040781473	0.672654563632022	0.6878738499867544
1.3865045740445339	0.9459716019136457	0.6726575738961607	0.6878738499867544
1.388661982811643	0.9474228025117386	0.6726605886506798	0.6878738499867544
1.3908193915787521	0.9488740096187004	0.6726636078956515	0.6878738499867544
1.3929768003458614	0.9503252232442235	0.6726666316311473	0.6878738499867544
1.3951342091129708	0.9517764433979999	0.672669659857239	0.6878738499867544
1.3972916178800798	0.9532276700897215	0.6726726925739984	0.6878738499867544
1.399449026647189	0.9546789033290808	0.6726757297814973	0.6878738499867544
1.4016064354142983	0.9561301431257694	0.6726787714798073	0.6878738499867544
1.4037638441814075	0.9575813894894799	0.6726818176690004	0.6878738499867544
1.4059212529485166	0.9590326424299039	0.6726848683491481	0.6878738499867544
1.408078661715626	0.9604839019567339	0.6726879235203224	0.6878738499867544
1.4102360704827352	0.961935168079662	0.6726909831825949	0.6878738499867544
1.4123934792498443	0.9633864408083799	0.6726940473360374	0.6878738499867544
1.4145508880169537	0.9648377201525801	0.6726971159807218	0.6878738499867544
1.4167082967840627	0.9662890061219543	0.6727001891167197	0.6878738499867544
1.418865705551172	0.9677402987261952	0.672703266744103	0.6878738499867544
1.4210231143182812	0.9691915979749942	0.6727063488629432	0.6878738499867544
1.4231805230853904	0.9706429038780439	0.6727094354733123	0.6878738499867544
1.4253379318524997	0.9720942164450362	0.6727125265752821	0.6878738499867544
1.427495340619609	0.9735455356856632	0.6727156221689242	0.6878738499867544
1.4296527493867182	0.9749968616096171	0.6727187222543104	0.6878738499867544
1.4318101581538272	0.9764481942265897	0.6727218268315125	0.6878738499867544
1.4339675669209366	0.9778995335462735	0.6727249359006022	0.6878738499867544
1.4361249756880456	0.9793508795783602	0.6727280494616514	0.6878738499867544
1.4382823844551549	0.9808022323325424	0.6727311675147317	0.6878738499867544
1.4404397932222641	0.9822535918185116	0.672734290059915	0.6878738499867544
1.4425972019893734	0.9837049580459604	0.6727374170972731	0.6878738499867544
1.4447546107564826	0.9851563310245807	0.6727405486268775	0.6878738499867544
1.4469120195235916	0.9866077107640644	0.6727436846488002	0.6878738499867544
1.449069428290701	0.988059097274104	0.6727468251631128	0.6878738499867544
1.45122683705781	0.9895104905643912	0.6727499701698872	0.6878738499867544
1.4533842458249193	0.9909618906446184	0.6727531196691952	0.6878738499867544
1.4555416545920288	0.9924132975244776	0.6727562736611085	0.6878738499867544
1.4576990633591378	0.9938647112136607	0.6727594321456987	0.6878738499867544
1.459856472126247	0.9953161317218601	0.6727625951230377	0.6878738499867544
1.4620138808933563	0.9967675590587677	0.6727657625931973	0.6878738499867544
1.4641712896604655	0.9982189932340757	0.6727689345562493	0.6878738499867544
1.4663286984275745	0.999670434257476	0.6727721110122654	0.6878738499867544
1.468486107194684	1.0011218821386612	0.6727752919613172	0.6878738499867544
1.470643515961793	1.0025733368873226	0.6727784774034768	0.6878738499867544
1.4728009247289022	1.0040247985131532	0.6727816673388157	0.6878738499867544
1.4749583334960117	1.0054762670258444	0.6727848617674057	0.6878738499867544
1.4771157422631207	1.0069277424350884	0.6727880606893187	0.6878738499867544
1.47927315103023	1.0083792247505778	0.6727912641046263	0.6878738499867544
1.4814305597973392	1.009830713982004	0.6727944720134004	0.6878738499867544
1.4835879685644484	1.0112822101390595	0.6727976844157126	0.6878738499867544
1.4857453773315576	1.0127337132314365	0.6728009013116348	0.6878738499867544
1.4879027860986669	1.0141852232688267	0.6728041227012387	0.6878738499867544
1.4900601948657761	1.0156367402609225	0.6728073485845961	0.6878738499867544
1.4922176036328851	1.017088264217416	0.6728105789617788	0.6878738499867544
1.4943750123999944	1.018539795147999	0.6728138138328584	0.6878738499867544
1.4965324211671036	1.019991333062364	0.6728170531979069	0.6878738499867544
1.4986898299342128	1.021442877970203	0.6728202970569958	0.6878738499867544
1.5008472387013219	1.0228944298812077	0.6728235454101971	0.6878738499867544
1.5030046474684313	1.0243459888050706	0.6728267982575823	0.6878738499867544
1.5051620562355406	1.0257975547514837	0.6728300555992235	0.6878738499867544
1.5073194650026496	1.0272491277301392	0.6728333174351921	0.6878738499867544
1.509476873769759	1.0287007077507289	0.6728365837655602	0.6878738499867544
1.511634282536868	1.0301522948229451	0.6728398545903994	0.6878738499867544
1.5137916913039773	1.03160388895648	0.6728431299097815	0.6878738499867544
1.5159491000710867	1.0330554901610256	0.6728464097237781	0.6878738499867544
1.5181065088381958	1.0345070993127143	0.6728496943374955	0.6878738499867544
1.520263917605305	1.0359587165949038	0.6728529838118505	0.6878738499867544
1.5224213263724142	1.0374103409567688	0.6728562777734465	0.6878738499867544
1.5245787351395235	1.0388619724081023	0.6728595762223937	0.6878738499867544
1.5267361439066325	1.0403136109586972	0.6728628791588027	0.6878738499867544
1.528893552673742	1.0417652566183466	0.6728661865827842	0.6878738499867544
1.531050961440851	1.0432169093968429	0.6728694984944485	0.6878738499867544
1.5332083702079602	1.0446685693039794	0.6728728148939063	0.6878738499867544
1.5353657789750694	1.0461202363495485	0.6728761357812679	0.6878738499867544
1.5375231877421787	1.0475719105433434	0.6728794611566441	0.6878738499867544
1.539680596509288	1.0490235918951567	0.6728827910201453	0.6878738499867544
1.5418380052763971	1.0504752804147812	0.672886125371882	0.6878738499867544
1.5439954140435064	1.0519269761120102	0.6728894642119647	0.6878738499867544
1.5461528228106156	1.0533786789966362	0.672892807540504	0.6878738499867544
1.5483102315777246	1.0548303890784518	0.6728961553576104	0.6878738499867544
1.550467640344834	1.0562821063672505	0.6728995076633945	0.6878738499867544
1.552625049111943	1.0577338308728244	0.6729028644579667	0.6878738499867544
1.5547824578790523	1.0591855626049669	0.6729062257414374	0.6878738499867544
1.5569398666461616	1.0606373015734707	0.6729095915139175	0.6878738499867544
1.5590972754132708	1.0620890477881286	0.6729129617755173	0.6878738499867544
1.5612546841803798	1.0635408012587333	0.6729163365263473	0.6878738499867544
1.5634120929474893	1.064992561995078	0.6729197157665182	0.6878738499867544
1.5655695017145985	1.0664443300069555	0.6729230994961403	0.6878738499867544
1.5677269104817075	1.067896105304158	0.6729264877153243	0.6878738499867544
1.569884319248817	1.0693478878964793	0.6729298804241806	0.6878738499867544
1.572041728015926	1.0707996777937117	0.6729332776228197	0.6878738499867544
1.5741991367830352	1.072251475005648	0.6729366793113524	0.6878738499867544
1.5763565455501447	1.0737032795420813	0.6729400854898888	0.6878738499867544
1.5785139543172537	1.075155091412804	0.6729434961585399	0.6878738499867544
1.5806713630843627	1.0766069106276097	0.6729469113174158	0.6878738499867544
1.5828287718514722	1.0780587371962906	0.6729503309666273	0.6878738499867544
1.5849861806185814	1.07951057112864	0.6729537551062847	0.6878738499867544
1.5871435893856904	1.0809624124344501	0.6729571837364988	0.6878738499867544
1.5893009981528	1.0824142611235146	0.67296061685738	0.6878738499867544
1.591458406919909	1.0838661172056256	0.6729640544690387	0.6878738499867544
1.5936158156870182	1.0853179806905764	0.6729674965715856	0.6878738499867544
1.5957732244541274	1.0867698515881596	0.6729709431651312	0.6878738499867544
1.5979306332212366	1.0882217299081682	0.6729743942497859	0.6878738499867544
1.6000880419883459	1.089673615660395	0.6729778498256603	0.6878738499867544
1.6022454507554549	1.0911255088546328	0.672981309892865	0.6878738499867544
1.6044028595225643	1.0925774095006746	0.6729847744515105	0.6878738499867544
1.6065602682896736	1.0940293176083131	0.6729882435017072	0.6878738499867544
1.6087176770567826	1.095481233187341	0.6729917170435658	0.6878738499867544
1.6108750858238918	1.0969331562475513	0.6729951950771966	0.6878738499867544
1.613032494591001	1.098385086798737	0.6729986776027104	0.6878738499867544
1.6151899033581103	1.099837024850691	0.6730021646202174	0.6878738499867544
1.6173473121252195	1.1012889704132056	0.6730056561298285	0.6878738499867544
1.6195047208923288	1.1027409234960743	0.673009152131654	0.6878738499867544
1.6216621296594378	1.1041928841090893	0.6730126526258045	0.6878738499867544
1.6238195384265472	1.1056448522620441	0.6730161576123904	0.6878738499867544
1.6259769471936565	1.1070968279647313	0.6730196670915224	0.6878738499867544
1.6281343559607655	1.1085488112269435	0.6730231810633108	0.6878738499867544
1.630291764727875	1.1100008020584737	0.6730266995278664	0.6878738499867544
1.632449173494984	1.1114528004691149	0.6730302224852996	0.6878738499867544
1.6346065822620932	1.1129048064686597	0.6730337499357208	0.6878738499867544
1.6367639910292024	1.1143568200669014	0.6730372818792408	0.6878738499867544
1.6389213997963117	1.1158088412736322	0.6730408183159698	0.6878738499867544
1.6410788085634207	1.1172608700986453	0.6730443592460187	0.6878738499867544
1.6432362173305302	1.1187129065517336	0.6730479046694977	0.6878738499867544
1.6453936260976394	1.1201649506426898	0.6730514545865174	0.6878738499867544
1.6475510348647484	1.1216170023813068	0.6730550089971884	0.6878738499867544
1.6497084436318576	1.1230690617773775	0.6730585679016212	0.6878738499867544
1.6518658523989669	1.1245211288406947	0.6730621312999264	0.6878738499867544
1.6540232611660761	1.1259732035810512	0.6730656991922144	0.6878738499867544
1.6561806699331854	1.1274252860082399	0.6730692715785958	0.6878738499867544
1.6583380787002946	1.1288773761320536	0.673072848459181	0.6878738499867544
1.6604954874674038	1.1303294739622853	0.6730764298340807	0.6878738499867544
1.6626528962345128	1.1317815795087276	0.6730800157034054	0.6878738499867544
1.6648103050016223	1.1332336927811735	0.6730836060672655	0.6878738499867544
1.6669677137687315	1.134685813789416	0.6730872009257716	0.6878738499867544
1.6691251225358406	1.1361379425432476	0.6730908002790341	0.6878738499867544
1.6712825313029498	1.1375900790524611	0.6730944041271638	0.6878738499867544
1.673439940070059	1.1390422233268498	0.6730980124702711	0.6878738499867544
1.6755973488371683	1.1404943753762065	0.6731016253084665	0.6878738499867544
1.6777547576042775	1.1419465352103235	0.6731052426418604	0.6878738499867544
1.6799121663713867	1.143398702838994	0.6731088644705636	0.6878738499867544
1.6820695751384958	1.144850878272011	0.6731124907946864	0.6878738499867544
1.6842269839056052	1.1463030615191672	0.6731161216143394	0.6878738499867544
1.6863843926727144	1.1477552525902555	0.6731197569296332	0.6878738499867544
1.6885418014398235	1.1492074514950685	0.6731233967406782	0.6878738499867544
1.6906992102069327	1.1506596582433994	0.6731270410475849	0.6878738499867544
1.692856618974042	1.1521118728450406	0.6731306898504641	0.6878738499867544
1.6950140277411512	1.1535640953097854	0.673134343149426	0.6878738499867544
1.6971714365082604	1.1550163256474266	0.6731380009445812	0.6878738499867544
1.6993288452753696	1.1564685638677568	0.6731416632360404	0.6878738499867544
1.7014862540424787	1.1579208099805687	0.673145330023914	0.6878738499867544
1.703643662809588	1.1593730639956559	0.6731490013083125	0.6878738499867544
1.7058010715766974	1.1608253259228103	0.6731526770893465	0.6878738499867544
1.7079584803438064	1.1622775957718254	0.6731563573671264	0.6878738499867544
1.7101158891109156	1.163729873552494	0.6731600421417628	0.6878738499867544
1.7122732978780248	1.1651821592746083	0.6731637314133663	0.6878738499867544
1.714430706645134	1.166634452947962	0.6731674251820473	0.6878738499867544
1.7165881154122433	1.1680867545823477	0.6731711234479165	0.6878738499867544
1.7187455241793526	1.1695390641875578	0.6731748262110843	0.6878738499867544
1.7209029329464618	1.1709913817733857	0.6731785334716611	0.6878738499867544
1.7230603417135708	1.1724437073496239	0.6731822452297577	0.6878738499867544
1.7252177504806803	1.1738960409260655	0.6731859614854844	0.6878738499867544
1.7273751592477895	1.175348382512503	0.6731896822389518	0.6878738499867544
1.7295325680148985	1.1768007321187297	0.6731934074902705	0.6878738499867544
1.7316899767820078	1.1782530897545378	0.6731971372395509	0.6878738499867544
1.733847385549117	1.179705455429721	0.6732008714869037	0.6878738499867544
1.7360047943162262	1.1811578291540714	0.6732046102324392	0.6878738499867544
1.7381622030833355	1.1826102109373824	0.6732083534762681	0.6878738499867544
1.7403196118504447	1.1840626007894466	0.6732121012185008	0.6878738499867544
1.7424770206175537	1.1855149987200564	0.673215853459248	0.6878738499867544
1.7446344293846632	1.1869674047390055	0.67321961019862	0.6878738499867544
1.7467918381517724	1.1884198188560862	0.6732233714367275	0.6878738499867544
1.7489492469188814	1.1898722410810914	0.673227137173681	0.6878738499867544
1.7511066556859907	1.1913246714238142	0.6732309074095909	0.6878738499867544
1.7532640644531	1.192777109894047	0.6732346821445679	0.6878738499867544
1.7554214732202091	1.194229556501583	0.6732384613787225	0.6878738499867544
1.7575788819873184	1.1956820112562152	0.673242245112165	0.6878738499867544
1.7597362907544274	1.1971344741677359	0.6732460333450062	0.6878738499867544
1.7618936995215366	1.1985869452459383	0.6732498260773565	0.6878738499867544
1.7640511082886459	1.2000394245006154	0.6732536233093265	0.6878738499867544
1.7662085170557553	1.2014919119415597	0.6732574250410266	0.6878738499867544
1.7683659258228646	1.2029444075785642	0.6732612312725673	0.6878738499867544
1.7705233345899734	1.2043969114214215	0.6732650420040593	0.6878738499867544
1.7726807433570828	1.205849423479925	0.6732688572356131	0.6878738499867544
1.774838152124192	1.2073019437638672	0.6732726769673393	0.6878738499867544
1.7769955608913013	1.208754472283041	0.6732765011993481	0.6878738499867544
1.7791529696584107	1.2102070090472392	0.6732803299317502	0.6878738499867544
1.7813103784255195	1.2116595540662543	0.6732841631646563	0.6878738499867544
1.7834677871926288	1.2131121073498798	0.6732880008981766	0.6878738499867544
1.7856251959597382	1.2145646689079084	0.673291843132422	0.6878738499867544
1.7877826047268475	1.2160172387501327	0.6732956898675028	0.6878738499867544
1.7899400134939567	1.2174698168863456	0.6732995411035294	0.6878738499867544
1.7920974222610657	1.21892240332634	0.6733033968406126	0.6878738499867544
1.794254831028175	1.2203749980799086	0.6733072570788627	0.6878738499867544
1.7964122397952842	1.2218276011568447	0.6733111218183904	0.6878738499867544
1.7985696485623932	1.2232802125669404	0.6733149910593061	0.6878738499867544
1.800727057329503	1.2247328323199895	0.6733188648017204	0.6878738499867544
1.8028844660966117	1.2261854604257838	0.6733227430457439	0.6878738499867544
1.805041874863721	1.2276380968941172	0.6733266257914869	0.6878738499867544
1.8071992836308304	1.2290907417347818	0.6733305130390601	0.6878738499867544
1.8093566923979392	1.2305433949575704	0.673334404788574	0.6878738499867544
1.8115141011650484	1.2319960565722763	0.673338301040139	0.6878738499867544
1.8136715099321579	1.2334487265886922	0.6733422017938658	0.6878738499867544
1.815828918699267	1.234901405016611	0.673346107049865	0.6878738499867544
1.8179863274663763	1.2363540918658253	0.6733500168082468	0.6878738499867544
1.8201437362334854	1.237806787146128	0.673353931069122	0.6878738499867544
1.8223011450005946	1.2392594908673122	0.6733578498326009	0.6878738499867544
1.8244585537677038	1.2407122030391706	0.6733617730987943	0.6878738499867544
1.8266159625348133	1.2421649236714962	0.6733657008678126	0.6878738499867544
1.8287733713019225	1.2436176527740814	0.6733696331397662	0.6878738499867544
1.8309307800690313	1.2450703903567193	0.6733735699147658	0.6878738499867544
1.8330881888361408	1.2465231364292029	0.6733775111929218	0.6878738499867544
1.83524559760325	1.247975891001325	0.6733814569743448	0.6878738499867544
1.8374030063703592	1.2494286540828783	0.6733854072591454	0.6878738499867544
1.8395604151374685	1.2508814256836556	0.6733893620474339	0.6878738499867544
1.8417178239045775	1.2523342058134497	0.6733933213393211	0.6878738499867544
1.8438752326716867	1.2537869944820539	0.6733972851349174	0.6878738499867544
1.846032641438796	1.2552397916992608	0.6734012534343331	0.6878738499867544
1.8481900502059054	1.256692597474863	0.6734052262376791	0.6878738499867544
1.8503474589730147	1.2581454118186537	0.6734092035450657	0.6878738499867544
1.8525048677401237	1.2595982347404253	0.6734131853566035	0.6878738499867544
1.854662276507233	1.2610510662499712	0.6734171716724031	0.6878738499867544
1.8568196852743422	1.262503906357084	0.6734211624925749	0.6878738499867544
1.8589770940414512	1.2639567550715562	0.6734251578172294	0.6878738499867544
1.8611345028085604	1.2654096124031813	0.6734291576464773	0.6878738499867544
1.8632919115756696	1.2668624783617517	0.6734331619804289	0.6878738499867544
1.8654493203427789	1.2683153529570603	0.673437170819195	0.6878738499867544
1.8676067291098883	1.2697682361989002	0.6734411841628858	0.6878738499867544
1.8697641378769971	1.2712211280970638	0.6734452020116121	0.6878738499867544
1.8719215466441064	1.2726740286613445	0.6734492243654842	0.6878738499867544
1.8740789554112158	1.2741269379015348	0.6734532512246129	0.6878738499867544
1.876236364178325	1.2755798558274274	0.6734572825891084	0.6878738499867544
1.8783937729454343	1.2770327824488155	0.6734613184590815	0.6878738499867544
1.8805511817125433	1.2784857177754916	0.6734653588346425	0.6878738499867544
1.8827085904796526	1.2799386618172488	0.6734694037159022	0.6878738499867544
1.8848659992467618	1.28139161458388	0.6734734531029709	0.6878738499867544
1.8870234080138713	1.2828445760851779	0.6734775069959592	0.6878738499867544
1.8891808167809805	1.2842975463309354	0.6734815653949777	0.6878738499867544
1.8913382255480893	1.2857505253309451	0.6734856283001368	0.6878738499867544
1.8934956343151987	1.2872035130950001	0.673489695711547	0.6878738499867544
1.895653043082308	1.2886565096328935	0.673493767629319	0.6878738499867544
1.8978104518494172	1.2901095149544177	0.6734978440535632	0.6878738499867544
1.8999678606165264	1.2915625290693658	0.6735019249843901	0.6878738499867544
1.9021252693836355	1.2930155519875302	0.6735060104219103	0.6878738499867544
1.9042826781507447	1.2944685837187042	0.6735101003662343	0.6878738499867544
1.906440086917854	1.2959216242726808	0.6735141948174725	0.6878738499867544
1.9085974956849634	1.2973746736592524	0.6735182937757358	0.6878738499867544
1.9107549044520726	1.2988277318882122	0.6735223972411343	0.6878738499867544
1.9129123132191814	1.3002807989693526	0.6735265052137788	0.6878738499867544
1.9150697219862909	1.3017338749124667	0.6735306176937796	0.6878738499867544
1.9172271307534001	1.3031869597273475	0.6735347346812475	0.6878738499867544
1.9193845395205091	1.3046400534237876	0.6735388561762927	0.6878738499867544
1.9215419482876184	1.3060931560115803	0.6735429821790261	0.6878738499867544
1.9236993570547276	1.307546267500518	0.6735471126895579	0.6878738499867544
1.9258567658218368	1.3089993879003936	0.6735512477079988	0.6878738499867544
1.9280141745889463	1.310452517221	0.6735553872344593	0.6878738499867544
1.930171583356055	1.31190565547213	0.6735595312690499	0.6878738499867544
1.9323289921231643	1.3133588026635765	0.6735636798118811	0.6878738499867544
1.9344864008902738	1.3148119588051324	0.6735678328630634	0.6878738499867544
1.936643809657383	1.3162651239065906	0.6735719904227075	0.6878738499867544
1.9388012184244923	1.3177182979777438	0.6735761524909237	0.6878738499867544
1.9409586271916013	1.3191714810283843	0.6735803190678228	0.6878738499867544
1.9431160359587105	1.3206246730683062	0.673584490153515	0.6878738499867544
1.9452734447258198	1.3220778741073014	0.673588665748111	0.6878738499867544
1.947430853492929	1.3235310841551633	0.6735928458517214	0.6878738499867544
1.9495882622600385	1.3249843032216841	0.6735970304644565	0.6878738499867544
1.9517456710271472	1.326437531316657	0.673601219586427	0.6878738499867544
1.9539030797942567	1.327890768449875	0.6736054132177435	0.6878738499867544
1.956060488561366	1.3293440146311308	0.6736096113585164	0.6878738499867544
1.9582178973284752	1.3307972698702173	0.6736138140088561	0.6878738499867544
1.9603753060955844	1.3322505341769275	0.6736180211688734	0.6878738499867544
1.9625327148626934	1.3337038075610534	0.6736222328386786	0.6878738499867544
1.9646901236298027	1.335157090032389	0.6736264490183823	0.6878738499867544
1.966847532396912	1.3366103816007266	0.673630669708095	0.6878738499867544
1.969004941164021	1.3380636822758587	0.6736348949079274	0.6878738499867544
1.9711623499311306	1.3395169920675791	0.6736391246179898	0.6878738499867544
1.9733197586982394	1.3409703109856796	0.6736433588383929	0.6878738499867544
1.9754771674653488	1.3424236390399538	0.673647597569247	0.6878738499867544
1.977634576232458	1.3438769762401943	0.6736518408106629	0.6878738499867544
1.9797919849995669	1.3453303225961935	0.6736560885627509	0.6878738499867544
1.9819493937666763	1.346783678117745	0.6736603408256217	0.6878738499867544
1.9841068025337856	1.348237042814641	0.6736645975993857	0.6878738499867544
1.9862642113008948	1.349690416696675	0.6736688588841534	0.6878738499867544
1.9884216200680043	1.3511437997736395	0.6736731246800355	0.6878738499867544
1.990579028835113	1.352597192055327	0.6736773949871423	0.6878738499867544
1.9927364376022223	1.3540505935515308	0.6736816698055845	0.6878738499867544
1.9948938463693318	1.3555040042720439	0.6736859491354726	0.6878738499867544
1.997051255136441	1.3569574242266587	0.6736902329769171	0.6878738499867544
1.9992086639035502	1.3584108534251682	0.6736945213300285	0.6878738499867544
2.0013660726706592	1.359864291877365	0.6736988141949173	0.6878738499867544
2.0035234814377683	1.3613177395930427	0.6737031115716942	0.6878738499867544
2.0056808902048777	1.3627711965819935	0.6737074134604694	0.6878738499867544
2.007838298971987	1.3642246628540105	0.6737117198613537	0.6878738499867544
2.009995707739096	1.3656781384188863	0.6737160307744576	0.6878738499867544
2.012153116506205	1.3671316232864137	0.6737203461998915	0.6878738499867544
2.0143105252733147	1.368585117466386	0.6737246661377662	0.6878738499867544
2.0164679340404237	1.3700386209685957	0.6737289905881918	0.6878738499867544
2.018625342807533	1.3714921338028359	0.6737333195512791	0.6878738499867544
2.0207827515746426	1.3729456559788993	0.6737376530271386	0.6878738499867544
2.022940160341751	1.3743991875065784	0.6737419910158808	0.6878738499867544
2.0250975691088606	1.3758527283956665	0.6737463335176163	0.6878738499867544
2.02725497787597	1.3773062786559565	0.6737506805324553	0.6878738499867544
2.0294123866430787	1.3787598382972408	0.6737550320605088	0.6878738499867544
2.0315697954101886	1.380213407329313	0.6737593881018871	0.6878738499867544
2.0337272041772976	1.381666985761965	0.6737637486567006	0.6878738499867544
2.0358846129444066	1.3831205736049903	0.6737681137250601	0.6878738499867544
2.038042021711516	1.3845741708681816	0.6737724833070758	0.6878738499867544
2.040199430478625	1.3860277775613314	0.6737768574028585	0.6878738499867544
2.042356839245734	1.387481393694233	0.6737812360125187	0.6878738499867544
2.0445142480128435	1.3889350192766794	0.6737856191361669	0.6878738499867544
2.046671656779953	1.390388654318463	0.6737900067739134	0.6878738499867544
2.048829065547062	1.3918422988293766	0.673794398925869	0.6878738499867544
2.050986474314171	1.393295952819213	0.6737987955921441	0.6878738499867544
2.0531438830812805	1.3947496162977657	0.6738031967728493	0.6878738499867544
2.0553012918483895	1.396203289274827	0.673807602468095	0.6878738499867544
2.057458700615499	1.39765697176019	0.6738120126779918	0.6878738499867544
2.0596161093826084	1.3991106637636475	0.6738164274026504	0.6878738499867544
2.061773518149717	1.4005643652949917	0.673820846642181	0.6878738499867544
2.0639309269168264	1.4020180763640164	0.6738252703966943	0.6878738499867544
2.066088335683936	1.4034717969805142	0.6738296986663008	0.6878738499867544
2.068245744451045	1.4049255271542775	0.6738341314511112	0.6878738499867544
2.0704031532181544	1.4063792668950996	0.6738385687512356	0.6878738499867544
2.0725605619852634	1.407833016212773	0.673843010566785	0.6878738499867544
2.0747179707523724	1.409286775117091	0.6738474568978696	0.6878738499867544
2.076875379519482	1.4107405436178462	0.6738519077446	0.6878738499867544
2.079032788286591	1.4121943217248312	0.6738563631070869	0.6878738499867544
2.0811901970537003	1.4136481094478393	0.6738608229854406	0.6878738499867544
2.0833476058208094	1.4151019067966628	0.6738652873797717	0.6878738499867544
2.0855050145879184	1.4165557137810951	0.6738697562901907	0.6878738499867544
2.087662423355028	1.4180095304109288	0.6738742297168083	0.6878738499867544
2.089819832122137	1.4194633566959567	0.6738787076597348	0.6878738499867544
2.0919772408892463	1.4209171926459718	0.6738831901190808	0.6878738499867544
2.0941346496563553	1.4223710382707668	0.6738876770949569	0.6878738499867544
2.0962920584234648	1.4238248935801345	0.6738921685874736	0.6878738499867544
2.098449467190574	1.4252787585838682	0.6738966645967412	0.6878738499867544
2.100606875957683	1.42673263329176	0.6739011651228706	0.6878738499867544
2.1027642847247923	1.4281865177136033	0.6739056701659721	0.6878738499867544
2.1049216934919013	1.4296404118591908	0.6739101797261563	0.6878738499867544
2.1070791022590107	1.4310943157383154	0.6739146938035336	0.6878738499867544
2.10923651102612	1.4325482293607696	0.6739192123982146	0.6878738499867544
2.1113939197932288	1.4340021527363467	0.6739237355103099	0.6878738499867544
2.1135513285603382	1.4354560858748393	0.67392826313993	0.6878738499867544
2.1157087373274477	1.4369100287860403	0.6739327952871854	0.6878738499867544
2.1178661460945567	1.4383639814797429	0.6739373319521866	0.6878738499867544
2.120023554861666	1.4398179439657395	0.6739418731350442	0.6878738499867544
2.122180963628775	1.4412719162538226	0.6739464188358686	0.6878738499867544
2.124338372395884	1.4427258983537858	0.6739509690547704	0.6878738499867544
2.1264957811629936	1.4441798902754217	0.6739555237918601	0.6878738499867544
2.128653189930103	1.4456338920285232	0.6739600830472482	0.6878738499867544
2.130810598697212	1.447087903622883	0.6739646468210454	0.6878738499867544
2.132968007464321	1.4485419250682936	0.673969215113362	0.6878738499867544
2.1351254162314306	1.4499959563745484	0.6739737879243087	0.6878738499867544
2.1372828249985396	1.4514499975514403	0.6739783652539959	0.6878738499867544
2.139440233765649	1.4529040486087617	0.6739829471025341	0.6878738499867544
2.1415976425327585	1.4543581095563058	0.673987533470034	0.6878738499867544
2.143755051299867	1.455812180403865	0.673992124356606	0.6878738499867544
2.1459124600669766	1.4572662611612328	0.6739967197623608	0.6878738499867544
2.148069868834086	1.4587203518382017	0.6740013196874086	0.6878738499867544
2.1502272776011946	1.4601744524445643	0.6740059241318601	0.6878738499867544
2.152384686368304	1.461628562990114	0.6740105330958259	0.6878738499867544
2.1545420951354135	1.4630826834846433	0.6740151465794164	0.6878738499867544
2.1566995039025225	1.464536813937945	0.6740197645827423	0.6878738499867544
2.158856912669632	1.4659909543598122	0.6740243871059138	0.6878738499867544
2.161014321436741	1.4674451047600372	0.6740290141490418	0.6878738499867544
2.16317173020385	1.4688992651484134	0.6740336457122366	0.6878738499867544
2.1653291389709595	1.4703534355347339	0.6740382817956088	0.6878738499867544
2.167486547738069	1.4718076159287907	0.6740429223992688	0.6878738499867544
2.169643956505178	1.473261806340377	0.6740475675233273	0.6878738499867544
2.171801365272287	1.474716006779286	0.6740522171678948	0.6878738499867544
2.1739587740393964	1.47617021725531	0.6740568713330817	0.6878738499867544
2.1761161828065054	1.4776244377782422	0.6740615300189986	0.6878738499867544
2.178273591573615	1.4790786683578756	0.6740661932257561	0.6878738499867544
2.180431000340724	1.4805329090040025	0.6740708609534647	0.6878738499867544
2.182588409107833	1.4819871597264158	0.6740755332022348	0.6878738499867544
2.1847458178749424	1.4834414205349091	0.674080209972177	0.6878738499867544
2.1869032266420514	1.4848956914392746	0.6740848912634019	0.6878738499867544
2.189060635409161	1.4863499724493052	0.6740895770760199	0.6878738499867544
2.1912180441762703	1.4878042635747941	0.6740942674101417	0.6878738499867544
2.1933754529433793	1.4892585648255332	0.6740989622658775	0.6878738499867544
2.1955328617104883	1.4907128762113167	0.6741036616433382	0.6878738499867544
2.197690270477598	1.4921671977419364	0.6741083655426341	0.6878738499867544
2.199847679244707	1.4936215294271857	0.6741130739638759	0.6878738499867544
2.2020050880118163	1.4950758712768573	0.6741177869071738	0.6878738499867544
2.2041624967789253	1.4965302233007436	0.6741225043726388	0.6878738499867544
2.2063199055460343	1.4979845855086382	0.6741272263603809	0.6878738499867544
2.2084773143131438	1.4994389579103335	0.6741319528705111	0.6878738499867544
2.2106347230802528	1.5008933405156224	0.6741366839031396	0.6878738499867544
2.212792131847362	1.502347733334298	0.674141419458377	0.6878738499867544
2.2149495406144712	1.503802136376153	0.6741461595363339	0.6878738499867544
2.2171069493815807	1.50525654965098	0.6741509041371209	0.6878738499867544
2.2192643581486897	1.506710973168572	0.6741556532608484	0.6878738499867544
2.2214217669157987	1.5081654069387216	0.6741604069076268	0.6878738499867544
2.2235791756829086	1.5096198509712226	0.6741651650775669	0.6878738499867544
2.225736584450017	1.5110743052758666	0.674169927770779	0.6878738499867544
2.2278939932171267	1.5125287698624472	0.6741746949873738	0.6878738499867544
2.230051401984236	1.513983244740757	0.6741794667274617	0.6878738499867544
2.2322088107513447	1.5154377299205888	0.6741842429911532	0.6878738499867544
2.234366219518454	1.5168922254117359	0.674189023778559	0.6878738499867544
2.2365236282855636	1.5183467312239907	0.6741938090897894	0.6878738499867544
2.2386810370526726	1.519801247367146	0.6741985989249553	0.6878738499867544
2.240838445819782	1.5212557738509949	0.6742033932841667	0.6878738499867544
2.242995854586891	1.52271031068533	0.6742081921675345	0.6878738499867544
2.245153263354	1.5241648578799443	0.6742129955751691	0.6878738499867544
2.2473106721211096	1.5256194154446308	0.6742178035071811	0.6878738499867544
2.2494680808882186	1.5270739833891818	0.6742226159636809	0.6878738499867544
2.251625489655328	1.528528561723391	0.6742274329447792	0.6878738499867544
2.253782898422437	1.5299831504570505	0.6742322544505863	0.6878738499867544
2.2559403071895465	1.5314377495999536	0.6742370804812129	0.6878738499867544
2.2580977159566555	1.5328923591618928	0.6742419110367696	0.6878738499867544
2.2602551247237646	1.534346979152661	0.6742467461173666	0.6878738499867544
2.2624125334908745	1.5358016095820517	0.6742515857231147	0.6878738499867544
2.264569942257983	1.5372562504598566	0.6742564298541244	0.6878738499867544
2.2667273510250925	1.5387109017958691	0.6742612785105061	0.6878738499867544
2.268884759792202	1.5401655635998825	0.6742661316923705	0.6878738499867544
2.2710421685593105	1.5416202358816888	0.6742709893998279	0.6878738499867544
2.2731995773264204	1.543074918651082	0.674275851632989	0.6878738499867544
2.2753569860935294	1.5445296119178535	0.6742807183919644	0.6878738499867544
2.2775143948606384	1.5459843156917972	0.6742855896768644	0.6878738499867544
2.279671803627748	1.5474390299827054	0.6742904654877996	0.6878738499867544
2.281829212394857	1.5488937548003712	0.6742953458248805	0.6878738499867544
2.2839866211619664	1.550348490154588	0.6743002306882178	0.6878738499867544
2.2861440299290754	1.5518032360551475	0.6743051200779219	0.6878738499867544
2.2883014386961844	1.553257992511843	0.6743100139941033	0.6878738499867544
2.290458847463294	1.5547127595344679	0.6743149124368725	0.6878738499867544
2.292616256230403	1.556167537132814	0.6743198154063401	0.6878738499867544
2.294773664997512	1.5576223253166752	0.6743247229026167	0.6878738499867544
2.2969310737646214	1.5590771240958439	0.6743296349258127	0.6878738499867544
2.299088482531731	1.5605319334801129	0.6743345514760386	0.6878738499867544
2.30124589129884	1.561986753479275	0.674339472553405	0.6878738499867544
2.303403300065949	1.5634415841031228	0.6743443981580225	0.6878738499867544
2.3055607088330583	1.5648964253614501	0.6743493282900014	0.6878738499867544
2.3077181176001673	1.5663512772640489	0.6743542629494524	0.6878738499867544
2.3098755263672763	1.567806139820712	0.674359202136486	0.6878738499867544
2.3120329351343862	1.569261013041233	0.6743641458512127	0.6878738499867544
2.314190343901495	1.5707158969354036	0.6743690940937431	0.6878738499867544
2.3163477526686043	1.5721707915130176	0.6743740468641877	0.6878738499867544
2.3185051614357137	1.5736256967838678	0.6743790041626568	0.6878738499867544
2.3206625702028223	1.5750806127577466	0.6743839659892612	0.6878738499867544
2.322819978969932	1.5765355394444471	0.6743889323441113	0.6878738499867544
2.324977387737041	1.577990476853762	0.6743939032273178	0.6878738499867544
2.3271347965041502	1.5794454249954843	0.6743988786389911	0.6878738499867544
2.3292922052712597	1.5809003838794067	0.6744038585792416	0.6878738499867544
2.3314496140383687	1.582355353515322	0.6744088430481799	0.6878738499867544
2.333607022805478	1.5838103339130238	0.6744138320459167	0.6878738499867544
2.335764431572587	1.5852653250823037	0.6744188255725623	0.6878738499867544
2.3379218403396966	1.5867203270329553	0.6744238236282273	0.6878738499867544
2.3400792491068056	1.5881753397747715	0.6744288262130222	0.6878738499867544
2.3422366578739147	1.5896303633175446	0.6744338333270576	0.6878738499867544
2.344394066641024	1.5910853976710682	0.6744388449704442	0.6878738499867544
2.346551475408133	1.5925404428451344	0.6744438611432921	0.6878738499867544
2.3487088841752426	1.5939954988495368	0.6744488818457121	0.6878738499867544
2.350866292942352	1.5954505656940676	0.6744539070778146	0.6878738499867544
2.3530237017094606	1.5969056433885198	0.6744589368397103	0.6878738499867544
2.35518111047657	1.5983607319426865	0.6744639711315096	0.6878738499867544
2.3573385192436795	1.5998158313663602	0.674469009953323	0.6878738499867544
2.359495928010788	1.601270941669334	0.6744740533052611	0.6878738499867544
2.361653336777898	1.602726062861401	0.6744791011874344	0.6878738499867544
2.363810745545007	1.6041811949523532	0.6744841535999534	0.6878738499867544
2.365968154312116	1.6056363379519842	0.6744892105429287	0.6878738499867544
2.3681255630792255	1.6070914918700867	0.6744942720164707	0.6878738499867544
2.3702829718463345	1.6085466567164532	0.6744993380206901	0.6878738499867544
2.372440380613444	1.6100018325008771	0.6745044085556972	0.6878738499867544
2.374597789380553	1.6114570192331508	0.6745094836216027	0.6878738499867544
2.3767551981476625	1.6129122169230672	0.6745145632185171	0.6878738499867544
2.3789126069147715	1.6143674255804195	0.6745196473465509	0.6878738499867544
2.3810700156818805	1.6158226452150002	0.6745247360058145	0.6878738499867544
2.38322742444899	1.6172778758366024	0.6745298291964187	0.6878738499867544
2.385384833216099	1.6187331174550184	0.6745349269184738	0.6878738499867544
2.3875422419832084	1.6201883700800415	0.6745400291720904	0.6878738499867544
2.3896996507503174	1.6216436337214648	0.6745451359573791	0.6878738499867544
2.3918570595174264	1.62309890838908	0.6745502472744503	0.6878738499867544
2.3940144682845363	1.624554194092682	0.6745553631234146	0.6878738499867544
2.396171877051645	1.6260094908420615	0.6745604835043825	0.6878738499867544
2.3983292858187544	1.6274647986470125	0.6745656084174645	0.6878738499867544
2.400486694585864	1.6289201175173278	0.6745707378627712	0.6878738499867544
2.402644103352973	1.6303754474627996	0.6745758718404131	0.6878738499867544
2.404801512120082	1.6318307884932215	0.6745810103505007	0.6878738499867544
2.4069589208871913	1.6332861406183863	0.6745861533931444	0.6878738499867544
2.4091163296543003	1.6347415038480861	0.674591300968455	0.6878738499867544
2.41127373842141	1.6361968781921146	0.6745964530765428	0.6878738499867544
2.413431147188519	1.637652263660264	0.6746016097175185	0.6878738499867544
2.415588555955628	1.6391076602623276	0.6746067708914925	0.6878738499867544
2.4177459647227373	1.640563068008098	0.6746119365985752	0.6878738499867544
2.4199033734898463	1.642018486907368	0.6746171068388774	0.6878738499867544
2.4220607822569558	1.6434739169699308	0.6746222816125096	0.6878738499867544
2.4242181910240648	1.6449293582055788	0.6746274609195821	0.6878738499867544
2.4263755997911742	1.646384810624105	0.6746326447602057	0.6878738499867544
2.4285330085582832	1.6478402742353029	0.6746378331344907	0.6878738499867544
2.4306904173253923	1.6492957490489641	0.6746430260425477	0.6878738499867544
2.432847826092502	1.6507512350748825	0.6746482234844873	0.6878738499867544
2.4350052348596107	1.65220673232285	0.6746534254604198	0.6878738499867544
2.43716264362672	1.6536622408026607	0.6746586319704561	0.6878738499867544
2.4393200523938297	1.6551177605241063	0.6746638430147064	0.6878738499867544
2.4414774611609382	1.65657329149698	0.6746690585932813	0.6878738499867544
2.443634869928048	1.6580288337310751	0.6746742787062914	0.6878738499867544
2.445792278695157	1.6594843872361837	0.6746795033538472	0.6878738499867544
2.447949687462266	1.6609399520220993	0.6746847325360592	0.6878738499867544
2.4501070962293756	1.6623955280986142	0.674689966253038	0.6878738499867544
2.4522645049964846	1.6638511154755218	0.674695204504894	0.6878738499867544
2.454421913763594	1.6653067141626146	0.6747004472917378	0.6878738499867544
2.456579322530703	1.6667623241696854	0.6747056946136799	0.6878738499867544
2.4587367312978126	1.6682179455065271	0.6747109464708309	0.6878738499867544
2.4608941400649216	1.6696735781829326	0.6747162028633013	0.6878738499867544
2.4630515488320306	1.6711292222086949	0.6747214637912015	0.6878738499867544
2.46520895759914	1.6725848775936063	0.674726729254642	0.6878738499867544
2.467366366366249	1.6740405443474606	0.6747319992537337	0.6878738499867544
2.4695237751333585	1.6754962224800498	0.6747372737885867	0.6878738499867544
2.471681183900468	1.676951912001167	0.6747425528593118	0.6878738499867544
2.4738385926675766	1.678407612920605	0.6747478364660194	0.6878738499867544
2.475996001434686	1.679863325248157	0.67475312460882	0.6878738499867544
2.4781534102017955	1.6813190489936152	0.6747584172878242	0.6878738499867544
2.480310818968904	1.682774784166773	0.6747637145031424	0.6878738499867544
2.482468227736014	1.6842305307774235	0.6747690162548854	0.6878738499867544
2.484625636503123	1.6856862888353583	0.6747743225431635	0.6878738499867544
2.486783045270232	1.6871420583503713	0.6747796333680872	0.6878738499867544
2.4889404540373414	1.6885978393322554	0.6747849487297671	0.6878738499867544
2.4910978628044504	1.6900536317908026	0.6747902686283137	0.6878738499867544
2.49325527157156	1.6915094357358071	0.6747955930638376	0.6878738499867544
2.495412680338669	1.69296525117706	0.6748009220364494	0.6878738499867544
2.497570089105778	1.6944210781243556	0.6748062555462593	0.6878738499867544
2.4997274978728874	1.6958769165874865	0.6748115935933781	0.6878738499867544
2.5018849066399964	1.6973327665762445	0.6748169361779163	0.6878738499867544
2.504042315407106	1.698788628100424	0.6748222832999843	0.6878738499867544
2.506199724174215	1.7002445011698166	0.6748276349596927	0.6878738499867544
2.5083571329413243	1.701700385794216	0.674832991157152	0.6878738499867544
2.5105145417084334	1.7031562819834143	0.6748383518924729	0.6878738499867544
2.5126719504755424	1.7046121897472046	0.6748437171657656	0.6878738499867544
2.5148293592426523	1.7060681090953802	0.674849086977141	0.6878738499867544
2.516986768009761	1.7075240400377334	0.6748544613267092	0.6878738499867544
2.5191441767768703	1.7089799825840575	0.6748598402145811	0.6878738499867544
2.5213015855439798	1.7104359367441448	0.6748652236408671	0.6878738499867544
2.5234589943110883	1.7118919025277881	0.6748706116056776	0.6878738499867544
2.525616403078198	1.7133478799447812	0.6748760041091233	0.6878738499867544
2.5277738118453073	1.7148038690049159	0.6748814011513147	0.6878738499867544
2.5299312206124163	1.7162598697179858	0.6748868027323621	0.6878738499867544
2.5320886293795257	1.7177158820937835	0.6748922088523764	0.6878738499867544
2.5342460381466347	1.7191719061421014	0.6748976195114679	0.6878738499867544
2.5364034469137438	1.7206279418727328	0.6749030347097471	0.6878738499867544
2.538560855680853	1.7220839892954705	0.6749084544473246	0.6878738499867544
2.5407182644479622	1.723540048420107	0.674913878724311	0.6878738499867544
2.5428756732150717	1.7249961192564363	0.6749193075408165	0.6878738499867544
2.5450330819821807	1.7264522018142494	0.6749247408969521	0.6878738499867544
2.54719049074929	1.7279082961033407	0.674930178792828	0.6878738499867544
2.549347899516399	1.7293644021335026	0.6749356212285548	0.6878738499867544
2.551505308283508	1.7308205199145275	0.674941068204243	0.6878738499867544
2.553662717050618	1.732276649456209	0.6749465197200032	0.6878738499867544
2.5558201258177267	1.733732790768339	0.6749519757759459	0.6878738499867544
2.557977534584836	1.735188943860711	0.6749574363721816	0.6878738499867544
2.5601349433519456	1.736645108743118	0.6749629015088209	0.6878738499867544
2.562292352119054	1.7381012854253521	0.6749683711859742	0.6878738499867544
2.564449760886164	1.7395574739172073	0.674973845403752	0.6878738499867544
2.566607169653273	1.7410136742284752	0.674979324162265	0.6878738499867544
2.568764578420382	1.7424698863689494	0.6749848074616237	0.6878738499867544
2.5709219871874915	1.7439261103484225	0.6749902953019385	0.6878738499867544
2.5730793959546006	1.745382346176687	0.67499578768332	0.6878738499867544
2.57523680472171	1.746838593863537	0.6750012846058787	0.6878738499867544
2.577394213488819	1.7482948534187637	0.6750067860697252	0.6878738499867544
2.5795516222559285	1.7497511248521613	0.6750122920749699	0.6878738499867544
2.5817090310230375	1.7512074081735218	0.6750178026217235	0.6878738499867544
2.5838664397901465	1.752663703392638	0.6750233177100963	0.6878738499867544
2.586023848557256	1.7541200105193036	0.675028837340199	0.6878738499867544
2.588181257324365	1.7555763295633109	0.675034361512142	0.6878738499867544
2.590338666091474	1.7570326605344522	0.675039890226036	0.6878738499867544
2.5924960748585835	1.7584890034425218	0.6750454234819914	0.6878738499867544
2.5946534836256925	1.7599453582973108	0.6750509612801187	0.6878738499867544
2.596810892392802	1.7614017251086134	0.6750565036205285	0.6878738499867544
2.598968301159911	1.7628581038862219	0.6750620505033312	0.6878738499867544
2.60112570992702	1.7643144946399287	0.6750676019286376	0.6878738499867544
2.60328311869413	1.7657708973795279	0.6750731578965579	0.6878738499867544
2.6054405274612384	1.7672273121148112	0.6750787184072028	0.6878738499867544
2.607597936228348	1.7686837388555718	0.6750842834606828	0.6878738499867544
2.6097553449954574	1.7701401776116028	0.6750898530571084	0.6878738499867544
2.6119127537625664	1.7715966283926965	0.6750954271965903	0.6878738499867544
2.614070162529676	1.7730530912086464	0.6751010058792387	0.6878738499867544
2.616227571296785	1.774509566069245	0.6751065891051644	0.6878738499867544
2.618384980063894	1.775966052984285	0.6751121768744778	0.6878738499867544
2.6205423888310033	1.7774225519635594	0.6751177691872895	0.6878738499867544
2.6226997975981123	1.778879063016861	0.6751233660437098	0.6878738499867544
2.624857206365222	1.7803355861539831	0.6751289674438495	0.6878738499867544
2.627014615132331	1.7817921213847174	0.6751345733878191	0.6878738499867544
2.6291720238994403	1.783248668718858	0.675140183875729	0.6878738499867544
2.6313294326665493	1.7847052281661973	0.6751457989076898	0.6878738499867544
2.6334868414336583	1.7861617997365276	0.675151418483812	0.6878738499867544
2.6356442502007678	1.7876183834396429	0.6751570426042061	0.6878738499867544
2.6378016589678768	1.789074979285335	0.6751626712689827	0.6878738499867544
2.6399590677349862	1.7905315872833971	0.6751683044782523	0.6878738499867544
2.6421164765020957	1.7919882074436224	0.6751739422321252	0.6878738499867544
2.6442738852692043	1.7934448397758027	0.6751795845307124	0.6878738499867544
2.6464312940363137	1.7949014842897322	0.675185231374124	0.6878738499867544
2.648588702803423	1.7963581409952032	0.6751908827624707	0.6878738499867544
2.6507461115705317	1.7978148099020077	0.675196538695863	0.6878738499867544
2.6529035203376417	1.7992714910199403	0.6752021991744115	0.6878738499867544
2.6550609291047507	1.8007281843587921	0.6752078641982266	0.6878738499867544
2.6572183378718597	1.8021848899283568	0.6752135337674189	0.6878738499867544
2.659375746638969	1.8036416077384274	0.6752192078820989	0.6878738499867544
2.661533155406078	1.8050983377987964	0.6752248865423771	0.6878738499867544
2.6636905641731876	1.806555080119257	0.6752305697483642	0.6878738499867544
2.6658479729402966	1.808011834709601	0.6752362575001705	0.6878738499867544
2.668005381707406	1.8094686015796229	0.6752419497979065	0.6878738499867544
2.670162790474515	1.8109253807391141	0.675247646641683	0.6878738499867544
2.672320199241624	1.812382172197868	0.6752533480316103	0.6878738499867544
2.674477608008734	1.8138389759656781	0.675259053967799	0.6878738499867544
2.6766350167758426	1.8152957920523358	0.6752647644503595	0.6878738499867544
2.678792425542952	1.8167526204676352	0.6752704794794027	0.6878738499867544
2.6809498343100615	1.8182094612213688	0.6752761990550387	0.6878738499867544
2.68310724307717	1.819666314323329	0.6752819231773781	0.6878738499867544
2.68526465184428	1.8211231797833092	0.6752876518465316	0.6878738499867544
2.687422060611389	1.822580057611102	0.6752933850626096	0.6878738499867544
2.689579469378498	1.8240369478165002	0.6752991228257228	0.6878738499867544
2.6917368781456075	1.8254938504092968	0.6753048651359814	0.6878738499867544
2.6938942869127165	1.8269507653992845	0.6753106119934963	0.6878738499867544
2.6960516956798255	1.8284076927962563	0.6753163633983778	0.6878738499867544
2.698209104446935	1.829864632610005	0.6753221193507364	0.6878738499867544
2.700366513214044	1.8313215848503237	0.6753278798506827	0.6878738499867544
2.7025239219811534	1.8327785495270046	0.6753336448983273	0.6878738499867544
2.7046813307482624	1.8342355266498407	0.6753394144937804	0.6878738499867544
2.7068387395153715	1.8356925162286253	0.675345188637153	0.6878738499867544
2.708996148282481	1.8371495182731512	0.6753509673285554	0.6878738499867544
2.71115355704959	1.8386065327932106	0.6753567505680981	0.6878738499867544
2.7133109658166994	1.8400635597985975	0.6753625383558916	0.6878738499867544
2.7154683745838084	1.8415205992991033	0.6753683306920464	0.6878738499867544
2.717625783350918	1.842977651304522	0.6753741275766731	0.6878738499867544
2.719783192118027	1.844434715824646	0.6753799290098824	0.6878738499867544
2.721940600885136	1.8458917928692675	0.6753857349917846	0.6878738499867544
2.724098009652246	1.8473488824481812	0.6753915455224901	0.6878738499867544
2.7262554184193544	1.848805984571178	0.6753973606021098	0.6878738499867544
2.728412827186464	1.8502630992480515	0.6754031802307539	0.6878738499867544
2.7305702359535733	1.8517202264885952	0.6754090044085331	0.6878738499867544
2.732727644720682	1.8531773663026003	0.6754148331355578	0.6878738499867544
2.7348850534877918	1.8546345186998616	0.6754206664119387	0.6878738499867544
2.7370424622549008	1.8560916836901706	0.6754265042377862	0.6878738499867544
2.73919987102201	1.8575488612833204	0.6754323466132108	0.6878738499867544
2.7413572797891193	1.8590060514891045	0.6754381935383231	0.6878738499867544
2.7435146885562283	1.8604632543173145	0.6754440450132336	0.6878738499867544
2.7456720973233377	1.8619204697777447	0.6754499010380529	0.6878738499867544
2.7478295060904467	1.8633776978801868	0.6754557616128913	0.6878738499867544
2.749986914857556	1.8648349386344343	0.6754616267378597	0.6878738499867544
2.752144323624665	1.8662921920502797	0.6754674964130682	0.6878738499867544
2.7543017323917742	1.8677494581375158	0.6754733706386277	0.6878738499867544
2.7564591411588837	1.8692067369059358	0.6754792494146484	0.6878738499867544
2.7586165499259927	1.8706640283653324	0.675485132741241	0.6878738499867544
2.760773958693102	1.8721213325254984	0.6754910206185161	0.6878738499867544
2.7629313674602116	1.8735786493962265	0.6754969130465841	0.6878738499867544
2.76508877622732	1.87503597898731	0.6755028100255555	0.6878738499867544
2.7672461849944296	1.876493321308541	0.6755087115555409	0.6878738499867544
2.769403593761539	1.8779506763697131	0.6755146176366508	0.6878738499867544
2.7715610025286477	1.8794080441806187	0.6755205282689958	0.6878738499867544
2.7737184112957576	1.8808654247510512	0.6755264434526863	0.6878738499867544
2.7758758200628666	1.8823228180908025	0.6755323631878328	0.6878738499867544
2.7780332288299756	1.8837802242096662	0.675538287474546	0.6878738499867544
2.780190637597085	1.885237643117435	0.6755442163129364	0.6878738499867544
2.782348046364194	1.8866950748239013	0.6755501497031144	0.6878738499867544
2.7845054551313035	1.8881525193388589	0.6755560876451906	0.6878738499867544
2.7866628638984126	1.8896099766720997	0.6755620301392755	0.6878738499867544
2.788820272665522	1.891067446833417	0.6755679771854797	0.6878738499867544
2.790977681432631	1.8925249298326037	0.6755739287839135	0.6878738499867544
2.79313509019974	1.893982425679452	0.6755798849346877	0.6878738499867544
2.7952924989668495	1.8954399343837558	0.6755858456379127	0.6878738499867544
2.7974499077339585	1.896897455955307	0.675591810893699	0.6878738499867544
2.799607316501068	1.898354990403899	0.6755977807021573	0.6878738499867544
2.801764725268177	1.8998125377393245	0.6756037550633978	0.6878738499867544
2.803922134035286	1.9012700979713761	0.6756097339775313	0.6878738499867544
2.806079542802396	1.9027276711098473	0.6756157174446682	0.6878738499867544
2.8082369515695045	1.9041852571645301	0.6756217054649192	0.6878738499867544
2.810394360336614	1.9056428561452181	0.6756276980383945	0.6878738499867544
2.8125517691037234	1.9071004680617039	0.6756336951652049	0.6878738499867544
2.8147091778708324	1.9085580929237795	0.6756396968454609	0.6878738499867544
2.8168665866379414	1.9100157307412393	0.6756457030792729	0.6878738499867544
2.819023995405051	1.9114733815238751	0.6756517138667515	0.6878738499867544
2.82118140417216	1.91293104528148	0.6756577292080073	0.6878738499867544
2.8233388129392694	1.9143887220238471	0.6756637491031506	0.6878738499867544
2.8254962217063784	1.9158464117607683	0.6756697735522922	0.6878738499867544
2.8276536304734874	1.9173041145020377	0.6756758025555424	0.6878738499867544
2.829811039240597	1.9187618302574476	0.6756818361130118	0.6878738499867544
2.831968448007706	1.9202195590367905	0.675687874224811	0.6878738499867544
2.8341258567748153	1.92167730084986	0.6756939168910505	0.6878738499867544
2.8362832655419243	1.9231350557064482	0.6756999641118407	0.6878738499867544
2.838440674309034	1.9245928236163483	0.6757060158872924	0.6878738499867544
2.840598083076143	1.9260506045893533	0.6757120722175158	0.6878738499867544
2.842755491843252	1.9275083986352555	0.6757181331026216	0.6878738499867544
2.8449129006103617	1.9289662057638486	0.6757241985427204	0.6878738499867544
2.8470703093774703	1.9304240259849244	0.6757302685379224	0.6878738499867544
2.8492277181445798	1.9318818593082767	0.6757363430883385	0.6878738499867544
2.851385126911689	1.9333397057436978	0.6757424221940791	0.6878738499867544
2.853542535678798	1.9347975653009808	0.6757485058552546	0.6878738499867544
2.8556999444459077	1.9362554379899186	0.6757545940719757	0.6878738499867544
2.8578573532130167	1.9377133238203033	0.6757606868443529	0.6878738499867544
2.8600147619801257	1.9391712228019289	0.6757667841724966	0.6878738499867544
2.862172170747235	1.9406291349445874	0.6757728860565173	0.6878738499867544
2.864329579514344	1.9420870602580718	0.6757789924965258	0.6878738499867544
2.8664869882814537	1.9435449987521756	0.6757851034926324	0.6878738499867544
2.8686443970485627	1.9450029504366904	0.6757912190449477	0.6878738499867544
2.870801805815672	1.9464609153214103	0.6757973391535821	0.6878738499867544
2.872959214582781	1.9479188934161273	0.6758034638186463	0.6878738499867544
2.87511662334989	1.9493768847306345	0.6758095930402508	0.6878738499867544
2.8772740321169996	1.950834889274725	0.675815726818506	0.6878738499867544
2.8794314408841086	1.9522929070581916	0.6758218651535225	0.6878738499867544
2.8815888496512176	1.9537509380908265	0.6758280080454109	0.6878738499867544
2.8837462584183275	1.9552089823824237	0.6758341554942816	0.6878738499867544
2.885903667185436	1.9566670399427748	0.6758403075002453	0.6878738499867544
2.8880610759525456	1.9581251107816735	0.6758464640634122	0.6878738499867544
2.890218484719655	1.9595831949089124	0.6758526251838932	0.6878738499867544
2.8923758934867636	1.9610412923342841	0.6758587908617986	0.6878738499867544
2.8945333022538735	1.9624994030675822	0.675864961097239	0.6878738499867544
2.8966907110209825	1.9639575271185983	0.6758711358903249	0.6878738499867544
2.8988481197880915	1.9654156644971263	0.6758773152411668	0.6878738499867544
2.901005528555201	1.9668738152129588	0.6758834991498753	0.6878738499867544
2.90316293732231	1.9683319792758884	0.6758896876165609	0.6878738499867544
2.9053203460894195	1.9697901566957083	0.6758958806413341	0.6878738499867544
2.9074777548565285	1.9712483474822107	0.6759020782243054	0.6878738499867544
2.9096351636236375	1.9727065516451894	0.6759082803655854	0.6878738499867544
2.911792572390747	1.9741647691944366	0.6759144870652846	0.6878738499867544
2.913949981157856	1.9756230001397448	0.6759206983235134	0.6878738499867544
2.9161073899249654	1.977081244490908	0.6759269141403825	0.6878738499867544
2.9182647986920744	1.9785395022577181	0.6759331345160025	0.6878738499867544
2.920422207459184	1.9799977734499683	0.6759393594504837	0.6878738499867544
2.922579616226293	1.9814560580774514	0.6759455889439366	0.6878738499867544
2.924737024993402	1.9829143561499598	0.6759518229964719	0.6878738499867544
2.9268944337605114	1.984372667677287	0.6759580616082002	0.6878738499867544
2.9290518425276204	1.985830992669226	0.6759643047792318	0.6878738499867544
2.93120925129473	1.9872893311355688	0.6759705525096772	0.6878738499867544
2.9333666600618393	1.9887476830861088	0.6759768047996472	0.6878738499867544
2.935524068828948	1.9902060485306388	0.675983061649252	0.6878738499867544
2.9376814775960574	1.9916644274789514	0.6759893230586025	0.6878738499867544
2.939838886363167	1.99312281994084	0.6759955890278089	0.6878738499867544
2.9419962951302754	1.9945812259260967	0.6760018595569819	0.6878738499867544
2.9441537038973853	1.996039645444515	0.6760081346462319	0.6878738499867544
2.9463111126644943	1.9974980785058873	0.6760144142956696	0.6878738499867544
2.9484685214316033	1.9989565251200068	0.6760206985054052	0.6878738499867544
2.9506259301987128	2.000414985296666	0.6760269872755497	0.6878738499867544
2.952783338965822	2.0018734590456577	0.6760332806062133	0.6878738499867544
2.9549407477329312	2.003331946376776	0.6760395784975065	0.6878738499867544
2.9570981565000403	2.0047904472998113	0.67604588094954	0.6878738499867544
2.9592555652671497	2.006248961824559	0.6760521879624242	0.6878738499867544
2.9614129740342587	2.00770748996081	0.6760584995362697	0.6878738499867544
2.9635703828013678	2.009166031718358	0.676064815671187	0.6878738499867544
2.9657277915684777	2.0106245871069963	0.6760711363672867	0.6878738499867544
2.9678852003355862	2.0120831561365167	0.6760774616246791	0.6878738499867544
2.9700426091026957	2.013541738816713	0.676083791443475	0.6878738499867544
2.972200017869805	2.0150003351573775	0.6760901258237847	0.6878738499867544
2.9743574266369137	2.016458945168303	0.6760964647657188	0.6878738499867544
2.9765148354040236	2.017917568859283	0.676102808269388	0.6878738499867544
2.9786722441711326	2.0193762062401093	0.6761091563349025	0.6878738499867544
2.9808296529382416	2.0208348573205757	0.6761155089623732	0.6878738499867544
2.982987061705351	2.0222935221104743	0.6761218661519103	0.6878738499867544
2.98514447047246	2.0237522006195987	0.6761282279036245	0.6878738499867544
2.987301879239569	2.025210892857741	0.6761345942176262	0.6878738499867544
2.9894592880066786	2.0266695988346948	0.6761409650940261	0.6878738499867544
2.991616696773788	2.028128318560252	0.6761473405329346	0.6878738499867544
2.993774105540897	2.0295870520442065	0.6761537205344622	0.6878738499867544
2.995931514308006	2.03104579929635	0.6761601050987196	0.6878738499867544
2.9980889230751155	2.0325045603264766	0.6761664942258171	0.6878738499867544
3.0002463318422246	2.0339633351443784	0.6761728879158654	0.6878738499867544
3.0024037406093336	2.035422123759848	0.6761792861689749	0.6878738499867544
3.004561149376443	2.0368809261826795	0.6761856889852562	0.6878738499867544
3.006718558143552	2.038339742422664	0.6761920963648198	0.6878738499867544
3.0088759669106615	2.0397985724895955	0.6761985083077763	0.6878738499867544
3.0110333756777705	2.0412574163932664	0.676204924814236	0.6878738499867544
3.0131907844448795	2.04271627414347	0.6762113458843098	0.6878738499867544
3.0153481932119894	2.044175145749999	0.6762177715181078	0.6878738499867544
3.017505601979098	2.0456340312226455	0.6762242017157408	0.6878738499867544
3.0196630107462075	2.0470929305712033	0.6762306364773193	0.6878738499867544
3.021820419513317	2.0485518438054653	0.6762370758029538	0.6878738499867544
3.023977828280426	2.050010770935223	0.6762435196927548	0.6878738499867544
3.0261352370475354	2.051469711970271	0.6762499681468328	0.6878738499867544
3.0282926458146444	2.0529286669204008	0.6762564211652984	0.6878738499867544
3.0304500545817534	2.0543876357954063	0.676262878748262	0.6878738499867544
3.032607463348863	2.055846618605079	0.6762693408958342	0.6878738499867544
3.034764872115972	2.0573056153592133	0.6762758076081257	0.6878738499867544
3.0369222808830814	2.0587646260676014	0.6762822788852468	0.6878738499867544
3.0390796896501904	2.0602236507400353	0.6762887547273081	0.6878738499867544
3.0412370984173	2.061682689386309	0.67629523513442	0.6878738499867544
3.043394507184409	2.063141742016215	0.6763017201066932	0.6878738499867544
3.045551915951518	2.064600808639546	0.6763082096442382	0.6878738499867544
3.0477093247186273	2.066059889266095	0.6763147037471655	0.6878738499867544
3.0498667334857363	2.0675189839056554	0.6763212024155856	0.6878738499867544
3.052024142252846	2.0689780925680186	0.6763277056496091	0.6878738499867544
3.0541815510199553	2.0704372152629786	0.6763342134493463	0.6878738499867544
3.056338959787064	2.0718963520003273	0.676340725814908	0.6878738499867544
3.0584963685541733	2.073355502789859	0.6763472427464047	0.6878738499867544
3.0606537773212827	2.0748146676413657	0.6763537642439468	0.6878738499867544
3.0628111860883913	2.0762738465646398	0.6763602903076448	0.6878738499867544
3.064968594855501	2.077733039569475	0.6763668209376092	0.6878738499867544
3.0671260036226102	2.0791922466656634	0.6763733561339508	0.6878738499867544
3.0692834123897192	2.0806514678629986	0.6763798958967799	0.6878738499867544
3.0714408211568287	2.0821107031712724	0.6763864402262071	0.6878738499867544
3.0735982299239377	2.0835699526002784	0.6763929891223428	0.6878738499867544
3.075755638691047	2.0850292161598105	0.6763995425852977	0.6878738499867544
3.077913047458156	2.086488493859659	0.6764061006151822	0.6878738499867544
3.0800704562252657	2.087947785709619	0.6764126632121069	0.6878738499867544
3.0822278649923747	2.0894070917194822	0.6764192303761822	0.6878738499867544
3.0843852737594837	2.090866411899041	0.6764258021075189	0.6878738499867544
3.086542682526593	2.0923257462580906	0.6764323784062273	0.6878738499867544
3.088700091293702	2.093785094806421	0.6764389592724179	0.6878738499867544
3.0908575000608116	2.095244457553827	0.6764455447062013	0.6878738499867544
3.093014908827921	2.0967038345101	0.6764521347076881	0.6878738499867544
3.0951723175950296	2.0981632256850338	0.6764587292769887	0.6878738499867544
3.0973297263621395	2.099622631088421	0.6764653284142137	0.6878738499867544
3.0994871351292486	2.1010820507300543	0.6764719321194737	0.6878738499867544
3.101644543896357	2.1025414846197266	0.6764785403928789	0.6878738499867544
3.103801952663467	2.1040009327672315	0.6764851532345402	0.6878738499867544
3.105959361430576	2.1054603951823605	0.676491770644568	0.6878738499867544
3.1081167701976855	2.106919871874908	0.6764983926230728	0.6878738499867544
3.1102741789647945	2.1083793628546657	0.676505019170165	0.6878738499867544
3.1124315877319035	2.1098388681314257	0.6765116502859553	0.6878738499867544
3.114588996499013	2.111298387714983	0.6765182859705543	0.6878738499867544
3.116746405266122	2.1127579216151284	0.6765249262240722	0.6878738499867544
3.1189038140332315	2.114217469841657	0.67653157104662	0.6878738499867544
3.1210612228003405	2.115677032404359	0.6765382204383077	0.6878738499867544
3.1232186315674495	2.1171366093130293	0.6765448743992463	0.6878738499867544
3.125376040334559	2.11859620057746	0.676551532929546	0.6878738499867544
3.127533449101668	2.1200558062074433	0.6765581960293173	0.6878738499867544
3.129690857868778	2.121515426212773	0.6765648636986711	0.6878738499867544
3.1318482666358864	2.122975060603242	0.6765715359377176	0.6878738499867544
3.1340056754029955	2.1244347093886424	0.6765782127465673	0.6878738499867544
3.1361630841701054	2.125894372578768	0.676584894125331	0.6878738499867544
3.138320492937214	2.1273540501834103	0.6765915800741189	0.6878738499867544
3.140477901704323	2.128813742212363	0.6765982705930418	0.6878738499867544
3.142635310471433	2.1302734486754202	0.6766049656822101	0.6878738499867544
3.1447927192385414	2.131733169582372	0.6766116653417342	0.6878738499867544
3.1469501280056513	2.133192904943013	0.6766183695717249	0.6878738499867544
3.1491075367727603	2.1346526547671356	0.6766250783722926	0.6878738499867544
3.151264945539869	2.136112419064533	0.6766317917435477	0.6878738499867544
3.153422354306979	2.1375721978449977	0.6766385096856009	0.6878738499867544
3.155579763074088	2.1390319911183227	0.6766452321985628	0.6878738499867544
3.1577371718411973	2.140491798894301	0.6766519592825436	0.6878738499867544
3.1598945806083063	2.1419516211827245	0.6766586909376541	0.6878738499867544
3.1620519893754153	2.1434114579933876	0.6766654271640047	0.6878738499867544
3.1642093981425248	2.1448713093360823	0.6766721679617059	0.6878738499867544
3.166366806909634	2.1463311752206007	0.6766789133308684	0.6878738499867544
3.1685242156767437	2.1477910556567372	0.6766856632716026	0.6878738499867544
3.1706816244438523	2.1492509506542836	0.676692417784019	0.6878738499867544
3.1728390332109613	2.150710860223033	0.6766991768682282	0.6878738499867544
3.174996441978071	2.152170784372778	0.6767059405243407	0.6878738499867544
3.1771538507451798	2.153630723113312	0.676712708752467	0.6878738499867544
3.1793112595122897	2.155090676454428	0.6767194815527177	0.6878738499867544
3.1814686682793987	2.156550644405918	0.6767262589252032	0.6878738499867544
3.1836260770465072	2.1580106269775747	0.676733040870034	0.6878738499867544
3.185783485813617	2.1594706241791926	0.676739827387321	0.6878738499867544
3.187940894580726	2.1609306360205625	0.6767466184771742	0.6878738499867544
3.1900983033478356	2.162390662511479	0.6767534141397045	0.6878738499867544
3.1922557121149446	2.1638507036617334	0.6767602143750222	0.6878738499867544
3.1944131208820536	2.1653107594811196	0.676767019183238	0.6878738499867544
3.196570529649163	2.16677082997943	0.6767738285644623	0.6878738499867544
3.198727938416272	2.1682309151664576	0.6767806425188057	0.6878738499867544
3.200885347183381	2.169691015051995	0.6767874610463787	0.6878738499867544
3.2030427559504906	2.171151129645836	0.6767942841472918	0.6878738499867544
3.2052001647175996	2.172611258957772	0.6768011118216555	0.6878738499867544
3.207357573484709	2.1740714029975967	0.6768079440695804	0.6878738499867544
3.209514982251818	2.175531561775103	0.6768147808911771	0.6878738499867544
3.211672391018927	2.176991735300083	0.676821622286556	0.6878738499867544
3.2138297997860366	2.178451923597741	0.6768284682606075	0.6878738499867544
3.2159872085531456	2.179912126669568	0.6768353188113183	0.6878738499867544
3.2181446173202555	2.1813723445249598	0.6768421739386863	0.6878738499867544
3.220302026087364	2.182832577173813	0.6768490336428573	0.6878738499867544
3.222459434854473	2.1842928246260276	0.6768558979239776	0.6878738499867544
3.224616843621583	2.185753086891502	0.6768627667821931	0.6878738499867544
3.226774252388692	2.1872133639801343	0.6768696402176497	0.6878738499867544
3.2289316611558014	2.1886736559018236	0.6768765182304936	0.6878738499867544
3.2310890699229105	2.190133962666468	0.6768834008208705	0.6878738499867544
3.2332464786900195	2.1915942842839664	0.6768902879889267	0.6878738499867544
3.235403887457129	2.1930546207642183	0.6768971797348081	0.6878738499867544
3.237561296224238	2.1945149721171204	0.6769040760586608	0.6878738499867544
3.2397187049913474	2.1959753383525733	0.6769109769606306	0.6878738499867544
3.2418761137584564	2.197435719480474	0.6769178824408637	0.6878738499867544
3.2440335225255654	2.1988961155107214	0.676924792499506	0.6878738499867544
3.246190931292675	2.2003565264532154	0.6769317071367035	0.6878738499867544
3.248348340059784	2.201816952317853	0.6769386263526023	0.6878738499867544
3.250505748826894	2.203277393114534	0.6769455501473483	0.6878738499867544
3.2526631575940024	2.2047378488531564	0.6769524785210875	0.6878738499867544
3.2548205663611114	2.2061983195436183	0.6769594114739661	0.6878738499867544
3.2569779751282213	2.20765880519582	0.6769663490061298	0.6878738499867544
3.25913538389533	2.2091193058196583	0.676973291117725	0.6878738499867544
3.261292792662439	2.2105798214250325	0.6769802378088973	0.6878738499867544
3.263450201429549	2.212040352021842	0.6769871890797929	0.6878738499867544
3.2656076101966574	2.213500897619984	0.6769941449305579	0.6878738499867544
3.2677650189637673	2.214961458229358	0.6770011053613382	0.6878738499867544
3.2699224277308763	2.216422033859862	0.6770080703722797	0.6878738499867544
3.272079836497985	2.2178826245213954	0.6770150399635286	0.6878738499867544
3.2742372452650947	2.2193432302238567	0.6770220141352308	0.6878738499867544
3.2763946540322038	2.2208038509771435	0.6770289928875323	0.6878738499867544
3.278552062799313	2.2222644867911563	0.6770359762205791	0.6878738499867544
3.2807094715664222	2.223725137675791	0.6770429641345174	0.6878738499867544
3.2828668803335312	2.2251858036409486	0.6770499566294929	0.6878738499867544
3.2850242891006407	2.226646484696527	0.6770569537056518	0.6878738499867544
3.2871816978677497	2.228107180852424	0.67706395536314	0.6878738499867544
3.289339106634859	2.2295678921185402	0.6770709616021037	0.6878738499867544
3.291496515401968	2.2310286185047716	0.6770779724226886	0.6878738499867544
3.293653924169077	2.2324893600210185	0.677084987825041	0.6878738499867544
3.295811332936187	2.2339501166771796	0.6770920078093068	0.6878738499867544
3.2979687417032957	2.2354108884831523	0.6770990323756318	0.6878738499867544
3.3001261504704056	2.2368716754488362	0.6771060615241624	0.6878738499867544
3.3022835592375146	2.23833247758413	0.6771130952550444	0.6878738499867544
3.304440968004623	2.2397932948989308	0.6771201335684237	0.6878738499867544
3.306598376771733	2.2412541274031397	0.6771271764644465	0.6878738499867544
3.308755785538842	2.242714975106653	0.6771342239432587	0.6878738499867544
3.3109131943059507	2.2441758380193706	0.6771412760050064	0.6878738499867544
3.3130706030730606	2.2456367161511914	0.6771483326498354	0.6878738499867544
3.3152280118401696	2.2470976095120125	0.6771553938778919	0.6878738499867544
3.317385420607279	2.248558518111734	0.677162459689322	0.6878738499867544
3.319542829374388	2.2500194419602537	0.6771695300842714	0.6878738499867544
3.321700238141497	2.2514803810674704	0.6771766050628862	0.6878738499867544
3.3238576469086065	2.252941335443283	0.6771836846253126	0.6878738499867544
3.3260150556757155	2.254402305097589	0.6771907687716965	0.6878738499867544
3.328172464442825	2.2558632900402893	0.6771978575021838	0.6878738499867544
3.330329873209934	2.25732429028128	0.6772049508169206	0.6878738499867544
3.332487281977043	2.258785305830461	0.6772120487160529	0.6878738499867544
3.3346446907441525	2.260246336697731	0.6772191511997266	0.6878738499867544
3.3368020995112615	2.261707382892988	0.677226258268088	0.6878738499867544
3.3389595082783714	2.263168444426131	0.6772333699212828	0.6878738499867544
3.34111691704548	2.264629521307058	0.6772404861594572	0.6878738499867544
3.343274325812589	2.2660906135456687	0.6772476069827571	0.6878738499867544
3.345431734579699	2.2675517211518614	0.6772547323913285	0.6878738499867544
3.3475891433468075	2.269012844135534	0.6772618623853175	0.6878738499867544
3.3497465521139174	2.270473982506586	0.67726899696487	0.6878738499867544
3.3519039608810264	2.271935136274915	0.677276136130132	0.6878738499867544
3.354061369648135	2.27339630545042	0.6772832798812497	0.6878738499867544
3.356218778415245	2.2748574900430008	0.6772904282183688	0.6878738499867544
3.358376187182354	2.276318690062554	0.6772975811416356	0.6878738499867544
3.3605335959494633	2.27777990551898	0.677304738651196	0.6878738499867544
3.3626910047165723	2.279241136422176	0.6773119007471959	0.6878738499867544
3.3648484134836814	2.280702382782041	0.6773190674297814	0.6878738499867544
3.367005822250791	2.2821636446084748	0.6773262386990986	0.6878738499867544
3.3691632310179	2.2836249219113745	0.6773334145552933	0.6878738499867544
3.371320639785009	2.2850862147006388	0.6773405949985116	0.6878738499867544
3.3734780485521183	2.286547522986168	0.6773477800288996	0.6878738499867544
3.3756354573192273	2.288008846777858	0.6773549696466031	0.6878738499867544
3.377792866086337	2.28947018608561	0.6773621638517684	0.6878738499867544
3.379950274853446	2.290931540919321	0.6773693626445413	0.6878738499867544
3.382107683620555	2.29239291128889	0.6773765660250678	0.6878738499867544
3.3842650923876647	2.2938542972042164	0.6773837739934939	0.6878738499867544
3.3864225011547733	2.2953156986751977	0.6773909865499658	0.6878738499867544
3.388579909921883	2.296777115711733	0.6773982036946292	0.6878738499867544
3.390737318688992	2.2982385483237207	0.6774054254276304	0.6878738499867544
3.3928947274561008	2.2996999965210594	0.6774126517491152	0.6878738499867544
3.3950521362232107	2.3011614603136485	0.6774198826592297	0.6878738499867544
3.3972095449903197	2.302622939711385	0.67742711815812	0.6878738499867544
3.399366953757429	2.3040844347241696	0.6774343582459319	0.6878738499867544
3.401524362524538	2.305545945361899	0.6774416029228115	0.6878738499867544
3.403681771291647	2.307007471634473	0.6774488521889048	0.6878738499867544
3.4058391800587566	2.3084690135517896	0.6774561060443578	0.6878738499867544
3.4079965888258656	2.309930571123748	0.6774633644893165	0.6878738499867544
3.410153997592975	2.311392144360246	0.6774706275239271	0.6878738499867544
3.412311406360084	2.312853733271183	0.6774778951483353	0.6878738499867544
3.414468815127193	2.3143153378664567	0.6774851673626873	0.6878738499867544
3.4166262238943026	2.3157769581559666	0.6774924441671291	0.6878738499867544
3.4187836326614116	2.317238594149611	0.6774997255618065	0.6878738499867544
3.4209410414285215	2.318700245857289	0.6775070115468658	0.6878738499867544
3.42309845019563	2.320161913288898	0.6775143021224527	0.6878738499867544
3.425255858962739	2.3216235964543372	0.6775215972887135	0.6878738499867544
3.427413267729849	2.323085295363506	0.6775288970457941	0.6878738499867544
3.4295706764969576	2.3245470100263015	0.6775362013938404	0.6878738499867544
3.4317280852640666	2.3260087404526235	0.6775435103329985	0.6878738499867544
3.4338854940311765	2.3274704866523708	0.6775508238634145	0.6878738499867544
3.4360429027982855	2.3289322486354407	0.6775581419852342	0.6878738499867544
3.438200311565395	2.330394026411733	0.6775654646986038	0.6878738499867544
3.440357720332504	2.3318558199911457	0.6775727920036693	0.6878738499867544
3.442515129099613	2.3333176293835773	0.6775801239005764	0.6878738499867544
3.4446725378667225	2.334779454598927	0.6775874603894715	0.6878738499867544
3.4468299466338315	2.3362412956470933	0.6775948014705003	0.6878738499867544
3.448987355400941	2.3377031525379746	0.6776021471438092	0.6878738499867544
3.45114476416805	2.3391650252814693	0.6776094974095437	0.6878738499867544
3.453302172935159	2.340626913887476	0.6776168522678502	0.6878738499867544
3.4554595817022684	2.342088818365894	0.6776242117188744	0.6878738499867544
3.4576169904693774	2.3435507387266212	0.6776315757627627	0.6878738499867544
3.4597743992364873	2.345012674979557	0.6776389443996608	0.6878738499867544
3.461931808003596	2.3464746271345986	0.6776463176297147	0.6878738499867544
3.464089216770705	2.3479365952016455	0.6776536954530705	0.6878738499867544
3.466246625537815	2.349398579190597	0.6776610778698743	0.6878738499867544
3.4684040343049234	2.350860579111351	0.677668464880272	0.6878738499867544
3.4705614430720333	2.352322594973806	0.6776758564844095	0.6878738499867544
3.4727188518391423	2.3537846267878604	0.677683252682433	0.6878738499867544
3.474876260606251	2.355246674563413	0.6776906534744884	0.6878738499867544
3.477033669373361	2.3567087383103633	0.6776980588607218	0.6878738499867544
3.47919107814047	2.3581708180386083	0.677705468841279	0.6878738499867544
3.4813484869075793	2.3596329137580483	0.6777128834163062	0.6878738499867544
3.4835058956746883	2.3610950254785803	0.6777203025859494	0.6878738499867544
3.4856633044417973	2.362557153210104	0.6777277263503545	0.6878738499867544
3.4878207132089067	2.364019296962518	0.6777351547096676	0.6878738499867544
3.4899781219760158	2.36548145674572	0.6777425876640346	0.6878738499867544
3.4921355307431248	2.366943632569609	0.6777500252136017	0.6878738499867544
3.4942929395102342	2.368405824444085	0.6777574673585147	0.6878738499867544
3.4964503482773432	2.3698680323790446	0.6777649140989197	0.6878738499867544
3.4986077570444527	2.371330256384388	0.6777723654349628	0.6878738499867544
3.5007651658115617	2.372792496470012	0.6777798213667897	0.6878738499867544
3.5029225745786707	2.3742547526458164	0.6777872818945467	0.6878738499867544
