x	chi	dchidx	s0
0.00016896032293078688	0.0	0.01661646568884149	0.01661646568884149
0.013780094221048337	0.00022616108214772195	0.01661475461400096	0.01661646568884149
0.027391228119165886	0.0004522761491597581	0.01660970429249655	0.01661646568884149
0.04100236201728343	0.0006782997501026471	0.016601314724329557	0.01661646568884149
0.05461349591540099	0.0009041864340431631	0.016589585909493998	0.01661646568884149
0.06822462981351854	0.0011298907500478543	0.016574517847981602	0.01661646568884149
0.08183576371163609	0.0013553672471830396	0.01655611053978184	0.01661646568884149
0.09544689760975364	0.0015805704745148095	0.016534363984881915	0.01661646568884149
0.10905803150787119	0.0018054549811090243	0.016509278183266772	0.01661646568884149
0.12266916540598874	0.002029975316031315	0.016480853134919093	0.01661646568884149
0.1362802993041063	0.002254086028347084	0.016449088839819295	0.01661646568884149
0.14989143320222384	0.002477741667121504	0.016413985297945535	0.01661646568884149
0.1635025671003414	0.002700896781411272	0.016375542509330997	0.01661646568884149
0.17711370099845894	0.002923505920267112	0.01633376047405097	0.01661646568884149
0.1907248348965765	0.003145523632758331	0.016288639192049113	0.01661646568884149
0.20433596879469404	0.0033669044679537686	0.016240178663264836	0.01661646568884149
0.2179471026928116	0.0035876029749212224	0.016188378887637255	0.01661646568884149
0.2315582365909291	0.003807573702727443	0.016133239865105203	0.01661646568884149
0.2451693704890467	0.0040267712004381385	0.016074761595607206	0.01661646568884149
0.25878050438716427	0.004245150017117969	0.01601294407908151	0.01661646568884149
0.2723916382852818	0.004462664701830553	0.015947787315466054	0.01661646568884149
0.2860027721833993	0.004679269803638463	0.015879291304698496	0.01661646568884149
0.2996139060815169	0.004894919871603228	0.01580745604671619	0.01661646568884149
0.31322503997963447	0.005109569454785334	0.015732281541456207	0.01661646568884149
0.326836173877752	0.0053231731022442145	0.015653767788855317	0.01661646568884149
0.3404473077758695	0.005535685363038266	0.015571914788850002	0.01661646568884149
0.3540584416739871	0.005747060786224842	0.015486722541376443	0.01661646568884149
0.36766957557210467	0.005957253920860243	0.015398191046370534	0.01661646568884149
0.3812807094702222	0.0061662193159997295	0.015306320303767877	0.01661646568884149
0.3948918433683397	0.006373911520697519	0.015211110313503775	0.01661646568884149
0.4085029772664573	0.0065802850840067815	0.015112561075513242	0.01661646568884149
0.42211411116457487	0.006785294554979646	0.015010672589730992	0.01661646568884149
0.4357252450626924	0.006988894482667191	0.014905444856091457	0.01661646568884149
0.4493363789608099	0.007191039416119454	0.014796877874528767	0.01661646568884149
0.46294751285892743	0.007391683904385427	0.01468497164497676	0.01661646568884149
0.47655864675704507	0.007590782496513062	0.014569726167368981	0.01661646568884149
0.4901697806551626	0.007788289741549258	0.014451141441638683	0.01661646568884149
0.5037809145532801	0.007984160188539875	0.014329217467718825	0.01661646568884149
0.5173920484513977	0.008178348386529727	0.014203954245542072	0.01661646568884149
0.5310031823495153	0.00837080888456258	0.014075351775040797	0.01661646568884149
0.5446143162476328	0.008561496231681166	0.013943410056147076	0.01661646568884149
0.5582254501457503	0.008750364976927154	0.0138081290887927	0.01661646568884149
0.5718365840438678	0.00893736966934119	0.013669508872909153	0.01661646568884149
0.5854477179419855	0.00912246485796286	0.013527549408427639	0.01661646568884149
0.599058851840103	0.009305605091830711	0.013382250695279062	0.01661646568884149
0.6126699857382205	0.009486744919982242	0.013233612733394034	0.01661646568884149
0.6262811196363381	0.009665838891453912	0.01308163552270287	0.01661646568884149
0.6398922535344557	0.00984284155528113	0.012926319063135601	0.01661646568884149
0.6535033874325732	0.010017707460498265	0.012767663354621955	0.01661646568884149
0.6671145213306907	0.010190391156138644	0.01260566839709137	0.01661646568884149
0.6807256552288082	0.010360847191234542	0.012440334190472996	0.01661646568884149
0.6943367891269259	0.010529030114817189	0.012271660734695676	0.01661646568884149
0.7079479230250434	0.010694894475916775	0.012099648029687977	0.01661646568884149
0.7215590569231609	0.010858394823562448	0.011924296075378158	0.01661646568884149
0.7351701908212785	0.011019485706782309	0.011745604871694192	0.01661646568884149
0.7487813247193961	0.011178121674603404	0.011563574418563758	0.01661646568884149
0.7623924586175136	0.011334257276051748	0.011378204715914242	0.01661646568884149
0.7760035925156311	0.01148784706015231	0.011189495763672733	0.01661646568884149
0.7896147264137486	0.01163884557593177	0.010997447561730534	0.01661646568884149
0.8032258603118663	0.011787207372427248	0.01080206010981612	0.01661646568884149
0.8168369942099838	0.011932886998661579	0.010603333407802815	0.01661646568884149
0.8304481281081012	0.012075839003654098	0.010401267455590762	0.01661646568884149
0.8440592620062188	0.012216017936422796	0.010195862253080534	0.01661646568884149
0.8576703959043362	0.012353378345984318	0.009987117800173171	0.01661646568884149
0.8712815298024539	0.01248787478135397	0.00977503409677015	0.01661646568884149
0.8848926637005715	0.01261946179154571	0.009559611142773396	0.01661646568884149
0.8985037975986889	0.01274809392557215	0.00934084893808529	0.01661646568884149
0.9121149314968066	0.012873725732444571	0.009118747482608651	0.01661646568884149
0.925726065394924	0.012996311761172897	0.008893306776246751	0.01661646568884149
0.9393371992930416	0.01311580656076572	0.008664526818903307	0.01661646568884149
0.9529483331911592	0.013232164680230276	0.008432407610482487	0.01661646568884149
0.9665594670892766	0.013345340668572467	0.008196949150888908	0.01661646568884149
0.9801706009873943	0.013455289074796853	0.007958151440027627	0.01661646568884149
0.9937817348855119	0.013561964447906642	0.0077160144778041576	0.01661646568884149
1.0073928687836293	0.013665321336903704	0.007470538264124459	0.01661646568884149
1.0210040026817468	0.013765314290788568	0.007221722798894933	0.01661646568884149
1.0346151365798646	0.013861897858560413	0.006969568082022434	0.01661646568884149
1.048226270477982	0.01395502658921708	0.006714074113414267	0.01661646568884149
1.0618374043760996	0.014044655031755065	0.006455240892978176	0.01661646568884149
1.075448538274217	0.014130737735169518	0.006193068420622364	0.01661646568884149
1.0890596721723347	0.014213229248454251	0.005927556696255468	0.01661646568884149
1.1026708060704522	0.014292084120601728	0.005658705719786585	0.01661646568884149
1.1162819399685697	0.014367256900603923	0.0053865154911254395	0.01661646568884149
1.1298930738666872	0.014438702137453057	0.005110986010183306	0.01661646568884149
1.1435042077648048	0.01450637438013867	0.004832117276872935	0.01661646568884149
1.1571153416629223	0.014570228177649107	0.004549909291108458	0.01661646568884149
1.17072647556104	0.014630218078971571	0.0042643620528054265	0.01661646568884149
1.1843376094591573	0.014686298633092143	0.003975475561880793	0.01661646568884149
1.197948743357275	0.014738424388995766	0.0036832498182529042	0.01661646568884149
1.2115598772553926	0.014786549895666252	0.003387684821841522	0.01661646568884149
1.2251710111535101	0.014830629702086281	0.0030887805725678154	0.01661646568884149
1.2387821450516276	0.014870618357237405	0.0027865370703543412	0.01661646568884149
1.2523932789497454	0.014906470410100039	0.002480954315125081	0.01661646568884149
1.2660044128478627	0.01493814040965378	0.0021720323068057596	0.01661646568884149
1.2796155467459804	0.014965582904877331	0.0018597710453239352	0.01661646568884149
1.2932266806440977	0.014988752444748303	0.001544170530608869	0.01661646568884149
1.3068378145422155	0.015007603578243356	0.0012252307625916221	0.01661646568884149
1.320448948440333	0.015022090854338192	0.0009029517412050939	0.01661646568884149
1.3340600823384505	0.015032168822007646	0.0005773334663840965	0.01661646568884149
1.347671216236568	0.015037792030225669	0.0002537359695868911	0.01661646568884149
3.037616719831796	0.015466603927574417	0.0002537483591580202	0.01661646568884149
4.727562223427023	0.015895430910071184	0.0002537542677500276	0.01661646568884149
6.417507727022252	0.01632426593985326	0.0002537589214762081	0.01661646568884149
8.10745323061748	0.01675310783874862	0.0002537630224291196	0.01661646568884149
9.797398734212708	0.017181956152694428	0.0002537666557388753	0.01661646568884149
11.487344237807935	0.017610810427627837	0.0002537699065355885	0.01661646568884149
13.177289741403163	0.01803967020948601	0.00025377285994937233	0.01661646568884149
14.86723524499839	0.0184685350442061	0.00025377560111033997	0.01661646568884149
16.55718074859362	0.01889740447772526	0.0002537782151486047	0.01661646568884149
18.247126252188846	0.01932627845038943	0.00025378071928924833	0.01661646568884149
19.937071755784075	0.019755156963370126	0.0002537830917996278	0.01661646568884149
21.6270172593793	0.02018403923828403	0.0002537854573069712	0.01661646568884149
23.31696276297453	0.02061292529207	0.000253787816634386	0.01661646568884149
25.006908266569756	0.021041815141666906	0.0002537901706049798	0.01661646568884149
26.69685377016498	0.021470708804013604	0.0002537925200418601	0.01661646568884149
28.38679927376021	0.021899606296048965	0.0002537948657681345	0.01661646568884149
30.076744777355437	0.02232850763471185	0.00025379720860691044	0.01661646568884149
31.766690280950666	0.022757412836941125	0.0002537995493812956	0.01661646568884149
33.456635784545895	0.023186321919675654	0.0002538018889143974	0.01661646568884149
35.14658128814112	0.023615234899854298	0.00025380422802932345	0.01661646568884149
36.83652679173635	0.02404415179441592	0.0002538065675491813	0.01661646568884149
38.52647229533158	0.024473072620299394	0.0002538089082970784	0.01661646568884149
40.216417798926805	0.024901997394443574	0.0002538112510961224	0.01661646568884149
41.90636330252203	0.025330926133787325	0.0002538135967694208	0.01661646568884149
43.59630880611726	0.02575985885526952	0.0002538159461400811	0.01661646568884149
45.28625430971249	0.026188795575829007	0.00025381830003121087	0.01661646568884149
46.976199813307716	0.026617736312404664	0.0002538206592659177	0.01661646568884149
48.66614531690294	0.02704668108193535	0.0002538230246673091	0.01661646568884149
50.35609082049817	0.02747562990135993	0.00025382539705849253	0.01661646568884149
52.0460363240934	0.027904582787617267	0.0002538277772625756	0.01661646568884149
53.73598182768863	0.02833353975764623	0.00025383016610266594	0.01661646568884149
55.42592733128386	0.028762500828385676	0.0002538325644018709	0.01661646568884149
57.115872834879085	0.02919146601677447	0.0002538349729832982	0.01661646568884149
58.80581833847432	0.029620435339751477	0.00025383739267005525	0.01661646568884149
60.49576384206954	0.030049408814255562	0.00025383982428524966	0.01661646568884149
62.18570934566477	0.030478386457225587	0.000253842268651989	0.01661646568884149
63.87565484926	0.030907368285600423	0.0002538447265933807	0.01661646568884149
65.56560035285523	0.031336354316318926	0.0002538471989325324	0.01661646568884149
67.25554585645045	0.031765344566319964	0.0002538496864925516	0.01661646568884149
68.94549136004568	0.032194339052542396	0.00025385219009654587	0.01661646568884149
70.6354368636409	0.0326233377919251	0.0002538547105676227	0.01661646568884149
72.32538236723613	0.03305234080140692	0.0002538572487288897	0.01661646568884149
74.01532787083137	0.03348134809792673	0.0002538598054034544	0.01661646568884149
75.7052733744266	0.033910359698423403	0.00025386238141442423	0.01661646568884149
77.39521887802182	0.034339375619835785	0.00025386497758490687	0.01661646568884149
79.08516438161705	0.034768395879102756	0.0002538675947380098	0.01661646568884149
80.77510988521227	0.03519742142729513	0.00025387020190102396	0.01661646568884149
82.4650553888075	0.03562645186301346	0.00025387281231480617	0.01661646568884149
84.15500089240273	0.03605548665661027	0.00025387544493850724	0.01661646568884149
85.84494639599797	0.03648452584725032	0.0002538780997811405	0.01661646568884149
87.53489189959319	0.03691356947409841	0.00025388077685171913	0.01661646568884149
89.22483740318842	0.037342617576319306	0.0002538834761592565	0.01661646568884149
90.91478290678364	0.03777167019307779	0.00025388619771276585	0.01661646568884149
92.60472841037887	0.03820072736353865	0.00025388894152126044	0.01661646568884149
94.2946739139741	0.03862978912686665	0.00025389170759375357	0.01661646568884149
95.98461941756932	0.03905885552222658	0.0002538944959392585	0.01661646568884149
97.67456492116456	0.039487926588783216	0.00025389730656678856	0.01661646568884149
99.36451042475979	0.03991700236570134	0.00025390013948535696	0.01661646568884149
101.05445592835501	0.040346082892145724	0.00025390299470397703	0.01661646568884149
102.74440143195024	0.040775168207281165	0.00025390587223166197	0.01661646568884149
104.43434693554546	0.04120425835027243	0.00025390877207742517	0.01661646568884149
106.12429243914069	0.041633353360284286	0.0002539116942502798	0.01661646568884149
107.81423794273593	0.042062453276481546	0.00025391463875923924	0.01661646568884149
109.50418344633115	0.042491558138028955	0.0002539176056133167	0.01661646568884149
111.19412894992637	0.04292066798409131	0.00025392059482152546	0.01661646568884149
112.8840744535216	0.043349782853833396	0.00025392360639287886	0.01661646568884149
114.57401995711685	0.04377890278641998	0.00025392664033639005	0.01661646568884149
116.26396546071206	0.04420802782101584	0.0002539296966610725	0.01661646568884149
117.95391096430727	0.04463715799678576	0.0002539327753759393	0.01661646568884149
119.64385646790251	0.045066293352894526	0.0002539358764900038	0.01661646568884149
121.33380197149775	0.04549543392850692	0.0002539390000122793	0.01661646568884149
123.02374747509297	0.0459245797627877	0.0002539421459517791	0.01661646568884149
124.71369297868819	0.04635373089490166	0.00025394531431751635	0.01661646568884149
126.40363848228343	0.04678288736401359	0.0002539485051185045	0.01661646568884149
128.09358398587867	0.04721204920928826	0.0002539517183637567	0.01661646568884149
129.7835294894739	0.04764121646989044	0.0002539549540622863	0.01661646568884149
131.4734749930691	0.048070389184984914	0.00025395821222310653	0.01661646568884149
133.16342049666434	0.04849956739373647	0.0002539614928552307	0.01661646568884149
134.85336600025957	0.04892875113530988	0.0002539647959676721	0.01661646568884149
136.5433115038548	0.04935794044886993	0.000253968121569444	0.01661646568884149
138.23325700745002	0.049787135373581384	0.0002539714696695596	0.01661646568884149
139.92320251104525	0.05021633594860904	0.00025397484027703227	0.01661646568884149
141.6131480146405	0.05064554221311768	0.00025397823340087526	0.01661646568884149
143.3030935182357	0.051074754206272055	0.0002539816490501019	0.01661646568884149
144.99303902183092	0.05150397196723697	0.0002539850872337253	0.01661646568884149
146.68298452542615	0.05193319553517721	0.000253988547960759	0.01661646568884149
148.3729300290214	0.052362424949257524	0.000253992031240216	0.01661646568884149
150.0628755326166	0.05279166024864272	0.0002539955370811098	0.01661646568884149
151.75282103621183	0.05322090147249756	0.00025399906549245356	0.01661646568884149
153.44276653980708	0.053650148659986845	0.00025400261648326057	0.01661646568884149
155.1327120434023	0.05407940185027533	0.00025400619006254413	0.01661646568884149
156.82265754699753	0.054508661082527804	0.0002540097862393175	0.01661646568884149
158.51260305059273	0.05493792639590904	0.000254013405022594	0.01661646568884149
160.20254855418798	0.05536719782958384	0.00025401704642138685	0.01661646568884149
161.8924940577832	0.05579647542271697	0.0002540207104447094	0.01661646568884149
163.58243956137844	0.05622575921447319	0.00025402439710157487	0.01661646568884149
165.27238506497366	0.056655049244017305	0.0002540281064009965	0.01661646568884149
166.9623305685689	0.05708434555051409	0.0002540318383519877	0.01661646568884149
168.65227607216414	0.05751364817312832	0.0002540355929635616	0.01661646568884149
170.34222157575934	0.057942957151024765	0.0002540393702447316	0.01661646568884149
172.03216707935456	0.05837227252336823	0.00025404317020451093	0.01661646568884149
173.7221125829498	0.058801594329323484	0.00025404699285191284	0.01661646568884149
175.41205808654504	0.059230922608055285	0.0002540508381959506	0.01661646568884149
177.10200359014027	0.059660257398728433	0.0002540547062456376	0.01661646568884149
178.79194909373547	0.060089598740507705	0.00025405859700998695	0.01661646568884149
180.48189459733072	0.06051894667255789	0.000254062510498012	0.01661646568884149
182.17184010092595	0.06094830123404375	0.00025406644671872614	0.01661646568884149
183.86178560452117	0.06137766246413007	0.0002540704056811425	0.01661646568884149
185.55173110811637	0.06180703040198163	0.0002540743873942744	0.01661646568884149
187.24167661171163	0.062236405086763216	0.0002540783918671352	0.01661646568884149
188.93162211530685	0.0626657865576396	0.000254082419108738	0.01661646568884149
190.62156761890208	0.06309517485377555	0.0002540864691280962	0.01661646568884149
192.3115131224973	0.06352457001433588	0.00025409054193422314	0.01661646568884149
194.00145862609253	0.06395397207848535	0.00025409463753613197	0.01661646568884149
195.69140412968778	0.06438338108538873	0.000254098755942836	0.01661646568884149
197.38134963328298	0.0648127970742108	0.0002541028971633486	0.01661646568884149
199.0712951368782	0.06524222008411634	0.0002541070612066829	0.01661646568884149
200.76124064047346	0.06567165015427016	0.00025411124808185227	0.01661646568884149
202.45118614406869	0.066101087323837	0.00025411545779786994	0.01661646568884149
204.1411316476639	0.06653053163198167	0.00025411969036374926	0.01661646568884149
205.8310771512591	0.06695998311786891	0.0002541239457885035	0.01661646568884149
207.52102265485436	0.06738944182066356	0.00025412822408114584	0.01661646568884149
209.2109681584496	0.06781890777953034	0.00025413252525068963	0.01661646568884149
210.90091366204481	0.06824838103363406	0.00025413684930614816	0.01661646568884149
212.59085916564004	0.06867786162213949	0.00025414119625653467	0.01661646568884149
214.2808046692353	0.06910734958421141	0.00025414556611086245	0.01661646568884149
215.97075017283052	0.0695368449590146	0.0002541499588781448	0.01661646568884149
217.66069567642572	0.06996634778571385	0.000254154374567395	0.01661646568884149
219.35064118002094	0.07039585810347393	0.0002541588131876263	0.01661646568884149
221.04058668361617	0.07082537595145962	0.000254163274747852	0.01661646568884149
222.73053218721142	0.0712549013688357	0.00025416775925708534	0.01661646568884149
224.42047769080665	0.07168443439476696	0.0002541722667243396	0.01661646568884149
226.11042319440185	0.07211397506841814	0.0002541767971586281	0.01661646568884149
227.8003686979971	0.07254352342895408	0.0002541813505689642	0.01661646568884149
229.49031420159233	0.07297307951553951	0.00025418592696436094	0.01661646568884149
231.18025970518755	0.07340264336733923	0.0002541905263538318	0.01661646568884149
232.87020520878275	0.07383221502351801	0.00025419514874639	0.01661646568884149
234.56015071237798	0.07426179452324064	0.0002541997941510488	0.01661646568884149
236.25009621597323	0.07469138190567191	0.0002542044625768215	0.01661646568884149
237.94004171956846	0.07512097720997657	0.00025420915403272134	0.01661646568884149
239.62998722316368	0.07555058047531943	0.00025421386852776163	0.01661646568884149
241.31993272675894	0.07598019174086525	0.0002542186060709557	0.01661646568884149
243.00987823035416	0.07640981104577879	0.0002542233666713167	0.01661646568884149
244.69982373394936	0.07683943842922489	0.00025422815033785805	0.01661646568884149
246.38976923754458	0.07726907393036826	0.0002542329570795929	0.01661646568884149
248.0797147411398	0.07769871758837374	0.00025423778690553464	0.01661646568884149
249.76966024473506	0.07812836944240607	0.00025424263982469644	0.01661646568884149
251.4596057483303	0.07855802953163005	0.0002542475158460917	0.01661646568884149
253.1495512519255	0.07898769789521043	0.00025425241497873356	0.01661646568884149
254.83949675552077	0.07941737457231204	0.0002542573372316354	0.01661646568884149
256.52944225911597	0.07984705960209959	0.0002542622826138105	0.01661646568884149
258.21938776271116	0.08027675302373793	0.00025426725113427204	0.01661646568884149
259.9093332663064	0.0807064548763918	0.0002542722428020334	0.01661646568884149
261.5992787699016	0.08113616519922598	0.00025427725762610786	0.01661646568884149
263.28922427349687	0.08156588403140529	0.0002542822956155086	0.01661646568884149
264.9791697770921	0.08199561141209444	0.00025428735677924895	0.01661646568884149
266.6691152806873	0.08242534738045826	0.00025429244112634225	0.01661646568884149
268.3590607842826	0.08285509197566153	0.0002542975486658017	0.01661646568884149
270.0490062878778	0.08328484523686899	0.00025430267940664057	0.01661646568884149
271.738951791473	0.08371460720324547	0.00025430783335787224	0.01661646568884149
273.4288972950682	0.08414437791395571	0.00025431301052850986	0.01661646568884149
275.1188427986634	0.08457415740816451	0.00025431821092756677	0.01661646568884149
276.80878830225873	0.08500394572503664	0.0002543234345640563	0.01661646568884149
278.49873380585393	0.08543374290373688	0.0002543286814469916	0.01661646568884149
280.1886793094491	0.08586354898343003	0.00025433395158538604	0.01661646568884149
281.8786248130444	0.08629336400328085	0.0002543392449882529	0.01661646568884149
283.56857031663964	0.0867231880024541	0.00025434456166460544	0.01661646568884149
285.25851582023483	0.0871530210201146	0.0002543499016234569	0.01661646568884149
286.94846132383003	0.0875828630954271	0.00025435526487382063	0.01661646568884149
288.6384068274253	0.08801271426755639	0.0002543606514247098	0.01661646568884149
290.32835233102054	0.08844257457566726	0.00025436606128513784	0.01661646568884149
292.01829783461574	0.08887244405892447	0.0002543714944641179	0.01661646568884149
293.70824333821093	0.0893023227564928	0.00025437695097066333	0.01661646568884149
295.39818884180625	0.08973221070753706	0.0002543824308137874	0.01661646568884149
297.08813434540144	0.09016210795122201	0.00025438793400250334	0.01661646568884149
298.77807984899664	0.09059201452671242	0.00025439346054582446	0.01661646568884149
300.4680253525919	0.09102193047317307	0.000254399010452764	0.01661646568884149
302.1579708561871	0.09145185582976874	0.0002544045837323354	0.01661646568884149
303.84791635978235	0.09188179063566423	0.00025441018039355166	0.01661646568884149
305.53786186337754	0.0923117349300243	0.00025441580044542627	0.01661646568884149
307.2278073669728	0.09274168875201375	0.00025442144389697247	0.01661646568884149
308.91775287056805	0.09317165214079734	0.00025442711075720353	0.01661646568884149
310.60769837416325	0.09360162513553982	0.00025443280103513267	0.01661646568884149
312.2976438777585	0.09403160777540603	0.0002544385147397732	0.01661646568884149
313.9875893813537	0.09446160009956073	0.0002544442518801385	0.01661646568884149
315.6775348849489	0.09489160214716867	0.0002544500124652417	0.01661646568884149
317.36748038854415	0.09532161395739466	0.00025445579650409613	0.01661646568884149
319.0574258921394	0.09575163556940347	0.00025446160400571506	0.01661646568884149
320.7473713957346	0.09618166702235989	0.00025446743497911184	0.01661646568884149
322.43731689932986	0.0966117083554287	0.00025447328943329966	0.01661646568884149
324.1272624029251	0.09704175960777464	0.0002544791673772918	0.01661646568884149
325.8172079065203	0.09747182081856254	0.0002544850688201016	0.01661646568884149
327.5071534101155	0.09790189202695715	0.0002544909937707423	0.01661646568884149
329.1970989137107	0.09833197327212326	0.0002544969422382272	0.01661646568884149
330.887044417306	0.09876206459322565	0.00025450291423156956	0.01661646568884149
332.5769899209012	0.0991921660294291	0.0002545089097597826	0.01661646568884149
334.2669354244964	0.09962227761989839	0.00025451492883187975	0.01661646568884149
335.95688092809166	0.10005239940379829	0.00025452097145687414	0.01661646568884149
337.6468264316869	0.10048253142029359	0.0002545270376437791	0.01661646568884149
339.3367719352821	0.10091267370854903	0.0002545331274016079	0.01661646568884149
341.0267174388773	0.10134282630772948	0.0002545392407393739	0.01661646568884149
342.71666294247257	0.10177298925699962	0.00025454537766609025	0.01661646568884149
344.4066084460678	0.10220316259552431	0.0002545515381907703	0.01661646568884149
346.096553949663	0.10263334636246829	0.00025455772232242733	0.01661646568884149
347.7864994532583	0.10306354059699632	0.0002545639300700746	0.01661646568884149
349.4764449568535	0.10349374533827321	0.00025457016144272537	0.01661646568884149
351.1663904604487	0.10392396062546375	0.00025457641644939294	0.01661646568884149
352.8563359640439	0.10435418649773265	0.0002545826950990906	0.01661646568884149
354.5462814676392	0.10478442299424476	0.00025458899740083156	0.01661646568884149
356.2362269712344	0.10521467015416489	0.0002545953233636292	0.01661646568884149
357.9261724748296	0.10564492801665773	0.00025460167299649677	0.01661646568884149
359.6161179784249	0.1060751966208881	0.0002546080463084475	0.01661646568884149
361.3060634820201	0.10650547600602076	0.0002546144433084947	0.01661646568884149
362.99600898561533	0.10693576621122056	0.00025462086400565164	0.01661646568884149
364.68595448921053	0.10736606727565218	0.00025462730840893164	0.01661646568884149
366.3758999928058	0.10779637923848048	0.0002546337765273479	0.01661646568884149
368.065845496401	0.10822670213887017	0.00025464026836991374	0.01661646568884149
369.7557909999962	0.10865703601598611	0.0002546467839456424	0.01661646568884149
371.44573650359143	0.109087380908993	0.00025465332326354725	0.01661646568884149
373.1356820071867	0.10951773685705568	0.0002546598863326415	0.01661646568884149
374.8256275107819	0.10994810389933887	0.00025466647316193847	0.01661646568884149
376.51557301437714	0.11037848207500744	0.0002546730837604514	0.01661646568884149
378.2055185179724	0.11080887142322607	0.00025467971813719354	0.01661646568884149
379.8954640215676	0.11123927198315958	0.0002546863763011782	0.01661646568884149
381.5854095251628	0.11166968379397277	0.0002546930582614187	0.01661646568884149
383.27535502875804	0.11210010689483041	0.0002546997640269283	0.01661646568884149
384.9653005323533	0.11253054132489726	0.0002547064936067202	0.01661646568884149
386.6552460359485	0.11296100379347317	0.0002547132592745257	0.01661646568884149
388.3451915395437	0.113391499663052	0.00025472006487474886	0.01661646568884149
390.035137043139	0.11382200660170542	0.0002547268939183054	0.01661646568884149
391.7250825467342	0.11425252465140438	0.0002547337464082128	0.01661646568884149
393.4150280503294	0.1146830538541198	0.00025474062234748837	0.01661646568884149
395.10497355392465	0.1151135942518226	0.0002547475217391497	0.01661646568884149
396.79491905751985	0.11554414588648373	0.00025475444458621425	0.01661646568884149
398.4848645611151	0.11597470880007414	0.0002547613908916994	0.01661646568884149
400.1748100647103	0.11640528303456472	0.0002547683606586226	0.01661646568884149
401.86475556830555	0.11683586863192642	0.00025477535389000134	0.01661646568884149
403.5547010719008	0.11726646563413021	0.000254782370588853	0.01661646568884149
405.244646575496	0.11769707408314696	0.00025478941075819515	0.01661646568884149
406.93459207909126	0.11812769402094762	0.00025479647440104514	0.01661646568884149
408.62453758268646	0.11855832548950315	0.0002548035615204205	0.01661646568884149
410.31448308628165	0.11898896853078447	0.00025481067211933865	0.01661646568884149
412.0044285898769	0.11941962318676251	0.000254817806200817	0.01661646568884149
413.69437409347216	0.11985028949940821	0.00025482496376787303	0.01661646568884149
415.38431959706736	0.12028096751069248	0.00025483214482352424	0.01661646568884149
417.0742651006626	0.12071165726258627	0.000254839349370788	0.01661646568884149
418.7642106042578	0.1211423587970605	0.00025484657741268183	0.01661646568884149
420.45415610785307	0.12157307215608613	0.0002548538289522231	0.01661646568884149
422.14410161144826	0.12200379738163407	0.00025486110399242936	0.01661646568884149
423.83404711504346	0.12243453451567525	0.00025486840253631797	0.01661646568884149
425.5239926186387	0.12286528360018062	0.0002548757245869065	0.01661646568884149
427.213938122234	0.12329604467712112	0.0002548830701472123	0.01661646568884149
428.9038836258292	0.12372681778846763	0.0002548904392202528	0.01661646568884149
430.5938291294244	0.12415760297619113	0.00025489783180904555	0.01661646568884149
432.2837746330197	0.12458840028226255	0.0002549052479166079	0.01661646568884149
433.9737201366149	0.1250192097486528	0.0002549126875459574	0.01661646568884149
435.66366564021007	0.12545003141733282	0.00025492015070011147	0.01661646568884149
437.3536111438053	0.12588086533027357	0.0002549276373820875	0.01661646568884149
439.0435566474005	0.12631171152944595	0.000254935147594903	0.01661646568884149
440.7335021509957	0.1267425700568209	0.0002549426813415754	0.01661646568884149
442.42344765459103	0.1271734409543694	0.0002549502386251222	0.01661646568884149
444.1133931581863	0.12760432426406226	0.0002549578194485608	0.01661646568884149
445.8033386617815	0.12803522002787054	0.0002549654238149087	0.01661646568884149
447.4932841653767	0.1284661282877651	0.0002549730517271833	0.01661646568884149
449.18322966897193	0.12889704908571692	0.000254980703188402	0.01661646568884149
450.87317517256713	0.1293279824636969	0.00025498837820158235	0.01661646568884149
452.5631206761623	0.12975892846367598	0.0002549960767697418	0.01661646568884149
454.25306617975764	0.13018988712762514	0.00025500379889589774	0.01661646568884149
455.9430116833529	0.1306208584975152	0.0002550115445830677	0.01661646568884149
457.6329571869481	0.1310518426153172	0.00025501931383426906	0.01661646568884149
459.3229026905433	0.131482839523002	0.0002550271066525193	0.01661646568884149
461.01284819413854	0.13191384926254057	0.00025503492304083583	0.01661646568884149
462.70279369773374	0.13234487187590388	0.0002550427630022362	0.01661646568884149
464.39273920132894	0.1327759074050628	0.0002550506265397377	0.01661646568884149
466.0826847049242	0.13320695589198825	0.000255058513656358	0.01661646568884149
467.7726302085194	0.13363801737865122	0.0002550664243551144	0.01661646568884149
469.4625757121147	0.13406909190702263	0.0002550743586390244	0.01661646568884149
471.1525212157099	0.1345001795190734	0.00025508231651110536	0.01661646568884149
472.84246671930515	0.13493128025677442	0.0002550902979743749	0.01661646568884149
474.53241222290035	0.1353623941620967	0.00025509830303185036	0.01661646568884149
476.22235772649555	0.13579352127701114	0.00025510633168654916	0.01661646568884149
477.9123032300908	0.13622466164348865	0.00025511438394148887	0.01661646568884149
479.602248733686	0.1366558153035002	0.00025512245979968687	0.01661646568884149
481.2921942372813	0.13708698229901672	0.00025513055926416054	0.01661646568884149
482.9821397408765	0.13751816267200911	0.0002551386823379275	0.01661646568884149
484.67208524447176	0.13794935646444834	0.0002551468290240051	0.01661646568884149
486.36203074806696	0.1383805637183053	0.00025515499932541073	0.01661646568884149
488.05197625166215	0.13881178447555095	0.000255163193245162	0.01661646568884149
489.7419217552574	0.13924301877815623	0.0002551714107862762	0.01661646568884149
491.4318672588526	0.13967426666809205	0.0002551796519517709	0.01661646568884149
493.1218127624478	0.14010552818732935	0.0002551879167446635	0.01661646568884149
494.811758266043	0.14053680337783908	0.00025519620516797144	0.01661646568884149
496.5017037696383	0.14096809228159218	0.00025520451722471226	0.01661646568884149
498.19164927323357	0.14139939494055953	0.00025521285291790324	0.01661646568884149
499.88159477682876	0.1418307113967121	0.000255221212250562	0.01661646568884149
501.57154028042396	0.14226204169202084	0.0002552295952257059	0.01661646568884149
503.2614857840192	0.14269338586845665	0.00025523800184635247	0.01661646568884149
504.9514312876144	0.14312474396799044	0.0002552464321155191	0.01661646568884149
506.6413767912096	0.14355611603259322	0.0002552548860362232	0.01661646568884149
508.3313222948049	0.14398750210423586	0.00025526336361148227	0.01661646568884149
510.0212677984002	0.14441890222488932	0.0002552718648443138	0.01661646568884149
511.7112133019954	0.14485031643652452	0.0002552803897377352	0.01661646568884149
513.4011588055906	0.14528174478111236	0.0002552889382947639	0.01661646568884149
515.0911043091858	0.14571318730062383	0.0002552975105184174	0.01661646568884149
516.781049812781	0.14614464403702984	0.0002553061064117131	0.01661646568884149
518.4709953163763	0.14657611503230134	0.0002553147259776685	0.01661646568884149
520.1609408199714	0.14700760032840923	0.00025532336921930103	0.01661646568884149
521.8508863235667	0.14743909996732446	0.00025533203613962817	0.01661646568884149
523.540831827162	0.147870613991018	0.00025534072674166734	0.01661646568884149
525.2307773307572	0.1483021424414607	0.000255349441028436	0.01661646568884149
526.9207228343524	0.14873368536062354	0.0002553581790029516	0.01661646568884149
528.6106683379477	0.14916524279047746	0.00025536694066823155	0.01661646568884149
530.3006138415428	0.14959681477299336	0.00025537572602729337	0.01661646568884149
531.9905593451381	0.15002840135014223	0.0002553845350831545	0.01661646568884149
533.6805048487333	0.15046000256389494	0.00025539336783883234	0.01661646568884149
535.3704503523286	0.15089161845622248	0.0002554022242973444	0.01661646568884149
537.0603958559238	0.15132324906909572	0.0002554111044617081	0.01661646568884149
538.750341359519	0.15175489444448564	0.0002554200083349409	0.01661646568884149
540.4402868631142	0.15218655462436315	0.00025542893592006024	0.01661646568884149
542.1302323667095	0.1526182296506992	0.0002554378872200836	0.01661646568884149
543.8201778703046	0.1530499195654647	0.0002554468622380284	0.01661646568884149
545.5101233738999	0.1534816244106306	0.00025545586097691213	0.01661646568884149
547.2000688774951	0.15391334422816783	0.0002554648834397522	0.01661646568884149
548.8900143810903	0.1543450790600473	0.0002554739296295661	0.01661646568884149
550.5799598846856	0.15477682894824002	0.00025548299954937124	0.01661646568884149
552.2699053882808	0.1552085939347168	0.0002554920932021851	0.01661646568884149
553.959850891876	0.15564037406144868	0.0002555012105910251	0.01661646568884149
555.6497963954713	0.15607216937040652	0.00025551035171890874	0.01661646568884149
557.3397418990664	0.1565039799035613	0.00025551951658885346	0.01661646568884149
559.0296874026617	0.15693580570288396	0.00025552870520387667	0.01661646568884149
560.719632906257	0.15736764681034537	0.00025553791756699587	0.01661646568884149
562.4095784098522	0.15779950326791653	0.00025554715368122845	0.01661646568884149
564.0995239134475	0.15823137511756832	0.00025555641354959197	0.01661646568884149
565.7894694170427	0.1586632624012717	0.00025556569717510375	0.01661646568884149
567.4794149206379	0.15909516516099761	0.00025557500456078135	0.01661646568884149
569.1693604242331	0.15952708343871697	0.00025558433570964216	0.01661646568884149
570.8593059278284	0.15995901727640072	0.00025559369062470367	0.01661646568884149
572.5492514314235	0.16039096671601977	0.0002556030693089833	0.01661646568884149
574.2391969350188	0.16082293179954507	0.00025561247176549847	0.01661646568884149
575.929142438614	0.16125491256894756	0.0002556218979972667	0.01661646568884149
577.6190879422093	0.1616869090661982	0.00025563134800730546	0.01661646568884149
579.3090334458045	0.16211892133326783	0.0002556408217986321	0.01661646568884149
580.9989789493997	0.16255094941212744	0.00025565031937426413	0.01661646568884149
582.6889244529949	0.162982993344748	0.00025565984073721903	0.01661646568884149
584.3788699565902	0.1634150531731004	0.00025566938589051424	0.01661646568884149
586.0688154601853	0.16384712893915557	0.00025567895483716714	0.01661646568884149
587.7587609637806	0.16427922068488443	0.0002556885475801953	0.01661646568884149
589.4487064673759	0.16471132845225797	0.00025569816412261605	0.01661646568884149
591.1386519709711	0.16514345228324706	0.0002557078044674469	0.01661646568884149
592.8285974745663	0.16557559221982265	0.00025571746861770533	0.01661646568884149
594.5185429781616	0.1660077483039557	0.0002557271565764087	0.01661646568884149
596.2084884817567	0.1664399205776171	0.0002557368683465746	0.01661646568884149
597.898433985352	0.16687210908277783	0.00025574660393122036	0.01661646568884149
599.5883794889472	0.1673043138614088	0.0002557563633333635	0.01661646568884149
601.2783249925424	0.16773653495548094	0.00025576614655602143	0.01661646568884149
602.9682704961376	0.16816877240696515	0.0002557759536022116	0.01661646568884149
604.6582159997329	0.16860102625783246	0.00025578578447495154	0.01661646568884149
606.3481615033281	0.1690332965500537	0.0002557956391772586	0.01661646568884149
608.0381070069234	0.16946558332559983	0.0002558055177121503	0.01661646568884149
609.7280525105185	0.1698978866264418	0.000255815420082644	0.01661646568884149
611.4179980141138	0.17033020649455055	0.00025582534629175726	0.01661646568884149
613.107943517709	0.170762542971897	0.0002558352963425075	0.01661646568884149
614.7978890213042	0.17119489610045208	0.0002558452702379121	0.01661646568884149
616.4878345248995	0.17162726592218674	0.0002558552679809887	0.01661646568884149
618.1777800284947	0.17205965247907187	0.0002558652895747545	0.01661646568884149
619.8677255320899	0.17249205581307844	0.0002558753350222271	0.01661646568884149
621.5576710356852	0.17292447596617735	0.0002558854043264239	0.01661646568884149
623.2476165392803	0.17335691298033956	0.00025589549749036245	0.01661646568884149
624.9375620428756	0.17378936689753605	0.00025590561451706013	0.01661646568884149
626.6275075464708	0.17422183775973765	0.00025591575540953436	0.01661646568884149
628.317453050066	0.17465432560891536	0.00025592592017080256	0.01661646568884149
630.0073985536612	0.17508683048704007	0.0002559361088038823	0.01661646568884149
631.6973440572566	0.1755193524360828	0.000255946321311791	0.01661646568884149
633.3872895608517	0.17595189149801438	0.0002559565576975461	0.01661646568884149
635.077235064447	0.17638444771480577	0.000255966817964165	0.01661646568884149
636.7671805680422	0.17681702112842793	0.00025597710211466515	0.01661646568884149
638.4571260716374	0.17724961178085175	0.0002559874101520641	0.01661646568884149
640.1470715752326	0.17768221971404824	0.0002559977420793792	0.01661646568884149
641.8370170788279	0.17811484496998825	0.00025600809789962797	0.01661646568884149
643.5269625824232	0.17854748759064276	0.00025601847761582786	0.01661646568884149
645.2169080860184	0.1789801476179827	0.00025602888123099626	0.01661646568884149
646.9068535896135	0.179412825093979	0.00025603930874815064	0.01661646568884149
648.5967990932088	0.17984552006060253	0.00025604976017030854	0.01661646568884149
650.286744596804	0.18027823255982434	0.0002560602355004873	0.01661646568884149
651.9766901003992	0.18071096263361525	0.0002560707347417044	0.01661646568884149
653.6666356039945	0.18114371032394622	0.00025608125789697734	0.01661646568884149
655.3565811075897	0.18157647567278828	0.0002560918049693235	0.01661646568884149
657.0465266111848	0.18200925872211224	0.0002561023759617604	0.01661646568884149
658.7364721147802	0.18244205951388912	0.00025611297087730543	0.01661646568884149
660.4264176183755	0.1828748780900898	0.0002561235897189761	0.01661646568884149
662.1163631219706	0.18330771449268518	0.00025613423248978983	0.01661646568884149
663.8063086255659	0.18374056876364625	0.00025614489919276406	0.01661646568884149
665.4962541291611	0.18417344094494395	0.00025615558983091625	0.01661646568884149
667.1861996327563	0.18460633107854918	0.0002561663044072639	0.01661646568884149
668.8761451363515	0.1850392392064329	0.00025617704292482435	0.01661646568884149
670.5660906399468	0.18547216537056604	0.00025618780538661515	0.01661646568884149
672.256036143542	0.1859051096129195	0.00025619859179565373	0.01661646568884149
673.9459816471373	0.18633807197546426	0.00025620940215495753	0.01661646568884149
675.6359271507324	0.18677105250017118	0.000256220236467544	0.01661646568884149
677.3258726543277	0.18720405122901126	0.0002562310947364306	0.01661646568884149
679.0158181579229	0.18763706820395543	0.0002562419769646348	0.01661646568884149
680.7057636615181	0.18807010346697456	0.000256252883155174	0.01661646568884149
682.3957091651133	0.18850315706003967	0.0002562638133110657	0.01661646568884149
684.0856546687086	0.1889362290251216	0.00025627476743532733	0.01661646568884149
685.7756001723038	0.18936931940419138	0.00025628574553097634	0.01661646568884149
687.4655456758991	0.1898024282392199	0.00025629674760103017	0.01661646568884149
689.1554911794943	0.19023555557217803	0.0002563077736485063	0.01661646568884149
690.8454366830895	0.19066870144503678	0.0002563188236764222	0.01661646568884149
692.5353821866847	0.19110186589976708	0.00025632989768779526	0.01661646568884149
694.22532769028	0.19153504897833984	0.00025634099568564296	0.01661646568884149
695.9152731938751	0.191968250722726	0.00025635211767298274	0.01661646568884149
697.6052186974705	0.1924014711748965	0.0002563632636528321	0.01661646568884149
699.2951642010656	0.19283471037682223	0.00025637443362820845	0.01661646568884149
700.9851097046609	0.19326796837047416	0.00025638562760212926	0.01661646568884149
702.6750552082561	0.19370124519782325	0.00025639684557761193	0.01661646568884149
704.3650007118513	0.19413454090084037	0.00025640808755767396	0.01661646568884149
706.0549462154465	0.1945678555214965	0.00025641935354533285	0.01661646568884149
707.7448917190418	0.19500118910176253	0.0002564306435436059	0.01661646568884149
709.4348372226369	0.19543454168360946	0.00025644195755551073	0.01661646568884149
711.1247827262322	0.19586791330900813	0.0002564532955840647	0.01661646568884149
712.8147282298274	0.19630130401992957	0.00025646465763228525	0.01661646568884149
714.5046737334227	0.19673471385834462	0.0002564760437031899	0.01661646568884149
716.194619237018	0.1971681428662243	0.00025648745379979604	0.01661646568884149
717.8845647406131	0.19760159108553949	0.00025649888792512115	0.01661646568884149
719.5745102442083	0.1980350585582611	0.0002565103460821827	0.01661646568884149
721.2644557478036	0.19846854532636016	0.00025652182827399806	0.01661646568884149
722.9544012513987	0.19890205143180745	0.0002565333345035848	0.01661646568884149
724.6443467549941	0.19933557691657408	0.0002565448647739603	0.01661646568884149
726.3342922585894	0.19976912182263085	0.00025655641908814197	0.01661646568884149
728.0242377621845	0.20020268619194875	0.00025656799744914734	0.01661646568884149
729.7141832657798	0.20063627006649867	0.00025657959985999387	0.01661646568884149
731.404128769375	0.20106987348825162	0.00025659122632369896	0.01661646568884149
733.0940742729701	0.20150349649917842	0.00025660287684328004	0.01661646568884149
734.7840197765654	0.2019371391412501	0.0002566145514217546	0.01661646568884149
736.4739652801607	0.2023708014564376	0.00025662625006214014	0.01661646568884149
738.1639107837558	0.20280448348671176	0.00025663797276745403	0.01661646568884149
739.8538562873512	0.20323818527404358	0.00025664971954071376	0.01661646568884149
741.5438017909463	0.20367190686040398	0.0002566614903849368	0.01661646568884149
743.2337472945416	0.2041056482877639	0.00025667328530314056	0.01661646568884149
744.9236927981368	0.20453940959809425	0.00025668510429834246	0.01661646568884149
746.613638301732	0.20497319083336596	0.0002566969473735601	0.01661646568884149
748.3035838053272	0.20540699203555	0.00025670881453181073	0.01661646568884149
749.9935293089225	0.2058408132466173	0.000256720705776112	0.01661646568884149
751.6834748125177	0.2062746545085387	0.00025673262110948114	0.01661646568884149
753.373420316113	0.20670851586328529	0.00025674456053493584	0.01661646568884149
755.0633658197082	0.20714239735282786	0.00025675652405549336	0.01661646568884149
756.7533113233034	0.20757629901913743	0.0002567685116741713	0.01661646568884149
758.4432568268986	0.20801022090418492	0.000256780523393987	0.01661646568884149
760.1332023304939	0.20844416304994118	0.00025679255921795796	0.01661646568884149
761.823147834089	0.20887812549837725	0.00025680461914910163	0.01661646568884149
763.5130933376843	0.20931210829146402	0.00025681670319043545	0.01661646568884149
765.2030388412795	0.20974611147117245	0.00025682881134497684	0.01661646568884149
766.8929843448748	0.21018013507947342	0.00025684094361574336	0.01661646568884149
768.58292984847	0.21061417915833788	0.00025685310000575235	0.01661646568884149
770.2728753520652	0.2110482437497368	0.0002568652805180213	0.01661646568884149
771.9628208556604	0.21148232889564106	0.00025687748515556766	0.01661646568884149
773.6527663592557	0.2119164346380216	0.0002568897139214089	0.01661646568884149
775.3427118628508	0.21235056101884942	0.00025690196681856246	0.01661646568884149
777.0326573664461	0.21278470808009536	0.0002569142438500458	0.01661646568884149
778.7226028700413	0.2132188758637304	0.0002569265450188763	0.01661646568884149
780.4125483736366	0.2136530644117255	0.00025693887032807156	0.01661646568884149
782.1024938772318	0.21408727376605152	0.00025695121978064887	0.01661646568884149
783.792439380827	0.21452150396867944	0.0002569635933796258	0.01661646568884149
785.4823848844222	0.21495575506158018	0.0002569759911280197	0.01661646568884149
787.1723303880175	0.21539002708672472	0.00025698841302884814	0.01661646568884149
788.8622758916126	0.21582432008608388	0.00025700085908512846	0.01661646568884149
790.5522213952079	0.2162586341016287	0.0002570133292998782	0.01661646568884149
792.2421668988031	0.2166929691753301	0.00025702582367611475	0.01661646568884149
793.9321124023984	0.217127325349159	0.00025703834221685556	0.01661646568884149
795.6220579059936	0.2175617026650863	0.00025705088492511814	0.01661646568884149
797.3120034095889	0.2179961011650829	0.00025706345180391993	0.01661646568884149
799.001948913184	0.21843052089111983	0.00025707604285627833	0.01661646568884149
800.6918944167793	0.218864961885168	0.0002570886580852108	0.01661646568884149
802.3818399203745	0.2192994241891983	0.0002571012974937348	0.01661646568884149
804.0717854239697	0.21973390784518165	0.00025711396108486783	0.01661646568884149
805.761730927565	0.22016841289508907	0.00025712664886162734	0.01661646568884149
807.4516764311602	0.22060293938089143	0.00025713936082703067	0.01661646568884149
809.1416219347554	0.22103748734455964	0.00025715209698409536	0.01661646568884149
810.8315674383507	0.2214720568280647	0.00025716485733583887	0.01661646568884149
812.5215129419458	0.22190664787337747	0.00025717764188527863	0.01661646568884149
814.2114584455411	0.22234126052246894	0.0002571904506354321	0.01661646568884149
815.9014039491364	0.22277589481731003	0.0002572032835893167	0.01661646568884149
817.5913494527315	0.22321055079987162	0.00025721614074994994	0.01661646568884149
819.2812949563267	0.22364522851212473	0.0002572290221203492	0.01661646568884149
820.9712404599221	0.22407992799604026	0.000257241927703532	0.01661646568884149
822.6611859635173	0.2245146492935891	0.00025725485750251577	0.01661646568884149
824.3511314671125	0.22494939244674222	0.0002572678115203179	0.01661646568884149
826.0410769707078	0.22538415749747057	0.0002572807897599559	0.01661646568884149
827.7310224743029	0.22581894448774503	0.00025729379222444725	0.01661646568884149
829.4209679778982	0.22625375345953655	0.00025730681891680937	0.01661646568884149
831.1109134814934	0.22668858445481613	0.0002573198698400597	0.01661646568884149
832.8008589850887	0.22712343751555467	0.00025733294499721566	0.01661646568884149
834.4908044886839	0.227558312683723	0.00025734604439129477	0.01661646568884149
836.1807499922791	0.2279932100012922	0.00025735916802531445	0.01661646568884149
837.8706954958743	0.22842812951023306	0.00025737231590229213	0.01661646568884149
839.5606409994696	0.22886307125251665	0.0002573854880252453	0.01661646568884149
841.2505865030647	0.22929803527011383	0.0002573986843971914	0.01661646568884149
842.94053200666	0.2297330216049955	0.0002574119050211479	0.01661646568884149
844.6304775102552	0.2301680302991327	0.0002574251499001322	0.01661646568884149
846.3204230138504	0.23060306139449627	0.0002574384190371618	0.01661646568884149
848.0103685174456	0.23103811493305715	0.00025745171243525414	0.01661646568884149
849.7003140210409	0.2314731909567863	0.00025746503009742663	0.01661646568884149
851.390259524636	0.23190828950765469	0.0002574783720266968	0.01661646568884149
853.0802050282315	0.2323434106276332	0.00025749173822608204	0.01661646568884149
854.7701505318266	0.23277855435869277	0.0002575051286985998	0.01661646568884149
856.4600960354219	0.2332137207428043	0.0002575185434472676	0.01661646568884149
858.1500415390171	0.23364890982193876	0.00025753198247510276	0.01661646568884149
859.8399870426123	0.23408412163806713	0.0002575454457851229	0.01661646568884149
861.5299325462075	0.23451935623316023	0.0002575589333803453	0.01661646568884149
863.2198780498028	0.23495461364918907	0.00025757244526378756	0.01661646568884149
864.9098235533979	0.2353898939281246	0.00025758598143846707	0.01661646568884149
866.5997690569932	0.23582519711193767	0.00025759954190740123	0.01661646568884149
868.2897145605884	0.23626052324259933	0.0002576131266736076	0.01661646568884149
869.9796600641836	0.23669587236208037	0.00025762673574010356	0.01661646568884149
871.6696055677788	0.23713124451235185	0.00025764036910990655	0.01661646568884149
873.3595510713741	0.2375666397353846	0.00025765402678603407	0.01661646568884149
875.0494965749692	0.23800205807314967	0.0002576677087715035	0.01661646568884149
876.7394420785645	0.2384374995676179	0.0002576814150693324	0.01661646568884149
878.4293875821597	0.23887296426076018	0.00025769514568253814	0.01661646568884149
880.1193330857549	0.23930845219454758	0.00025770890061413816	0.01661646568884149
881.8092785893504	0.23974396341095103	0.00025772267986715	0.01661646568884149
883.4992240929455	0.24017949795194132	0.00025773648344459105	0.01661646568884149
885.1891695965408	0.24061505585948947	0.00025775031134947875	0.01661646568884149
886.879115100136	0.24105063717556638	0.00025776416358483053	0.01661646568884149
888.5690606037311	0.24148624194214302	0.00025777804015366393	0.01661646568884149
890.2590061073264	0.2419218702011903	0.00025779194105899635	0.01661646568884149
891.9489516109217	0.24235752199467916	0.00025780586630384523	0.01661646568884149
893.6388971145168	0.24279319736458052	0.000257819815891228	0.01661646568884149
895.328842618112	0.24322889635286535	0.0002578337898241622	0.01661646568884149
897.0187881217073	0.24366461900150452	0.0002578477881056652	0.01661646568884149
898.7087336253024	0.24410036535246904	0.0002578618107387545	0.01661646568884149
900.3986791288977	0.2445361354477298	0.0002578758577264475	0.01661646568884149
902.088624632493	0.2449719293292577	0.0002578899290717617	0.01661646568884149
903.7785701360881	0.24540774703902374	0.00025790402477771454	0.01661646568884149
905.4685156396833	0.2458435886189988	0.00025791814484732347	0.01661646568884149
907.1584611432787	0.24627945411115387	0.00025793228928360596	0.01661646568884149
908.848406646874	0.24671534355745983	0.0002579464580895794	0.01661646568884149
910.5383521504692	0.2471512569998876	0.0002579606512682613	0.01661646568884149
912.2282976540644	0.24758719448040817	0.00025797486882266904	0.01661646568884149
913.9182431576596	0.24802315604099243	0.0002579891107558202	0.01661646568884149
915.6081886612549	0.24845914172361133	0.0002580033770707321	0.01661646568884149
917.29813416485	0.24889515157023578	0.00025801766777042227	0.01661646568884149
918.9880796684453	0.24933118562283674	0.0002580319828579081	0.01661646568884149
920.6780251720405	0.24976724392338515	0.00025804632233620715	0.01661646568884149
922.3679706756357	0.2502033265138519	0.00025806068620833674	0.01661646568884149
924.0579161792309	0.250639433436208	0.0002580750744773144	0.01661646568884149
925.7478616828262	0.25107556473242426	0.0002580894871461576	0.01661646568884149
927.4378071864213	0.2515117204444717	0.00025810392421788373	0.01661646568884149
929.1277526900166	0.25194790061432126	0.00025811838569551025	0.01661646568884149
930.8176981936118	0.25238410528394384	0.00025813287158205463	0.01661646568884149
932.507643697207	0.2528203344953104	0.0002581473818805343	0.01661646568884149
934.1975892008022	0.25325658829039177	0.0002581619165939668	0.01661646568884149
935.8875347043976	0.2536928667111591	0.0002581764757253695	0.01661646568884149
937.5774802079928	0.2541291697995831	0.00025819105927775985	0.01661646568884149
939.2674257115881	0.2545654975976348	0.0002582056672541553	0.01661646568884149
940.9573712151832	0.25500185014728516	0.0002582202996575733	0.01661646568884149
942.6473167187785	0.2554382274905051	0.0002582349564910314	0.01661646568884149
944.3372622223736	0.25587462966926544	0.0002582496377575469	0.01661646568884149
946.0272077259689	0.2563110567255372	0.00025826434346013736	0.01661646568884149
947.7171532295641	0.2567475087012914	0.00025827907360182015	0.01661646568884149
949.4070987331593	0.25718398563849887	0.0002582938281856128	0.01661646568884149
951.0970442367545	0.25762048757913053	0.00025830860721453273	0.01661646568884149
952.7869897403498	0.2580570145651574	0.00025832341069159735	0.01661646568884149
954.4769352439449	0.2584935666385503	0.0002583382386198242	0.01661646568884149
956.1668807475402	0.2589301438412802	0.00025835309100223066	0.01661646568884149
957.8568262511354	0.2593667462153181	0.0002583679678418342	0.01661646568884149
959.5467717547306	0.25980337380263485	0.0002583828691416523	0.01661646568884149
961.236717258326	0.26024002664520146	0.00025839779490470234	0.01661646568884149
962.9266627619212	0.26067670478498883	0.0002584127451340019	0.01661646568884149
964.6166082655164	0.26111340826396784	0.00025842771983256826	0.01661646568884149
966.3065537691117	0.26155013712410946	0.000258442719003419	0.01661646568884149
967.9964992727068	0.2619868914073846	0.00025845774264957153	0.01661646568884149
969.6864447763021	0.26242367115576426	0.0002584727907740433	0.01661646568884149
971.3763902798974	0.26286047641121935	0.0002584878633798518	0.01661646568884149
973.0663357834925	0.2632973072157207	0.00025850296047001437	0.01661646568884149
974.7562812870877	0.2637341636112394	0.0002585180820475486	0.01661646568884149
976.446226790683	0.26417104563974625	0.00025853322811547185	0.01661646568884149
978.1361722942781	0.2646079533432123	0.00025854839867680163	0.01661646568884149
979.8261177978734	0.26504488676360843	0.00025856359373455535	0.01661646568884149
981.5160633014686	0.2654818459429056	0.0002585788132917505	0.01661646568884149
983.2060088050638	0.2659188309230746	0.0002585940573514045	0.01661646568884149
984.895954308659	0.2663558417460865	0.0002586093259165348	0.01661646568884149
986.5858998122543	0.2667928784539122	0.0002586246189901588	0.01661646568884149
988.2758453158494	0.2672299410885227	0.0002586399365752941	0.01661646568884149
989.9657908194449	0.2676670296918889	0.00025865527867495805	0.01661646568884149
991.6557363230401	0.2681041443059816	0.0002586706452921681	0.01661646568884149
993.3456818266353	0.2685412849727719	0.0002586860364299417	0.01661646568884149
995.0356273302306	0.26897845173423063	0.0002587014520912963	0.01661646568884149
996.7255728338257	0.2694156446323288	0.0002587168922792494	0.01661646568884149
998.415518337421	0.26985286370903727	0.0002587323569968184	0.01661646568884149
1000.1054638410162	0.27029010900632705	0.0002587478462470208	0.01661646568884149
1001.7954093446114	0.27072738056616896	0.000258763360032874	0.01661646568884149
1003.4853548482066	0.27116467843053405	0.0002587788983573955	0.01661646568884149
1005.1753003518019	0.2716020026413932	0.00025879446122360273	0.01661646568884149
1006.865245855397	0.27203935324071726	0.00025881004863451313	0.01661646568884149
1008.5551913589923	0.27247673027047736	0.00025882566059314417	0.01661646568884149
1010.2451368625875	0.2729141337726443	0.00025884129710251327	0.01661646568884149
1011.9350823661827	0.273351563789189	0.0002588569581656379	0.01661646568884149
1013.6250278697779	0.2737890203620824	0.0002588726437855355	0.01661646568884149
1015.3149733733733	0.2742265035332956	0.0002588883539652236	0.01661646568884149
1017.0049188769685	0.2746640133447993	0.0002589040887077195	0.01661646568884149
1018.6948643805638	0.2751015498385645	0.00025891984801604083	0.01661646568884149
1020.3848098841589	0.2755391130565622	0.00025893563189320493	0.01661646568884149
1022.0747553877542	0.27597670304076327	0.00025895144034222925	0.01661646568884149
1023.7647008913494	0.2764143198331387	0.00025896727336613125	0.01661646568884149
1025.4546463949446	0.2768519634756593	0.0002589831309679284	0.01661646568884149
1027.1445918985398	0.27728963401029616	0.0002589990131506382	0.01661646568884149
1028.834537402135	0.27772733147902007	0.000259014919917278	0.01661646568884149
1030.5244829057303	0.2781650559238021	0.00025903085127086526	0.01661646568884149
1032.2144284093254	0.2786028073866131	0.0002590468072144175	0.01661646568884149
1033.9043739129206	0.279040585909424	0.0002590627877509522	0.01661646568884149
1035.5943194165159	0.27947839153420573	0.0002590787928834867	0.01661646568884149
1037.2842649201111	0.2799162243029293	0.00025909482261503856	0.01661646568884149
1038.9742104237064	0.2803540842575656	0.0002591108769486251	0.01661646568884149
1040.6641559273016	0.2807919714400854	0.0002591269558872639	0.01661646568884149
1042.3541014308967	0.28122988589245995	0.0002591430594339724	0.01661646568884149
1044.0440469344921	0.28166782765666	0.00025915918759176793	0.01661646568884149
1045.7339924380874	0.2821057967746564	0.0002591753403636681	0.01661646568884149
1047.4239379416827	0.2825437932884203	0.0002591915177526902	0.01661646568884149
1049.113883445278	0.2829818172399224	0.0002592077197618518	0.01661646568884149
1050.803828948873	0.2834198686711338	0.00025922394639417033	0.01661646568884149
1052.4937744524682	0.28385794762402533	0.00025924019765266327	0.01661646568884149
1054.1837199560634	0.284296054140568	0.00025925647354034797	0.01661646568884149
1055.8736654596587	0.2847341882627327	0.00025927277406024196	0.01661646568884149
1057.563610963254	0.2851723500324904	0.0002592890992153627	0.01661646568884149
1059.2535564668492	0.28561053949181203	0.0002593054490087276	0.01661646568884149
1060.9435019704442	0.2860487566826684	0.0002593218234433541	0.01661646568884149
1062.6334474740395	0.28648700164703067	0.0002593382225222597	0.01661646568884149
1064.3233929776347	0.28692527442686955	0.00025935464624846186	0.01661646568884149
1066.01333848123	0.28736357506415605	0.000259371094624978	0.01661646568884149
1067.7032839848252	0.28780190360086116	0.0002593875676548255	0.01661646568884149
1069.3932294884205	0.28824026007895587	0.00025940406534102195	0.01661646568884149
1071.0831749920158	0.2886786445404109	0.00025942058768658473	0.01661646568884149
1072.773120495611	0.28911705702719737	0.0002594371346945313	0.01661646568884149
1074.4630659992063	0.28955549758128607	0.0002594537063678791	0.01661646568884149
1076.1530115028015	0.289993966244648	0.00025947030270964563	0.01661646568884149
1077.8429570063968	0.29043246305925413	0.0002594869237228483	0.01661646568884149
1079.5329025099918	0.29087098806707534	0.0002595035694105045	0.01661646568884149
1081.222848013587	0.2913095413100826	0.00025952023977563176	0.01661646568884149
1082.9127935171823	0.29174812283024676	0.0002595369348212476	0.01661646568884149
1084.6027390207776	0.2921867326695389	0.0002595536545503693	0.01661646568884149
1086.2926845243728	0.29262537086992985	0.0002595703989660144	0.01661646568884149
1087.982630027968	0.2930640374733905	0.0002595871680712004	0.01661646568884149
1089.672575531563	0.29350273252189196	0.0002596039618689447	0.01661646568884149
1091.3625210351584	0.29394145605740496	0.00025962078036226473	0.01661646568884149
1093.0524665387536	0.29438020812190047	0.00025963762355417797	0.01661646568884149
1094.7424120423489	0.2948189887573496	0.00025965449144770193	0.01661646568884149
1096.4323575459441	0.2952577980057231	0.00025967138404585393	0.01661646568884149
1098.1223030495394	0.295696635908992	0.00025968830135165153	0.01661646568884149
1099.8122485531346	0.2961355025091271	0.0002597052433681121	0.01661646568884149
1101.5021940567299	0.29657439784809947	0.0002597222100982532	0.01661646568884149
1103.1921395603251	0.29701332196788	0.0002597392015450922	0.01661646568884149
1104.8820850639204	0.2974522749104396	0.0002597562177116465	0.01661646568884149
1106.5720305675156	0.2978912567177492	0.00025977325860093367	0.01661646568884149
1108.2619760711107	0.2983302674317798	0.0002597903242159711	0.01661646568884149
1109.951921574706	0.2987693070945023	0.0002598074145597763	0.01661646568884149
1111.6418670783012	0.2992083757478876	0.0002598245296353666	0.01661646568884149
1113.3318125818964	0.2996474734339065	0.0002598416694457596	0.01661646568884149
1115.0217580854917	0.30008660019453026	0.00025985883399397264	0.01661646568884149
1116.711703589087	0.3005257560717296	0.0002598760232830232	0.01661646568884149
1118.401649092682	0.3009649411074755	0.00025989323731592876	0.01661646568884149
1120.0915945962772	0.3014041553437389	0.0002599104760957067	0.01661646568884149
1121.7815400998725	0.30184339882249067	0.0002599277396253746	0.01661646568884149
1123.471485603468	0.30228267158570177	0.0002599450279079498	0.01661646568884149
1125.1614311070632	0.3027219736753432	0.0002599623409464498	0.01661646568884149
1126.8513766106582	0.3031613051333858	0.000259979678743892	0.01661646568884149
1128.5413221142535	0.3036006660018006	0.00025999704130329394	0.01661646568884149
1130.2312676178487	0.30404005632255837	0.000260014428627673	0.01661646568884149
1131.921213121444	0.3044794761376302	0.00026003184072004667	0.01661646568884149
1133.6111586250393	0.304918925488987	0.00026004927758343236	0.01661646568884149
1135.3011041286345	0.3053584044185996	0.00026006673922084755	0.01661646568884149
1136.9910496322295	0.30579791296843917	0.0002600842256353097	0.01661646568884149
1138.6809951358248	0.3062374511804763	0.00026010173682983624	0.01661646568884149
1140.37094063942	0.3066770190966822	0.0002601192728074446	0.01661646568884149
1142.0608861430153	0.3071166167590277	0.0002601368335711523	0.01661646568884149
1143.7508316466105	0.3075562442094837	0.00026015441912397675	0.01661646568884149
1145.4407771502058	0.30799590149002115	0.0002601720294689354	0.01661646568884149
1147.1307226538008	0.30843558864261106	0.0002601896646090457	0.01661646568884149
1148.820668157396	0.3088753057092242	0.00026020732454732514	0.01661646568884149
1150.5106136609913	0.3093150527318317	0.0002602250092867911	0.01661646568884149
1152.2005591645868	0.3097548297524044	0.00026024271883046113	0.01661646568884149
1153.890504668182	0.31019463681291326	0.0002602604531813526	0.01661646568884149
1155.580450171777	0.31063447395532917	0.0002602782123424829	0.01661646568884149
1157.2703956753724	0.31107434122162303	0.0002602959963168697	0.01661646568884149
1158.9603411789676	0.3115142386537659	0.0002603138051075302	0.01661646568884149
1160.6502866825629	0.3119541662937286	0.00026033163871748205	0.01661646568884149
1162.3402321861581	0.312394124183482	0.0002603494971497426	0.01661646568884149
1164.0301776897534	0.3128341123649972	0.0002603673804073293	0.01661646568884149
1165.7201231933484	0.3132741308802451	0.00026038528849325963	0.01661646568884149
1167.4100686969437	0.31371417977119653	0.00026040322141055106	0.01661646568884149
1169.100014200539	0.31415425907982253	0.00026042117916222097	0.01661646568884149
1170.7899597041342	0.314594368848094	0.0002604391617512869	0.01661646568884149
1172.4799052077294	0.3150345091179818	0.00026045716918076626	0.01661646568884149
1174.1698507113247	0.31547467993145695	0.00026047520145367647	0.01661646568884149
1175.8597962149197	0.3159148813304904	0.00026049325857303504	0.01661646568884149
1177.5497417185152	0.316355113357053	0.0002605113405418594	0.01661646568884149
1179.2396872221104	0.31679537605311575	0.000260529447363167	0.01661646568884149
1180.9296327257057	0.3172356694606495	0.0002605475790399753	0.01661646568884149
1182.619578229301	0.31767599362162535	0.00026056573557530166	0.01661646568884149
1184.309523732896	0.318116348578014	0.00026058391697216367	0.01661646568884149
1185.9994692364912	0.31855673437178655	0.00026060212323357875	0.01661646568884149
1187.6894147400865	0.31899715104491383	0.0002606203543625643	0.01661646568884149
1189.3793602436817	0.31943759863936694	0.0002606386103621378	0.01661646568884149
1191.069305747277	0.3198780771971166	0.00026065689123531667	0.01661646568884149
1192.759251250872	0.3203185867601339	0.0002606751969851184	0.01661646568884149
1194.4491967544673	0.3207591273703897	0.00026069352761456043	0.01661646568884149
1196.1391422580625	0.3211996990698549	0.0002607118831266602	0.01661646568884149
1197.8290877616578	0.3216403019005005	0.0002607302635244352	0.01661646568884149
1199.519033265253	0.3220809359042974	0.00026074866881090286	0.01661646568884149
1201.2089787688483	0.3225216011232166	0.00026076709898908057	0.01661646568884149
1202.8989242724433	0.322962297599229	0.0002607855540619859	0.01661646568884149
1204.5888697760386	0.32340302537430554	0.0002608040340326362	0.01661646568884149
1206.278815279634	0.32384378449041706	0.000260822538904049	0.01661646568884149
1207.9687607832293	0.3242845749895345	0.0002608410686792417	0.01661646568884149
1209.6587062868246	0.32472539691362895	0.0002608596233612318	0.01661646568884149
1211.3486517904196	0.32516625030467117	0.0002608782029530366	0.01661646568884149
1213.0385972940148	0.32560713520463214	0.0002608968074576738	0.01661646568884149
1214.72854279761	0.3260480516554829	0.0002609154368781606	0.01661646568884149
1216.4184883012053	0.32648899969919426	0.00026093409121751465	0.01661646568884149
1218.1084338048006	0.32692997937773716	0.0002609527704787533	0.01661646568884149
1219.7983793083959	0.3273709907330826	0.000260971474664894	0.01661646568884149
1221.4883248119909	0.3278120338072015	0.0002609902037789543	0.01661646568884149
1223.1782703155861	0.3282531086420647	0.0002610089578239515	0.01661646568884149
1224.8682158191814	0.32869421527964326	0.0002610277368029032	0.01661646568884149
1226.5581613227766	0.32913535376190806	0.0002610465407188267	0.01661646568884149
1228.248106826372	0.32957652413083005	0.00026106536957473957	0.01661646568884149
1229.9380523299671	0.33001772642838006	0.0002610842233736592	0.01661646568884149
1231.6279978335624	0.3304589606965292	0.0002611031021186031	0.01661646568884149
1233.3179433371577	0.3309002269772482	0.00026112200581258866	0.01661646568884149
1235.007888840753	0.33134152531250816	0.0002611409344586334	0.01661646568884149
1236.6978343443482	0.3317828557442799	0.00026115988805975465	0.01661646568884149
1238.3877798479434	0.3322242183145344	0.00026117886661897004	0.01661646568884149
1240.0777253515384	0.33266561306524267	0.00026119787013929684	0.01661646568884149
1241.7676708551337	0.33310704003837555	0.0002612168986237526	0.01661646568884149
1243.457616358729	0.333548499275904	0.00026123595207535477	0.01661646568884149
1245.1475618623242	0.3339899908197989	0.0002612550304971208	0.01661646568884149
1246.8375073659195	0.33443151471203125	0.0002612741338920681	0.01661646568884149
1248.5274528695147	0.3348730709945719	0.0002612932622632142	0.01661646568884149
1250.2173983731097	0.3353146597093919	0.0002613124156135764	0.01661646568884149
1251.907343876705	0.3357562808984621	0.00026133159394617236	0.01661646568884149
1253.5972893803003	0.3361979346037535	0.0002613507972640194	0.01661646568884149
1255.2872348838955	0.336639620867237	0.00026137002557013496	0.01661646568884149
1256.9771803874908	0.3370813397308835	0.00026138927886753654	0.01661646568884149
1258.667125891086	0.3375230912366639	0.00026140855715924157	0.01661646568884149
1260.3570713946813	0.3379648754265493	0.00026142786044826754	0.01661646568884149
1262.0470168982765	0.3384066923425104	0.00026144718873763185	0.01661646568884149
1263.7369624018718	0.33884854202651826	0.000261466542030352	0.01661646568884149
1265.426907905467	0.33929042452054387	0.0002614859203294454	0.01661646568884149
1267.1168534090623	0.3397323398665581	0.0002615053236379295	0.01661646568884149
1268.8067989126573	0.34017428810653183	0.0002615247519588218	0.01661646568884149
1270.4967444162526	0.34061626928243605	0.00026154420529513967	0.01661646568884149
1272.1866899198478	0.34105828343624167	0.00026156368364990066	0.01661646568884149
1273.876635423443	0.3415003306099197	0.00026158318702612215	0.01661646568884149
1275.5665809270383	0.34194241084544097	0.0002616027154268216	0.01661646568884149
1277.2565264306336	0.3423845241847765	0.0002616222688550165	0.01661646568884149
1278.9464719342286	0.34282667066989714	0.0002616418473137243	0.01661646568884149
1280.6364174378239	0.3432688503427738	0.0002616614508059624	0.01661646568884149
1282.3263629414191	0.3437110632453775	0.0002616810793347483	0.01661646568884149
1284.0163084450144	0.34415330941967914	0.0002617007329030994	0.01661646568884149
1285.7062539486099	0.34459558890764974	0.0002617204115140332	0.01661646568884149
1287.3961994522049	0.34503790175126015	0.00026174011517056715	0.01661646568884149
1289.0861449558001	0.3454802479924812	0.0002617598438757187	0.01661646568884149
1290.7760904593954	0.34592262767328397	0.00026177959763250524	0.01661646568884149
1292.4660359629906	0.34636504083563935	0.00026179937644394427	0.01661646568884149
1294.155981466586	0.3468074875215183	0.0002618191803130533	0.01661646568884149
1295.8459269701812	0.34724996777289163	0.0002618390092428497	0.01661646568884149
1297.5358724737762	0.34769248163173044	0.0002618588632363509	0.01661646568884149
1299.2258179773714	0.3481350291400056	0.0002618787422965744	0.01661646568884149
1300.9157634809667	0.3485776103396879	0.0002618986464265377	0.01661646568884149
1302.605708984562	0.34902022527274856	0.00026191857562925816	0.01661646568884149
1304.2956544881572	0.3494628739811583	0.0002619385299077533	0.01661646568884149
1305.9855999917525	0.3499055565068881	0.0002619585092650405	0.01661646568884149
1307.6755454953475	0.35034827289190884	0.00026197851370413734	0.01661646568884149
1309.3654909989427	0.3507910231781916	0.0002619985432280611	0.01661646568884149
1311.055436502538	0.3512338074077072	0.00026201859783982933	0.01661646568884149
1312.7453820061332	0.35167662562242663	0.0002620386775424595	0.01661646568884149
1314.4353275097287	0.35211947786432074	0.000262058782338969	0.01661646568884149
1316.1252730133237	0.3525623641753606	0.00026207891223237537	0.01661646568884149
1317.815218516919	0.35300528459751696	0.00026209906722569594	0.01661646568884149
1319.5051640205143	0.35344823917276086	0.00026211924732194824	0.01661646568884149
1321.1951095241095	0.3538912279430632	0.0002621394525241497	0.01661646568884149
1322.8850550277048	0.35433425095039495	0.0002621596828353178	0.01661646568884149
1324.5750005313	0.35477730823672704	0.00026217993825846997	0.01661646568884149
1326.264946034895	0.3552203998440304	0.00026220021879662364	0.01661646568884149
1327.9548915384903	0.35566352581427596	0.0002622205244527963	0.01661646568884149
1329.6448370420856	0.35610668618943464	0.00026224085523000537	0.01661646568884149
1331.3347825456808	0.35654988101147733	0.0002622612111312683	0.01661646568884149
1333.024728049276	0.356993110322375	0.0002622815921596026	0.01661646568884149
1334.7146735528713	0.3574363741640987	0.0002623019983180257	0.01661646568884149
1336.4046190564663	0.3578796725786192	0.00026232242960955496	0.01661646568884149
1338.0945645600616	0.3583230056079074	0.00026234288603720795	0.01661646568884149
1339.784510063657	0.35876637329393446	0.00026236336760400203	0.01661646568884149
1341.4744555672523	0.35920977567867113	0.0002623838743129547	0.01661646568884149
1343.1644010708476	0.35965321280408835	0.00026240440616708346	0.01661646568884149
1344.8543465744426	0.3600966847121571	0.00026242496316940565	0.01661646568884149
1346.5442920780379	0.3605401914448483	0.0002624455453229388	0.01661646568884149
1348.2342375816331	0.3609837330441329	0.00026246615263070033	0.01661646568884149
1349.9241830852284	0.36142730955198177	0.0002624867850957077	0.01661646568884149
1351.6141285888236	0.3618709210103659	0.0002625074427209784	0.01661646568884149
1353.304074092419	0.36231456746125623	0.00026252812550952984	0.01661646568884149
1354.994019596014	0.3627582489466237	0.00026254883346437947	0.01661646568884149
1356.6839650996092	0.36320196550843914	0.00026256956658854473	0.01661646568884149
1358.3739106032044	0.36364571718867356	0.0002625903248850431	0.01661646568884149
1360.0638561067997	0.36408950402929796	0.00026261110835689203	0.01661646568884149
1361.753801610395	0.36453332607228317	0.00026263191700710896	0.01661646568884149
1363.44374711399	0.36497718335960017	0.00026265275083871135	0.01661646568884149
1365.1336926175852	0.3654210759332198	0.00026267360985471664	0.01661646568884149
1366.8236381211805	0.36586500383511317	0.00026269449405814233	0.01661646568884149
1368.513583624776	0.3663089671072512	0.00026271540345200575	0.01661646568884149
1370.2035291283712	0.36675296579160455	0.00026273633803932446	0.01661646568884149
1371.8934746319662	0.36719699993014443	0.0002627572978231159	0.01661646568884149
1373.5834201355615	0.36764106956484166	0.0002627782828063975	0.01661646568884149
1375.2733656391567	0.36808517473766716	0.00026279929299218675	0.01661646568884149
1376.963311142752	0.3685293154905919	0.00026282032838350104	0.01661646568884149
1378.6532566463472	0.36897349186558687	0.0002628413889833578	0.01661646568884149
1380.3432021499425	0.3694177039046229	0.00026286247479477456	0.01661646568884149
1382.0331476535375	0.36986195164967095	0.0002628835858207688	0.01661646568884149
1383.7230931571328	0.37030623514270206	0.00026290472206435785	0.01661646568884149
1385.413038660728	0.37075055442568694	0.00026292588352855924	0.01661646568884149
1387.1029841643233	0.3711949095405967	0.0002629470702163904	0.01661646568884149
1388.7929296679185	0.3716393005294023	0.00026296828213086883	0.01661646568884149
1390.4828751715138	0.3720837274340745	0.00026298951927501186	0.01661646568884149
1392.1728206751088	0.37252819029658435	0.0002630107816518371	0.01661646568884149
1393.8627661787043	0.37297268915890286	0.0002630320692643619	0.01661646568884149
1395.5527116822996	0.37341722406300076	0.0002630533821156037	0.01661646568884149
1397.2426571858948	0.3738617950508491	0.00026307472020858	0.01661646568884149
1398.93260268949	0.37430640216441885	0.00026309608354630826	0.01661646568884149
1400.622548193085	0.37475104544568083	0.0002631174721318059	0.01661646568884149
1402.3124936966803	0.3751957249366061	0.0002631388859680904	0.01661646568884149
1404.0024392002756	0.37564044067916547	0.0002631603250581792	0.01661646568884149
1405.6923847038709	0.3760851927153299	0.00026318178940508966	0.01661646568884149
1407.382330207466	0.3765299810870704	0.0002632032790118394	0.01661646568884149
1409.0722757110614	0.3769748058363579	0.00026322479388144577	0.01661646568884149
1410.7622212146564	0.3774196670051633	0.0002632463340169262	0.01661646568884149
1412.4521667182516	0.37786456463545737	0.0002632678994212982	0.01661646568884149
1414.142112221847	0.3783094987692113	0.0002632894900975792	0.01661646568884149
1415.8320577254422	0.37875446944839597	0.0002633111060487867	0.01661646568884149
1417.5220032290374	0.37919947671498216	0.00026333274727793806	0.01661646568884149
1419.2119487326327	0.37964452061094095	0.0002633544137880508	0.01661646568884149
1420.9018942362277	0.38008960117824325	0.0002633761055821423	0.01661646568884149
1422.5918397398232	0.38053471845885994	0.0002633978226632301	0.01661646568884149
1424.2817852434184	0.380979872494762	0.0002634195650343316	0.01661646568884149
1425.9717307470137	0.3814250633279203	0.00026344133269846427	0.01661646568884149
1427.661676250609	0.38187029100030584	0.0002634631256586455	0.01661646568884149
1429.351621754204	0.3823155555538895	0.0002634849439178929	0.01661646568884149
1431.0415672577992	0.3827608570306423	0.00026350678747922375	0.01661646568884149
1432.7315127613945	0.38320619547253504	0.0002635286563456556	0.01661646568884149
1434.4214582649897	0.3836515709215388	0.0002635505505202058	0.01661646568884149
1436.111403768585	0.38409698341962434	0.0002635724700058919	0.01661646568884149
1437.8013492721802	0.38454243300876273	0.00026359441480573135	0.01661646568884149
1439.4912947757753	0.3849879197309249	0.00026361638492274157	0.01661646568884149
1441.1812402793705	0.38543344362808174	0.00026363838035994	0.01661646568884149
1442.8711857829658	0.38587900474220416	0.00026366040112034417	0.01661646568884149
1444.561131286561	0.3863246031152631	0.0002636824472069714	0.01661646568884149
1446.2510767901563	0.3867702387892296	0.00026370451862283925	0.01661646568884149
1447.9410222937515	0.38721591180607445	0.0002637266153709651	0.01661646568884149
1449.6309677973468	0.3876616222077687	0.00026374873745436646	0.01661646568884149
1451.320913300942	0.38810737003628315	0.00026377088487606075	0.01661646568884149
1453.0108588045373	0.3885531553335888	0.0002637930576390654	0.01661646568884149
1454.7008043081325	0.3889989781416566	0.0002638152557463979	0.01661646568884149
1456.3907498117278	0.3894448385024574	0.0002638374792010757	0.01661646568884149
1458.0806953153228	0.3898907364579623	0.00026385972800611624	0.01661646568884149
1459.770640818918	0.3903366720501421	0.000263882002164537	0.01661646568884149
1461.4605863225133	0.3907826453209678	0.00026390430167935535	0.01661646568884149
1463.1505318261086	0.3912286563124103	0.00026392662655358884	0.01661646568884149
1464.8404773297038	0.39167470506644053	0.00026394897679025487	0.01661646568884149
1466.530422833299	0.3921207916250294	0.00026397135239237087	0.01661646568884149
1468.2203683368941	0.3925669160301478	0.0002639937533629544	0.01661646568884149
1469.9103138404894	0.3930130783237668	0.00026401617970502273	0.01661646568884149
1471.6002593440846	0.3934592785478573	0.0002640386314215935	0.01661646568884149
1473.29020484768	0.39390551674439017	0.000264061108515684	0.01661646568884149
1474.9801503512751	0.39435179295533634	0.0002640836109903118	0.01661646568884149
1476.6700958548704	0.39479810722266684	0.0002641061388484943	0.01661646568884149
1478.3600413584657	0.39524445958835247	0.000264128692093249	0.01661646568884149
1480.049986862061	0.3956908500943642	0.00026415127072759324	0.01661646568884149
1481.7399323656562	0.396137278782673	0.0002641738747545446	0.01661646568884149
1483.4298778692514	0.3965837456952498	0.0002641965041771204	0.01661646568884149
1485.1198233728467	0.3970302508740656	0.00026421915899833826	0.01661646568884149
1486.8097688764417	0.3974767943610912	0.0002642418392212155	0.01661646568884149
1488.499714380037	0.3979233761982976	0.0002642645448487696	0.01661646568884149
1490.1896598836322	0.39836999642765564	0.00026428727588401804	0.01661646568884149
1491.8796053872275	0.3988166550911364	0.00026431003232997824	0.01661646568884149
1493.5695508908227	0.39926335223071074	0.00026433281418966766	0.01661646568884149
1495.259496394418	0.3997100878883496	0.00026435562146610376	0.01661646568884149
1496.949441898013	0.4001568621060239	0.000264378454162304	0.01661646568884149
1498.6393874016082	0.40060367492570464	0.00026440131228128584	0.01661646568884149
1500.3293329052035	0.40105052638936267	0.00026442419582606665	0.01661646568884149
1502.019278408799	0.401497416538969	0.00026444710479966397	0.01661646568884149
1503.7092239123942	0.40194434541649443	0.0002644700392050952	0.01661646568884149
1505.3991694159893	0.40239131306390996	0.00026449299904537785	0.01661646568884149
1507.0891149195845	0.40283831952318655	0.00026451598432352937	0.01661646568884149
1508.7790604231798	0.4032853648362951	0.0002645389950425671	0.01661646568884149
1510.469005926775	0.40373244904520666	0.00026456203120550864	0.01661646568884149
1512.1589514303703	0.404179572191892	0.00026458509281537134	0.01661646568884149
1513.8488969339655	0.4046267343183222	0.00026460817987517264	0.01661646568884149
1515.5388424375606	0.4050739354664679	0.0002646312923879301	0.01661646568884149
1517.2287879411558	0.4055211756783004	0.0002646544303566611	0.01661646568884149
1518.918733444751	0.4059684549957905	0.00026467759378438305	0.01661646568884149
1520.6086789483463	0.406415773460909	0.0002647007826741135	0.01661646568884149
1522.2986244519416	0.40686313111562705	0.0002647239970288698	0.01661646568884149
1523.9885699555366	0.4073105280019154	0.0002647472368516695	0.01661646568884149
1525.6785154591319	0.40775796416174503	0.00026477050214552996	0.01661646568884149
1527.368460962727	0.40820543963708694	0.0002647937929134687	0.01661646568884149
1529.0584064663224	0.4086529544699121	0.00026481710915850313	0.01661646568884149
1530.7483519699178	0.4091005087021913	0.00026484045088365075	0.01661646568884149
1532.4382974735129	0.40954810237589556	0.00026486381809192895	0.01661646568884149
1534.1282429771081	0.40999573553299573	0.0002648872107863552	0.01661646568884149
1535.8181884807034	0.4104434082154628	0.000264910628969947	0.01661646568884149
1537.5081339842986	0.4108911204652678	0.0002649340726457218	0.01661646568884149
1539.198079487894	0.4113388723243815	0.00026495754181669694	0.01661646568884149
1540.8880249914891	0.41178666383477486	0.00026498103648588996	0.01661646568884149
1542.5779704950842	0.4122344950384189	0.0002650045566563183	0.01661646568884149
1544.2679159986794	0.4126823659772845	0.00026502810233099947	0.01661646568884149
1545.9578615022747	0.41313027669334257	0.0002650516735129508	0.01661646568884149
1547.64780700587	0.41357822722856413	0.00026507527020518985	0.01661646568884149
1549.3377525094652	0.41402621762492	0.000265098892410734	0.01661646568884149
1551.0276980130604	0.41447424792438115	0.0002651225401326007	0.01661646568884149
1552.7176435166555	0.41492231816891856	0.00026514621337380746	0.01661646568884149
1554.4075890202507	0.4153704284005032	0.0002651699121373717	0.01661646568884149
1556.0975345238462	0.4158185786611059	0.00026519363642631084	0.01661646568884149
1557.7874800274415	0.41626676899269754	0.0002652173862436424	0.01661646568884149
1559.4774255310367	0.41671499943724916	0.0002652411615923838	0.01661646568884149
1561.1673710346317	0.41716327003673176	0.00026526496247555246	0.01661646568884149
1562.857316538227	0.4176115808331161	0.00026528878889616587	0.01661646568884149
1564.5472620418223	0.4180599318683732	0.00026531264085724143	0.01661646568884149
1566.2372075454175	0.418508323184474	0.0002653365183617967	0.01661646568884149
1567.9271530490128	0.4189567548233894	0.00026536042141284903	0.01661646568884149
1569.617098552608	0.4194052268270904	0.0002653843500134159	0.01661646568884149
1571.307044056203	0.4198537392375479	0.00026540830416651475	0.01661646568884149
1572.9969895597983	0.4203022920967328	0.0002654322838751631	0.01661646568884149
1574.6869350633935	0.420750885446616	0.0002654562891423783	0.01661646568884149
1576.3768805669888	0.4211995193291685	0.0002654803199711778	0.01661646568884149
1578.066826070584	0.42164819378636126	0.0002655043763645792	0.01661646568884149
1579.7567715741793	0.4220969088601651	0.0002655284583255998	0.01661646568884149
1581.4467170777743	0.4225456645925511	0.00026555256585725716	0.01661646568884149
1583.1366625813696	0.42299446102549004	0.0002655766989625686	0.01661646568884149
1584.826608084965	0.423443298200953	0.00026560085764455174	0.01661646568884149
1586.5165535885603	0.42389217616091085	0.00026562504190622384	0.01661646568884149
1588.2064990921556	0.42434109494733446	0.00026564925175060253	0.01661646568884149
1589.8964445957506	0.4247900546021948	0.00026567348718070514	0.01661646568884149
1591.5863900993459	0.42523905516746285	0.00026569774819954915	0.01661646568884149
1593.2763356029411	0.42568809668510954	0.0002657220348101521	0.01661646568884149
1594.9662811065364	0.42613717919710575	0.0002657463470155313	0.01661646568884149
1596.6562266101316	0.4265863027454224	0.00026577068481870427	0.01661646568884149
1598.3461721137269	0.4270354673720305	0.00026579504822268847	0.01661646568884149
1600.036117617322	0.4274846731189009	0.00026581943723050135	0.01661646568884149
1601.7260631209172	0.42793392002800457	0.00026584385184516036	0.01661646568884149
1603.4160086245124	0.4283832081413125	0.00026586829206968294	0.01661646568884149
1605.1059541281077	0.42883253750079553	0.00026589275790708653	0.01661646568884149
1606.795899631703	0.4292819081484246	0.00026591724936038863	0.01661646568884149
1608.4858451352982	0.4297313201261707	0.0002659417664326066	0.01661646568884149
1610.1757906388934	0.43018077347600475	0.000265966309126758	0.01661646568884149
1611.8657361424887	0.43063026823989775	0.00026599087744586024	0.01661646568884149
1613.555681646084	0.43107980445982047	0.00026601547139293075	0.01661646568884149
1615.2456271496792	0.4315293821777439	0.000266040090970987	0.01661646568884149
1616.9355726532744	0.431979001435639	0.00026606473618304643	0.01661646568884149
1618.6255181568695	0.4324286622754767	0.0002660894070321265	0.01661646568884149
1620.3154636604647	0.43287836473922797	0.00026611410352124466	0.01661646568884149
1622.00540916406	0.4333281088688637	0.0002661388256534184	0.01661646568884149
1623.6953546676552	0.43377789470635486	0.00026616357343166503	0.01661646568884149
1625.3853001712505	0.43422772229367224	0.0002661883468590022	0.01661646568884149
1627.0752456748457	0.4346775916727869	0.0002662131459384472	0.01661646568884149
1628.7651911784408	0.4351275028856698	0.0002662379706730176	0.01661646568884149
1630.455136682036	0.4355774559742919	0.0002662628210657308	0.01661646568884149
1632.1450821856313	0.43602745098062395	0.0002662876971196042	0.01661646568884149
1633.8350276892265	0.436477487946637	0.00026631259883765535	0.01661646568884149
1635.5249731928218	0.436927566914302	0.0002663375262229017	0.01661646568884149
1637.214918696417	0.4373776879255899	0.00026636247927836057	0.01661646568884149
1638.9048642000123	0.43782785102247157	0.00026638745800704953	0.01661646568884149
1640.5948097036076	0.43827805624691796	0.000266412462411986	0.01661646568884149
1642.2847552072028	0.43872830364089993	0.0002664374924961874	0.01661646568884149
1643.974700710798	0.43917859324638864	0.00026646254826267124	0.01661646568884149
1645.6646462143933	0.43962892510535473	0.00026648762971445494	0.01661646568884149
1647.3545917179883	0.4400792992597694	0.000266512736854556	0.01661646568884149
1649.0445372215836	0.44052971575160327	0.00026653786968599175	0.01661646568884149
1650.7344827251789	0.4409801746228276	0.00026656302821177974	0.01661646568884149
1652.424428228774	0.44143067591541313	0.00026658821243493743	0.01661646568884149
1654.1143737323694	0.44188121967133087	0.00026661342235848224	0.01661646568884149
1655.8043192359646	0.4423318059325518	0.0002666386579854316	0.01661646568884149
1657.4942647395596	0.4427824347410466	0.000266663919318803	0.01661646568884149
1659.184210243155	0.4432331061387865	0.00026668920636161385	0.01661646568884149
1660.8741557467501	0.44368382016774227	0.0002667145191168816	0.01661646568884149
1662.5641012503454	0.44413457686988494	0.0002667398575876238	0.01661646568884149
1664.2540467539409	0.4445853762871854	0.0002667652217768578	0.01661646568884149
1665.943992257536	0.4450362184616145	0.0002667906116876011	0.01661646568884149
1667.6339377611312	0.4454871034351433	0.0002668160273228711	0.01661646568884149
1669.3238832647264	0.4459380312497427	0.00026684146868568534	0.01661646568884149
1671.0138287683217	0.44638900194738357	0.00026686693577906116	0.01661646568884149
1672.703774271917	0.4468400155700369	0.0002668924286060161	0.01661646568884149
1674.3937197755122	0.44729107215967345	0.0002669179471695676	0.01661646568884149
1676.0836652791072	0.44774217175826453	0.000266943491472733	0.01661646568884149
1677.7736107827025	0.44819331440778076	0.0002669690615185299	0.01661646568884149
1679.4635562862977	0.44864450015019314	0.0002669946573099757	0.01661646568884149
1681.153501789893	0.4490957290274727	0.00026702027885008785	0.01661646568884149
1682.8434472934882	0.4495470010815902	0.0002670459261418838	0.01661646568884149
1684.5333927970835	0.4499983163545167	0.000267071599188381	0.01661646568884149
1686.2233383006785	0.45044967488822313	0.0002670972979925969	0.01661646568884149
1687.9132838042738	0.4509010767246804	0.00026712302255754895	0.01661646568884149
1689.603229307869	0.4513525219058594	0.0002671487728862546	0.01661646568884149
