x	chi	dchidx	s0
0.00028058217348614687	0.0	0.016451458688161977	0.016451458688161977
0.013890588578163741	0.0002238964164482969	0.01644972051107035	0.016451458688161977
0.02750059498284134	0.00044774645647447156	0.016444643640390992	0.016451458688161977
0.04111060138751893	0.0006715046804374803	0.01643622807613118	0.016451458688161977
0.05472060779219652	0.0008951256486965265	0.016424473818285254	0.016451458688161977
0.06833061419687413	0.0011185639216105933	0.01640938086684524	0.016451458688161977
0.0819406206015517	0.0013417740595384386	0.016390949221800906	0.016451458688161977
0.09555062700622932	0.001564710622838598	0.01636917888313976	0.016451458688161977
0.10916063341090691	0.0017873281718693791	0.016344069850847055	0.016451458688161977
0.1227706398155845	0.002009581266988869	0.016315622124905785	0.016451458688161977
0.1363806462202621	0.0022314244685549284	0.01628383570529668	0.016451458688161977
0.14999065262493969	0.002452812336925193	0.016248710591998217	0.016451458688161977
0.1636006590296173	0.00267369943244901	0.016210246785043236	0.016451458688161977
0.17721066543429487	0.0028940403154700065	0.01616844428450542	0.016451458688161977
0.1908206718389725	0.0031137895463498534	0.016123303090329257	0.016451458688161977
0.20443067824365008	0.003332901685449751	0.016074823202455138	0.016451458688161977
0.21804068464832768	0.003551331293129874	0.016023004620823185	0.016451458688161977
0.23165069105300526	0.003769032929749375	0.01596784734537323	0.016451458688161977
0.24526069745768284	0.0039859611556663805	0.015909351376044833	0.016451458688161977
0.2588707038623605	0.004202070531237993	0.015847516712777267	0.016451458688161977
0.2724807102670381	0.004417315616820289	0.01578234335550953	0.016451458688161977
0.28609071667171565	0.004631650972768322	0.015713831304180335	0.016451458688161977
0.2997007230763932	0.004845031159436121	0.015641980558728116	0.016451458688161977
0.3133107294810708	0.005057410737176689	0.015566791119091032	0.016451458688161977
0.3269207358857484	0.005268744266342006	0.015488262985206953	0.016451458688161977
0.340530742290426	0.00547898630728303	0.015406396157013474	0.016451458688161977
0.3541407486951036	0.005688091420349685	0.01532119063444791	0.016451458688161977
0.3677507550997812	0.005896014165890882	0.015232646417447294	0.016451458688161977
0.38136076150445886	0.006102709104254502	0.015140763505948378	0.016451458688161977
0.39497076790913643	0.0063081307957874	0.015045541899887637	0.016451458688161977
0.408580774313814	0.006512233800835408	0.014946981599201263	0.016451458688161977
0.4221907807184916	0.006714972679743332	0.014845082603825168	0.016451458688161977
0.43580078712316916	0.006916301992854959	0.014739844913694984	0.016451458688161977
0.4494107935278468	0.007116176300513049	0.014631268528746064	0.016451458688161977
0.4630207999325244	0.007314550163059333	0.014519353448913476	0.016451458688161977
0.47663080633720195	0.0075113781408345185	0.014404099674132016	0.016451458688161977
0.49024081274187953	0.007706614794178295	0.014285507204336193	0.016451458688161977
0.5038508191465572	0.00790021468342932	0.014163576039460236	0.016451458688161977
0.5174608255512347	0.008092132368925233	0.014038306179438097	0.016451458688161977
0.5310708319559124	0.008282322411002638	0.013909697624203446	0.016451458688161977
0.54468083836059	0.00847073936999713	0.013777750373689675	0.016451458688161977
0.5582908447652676	0.008657337806243268	0.01364246442782989	0.016451458688161977
0.5719008511699452	0.00884207228007459	0.013503839786556922	0.016451458688161977
0.5855108575746227	0.009024897351823609	0.013361876449803321	0.016451458688161977
0.5991208639793003	0.009205767581821813	0.013216574417501355	0.016451458688161977
0.6127308703839779	0.009384637530399666	0.013067933689583009	0.016451458688161977
0.6263408767886555	0.009561461757886613	0.012915954265979997	0.016451458688161977
0.639950883193333	0.009736194824611062	0.012760636146623743	0.016451458688161977
0.6535608895980106	0.009908791290900406	0.012601979331445396	0.016451458688161977
0.6671708960026883	0.010079205717081015	0.012439983820375823	0.016451458688161977
0.6807809024073659	0.010247392663478225	0.012274649613345612	0.016451458688161977
0.6943909088120435	0.010413306690416355	0.012105976710285068	0.016451458688161977
0.708000915216721	0.010576902358218697	0.011933965111124222	0.016451458688161977
0.7216109216213987	0.01073813422720752	0.011758614815792812	0.016451458688161977
0.7352209280260763	0.010896956857704065	0.011579925824220308	0.016451458688161977
0.7488309344307539	0.011053324810028556	0.011397898136335901	0.016451458688161977
0.7624409408354316	0.011207192644500182	0.01121253175206849	0.016451458688161977
0.776050947240109	0.011358514921437112	0.011023826671346701	0.016451458688161977
0.7896609536447867	0.011507246201160217	0.010831782894050929	0.016451458688161977
0.8032709600494642	0.011653341043999241	0.010636400419916354	0.016451458688161977
0.8168809664541419	0.011796754010269504	0.01043767924882788	0.016451458688161977
0.8304909728588193	0.011937439660283626	0.010235619380687712	0.016451458688161977
0.844100979263497	0.012075352554352926	0.010030220815398495	0.016451458688161977
0.8577109856681745	0.012210447252787396	0.00982148355286334	0.016451458688161977
0.8713209920728522	0.012342678315895726	0.009609407592985803	0.016451458688161977
0.8849309984775299	0.012472000303985282	0.009393992935669898	0.016451458688161977
0.8985410048822073	0.01259836777736212	0.00917523958082009	0.016451458688161977
0.912151011286885	0.012721735296330982	0.008953147528341294	0.016451458688161977
0.9257610176915626	0.012842057421195296	0.008727716778138887	0.016451458688161977
0.9393710240962402	0.012959288712257176	0.008498947330118686	0.016451458688161977
0.9529810305009178	0.01307338372981742	0.008266839184186976	0.016451458688161977
0.9665910369055954	0.013184297034175514	0.00803139234025048	0.016451458688161977
0.9802010433102729	0.013291983185629628	0.007792606798216393	0.016451458688161977
0.9938110497149506	0.01339639674447662	0.0075504825579923406	0.016451458688161977
1.0074210561196282	0.013497492271012032	0.007305019619486424	0.016451458688161977
1.0210310625243058	0.013595224325530095	0.007056217982607178	0.016451458688161977
1.0346410689289833	0.013689547468323722	0.006804077647263604	0.016451458688161977
1.048251075333661	0.01378041625968451	0.006548598613365155	0.016451458688161977
1.0618610817383385	0.013867785259902751	0.0062897808808217255	0.016451458688161977
1.075471088143016	0.013951609029267412	0.00602762444954368	0.016451458688161977
1.0890810945476939	0.014031842128066156	0.005762129319441822	0.016451458688161977
1.1026911009523712	0.014108439116585323	0.005493295490427422	0.016451458688161977
1.116301107357049	0.014181354555111048	0.005221122962412428	0.016451458688161977
1.1299111137617264	0.01425054300392934	0.0049456117353104114	0.016451458688161977
1.1435211201664042	0.014315959023323672	0.004666761809036353	0.016451458688161977
1.1571311265710815	0.01437755717357639	0.004384573183506641	0.016451458688161977
1.1707411329757593	0.014435292014968737	0.00409904585863905	0.016451458688161977
1.184351139380437	0.014489118107780856	0.00381017983435276	0.016451458688161977
1.1979611457851145	0.01453899001229178	0.003517975110568343	0.016451458688161977
1.211571152189792	0.01458486228877945	0.0032224316872077633	0.016451458688161977
1.2251811585944696	0.014626689497520693	0.0029235495641943923	0.016451458688161977
1.2387911649991472	0.01466442619879124	0.0026213287414529845	0.016451458688161977
1.2524011714038248	0.014698026952865718	0.0023157692189097086	0.016451458688161977
1.2660111778085026	0.014727446320018015	0.0020068709964925252	0.016451458688161977
1.27962118421318	0.014752638860521083	0.0016946340741311775	0.016451458688161977
1.2932311906178577	0.014773559134646843	0.001379058451757097	0.016451458688161977
1.306841197022535	0.01479016170266628	0.0010601441293035324	0.016451458688161977
1.320451203427213	0.014802401124849474	0.0007378911067055345	0.016451458688161977
1.3340612098318905	0.014810231961465647	0.00041229938390006536	0.016451458688161977
1.347671216236568	0.014813608772783178	9.022595296557772e-05	0.016451458688161977
4.154952561226791	0.015066925694446127	9.024158993476353e-05	0.016451458688161977
6.962233906217014	0.015320269629294036	9.024855006034397e-05	0.016451458688161977
9.769515251207237	0.0155736298888123	9.025398371340295e-05	0.016451458688161977
12.576796596197457	0.01582700415692294	9.02583009982359e-05	0.016451458688161977
15.38407794118768	0.016080390117547968	9.026191201913828e-05	0.016451458688161977
18.191359286177903	0.016333786148078417	9.026510597415194e-05	0.016451458688161977
20.998640631168126	0.01658719108098985	9.026800353615338e-05	0.016451458688161977
23.805921976158352	0.016840603402157546	9.027081937772973e-05	0.016451458688161977
26.61320332114857	0.01709402302307988	9.02735579434034e-05	0.016451458688161977
29.420484666138794	0.017347449855255243	9.02762236776968e-05	0.016451458688161977
32.22776601112902	0.017600883810182003	9.02788210251323e-05	0.016451458688161977
35.03504735611924	0.017854324799358542	9.028135443023233e-05	0.016451458688161977
37.842328701109466	0.018107772734283246	9.028382833751928e-05	0.016451458688161977
40.64961004609969	0.018361227526454492	9.028624719151556e-05	0.016451458688161977
43.45689139108991	0.01861468908737066	9.028861543674356e-05	0.016451458688161977
46.264172736080134	0.01886815732853013	9.029093751772567e-05	0.016451458688161977
49.07145408107036	0.019121632161431285	9.029321787898433e-05	0.016451458688161977
51.87873542606058	0.019375113497572496	9.029546096504192e-05	0.016451458688161977
54.686016771050795	0.019628601248452154	9.029767122042083e-05	0.016451458688161977
57.493298116041025	0.019882095325568633	9.029985308964348e-05	0.016451458688161977
60.30057946103125	0.020135595640420313	9.030201101723227e-05	0.016451458688161977
63.10786080602146	0.020389102104505577	9.030414944770959e-05	0.016451458688161977
65.91514215101168	0.020642614629322806	9.030627282559785e-05	0.016451458688161977
68.72242349600191	0.020896133126370373	9.030838559541944e-05	0.016451458688161977
71.52970484099214	0.021149657507146667	9.031049220169677e-05	0.016451458688161977
74.33698618598235	0.021403187683150058	9.031259708895224e-05	0.016451458688161977
77.14426753097257	0.021656724303239065	9.031467857352683e-05	0.016451458688161977
79.9515488759628	0.02191026841142949	9.031669639525358e-05	0.016451458688161977
82.75883022095303	0.022163817960731753	9.031872164315188e-05	0.016451458688161977
85.56611156594325	0.022417372981576065	9.032075437499273e-05	0.016451458688161977
88.37339291093346	0.022670933504392636	9.032279464854713e-05	0.016451458688161977
91.18067425592369	0.02292449955961167	9.032484252158605e-05	0.016451458688161977
93.98795560091392	0.023178071177663385	9.03268980518805e-05	0.016451458688161977
96.79523694590415	0.02343164838897799	9.032896129720149e-05	0.016451458688161977
99.60251829089435	0.02368523122398569	9.033103231531996e-05	0.016451458688161977
102.40979963588458	0.023938819713116698	9.033311116400696e-05	0.016451458688161977
105.21708098087481	0.02419241388680123	9.033519790103345e-05	0.016451458688161977
108.02436232586501	0.024446013775469483	9.033729258417043e-05	0.016451458688161977
110.83164367085524	0.024699619409551676	9.033939527118891e-05	0.016451458688161977
113.63892501584547	0.02495323081947802	9.034150601985985e-05	0.016451458688161977
116.4462063608357	0.025206848035678724	9.034362488795427e-05	0.016451458688161977
119.25348770582593	0.025460471088583996	9.034575193324316e-05	0.016451458688161977
122.06076905081613	0.025714100008624043	9.03478872134975e-05	0.016451458688161977
124.86805039580636	0.025967734826229084	9.03500307864883e-05	0.016451458688161977
127.6753317407966	0.02622137557182932	9.035218270998654e-05	0.016451458688161977
130.4826130857868	0.026475022275854968	9.03543430417632e-05	0.016451458688161977
133.28989443077703	0.026728674968736238	9.035651183958931e-05	0.016451458688161977
136.09717577576725	0.026982333680903334	9.035868916123584e-05	0.016451458688161977
138.90445712075748	0.027235998442786468	9.036087506447379e-05	0.016451458688161977
141.71173846574771	0.027489669284815856	9.036306960707413e-05	0.016451458688161977
144.51901981073792	0.0277433462374217	9.03652728468079e-05	0.016451458688161977
147.32630115572815	0.027997029331034217	9.036748484144605e-05	0.016451458688161977
150.13358250071838	0.028250718596083614	9.03697056487596e-05	0.016451458688161977
152.94086384570858	0.028504414063000097	9.037193532651952e-05	0.016451458688161977
155.7481451906988	0.028758115762213883	9.037417393249682e-05	0.016451458688161977
158.55542653568904	0.02901182372415518	9.037642152446249e-05	0.016451458688161977
161.36270788067927	0.0292655379792542	9.037867816018752e-05	0.016451458688161977
164.1699892256695	0.029519258557941144	9.038094389744291e-05	0.016451458688161977
166.9772705706597	0.029772985490646234	9.038321879399965e-05	0.016451458688161977
169.78455191564993	0.03002671880779967	9.038550290762872e-05	0.016451458688161977
172.59183326064016	0.030280458539831676	9.038779629610113e-05	0.016451458688161977
175.39911460563033	0.03053420471717244	9.039009901718786e-05	0.016451458688161977
178.2063959506206	0.030787957370252195	9.039241112865992e-05	0.016451458688161977
181.0136772956108	0.031041716529501134	9.03947326882883e-05	0.016451458688161977
183.820958640601	0.031295482225349475	9.039706375384397e-05	0.016451458688161977
186.62823998559125	0.031549254488227436	9.039940438309796e-05	0.016451458688161977
189.43552133058145	0.03180303334856521	9.040175463382122e-05	0.016451458688161977
192.2428026755717	0.032056818836793025	9.040411456378478e-05	0.016451458688161977
195.0500840205619	0.03231061098334107	9.040648423075962e-05	0.016451458688161977
197.8573653655521	0.032564409818639575	9.040886369251672e-05	0.016451458688161977
200.66464671054237	0.03281821537311874	9.04112530068271e-05	0.016451458688161977
203.47192805553257	0.03307202767720878	9.041365223146173e-05	0.016451458688161977
206.27920940052277	0.03332584676133989	9.041606142419162e-05	0.016451458688161977
209.08649074551303	0.033579672655942305	9.041848064278774e-05	0.016451458688161977
211.89377209050323	0.033833505391446216	9.042090994502111e-05	0.016451458688161977
214.70105343549344	0.034087344998281845	9.042334938866271e-05	0.016451458688161977
217.5083347804837	0.03434119150687939	9.042579903148353e-05	0.016451458688161977
220.3156161254739	0.034595044947669074	9.042825893125457e-05	0.016451458688161977
223.12289747046415	0.0348489053510811	9.043072914574682e-05	0.016451458688161977
225.93017881545435	0.03510277274754567	9.043320973273128e-05	0.016451458688161977
228.73746016044456	0.03535664716749301	9.043570074997893e-05	0.016451458688161977
231.5447415054348	0.03561052864135333	9.043820225526077e-05	0.016451458688161977
234.35202285042502	0.035864417199556825	9.044071430634779e-05	0.016451458688161977
237.15930419541527	0.03611831287253371	9.0443236961011e-05	0.016451458688161977
239.96658554040548	0.03637221569071421	9.044577027702137e-05	0.016451458688161977
242.77386688539568	0.03662612568452851	9.04483143121499e-05	0.016451458688161977
245.58114823038593	0.03688004288440684	9.045086912416759e-05	0.016451458688161977
248.38842957537614	0.03713396732077941	9.045343477084542e-05	0.016451458688161977
251.19571092036634	0.03738789902407641	9.04560113099544e-05	0.016451458688161977
254.0029922653566	0.03764183802472808	9.045859879926551e-05	0.016451458688161977
256.8102736103468	0.0378957843531646	9.046119729654976e-05	0.016451458688161977
259.617554955337	0.038149738039816194	9.046380685957812e-05	0.016451458688161977
262.42483630032723	0.038403699115113085	9.046642754612159e-05	0.016451458688161977
265.2321176453175	0.038657667609485455	9.046905941395118e-05	0.016451458688161977
268.0393989903077	0.038911643553363545	9.047170252083787e-05	0.016451458688161977
270.84668033529795	0.03916562697717754	9.047435692455265e-05	0.016451458688161977
273.65396168028815	0.03941961791135766	9.047702268286651e-05	0.016451458688161977
276.46124302527835	0.03967361638633411	9.047969985355045e-05	0.016451458688161977
279.2685243702686	0.03992762243253711	9.048238849437547e-05	0.016451458688161977
282.0758057152588	0.040181636080396876	9.048508866311256e-05	0.016451458688161977
284.883087060249	0.040435657360343595	9.04878004175327e-05	0.016451458688161977
287.69036840523927	0.0406896863028075	9.04905238154069e-05	0.016451458688161977
290.49764975022947	0.04094372293821878	9.049325891450614e-05	0.016451458688161977
293.3049310952197	0.04119776729700765	9.049600577260143e-05	0.016451458688161977
296.11221244020993	0.04145181940960433	9.049876444746373e-05	0.016451458688161977
298.91949378520013	0.041705879306439035	9.050153499686408e-05	0.016451458688161977
301.7267751301904	0.04195994701794196	9.050431747857343e-05	0.016451458688161977
304.5340564751806	0.04221402257454332	9.05071119503628e-05	0.016451458688161977
307.3413378201708	0.04246810600667333	9.050991847000317e-05	0.016451458688161977
310.14861916516105	0.04272219734476218	9.051273709526554e-05	0.016451458688161977
312.95590051015125	0.042976296619240115	9.05155678839209e-05	0.016451458688161977
315.76318185514145	0.04323040386053732	9.051841089374025e-05	0.016451458688161977
318.5704632001317	0.043484519099084004	9.052126618249457e-05	0.016451458688161977
321.3777445451219	0.0437386423653104	9.052413380795486e-05	0.016451458688161977
324.1850258901122	0.04399277368964669	9.052701382789211e-05	0.016451458688161977
326.9923072351024	0.04424691310252311	9.052990630007732e-05	0.016451458688161977
329.7995885800926	0.04450106063436984	9.053281128228149e-05	0.016451458688161977
332.60686992508283	0.044755216315617116	9.053572883227558e-05	0.016451458688161977
335.41415127007303	0.04500938017669514	9.053865900783063e-05	0.016451458688161977
338.22143261506324	0.04526355224803411	9.054160186671758e-05	0.016451458688161977
341.0287139600535	0.045517732560064264	9.054455746670747e-05	0.016451458688161977
343.8359953050437	0.04577192114321578	9.054752586557129e-05	0.016451458688161977
346.6432766500339	0.046026118027918894	9.055050712108e-05	0.016451458688161977
349.45055799502416	0.046280323244603794	9.055350129100461e-05	0.016451458688161977
352.25783934001436	0.04653453682370071	9.055650843311612e-05	0.016451458688161977
355.0651206850046	0.04678875879563985	9.055952860518551e-05	0.016451458688161977
357.8724020299948	0.047042989190851404	9.056256186498378e-05	0.016451458688161977
360.679683374985	0.04729722882705412	9.056558532970995e-05	0.016451458688161977
363.4869647199753	0.04755147729987198	9.056861095655968e-05	0.016451458688161977
366.2942460649655	0.04780573425719857	9.057164993940347e-05	0.016451458688161977
369.1015274099557	0.04805999973683125	9.057470227872705e-05	0.016451458688161977
371.90880875494594	0.04831427377656733	9.05777679750162e-05	0.016451458688161977
374.71609009993614	0.04856855641420415	9.058084702875665e-05	0.016451458688161977
377.52337144492634	0.048822847687539056	9.058393944043416e-05	0.016451458688161977
380.3306527899166	0.049077147634369385	9.058704521053446e-05	0.016451458688161977
383.13793413490686	0.04933145629249246	9.059016433954333e-05	0.016451458688161977
385.94521547989706	0.04958577369970561	9.059329682794649e-05	0.016451458688161977
388.75249682488726	0.049840099893806195	9.059644267622972e-05	0.016451458688161977
391.5597781698775	0.05009443491259154	9.059960188487875e-05	0.016451458688161977
394.3670595148677	0.05034877879385896	9.060277445437934e-05	0.016451458688161977
397.1743408598579	0.05060313157540582	9.060596038521724e-05	0.016451458688161977
399.9816222048482	0.05085749329502944	9.060915967787818e-05	0.016451458688161977
402.7889035498384	0.05111186399052716	9.061237233284794e-05	0.016451458688161977
405.5961848948286	0.051366243699696314	9.061559835061226e-05	0.016451458688161977
408.40346623981884	0.051620632460334236	9.061883773165688e-05	0.016451458688161977
411.21074758480904	0.051875030310238254	9.062209047646756e-05	0.016451458688161977
414.01802892979924	0.05212943728720572	9.062535658553005e-05	0.016451458688161977
416.8253102747895	0.052383853429033955	9.06286360593301e-05	0.016451458688161977
419.6325916197797	0.0526382787735203	9.063192889835345e-05	0.016451458688161977
422.4398729647699	0.052892713358462094	9.063523510308586e-05	0.016451458688161977
425.24715430976016	0.053147157221656666	9.063855467401308e-05	0.016451458688161977
428.05443565475036	0.05340161040090135	9.064188761162087e-05	0.016451458688161977
430.86171699974057	0.05365607293399349	9.064523391639496e-05	0.016451458688161977
433.6689983447308	0.05391054485873042	9.064859358882111e-05	0.016451458688161977
436.4762796897211	0.05416502621290946	9.065196662938507e-05	0.016451458688161977
439.2835610347113	0.05441951703432796	9.06553530385726e-05	0.016451458688161977
442.0908423797015	0.054674017360783256	9.065875281686943e-05	0.016451458688161977
444.89812372469174	0.054928527230072674	9.066216596476131e-05	0.016451458688161977
447.70540506968194	0.055183046679993554	9.066559248273402e-05	0.016451458688161977
450.51268641467215	0.05543757574834324	9.066903237127329e-05	0.016451458688161977
453.3199677596624	0.05569211447291905	9.067248563086486e-05	0.016451458688161977
456.1272491046526	0.05594666289151833	9.06759522619945e-05	0.016451458688161977
458.9345304496428	0.05620122104193842	9.067943226514794e-05	0.016451458688161977
461.74181179463307	0.056455788961976644	9.068292564081096e-05	0.016451458688161977
464.54909313962327	0.05671036668943034	9.068643238946927e-05	0.016451458688161977
467.35637448461347	0.05696495426209685	9.068995251160866e-05	0.016451458688161977
470.1636558296037	0.0572195517177735	9.069348600771486e-05	0.016451458688161977
472.970937174594	0.05747415909425763	9.069703287827362e-05	0.016451458688161977
475.77821851958413	0.05772877642934658	9.07005931237707e-05	0.016451458688161977
478.5854998645744	0.05798340376083768	9.070416674469184e-05	0.016451458688161977
481.39278120956465	0.058238041126528264	9.07077537415228e-05	0.016451458688161977
484.2000625545548	0.05849268856421566	9.07113541147493e-05	0.016451458688161977
487.00734389954505	0.05874734611169723	9.071496786485713e-05	0.016451458688161977
489.8146252445353	0.05900201380677028	9.071859499233204e-05	0.016451458688161977
492.6219065895255	0.05925669168723215	9.072223549765975e-05	0.016451458688161977
495.4291879345157	0.0595113797908802	9.072588938132601e-05	0.016451458688161977
498.23646927950597	0.059766078155511736	9.072955664381662e-05	0.016451458688161977
501.04375062449617	0.0600207868189241	9.073323728561726e-05	0.016451458688161977
503.85103196948637	0.060275505818914644	9.073693130721374e-05	0.016451458688161977
506.65831331447663	0.06053023519328069	9.074063870909178e-05	0.016451458688161977
509.46559465946683	0.060784974979819564	9.074435949173713e-05	0.016451458688161977
512.2728760044571	0.061039725216328625	9.074809365563555e-05	0.016451458688161977
515.0801573494473	0.06129448594060519	9.075184120127278e-05	0.016451458688161977
517.8874386944375	0.061549257190446585	9.075560212913459e-05	0.016451458688161977
520.6947200394277	0.06180403900365018	9.075937643970671e-05	0.016451458688161977
523.502001384418	0.062058831418013286	9.07631641334749e-05	0.016451458688161977
526.3092827294082	0.062313634471333236	9.07669652109249e-05	0.016451458688161977
529.1165640743984	0.06256844820140738	9.077077967254248e-05	0.016451458688161977
531.9238454193886	0.06282327264603303	9.077460751881337e-05	0.016451458688161977
534.7311267643789	0.06307810784300755	9.077844875022333e-05	0.016451458688161977
537.538408109369	0.06333295383012824	9.078230336725811e-05	0.016451458688161977
540.3456894543593	0.06358781064519248	9.078617137040346e-05	0.016451458688161977
543.1529707993495	0.06384267832599758	9.079005276014512e-05	0.016451458688161977
545.9602521443397	0.06409755691034086	9.079394753696886e-05	0.016451458688161977
548.7675334893299	0.06435244643601969	9.079785570136041e-05	0.016451458688161977
551.5748148343203	0.06460734694083138	9.080177725380555e-05	0.016451458688161977
554.3820961793103	0.06486225846257326	9.080571219479e-05	0.016451458688161977
557.1893775243007	0.06511718103904271	9.08096605247995e-05	0.016451458688161977
559.9966588692909	0.06537211470803701	9.081362224431984e-05	0.016451458688161977
562.803940214281	0.06562705950735354	9.081759735383675e-05	0.016451458688161977
565.6112215592713	0.06588201547478958	9.082158585383597e-05	0.016451458688161977
568.4185029042616	0.06613698264814252	9.082558774480328e-05	0.016451458688161977
571.2257842492518	0.06639196106520967	9.08296030272244e-05	0.016451458688161977
574.033065594242	0.06664695076378838	9.083363170158509e-05	0.016451458688161977
576.8403469392322	0.06690195178167596	9.08376737683711e-05	0.016451458688161977
579.6476282842224	0.06715696415666977	9.08417292280682e-05	0.016451458688161977
582.4549096292126	0.06741198792656714	9.08457980811621e-05	0.016451458688161977
585.2621909742029	0.06766702312916538	9.084988032813859e-05	0.016451458688161977
588.0694723191931	0.06792206980226187	9.085397596948339e-05	0.016451458688161977
590.8767536641833	0.0681771279836539	9.085808500568227e-05	0.016451458688161977
593.6840350091735	0.06843219771113884	9.086220743722098e-05	0.016451458688161977
596.4913163541638	0.06868727902251402	9.086634326458525e-05	0.016451458688161977
599.2985976991539	0.06894237195557676	9.087049248826084e-05	0.016451458688161977
602.1058790441442	0.06919747654812439	9.087465510873352e-05	0.016451458688161977
604.9131603891344	0.06945259283795427	9.087883112648902e-05	0.016451458688161977
607.7204417341246	0.06970772086286373	9.08830205420131e-05	0.016451458688161977
610.5277230791148	0.06996286066065008	9.088722335579149e-05	0.016451458688161977
613.3350044241051	0.07021801226911069	9.089143956830995e-05	0.016451458688161977
616.1422857690953	0.07047317572604286	9.089566918005425e-05	0.016451458688161977
618.9495671140855	0.07072835106924397	9.089991219151014e-05	0.016451458688161977
621.7568484590757	0.0709835383365113	9.090416860316333e-05	0.016451458688161977
624.5641298040659	0.07123873756564225	9.090843841549961e-05	0.016451458688161977
627.3714111490561	0.07149394879443409	9.091272162900471e-05	0.016451458688161977
630.1786924940465	0.0717491720606842	9.09170182441644e-05	0.016451458688161977
632.9859738390367	0.0720044074021899	9.092132826146439e-05	0.016451458688161977
635.7932551840269	0.07225965485674851	9.092565168139048e-05	0.016451458688161977
638.6005365290171	0.07251491446215741	9.092998850442839e-05	0.016451458688161977
641.4078178740074	0.07277018625621388	9.093433873106388e-05	0.016451458688161977
644.2150992189975	0.0730254702767153	9.09387023617827e-05	0.016451458688161977
647.0223805639878	0.07328076656145897	9.094307939707058e-05	0.016451458688161977
649.829661908978	0.07353607514824226	9.09474698374133e-05	0.016451458688161977
652.6369432539682	0.07379139607486249	9.095187368329661e-05	0.016451458688161977
655.4442245989584	0.07404672937911697	9.095629093520624e-05	0.016451458688161977
658.2515059439487	0.07430207509880307	9.096072159362795e-05	0.016451458688161977
661.0587872889389	0.07455743327171811	9.096516565904748e-05	0.016451458688161977
663.8660686339291	0.07481280393565944	9.09696231319506e-05	0.016451458688161977
666.6733499789193	0.07506818712842438	9.097409401282304e-05	0.016451458688161977
669.4806313239095	0.07532358288781027	9.097857830215057e-05	0.016451458688161977
672.2879126688997	0.07557899125161442	9.098307600041892e-05	0.016451458688161977
675.09519401389	0.07583441225763421	9.098758710811386e-05	0.016451458688161977
677.9024753588802	0.07608984594366697	9.099211162572113e-05	0.016451458688161977
680.7097567038704	0.07634529234751	9.099664955372647e-05	0.016451458688161977
683.5170380488606	0.07660075150696066	9.100120089261566e-05	0.016451458688161977
686.3243193938508	0.07685622345981628	9.100576564287442e-05	0.016451458688161977
689.131600738841	0.0771117082438742	9.10103438049885e-05	0.016451458688161977
691.9388820838313	0.07736720589693175	9.101493537944368e-05	0.016451458688161977
694.7461634288215	0.07762271645678627	9.10195403667257e-05	0.016451458688161977
697.5534447738117	0.07787823996123508	9.102415876732028e-05	0.016451458688161977
700.360726118802	0.07813377644807554	9.102879058171321e-05	0.016451458688161977
703.1680074637923	0.07838932595510498	9.103343581039021e-05	0.016451458688161977
705.9752888087825	0.0786448885201207	9.103809445383705e-05	0.016451458688161977
708.7825701537728	0.0789004641809201	9.104276651253946e-05	0.016451458688161977
711.589851498763	0.07915605297530046	9.104745198698323e-05	0.016451458688161977
714.3971328437531	0.07941165494105912	9.105215087765406e-05	0.016451458688161977
717.2044141887435	0.07966727011599345	9.105686318503773e-05	0.016451458688161977
720.0116955337336	0.07992289853790074	9.106158890961999e-05	0.016451458688161977
722.8189768787238	0.08017854024457838	9.106632805188658e-05	0.016451458688161977
725.6262582237141	0.08043419527382366	9.107108061232326e-05	0.016451458688161977
728.4335395687043	0.08068986366343392	9.107584659141576e-05	0.016451458688161977
731.2408209136944	0.0809455454512065	9.108062598964986e-05	0.016451458688161977
734.0481022586848	0.08120124067493878	9.10854188075113e-05	0.016451458688161977
736.8553836036749	0.08145694937242802	9.109022504548581e-05	0.016451458688161977
739.6626649486651	0.0817126715814716	9.109504470405917e-05	0.016451458688161977
742.4699462936554	0.08196840733986685	9.109987778371711e-05	0.016451458688161977
745.2772276386456	0.0822241566854111	9.110472428494539e-05	0.016451458688161977
748.0845089836357	0.08247991965590168	9.110958420822975e-05	0.016451458688161977
750.8917903286261	0.08273569628913595	9.111445755405595e-05	0.016451458688161977
753.6990716736162	0.08299148662291121	9.111934432290974e-05	0.016451458688161977
756.5063530186064	0.08324729069502482	9.112424451527686e-05	0.016451458688161977
759.3136343635967	0.08350310854327411	9.112915813164308e-05	0.016451458688161977
762.120915708587	0.0837589402054564	9.113408517249412e-05	0.016451458688161977
764.9281970535773	0.08401478571936907	9.113902563831577e-05	0.016451458688161977
767.7354783985675	0.0842706451228094	9.114397952959374e-05	0.016451458688161977
770.5427597435576	0.08452651845357476	9.11489468468138e-05	0.016451458688161977
773.3500410885479	0.08478240574946247	9.115392759046172e-05	0.016451458688161977
776.1573224335381	0.08503830704826984	9.11589217610232e-05	0.016451458688161977
778.9646037785283	0.08529422238779427	9.116392935898404e-05	0.016451458688161977
781.7718851235186	0.08555015180583307	9.116895038482996e-05	0.016451458688161977
784.5791664685088	0.08580609534018353	9.117398483904673e-05	0.016451458688161977
787.3864478134989	0.08606205302864305	9.117903272212007e-05	0.016451458688161977
790.1937291584892	0.08631802490900892	9.118409403453577e-05	0.016451458688161977
793.0010105034794	0.0865740110190785	9.118916877677955e-05	0.016451458688161977
795.8082918484696	0.0868300113966491	9.119425694933718e-05	0.016451458688161977
798.6155731934599	0.0870860260795181	9.119935855269439e-05	0.016451458688161977
801.4228545384501	0.08734205510548279	9.120447358733695e-05	0.016451458688161977
804.2301358834402	0.08759809851234052	9.120960205375059e-05	0.016451458688161977
807.0374172284305	0.08785415633788864	9.121474395242108e-05	0.016451458688161977
809.8446985734207	0.08811022861992446	9.121989928383418e-05	0.016451458688161977
812.6519799184109	0.08836631539624533	9.12250680484756e-05	0.016451458688161977
815.4592612634012	0.0886224167046486	9.123025024683112e-05	0.016451458688161977
818.2665426083914	0.08887853258293157	9.123544587938648e-05	0.016451458688161977
821.0738239533815	0.08913466306889159	9.124065494662742e-05	0.016451458688161977
823.881105298372	0.08939080820032604	9.124587744903972e-05	0.016451458688161977
826.688386643362	0.08964696801503216	9.125111338710911e-05	0.016451458688161977
829.4956679883522	0.08990314255080736	9.125636276132134e-05	0.016451458688161977
832.3029493333426	0.09015933184544897	9.126162557216217e-05	0.016451458688161977
835.1102306783328	0.0904155359367543	9.126690182011734e-05	0.016451458688161977
837.9175120233228	0.09067175486252069	9.127219150567261e-05	0.016451458688161977
840.7247933683133	0.09092798866054551	9.127749462931372e-05	0.016451458688161977
843.5320747133034	0.09118423736862603	9.128281119152642e-05	0.016451458688161977
846.3393560582936	0.09144050102455964	9.128814119279648e-05	0.016451458688161977
849.1466374032839	0.09169677966614366	9.129348463360962e-05	0.016451458688161977
851.9539187482741	0.0919530733311754	9.12988415144516e-05	0.016451458688161977
854.7612000932642	0.09220938205745224	9.13042118358082e-05	0.016451458688161977
857.5684814382546	0.0924657058827715	9.130959559816514e-05	0.016451458688161977
860.3757627832447	0.09272204484493049	9.131499280200817e-05	0.016451458688161977
863.183044128235	0.09297839898172656	9.132040344782304e-05	0.016451458688161977
865.9903254732252	0.09323476833095706	9.132582753609551e-05	0.016451458688161977
868.7976068182154	0.09349115293041929	9.133126506731133e-05	0.016451458688161977
871.6048881632057	0.09374755281791065	9.133671604195625e-05	0.016451458688161977
874.4121695081959	0.0940039680312284	9.134218046051602e-05	0.016451458688161977
877.219450853186	0.09426039860816993	9.134765832347638e-05	0.016451458688161977
880.0267321981763	0.09451684458653255	9.13531496313231e-05	0.016451458688161977
882.8340135431665	0.0947733060041136	9.13586543845419e-05	0.016451458688161977
885.6412948881567	0.0950297828987104	9.136417258361855e-05	0.016451458688161977
888.448576233147	0.09528627530812034	9.136970422903881e-05	0.016451458688161977
891.2558575781372	0.09554278327014068	9.137524932128843e-05	0.016451458688161977
894.0631389231273	0.09579930682256879	9.138080786085313e-05	0.016451458688161977
896.8704202681176	0.09605584600320204	9.138637984821868e-05	0.016451458688161977
899.6777016131078	0.09631240084983769	9.139196528387084e-05	0.016451458688161977
902.484982958098	0.09656897140027315	9.139756416829534e-05	0.016451458688161977
905.2922643030884	0.09682555769230572	9.140317650197794e-05	0.016451458688161977
908.0995456480786	0.09708215976373272	9.14088022854044e-05	0.016451458688161977
910.9068269930686	0.0973387776523515	9.141444151906046e-05	0.016451458688161977
913.714108338059	0.09759541139595942	9.142009420343187e-05	0.016451458688161977
916.5213896830492	0.09785206103235378	9.142576033900438e-05	0.016451458688161977
919.3286710280394	0.09810872659933192	9.143143992626374e-05	0.016451458688161977
922.1359523730297	0.09836540813469122	9.14371329656957e-05	0.016451458688161977
924.9432337180199	0.09862210567622895	9.144283945778601e-05	0.016451458688161977
927.75051506301	0.09887881926174247	9.144855940302043e-05	0.016451458688161977
930.5577964080003	0.09913554892902914	9.145429280188469e-05	0.016451458688161977
933.3650777529905	0.09939229471588626	9.146003965486457e-05	0.016451458688161977
936.1723590979807	0.09964905666011117	9.146579996244579e-05	0.016451458688161977
938.979640442971	0.09990583479950126	9.147157372511412e-05	0.016451458688161977
941.7869217879612	0.10016262917185378	9.14773609433553e-05	0.016451458688161977
944.5942031329515	0.10041943981496614	9.148316161765508e-05	0.016451458688161977
947.4014844779417	0.1006762667666356	9.148897574849921e-05	0.016451458688161977
950.2087658229318	0.10093311006465955	9.149480333637346e-05	0.016451458688161977
953.0160471679221	0.10118996974683533	9.150064438176355e-05	0.016451458688161977
955.8233285129123	0.10144684585096025	9.150649888515526e-05	0.016451458688161977
958.6306098579025	0.10170373841483164	9.151236684703432e-05	0.016451458688161977
961.4378912028928	0.10196064747624689	9.151824826788647e-05	0.016451458688161977
964.245172547883	0.10221757307300323	9.152414314819749e-05	0.016451458688161977
967.0524538928731	0.10247451524289809	9.153005148845311e-05	0.016451458688161977
969.8597352378634	0.10273147402372879	9.153597328913909e-05	0.016451458688161977
972.6670165828536	0.10298844945329264	9.154190855074118e-05	0.016451458688161977
975.4742979278438	0.10324544156938695	9.154785727374511e-05	0.016451458688161977
978.2815792728342	0.10350245040980913	9.155381945863666e-05	0.016451458688161977
981.0888606178244	0.10375947601235647	9.155979510590156e-05	0.016451458688161977
983.8961419628145	0.1040165184148263	9.156578421602557e-05	0.016451458688161977
986.7034233078048	0.10427357765501598	9.157178678949443e-05	0.016451458688161977
989.510704652795	0.10453065377072282	9.157780282679392e-05	0.016451458688161977
992.3179859977852	0.10478774679974415	9.158383232840975e-05	0.016451458688161977
995.1252673427755	0.10504485677987735	9.158987529482769e-05	0.016451458688161977
997.9325486877657	0.1053019837489197	9.159593172653348e-05	0.016451458688161977
1000.7398300327558	0.10555912774466858	9.160200162401289e-05	0.016451458688161977
1003.5471113777461	0.1058162888049213	9.160808498775165e-05	0.016451458688161977
1006.3543927227363	0.1060734669674752	9.161418181823552e-05	0.016451458688161977
1009.1616740677265	0.10633066227012761	9.162029211595026e-05	0.016451458688161977
1011.9689554127168	0.10658787475067591	9.162641588138161e-05	0.016451458688161977
1014.776236757707	0.10684510444691736	9.16325531150153e-05	0.016451458688161977
1017.5835181026971	0.10710235139664935	9.163870381733713e-05	0.016451458688161977
1020.3907994476874	0.10735961563766921	9.164486798883279e-05	0.016451458688161977
1023.1980807926776	0.10761689720777423	9.165104562998808e-05	0.016451458688161977
1026.0053621376678	0.1078741961447618	9.165723674128872e-05	0.016451458688161977
1028.8126434826581	0.10813151248642924	9.166344132322047e-05	0.016451458688161977
1031.6199248276482	0.10838884627057388	9.166965937626909e-05	0.016451458688161977
1034.4272061726385	0.10864619753499305	9.167589090092032e-05	0.016451458688161977
1037.2344875176288	0.10890356631748409	9.168213589765991e-05	0.016451458688161977
1040.041768862619	0.10916095265584433	9.168839436697361e-05	0.016451458688161977
1042.8490502076093	0.10941835658787114	9.169466630934717e-05	0.016451458688161977
1045.6563315525993	0.10967577815136179	9.170095172526635e-05	0.016451458688161977
1048.4636128975897	0.10993321738411366	9.170725061521689e-05	0.016451458688161977
1051.27089424258	0.11019067432392407	9.171356297968454e-05	0.016451458688161977
1054.07817558757	0.1104481490085904	9.171988881915504e-05	0.016451458688161977
1056.8854569325604	0.11070564147590989	9.172622813411417e-05	0.016451458688161977
1059.6927382775507	0.11096315176367999	9.173258092504767e-05	0.016451458688161977
1062.5000196225408	0.11122067990969792	9.173894719244127e-05	0.016451458688161977
1065.3073009675309	0.11147822595176113	9.174532693678073e-05	0.016451458688161977
1068.1145823125212	0.11173578992766689	9.175172015855182e-05	0.016451458688161977
1070.9218636575115	0.11199337187521252	9.175812685824027e-05	0.016451458688161977
1073.7291450025016	0.11225097183219537	9.176454703633183e-05	0.016451458688161977
1076.536426347492	0.11250858983641279	9.177098069331225e-05	0.016451458688161977
1079.3437076924822	0.11276622592566213	9.17774278296673e-05	0.016451458688161977
1082.1509890374723	0.11302388013774067	9.17838884458827e-05	0.016451458688161977
1084.9582703824626	0.11328155251044586	9.179036254244423e-05	0.016451458688161977
1087.7655517274527	0.1135392430815749	9.179685011983762e-05	0.016451458688161977
1090.572833072443	0.11379695188892516	9.180335117854862e-05	0.016451458688161977
1093.3801144174333	0.114054678970294	9.1809865719063e-05	0.016451458688161977
1096.1873957624234	0.1143124243634788	9.181639374186648e-05	0.016451458688161977
1098.9946771074135	0.11457018810627678	9.182293524744484e-05	0.016451458688161977
1101.8019584524038	0.11482797023648542	9.182949023628381e-05	0.016451458688161977
1104.6092397973941	0.11508577079190191	9.183605870886915e-05	0.016451458688161977
1107.4165211423842	0.1153435898103237	9.18426406656866e-05	0.016451458688161977
1110.2238024873745	0.11560142732954803	9.184923610722193e-05	0.016451458688161977
1113.0310838323649	0.11585928338737231	9.185584503396088e-05	0.016451458688161977
1115.838365177355	0.11611715802159384	9.186246744638918e-05	0.016451458688161977
1118.6456465223453	0.11637505127001	9.186910334499261e-05	0.016451458688161977
1121.4529278673353	0.11663296317041805	9.18757527302569e-05	0.016451458688161977
1124.2602092123257	0.11689089376061537	9.188241560266783e-05	0.016451458688161977
1127.067490557316	0.11714884307839926	9.188909196271111e-05	0.016451458688161977
1129.874771902306	0.11740681116156712	9.189578181087252e-05	0.016451458688161977
1132.6820532472964	0.11766479804791627	9.19024851476378e-05	0.016451458688161977
1135.4893345922865	0.117922803775244	9.190920197349269e-05	0.016451458688161977
1138.2966159372768	0.11818082838134769	9.191593228892296e-05	0.016451458688161977
1141.103897282267	0.11843887190402463	9.192267609441435e-05	0.016451458688161977
1143.9111786272572	0.11869693438107218	9.192943339045262e-05	0.016451458688161977
1146.7184599722475	0.11895501585028767	9.193620417752349e-05	0.016451458688161977
1149.5257413172378	0.11921311634946849	9.194298845611275e-05	0.016451458688161977
1152.333022662228	0.1194712359164119	9.19497862267061e-05	0.016451458688161977
1155.140304007218	0.11972937458891525	9.195659748978936e-05	0.016451458688161977
1157.9475853522083	0.11998753240477589	9.196342224584822e-05	0.016451458688161977
1160.7548666971986	0.12024570940179113	9.197026049536846e-05	0.016451458688161977
1163.5621480421887	0.12050390561775837	9.197711223883582e-05	0.016451458688161977
1166.369429387179	0.1207621210904749	9.198397747673606e-05	0.016451458688161977
1169.1767107321693	0.12102035585773804	9.199085620955491e-05	0.016451458688161977
1171.9839920771594	0.12127860995734516	9.199774843777814e-05	0.016451458688161977
1174.7912734221497	0.12153688342709354	9.20046541618915e-05	0.016451458688161977
1177.5985547671398	0.1217951763047806	9.201157338238072e-05	0.016451458688161977
1180.4058361121301	0.12205348862820359	9.201850609973157e-05	0.016451458688161977
1183.2131174571205	0.12231182043515992	9.20254523144298e-05	0.016451458688161977
1186.0203988021105	0.1225701717634469	9.203241202696114e-05	0.016451458688161977
1188.8276801471006	0.12282854265086182	9.203938523781135e-05	0.016451458688161977
1191.634961492091	0.12308693313520205	9.204637194746621e-05	0.016451458688161977
1194.4422428370813	0.12334534325426494	9.205337215641144e-05	0.016451458688161977
1197.2495241820714	0.12360377304584783	9.206038586513278e-05	0.016451458688161977
1200.0568055270617	0.12386222254774801	9.206741307411601e-05	0.016451458688161977
1202.864086872052	0.12412069179776286	9.207445378384686e-05	0.016451458688161977
1205.671368217042	0.12437918083368968	9.208150799481108e-05	0.016451458688161977
1208.4786495620324	0.12463768969332581	9.208857570749443e-05	0.016451458688161977
1211.2859309070225	0.12489621841446863	9.209565692238267e-05	0.016451458688161977
1214.0932122520128	0.12515476703491543	9.210275163996151e-05	0.016451458688161977
1216.900493597003	0.12541333559246357	9.210985986071675e-05	0.016451458688161977
1219.7077749419932	0.12567192412491035	9.211698158513411e-05	0.016451458688161977
1222.5150562869835	0.12593053267005314	9.212411681369935e-05	0.016451458688161977
1225.3223376319736	0.12618916126568927	9.213126554689822e-05	0.016451458688161977
1228.129618976964	0.12644780994961605	9.213842778521646e-05	0.016451458688161977
1230.9369003219542	0.12670647875963087	9.214560352913982e-05	0.016451458688161977
1233.7441816669443	0.126965167733531	9.215279277915409e-05	0.016451458688161977
1236.5514630119346	0.1272238769091138	9.215999553574496e-05	0.016451458688161977
1239.358744356925	0.12748260632417663	9.216721179939821e-05	0.016451458688161977
1242.166025701915	0.1277413560165168	9.21744415705996e-05	0.016451458688161977
1244.9733070469051	0.12800012602393163	9.218168484983487e-05	0.016451458688161977
1247.7805883918954	0.12825891638421852	9.218894163758977e-05	0.016451458688161977
1250.5878697368858	0.12851772713517473	9.219621193435004e-05	0.016451458688161977
1253.3951510818758	0.12877655831459764	9.220349574060145e-05	0.016451458688161977
1256.2024324268662	0.12903540996028456	9.221079305682973e-05	0.016451458688161977
1259.0097137718562	0.12929428211003285	9.221810388352066e-05	0.016451458688161977
1261.8169951168466	0.12955317480163983	9.222542822115995e-05	0.016451458688161977
1264.6242764618369	0.12981208807290284	9.223276607023338e-05	0.016451458688161977
1267.431557806827	0.1300710219616192	9.224011743122669e-05	0.016451458688161977
1270.2388391518173	0.13032997650558625	9.224748230462564e-05	0.016451458688161977
1273.0461204968076	0.13058895174260138	9.225486069091596e-05	0.016451458688161977
1275.8534018417977	0.13084794771046182	9.226225259058341e-05	0.016451458688161977
1278.6606831867878	0.131106964446965	9.226965800411375e-05	0.016451458688161977
1281.467964531778	0.13136600198990822	9.227707693199273e-05	0.016451458688161977
1284.2752458767684	0.13162506037708882	9.228450937470608e-05	0.016451458688161977
1287.0825272217585	0.1318841396463041	9.229195533273957e-05	0.016451458688161977
1289.8898085667488	0.13214323983535145	9.229941480657894e-05	0.016451458688161977
1292.697089911739	0.13240236098202818	9.230688779670995e-05	0.016451458688161977
1295.5043712567292	0.1326615031241316	9.231437430361833e-05	0.016451458688161977
1298.3116526017195	0.13292066629945912	9.232187432778985e-05	0.016451458688161977
1301.1189339467096	0.133179850545808	9.232938786971026e-05	0.016451458688161977
1303.9262152917	0.13343905590097557	9.23369149298653e-05	0.016451458688161977
1306.7334966366902	0.13369828240275924	9.234445550874072e-05	0.016451458688161977
1309.5407779816803	0.1339575300889563	9.235200960682228e-05	0.016451458688161977
1312.3480593266706	0.13421679899736408	9.235957722459573e-05	0.016451458688161977
1315.1553406716607	0.1344760891657799	9.236715836254681e-05	0.016451458688161977
1317.962622016651	0.13473540063200115	9.237475302116129e-05	0.016451458688161977
1320.7699033616414	0.13499473343382512	9.238236120092488e-05	0.016451458688161977
1323.5771847066314	0.13525408760904917	9.238998290232337e-05	0.016451458688161977
1326.3844660516218	0.1355134631954706	9.23976181258425e-05	0.016451458688161977
1329.191747396612	0.1357728602308868	9.240526687196801e-05	0.016451458688161977
1331.9990287416022	0.13603227875309504	9.241292914118566e-05	0.016451458688161977
1334.8063100865922	0.13629171879989269	9.24206049339812e-05	0.016451458688161977
1337.6135914315826	0.13655118040907713	9.242829425084037e-05	0.016451458688161977
1340.4208727765729	0.13681066361844563	9.243599709224894e-05	0.016451458688161977
1343.228154121563	0.1370701684657955	9.244371345869263e-05	0.016451458688161977
1346.0354354665533	0.1373296949889242	9.245144335065723e-05	0.016451458688161977
1348.8427168115434	0.13758924322562893	9.245918676862845e-05	0.016451458688161977
1351.6499981565337	0.1378488132137071	9.246694371309207e-05	0.016451458688161977
1354.457279501524	0.13810840499095603	9.247471418453381e-05	0.016451458688161977
1357.264560846514	0.13836801859517303	9.248249818343946e-05	0.016451458688161977
1360.0718421915044	0.13862765406415548	9.249029571029474e-05	0.016451458688161977
1362.8791235364947	0.13888731143570068	9.249810676558541e-05	0.016451458688161977
1365.6864048814848	0.139146990747606	9.250593134979722e-05	0.016451458688161977
1368.493686226475	0.13940669203766873	9.251376946341593e-05	0.016451458688161977
1371.3009675714652	0.13966641534368623	9.252162110692727e-05	0.016451458688161977
1374.1082489164555	0.13992616070345584	9.2529486280817e-05	0.016451458688161977
1376.9155302614456	0.14018592815477487	9.253736498557087e-05	0.016451458688161977
1379.722811606436	0.14044571773544073	9.254525722167464e-05	0.016451458688161977
1382.530092951426	0.14070552948325066	9.255316298961404e-05	0.016451458688161977
1385.3373742964163	0.14096536343600202	9.256108228987485e-05	0.016451458688161977
1388.1446556414066	0.14122521963149218	9.256901512294278e-05	0.016451458688161977
1390.9519369863967	0.14148509810751844	9.257696148930361e-05	0.016451458688161977
1393.759218331387	0.14174499890187817	9.258492138944309e-05	0.016451458688161977
1396.5664996763774	0.14200492205236873	9.259289482384695e-05	0.016451458688161977
1399.3737810213674	0.14226486759678733	9.260088179300096e-05	0.016451458688161977
1402.1810623663578	0.1425248355729314	9.260888229739086e-05	0.016451458688161977
1404.9883437113479	0.1427848260185983	9.261689633750241e-05	0.016451458688161977
1407.795625056338	0.14304484209318322	9.262493346427268e-05	0.016451458688161977
1410.602906401328	0.14330489461944593	9.263302712635278e-05	0.016451458688161977
1413.4101877463183	0.14356496957975828	9.264113462840571e-05	0.016451458688161977
1416.2174690913089	0.1438250670154482	9.264925597339289e-05	0.016451458688161977
1419.024750436299	0.14408518696784348	9.265739116427571e-05	0.016451458688161977
1421.832031781289	0.14434532947827197	9.266554020401559e-05	0.016451458688161977
1424.6393131262794	0.14460549458806157	9.267370309557396e-05	0.016451458688161977
1427.4465944712695	0.14486568233854014	9.26818798419122e-05	0.016451458688161977
1430.2538758162596	0.14512589277103546	9.269007044599175e-05	0.016451458688161977
1433.06115716125	0.14538612592687553	9.2698274910774e-05	0.016451458688161977
1435.8684385062402	0.14564638184738804	9.270649323922037e-05	0.016451458688161977
1438.6757198512305	0.14590666057390092	9.271472543429226e-05	0.016451458688161977
1441.4830011962206	0.14616696214774205	9.27229714989511e-05	0.016451458688161977
1444.2902825412107	0.14642728661023924	9.273123143615827e-05	0.016451458688161977
1447.0975638862012	0.1466876340027204	9.273950524887522e-05	0.016451458688161977
1449.9048452311915	0.1469480043665133	9.274779294006333e-05	0.016451458688161977
1452.7121265761816	0.14720839774294586	9.2756094512684e-05	0.016451458688161977
1455.5194079211717	0.14746881417334592	9.276440996969869e-05	0.016451458688161977
1458.326689266162	0.14772925369904133	9.277273931406877e-05	0.016451458688161977
1461.133970611152	0.14798971636135996	9.278108254875566e-05	0.016451458688161977
1463.9412519561427	0.14825020220162968	9.278943967672078e-05	0.016451458688161977
1466.7485333011327	0.1485107112611783	9.279781070092554e-05	0.016451458688161977
1469.5558146461228	0.1487712435813337	9.280619562433133e-05	0.016451458688161977
1472.3630959911131	0.14903179920342371	9.281459444989958e-05	0.016451458688161977
1475.1703773361032	0.14929237816877622	9.28230071805917e-05	0.016451458688161977
1477.9776586810935	0.14955298051871907	9.283143381936909e-05	0.016451458688161977
1480.7849400260839	0.14981360629458013	9.283987436919316e-05	0.016451458688161977
1483.5922213710742	0.15007425553768722	9.284832883302533e-05	0.016451458688161977
1486.3995027160643	0.15033492828936823	9.285679721382702e-05	0.016451458688161977
1489.2067840610543	0.150595624590951	9.286527951455962e-05	0.016451458688161977
1492.0140654060447	0.15085634448376337	9.287377573818455e-05	0.016451458688161977
1494.8213467510348	0.15111708800913323	9.288228588766322e-05	0.016451458688161977
1497.6286280960253	0.15137785520838842	9.289080996595703e-05	0.016451458688161977
1500.4359094410154	0.1516386461228568	9.289934797602741e-05	0.016451458688161977
1503.2431907860055	0.1518994607938662	9.290789992083576e-05	0.016451458688161977
1506.0504721309958	0.1521602992627445	9.291646580334349e-05	0.016451458688161977
1508.8577534759859	0.15242116157081956	9.292504562651202e-05	0.016451458688161977
1511.6650348209762	0.15268204775941918	9.293363939330275e-05	0.016451458688161977
1514.4723161659665	0.15294295786987133	9.294224710667709e-05	0.016451458688161977
1517.2795975109568	0.15320389194350376	9.295086876959645e-05	0.016451458688161977
1520.086878855947	0.15346485002164434	9.295950438502225e-05	0.016451458688161977
1522.894160200937	0.15372583214562097	9.29681539559159e-05	0.016451458688161977
1525.7014415459273	0.15398683835676147	9.297681748523879e-05	0.016451458688161977
1528.5087228909176	0.15424786869639373	9.298549497595236e-05	0.016451458688161977
1531.316004235908	0.15450892320584556	9.2994186431018e-05	0.016451458688161977
1534.123285580898	0.15477000192644483	9.300289185339714e-05	0.016451458688161977
1536.9305669258881	0.1550311048995194	9.301161124605116e-05	0.016451458688161977
1539.7378482708784	0.15529223216639712	9.302034461194151e-05	0.016451458688161977
1542.5451296158685	0.15555338376840586	9.302909195402956e-05	0.016451458688161977
1545.352410960859	0.1558145597468735	9.303785327527675e-05	0.016451458688161977
1548.1596923058491	0.15607576014312782	9.304662857864449e-05	0.016451458688161977
1550.9669736508395	0.15633698499849671	9.305541786709417e-05	0.016451458688161977
1553.7742549958296	0.15659823435430806	9.306422114358721e-05	0.016451458688161977
1556.5815363408196	0.15685950825188968	9.307303841108503e-05	0.016451458688161977
1559.38881768581	0.15712080673256945	9.308186967254903e-05	0.016451458688161977
1562.1960990308003	0.15738212983767524	9.309071493094063e-05	0.016451458688161977
1565.0033803757906	0.15764347760853487	9.309957418922122e-05	0.016451458688161977
1567.8106617207807	0.15790485008647617	9.310844745035223e-05	0.016451458688161977
1570.617943065771	0.15816624731282708	9.311733471729507e-05	0.016451458688161977
1573.425224410761	0.1584276693289154	9.312623599301115e-05	0.016451458688161977
1576.2325057557512	0.15868911617606896	9.313515128046187e-05	0.016451458688161977
1579.0397871007417	0.1589505878956157	9.314408058260865e-05	0.016451458688161977
1581.8470684457318	0.15921208452888339	9.31530239024129e-05	0.016451458688161977
1584.654349790722	0.15947360611719993	9.316198124283602e-05	0.016451458688161977
1587.4616311357122	0.15973515270189315	9.317095260683944e-05	0.016451458688161977
1590.2689124807023	0.15999672432429093	9.317993799738455e-05	0.016451458688161977
1593.0761938256926	0.16025832102572113	9.318893741743278e-05	0.016451458688161977
1595.883475170683	0.1605199428475116	9.319795086994552e-05	0.016451458688161977
1598.6907565156732	0.16078158983099017	9.32069783578842e-05	0.016451458688161977
1601.4980378606633	0.1610432620174847	9.321601988421023e-05	0.016451458688161977
1604.3053192056536	0.16130495944832304	9.322507545188499e-05	0.016451458688161977
1607.1126005506437	0.16156668216483308	9.323414506386993e-05	0.016451458688161977
1609.9198818956338	0.16182843020834264	9.324322872312645e-05	0.016451458688161977
1612.7271632406243	0.16209020362017965	9.325232643261594e-05	0.016451458688161977
1615.5344445856144	0.16235200244167186	9.326143819529983e-05	0.016451458688161977
1618.3417259306048	0.16261382671414717	9.327056401413953e-05	0.016451458688161977
1621.1490072755948	0.16287567647893347	9.327970389209644e-05	0.016451458688161977
1623.956288620585	0.16313755177735856	9.328885783213198e-05	0.016451458688161977
1626.7635699655755	0.16339945265075034	9.329802583720755e-05	0.016451458688161977
1629.5708513105658	0.1636613791404366	9.330720791028458e-05	0.016451458688161977
1632.3781326555559	0.16392333128774525	9.331640405432446e-05	0.016451458688161977
1635.185414000546	0.16418530913400414	9.332561427228861e-05	0.016451458688161977
1637.9926953455363	0.16444731272054114	9.333483856713846e-05	0.016451458688161977
1640.7999766905264	0.16470934208868404	9.334407694183538e-05	0.016451458688161977
1643.607258035517	0.1649713972797608	9.33533293993408e-05	0.016451458688161977
1646.414539380507	0.16523347833509916	9.336259594261614e-05	0.016451458688161977
1649.221820725497	0.16549558529602706	9.33718765746228e-05	0.016451458688161977
1652.0291020704874	0.1657577182038723	9.33811712983222e-05	0.016451458688161977
1654.8363834154775	0.16601987709996277	9.339048011667573e-05	0.016451458688161977
1657.6436647604676	0.16628206202562631	9.339980303264482e-05	0.016451458688161977
1660.4509461054581	0.16654427302219083	9.340914004919087e-05	0.016451458688161977
1663.2582274504484	0.16680651013098408	9.341849116927532e-05	0.016451458688161977
1666.0655087954385	0.16706877339333398	9.342785639585953e-05	0.016451458688161977
1668.8727901404286	0.16733106285056837	9.343723573190494e-05	0.016451458688161977
1671.680071485419	0.16759337854401513	9.344662918037296e-05	0.016451458688161977
1674.487352830409	0.16785572051500208	9.3456036744225e-05	0.016451458688161977
1677.2946341753996	0.16811808880485712	9.346545842642247e-05	0.016451458688161977
1680.1019155203896	0.16838048345490805	9.347489422992678e-05	0.016451458688161977
1682.9091968653797	0.16864290450648275	9.348434415769933e-05	0.016451458688161977
1685.71647821037	0.1689053520009091	9.349380821270155e-05	0.016451458688161977
1688.5237595553601	0.1691678259795149	9.350328639789484e-05	0.016451458688161977
1691.3310409003502	0.16943032648362807	9.35127787162406e-05	0.016451458688161977
1694.1383222453408	0.16969285355457644	9.352228517070026e-05	0.016451458688161977
1696.945603590331	0.16995540723368782	9.353180576423522e-05	0.016451458688161977
1699.7528849353212	0.17021798756229012	9.35413404998069e-05	0.016451458688161977
1702.5601662803113	0.1704805945817112	9.35508893803767e-05	0.016451458688161977
1705.3674476253016	0.17074322833327885	9.356045240890604e-05	0.016451458688161977
1708.1747289702917	0.171005888858321	9.357002958835632e-05	0.016451458688161977
1710.9820103152822	0.1712685761981655	9.357962092168896e-05	0.016451458688161977
1713.7892916602723	0.17153129039414014	9.358922641186536e-05	0.016451458688161977
1716.5965730052624	0.1717940314875728	9.359884606184695e-05	0.016451458688161977
1719.4038543502527	0.17205679951979136	9.36084798745951e-05	0.016451458688161977
1722.2111356952428	0.1723195945321237	9.361812785307127e-05	0.016451458688161977
1725.0184170402333	0.17258241656589762	9.362779000023685e-05	0.016451458688161977
1727.8256983852234	0.172845265662441	9.363746631905323e-05	0.016451458688161977
1730.6329797302137	0.17310814186308168	9.364715681248186e-05	0.016451458688161977
1733.4402610752038	0.17337104520914753	9.365686148348412e-05	0.016451458688161977
1736.247542420194	0.17363397574196637	9.366658033502143e-05	0.016451458688161977
1739.0548237651842	0.1738969335028661	9.367631337005521e-05	0.016451458688161977
1741.8621051101745	0.17415991853317464	9.368606059154686e-05	0.016451458688161977
1744.6693864551648	0.17442293087421967	9.369582200245779e-05	0.016451458688161977
1747.476667800155	0.1746859705673292	9.370559760574942e-05	0.016451458688161977
1750.283949145145	0.174949037653831	9.371538740438314e-05	0.016451458688161977
1753.0912304901353	0.17521213217505294	9.372519140132039e-05	0.016451458688161977
1755.8985118351254	0.1754752541723229	9.373500959952256e-05	0.016451458688161977
1758.705793180116	0.17573840368696875	9.374484200195106e-05	0.016451458688161977
1761.513074525106	0.1760015807603183	9.375468861156731e-05	0.016451458688161977
1764.3203558700964	0.17626478543369942	9.376454943133272e-05	0.016451458688161977
1767.1276372150865	0.17652801774843996	9.37744244642087e-05	0.016451458688161977
1769.9349185600765	0.17679127774586778	9.378431371315664e-05	0.016451458688161977
1772.7421999050669	0.17705456546731074	9.379421718113799e-05	0.016451458688161977
1775.5494812500572	0.17731788095409673	9.380413487111414e-05	0.016451458688161977
1778.3567625950475	0.17758122424755354	9.381406678604648e-05	0.016451458688161977
1781.1640439400376	0.17784459538900907	9.382401292889645e-05	0.016451458688161977
1783.971325285028	0.17810799441979114	9.383397330262546e-05	0.016451458688161977
1786.778606630018	0.17837142138122764	9.38439479101949e-05	0.016451458688161977
1789.585887975008	0.1786348763146464	9.385393675456621e-05	0.016451458688161977
1792.3931693199986	0.1788983592613753	9.386393983870077e-05	0.016451458688161977
1795.2004506649887	0.17916187026274216	9.387395716556e-05	0.016451458688161977
1798.007732009979	0.17942540936007484	9.388398873810533e-05	0.016451458688161977
1800.815013354969	0.17968897659470123	9.389403455929814e-05	0.016451458688161977
1803.6222946999592	0.17995257200794917	9.390409463209986e-05	0.016451458688161977
1806.4295760449497	0.18021619564114658	9.39141689594719e-05	0.016451458688161977
1809.2368573899398	0.18047984753562116	9.392425754437565e-05	0.016451458688161977
1812.0441387349301	0.18074352773270086	9.393436038977256e-05	0.016451458688161977
1814.8514200799202	0.18100723627371354	9.394447749862401e-05	0.016451458688161977
1817.6587014249105	0.18127097319998703	9.395460887389141e-05	0.016451458688161977
1820.4659827699006	0.1815347385528492	9.396475451853619e-05	0.016451458688161977
1823.2732641148912	0.18179853237362797	9.397491443551974e-05	0.016451458688161977
1826.0805454598813	0.18206235470365106	9.398508862780349e-05	0.016451458688161977
1828.8878268048713	0.1823262055842464	9.399527709834883e-05	0.016451458688161977
1831.6951081498617	0.18259008505674185	9.400547985011719e-05	0.016451458688161977
1834.5023894948517	0.18285399316246523	9.401569688606998e-05	0.016451458688161977
1837.3096708398418	0.18311792994274442	9.402592820916859e-05	0.016451458688161977
1840.1169521848324	0.18338189543890732	9.403617382237444e-05	0.016451458688161977
1842.9242335298227	0.1836458896922817	9.404643372864896e-05	0.016451458688161977
1845.7315148748128	0.18390991274419546	9.405670793095353e-05	0.016451458688161977
1848.5387962198029	0.18417396463597646	9.406699643224958e-05	0.016451458688161977
1851.3460775647932	0.18443804540895253	9.407729923549852e-05	0.016451458688161977
1854.1533589097833	0.18470215510445154	9.408761634366175e-05	0.016451458688161977
1856.9606402547738	0.1849662937638014	9.40979477597007e-05	0.016451458688161977
1859.767921599764	0.18523046142832983	9.410829348657674e-05	0.016451458688161977
1862.575202944754	0.1854946581393648	9.411865352725133e-05	0.016451458688161977
1865.3824842897443	0.18575888393823414	9.412902788468586e-05	0.016451458688161977
1868.1897656347344	0.18602313886626567	9.413941656184173e-05	0.016451458688161977
1870.9970469797245	0.18628742296478729	9.414981956168036e-05	0.016451458688161977
1873.804328324715	0.18655173627512686	9.416023688716316e-05	0.016451458688161977
1876.6116096697053	0.18681607883861218	9.417066854125155e-05	0.016451458688161977
1879.4188910146954	0.18708045069657114	9.418111452690692e-05	0.016451458688161977
1882.2261723596855	0.1873448518903316	9.41915748470907e-05	0.016451458688161977
1885.0334537046758	0.18760928246122138	9.420204950476429e-05	0.016451458688161977
1887.8407350496661	0.18787374245056843	9.42125385028891e-05	0.016451458688161977
1890.6480163946565	0.1881382318997005	9.422304184442656e-05	0.016451458688161977
1893.4552977396465	0.18840275084994546	9.423355953233806e-05	0.016451458688161977
1896.2625790846366	0.1886672993426312	9.424409156958499e-05	0.016451458688161977
1899.069860429627	0.18893187741908557	9.425463795912881e-05	0.016451458688161977
1901.877141774617	0.18919648512063642	9.42651987039309e-05	0.016451458688161977
1904.6844231196076	0.18946112248861163	9.427577380695268e-05	0.016451458688161977
1907.4917044645977	0.189725789564339	9.428636327115556e-05	0.016451458688161977
1910.298985809588	0.1899904863891464	9.429696709950094e-05	0.016451458688161977
1913.106267154578	0.1902552130043617	9.430758529495025e-05	0.016451458688161977
1915.9135484995682	0.19051996945131278	9.431821786046488e-05	0.016451458688161977
1918.7208298445585	0.19078475577132747	9.432886479900625e-05	0.016451458688161977
1921.5281111895488	0.19104957200573364	9.433952611353577e-05	0.016451458688161977
1924.335392534539	0.1913144181958591	9.435020180701487e-05	0.016451458688161977
1927.1426738795292	0.19157929438303173	9.436089188240492e-05	0.016451458688161977
1929.9499552245193	0.1918442006085794	9.437159634266735e-05	0.016451458688161977
1932.7572365695096	0.19210913691382997	9.438231519076359e-05	0.016451458688161977
1935.5645179144997	0.19237410334011126	9.439304842965502e-05	0.016451458688161977
1938.3717992594902	0.19263909992875117	9.440379606230308e-05	0.016451458688161977
1941.1790806044803	0.19290412672107754	9.441455809166916e-05	0.016451458688161977
1943.9863619494706	0.19316918375841818	9.442533452071467e-05	0.016451458688161977
1946.7936432944607	0.193434271082101	9.443612535240103e-05	0.016451458688161977
1949.6009246394508	0.19369938873345383	9.444693058968964e-05	0.016451458688161977
1952.408205984441	0.19396453675380454	9.445775023554192e-05	0.016451458688161977
1955.2154873294314	0.194229715184481	9.446858429291928e-05	0.016451458688161977
1958.0227686744217	0.19449492406681101	9.447943276478313e-05	0.016451458688161977
1960.8300500194118	0.1947601634421225	9.449029565409487e-05	0.016451458688161977
1963.637331364402	0.19502543335174322	9.450117296381593e-05	0.016451458688161977
1966.4446127093922	0.19529073383700113	9.451206469690771e-05	0.016451458688161977
1969.2518940543823	0.19555606493922403	9.452297085633162e-05	0.016451458688161977
1972.0591753993729	0.19582142669973981	9.453389144504907e-05	0.016451458688161977
1974.866456744363	0.1960868191598763	9.454482646602147e-05	0.016451458688161977
1977.6737380893533	0.19635224236096133	9.455577592221024e-05	0.016451458688161977
1980.4810194343434	0.1966176963443228	9.456673981657678e-05	0.016451458688161977
1983.2883007793334	0.19688318115128856	9.457771815208249e-05	0.016451458688161977
1986.095582124324	0.19714869682318648	9.458871093168881e-05	0.016451458688161977
1988.902863469314	0.19741424340134434	9.459971815835713e-05	0.016451458688161977
1991.7101448143044	0.19767982092709008	9.461073983504887e-05	0.016451458688161977
1994.5174261592945	0.19794542944175147	9.462177596472543e-05	0.016451458688161977
1997.3247075042848	0.19821106898665647	9.463282655034824e-05	0.016451458688161977
2000.1319888492749	0.19847673960313286	9.464389159487869e-05	0.016451458688161977
2002.9392701942654	0.19874244133250854	9.46549711012782e-05	0.016451458688161977
2005.7465515392555	0.19900817421611133	9.466606507250816e-05	0.016451458688161977
2008.5538328842456	0.19927393829526907	9.467717351153003e-05	0.016451458688161977
2011.361114229236	0.19953973361130967	9.468829642130517e-05	0.016451458688161977
2014.168395574226	0.19980556020556095	9.469943380479502e-05	0.016451458688161977
2016.975676919216	0.20007141811935075	9.471058566496097e-05	0.016451458688161977
2019.7829582642066	0.20033730739400699	9.472175200476445e-05	0.016451458688161977
2022.5902396091967	0.20060322807085745	9.473293282716686e-05	0.016451458688161977
2025.397520954187	0.20086918019123004	9.474412813512961e-05	0.016451458688161977
2028.2048022991771	0.20113516379645258	9.475533793161413e-05	0.016451458688161977
2031.0120836441674	0.20140117892785295	9.47665622195818e-05	0.016451458688161977
2033.8193649891575	0.20166722562675898	9.477780100199404e-05	0.016451458688161977
2036.626646334148	0.20193330393449857	9.478905428181227e-05	0.016451458688161977
2039.4339276791382	0.2021994138923995	9.48003220619979e-05	0.016451458688161977
2042.2412090241282	0.2024655555417897	9.481160434551234e-05	0.016451458688161977
2045.0484903691186	0.20273172892399696	9.482290113531698e-05	0.016451458688161977
2047.8557717141086	0.20299793408034922	9.483421243437327e-05	0.016451458688161977
2050.6630530590987	0.20326417105217423	9.484553824564259e-05	0.016451458688161977
2053.4703344040895	0.20353043988079997	9.485687857208635e-05	0.016451458688161977
2056.2776157490794	0.20379674060755418	9.486823341666597e-05	0.016451458688161977
2059.0848970940697	0.20406307327376477	9.487960278234288e-05	0.016451458688161977
2061.89217843906	0.20432943792075958	9.489098667207845e-05	0.016451458688161977
2064.69945978405	0.20459583458986647	9.490238508883412e-05	0.016451458688161977
2067.50674112904	0.2048622633224133	9.491379803557129e-05	0.016451458688161977
2070.3140224740305	0.20512872415972794	9.492522551525137e-05	0.016451458688161977
2073.121303819021	0.2053952171431382	9.493666753083577e-05	0.016451458688161977
2075.928585164011	0.20566174231397197	9.494812408528591e-05	0.016451458688161977
2078.735866509001	0.20592829971355708	9.49595951815632e-05	0.016451458688161977
2081.5431478539913	0.20619488938322142	9.497108082262904e-05	0.016451458688161977
2084.3504291989816	0.20646151136429286	9.498258101144484e-05	0.016451458688161977
2087.157710543972	0.2067281656980992	9.499409575097203e-05	0.016451458688161977
2089.9649918889622	0.2069948524259683	9.5005625044172e-05	0.016451458688161977
2092.772273233952	0.20726157158922803	9.501716889400616e-05	0.016451458688161977
2095.5795545789424	0.20752832322920628	9.502872730343593e-05	0.016451458688161977
2098.3868359239327	0.20779510738723084	9.504030027542273e-05	0.016451458688161977
2101.194117268923	0.20806192410462965	9.505188781292795e-05	0.016451458688161977
2104.0013986139134	0.20832877342273046	9.506348991891301e-05	0.016451458688161977
2106.8086799589037	0.20859565538286118	9.507510659633932e-05	0.016451458688161977
2109.6159613038935	0.2088625700263497	9.50867378481683e-05	0.016451458688161977
2112.423242648884	0.2091295173945238	9.509838367736134e-05	0.016451458688161977
2115.230523993874	0.20939649752871142	9.511004408687986e-05	0.016451458688161977
2118.0378053388645	0.20966351047024034	9.512171907968528e-05	0.016451458688161977
2120.845086683855	0.2099305562604385	9.513340865873901e-05	0.016451458688161977
2123.6523680288446	0.21019763494063362	9.514511282700245e-05	0.016451458688161977
2126.459649373835	0.2104647465521537	9.515683158743701e-05	0.016451458688161977
2129.2669307188253	0.21073189113632648	9.51685649430041e-05	0.016451458688161977
2132.074212063815	0.21099906873447988	9.518031289666514e-05	0.016451458688161977
2134.881493408806	0.21126627938794176	9.519207545138154e-05	0.016451458688161977
2137.6887747537958	0.21153352313803997	9.52038526101147e-05	0.016451458688161977
2140.496056098786	0.2118008000261023	9.521564437582604e-05	0.016451458688161977
2143.3033374437764	0.21206811009345672	9.522745075147698e-05	0.016451458688161977
2146.1106187887663	0.21233545338143095	9.52392717400289e-05	0.016451458688161977
2148.9179001337566	0.21260282993135296	9.525110734444324e-05	0.016451458688161977
2151.725181478747	0.21287023978455058	9.526295756768141e-05	0.016451458688161977
2154.532462823737	0.21313768298235164	9.52748224127048e-05	0.016451458688161977
2157.3397441687275	0.21340515956608397	9.528670188247482e-05	0.016451458688161977
2160.1470255137174	0.21367266957707548	9.529859597995291e-05	0.016451458688161977
2162.9543068587077	0.213940213056654	9.531050470810046e-05	0.016451458688161977
2165.7615882036985	0.21420779004614743	9.532242806987888e-05	0.016451458688161977
2168.5688695486883	0.21447540058688355	9.533436606824959e-05	0.016451458688161977
2171.3761508936786	0.21474304472019023	9.534631870617398e-05	0.016451458688161977
2174.183432238669	0.21501072248739536	9.535828598661348e-05	0.016451458688161977
2176.990713583659	0.21527843392982676	9.53702679125295e-05	0.016451458688161977
2179.797994928649	0.21554617908881235	9.538226448688343e-05	0.016451458688161977
2182.6052762736394	0.21581395800567993	9.539427571263672e-05	0.016451458688161977
2185.4125576186298	0.21608177072175738	9.540630159275075e-05	0.016451458688161977
2188.21983896362	0.21634961727837249	9.541834213018693e-05	0.016451458688161977
2191.02712030861	0.21661749771685318	9.543039732790669e-05	0.016451458688161977
2193.8344016536003	0.2168854120785273	9.544246718887141e-05	0.016451458688161977
2196.6416829985906	0.2171533604047227	9.545455171604253e-05	0.016451458688161977
2199.448964343581	0.21742134273676722	9.546665091238146e-05	0.016451458688161977
2202.256245688571	0.21768935911598875	9.54787647808496e-05	0.016451458688161977
2205.063527033561	0.2179574095837151	9.549089332440834e-05	0.016451458688161977
2207.8708083785514	0.21822549418127415	9.550303654601912e-05	0.016451458688161977
2210.6780897235417	0.21849361294999375	9.551519444864335e-05	0.016451458688161977
2213.4853710685315	0.21876176593120178	9.552736703524244e-05	0.016451458688161977
2216.2926524135223	0.21902995316622606	9.553955430877779e-05	0.016451458688161977
2219.099933758512	0.21929817469639445	9.555175627221081e-05	0.016451458688161977
2221.9072151035025	0.21956643056303482	9.556397292850292e-05	0.016451458688161977
2224.714496448493	0.21983472080747501	9.557620428061552e-05	0.016451458688161977
2227.521777793483	0.22010304547104287	9.558845033151002e-05	0.016451458688161977
2230.329059138473	0.22037140459506632	9.560071108414784e-05	0.016451458688161977
2233.1363404834638	0.22063979822087315	9.561298654149039e-05	0.016451458688161977
2235.9436218284536	0.22090822638979118	9.562527670649908e-05	0.016451458688161977
2238.750903173444	0.22117668914314836	9.563758158213532e-05	0.016451458688161977
2241.5581845184342	0.22144518652227246	9.564990117136052e-05	0.016451458688161977
2244.365465863424	0.22171371856849142	9.566223547713609e-05	0.016451458688161977
2247.172747208415	0.22198228532313308	9.567458450242344e-05	0.016451458688161977
2249.9800285534047	0.2222508868275252	9.568694825018397e-05	0.016451458688161977
2252.787309898395	0.22251952312299572	9.569932672337911e-05	0.016451458688161977
2255.5945912433854	0.22278819425087248	9.571171992497027e-05	0.016451458688161977
2258.401872588375	0.22305690025248331	9.572412785791884e-05	0.016451458688161977
2261.2091539333655	0.2233256411691561	9.573655052518625e-05	0.016451458688161977
2264.016435278356	0.22359441704221872	9.57489879297339e-05	0.016451458688161977
2266.823716623346	0.22386322791299895	9.576144007452322e-05	0.016451458688161977
2269.6309979683365	0.2241320738228247	9.57739069625156e-05	0.016451458688161977
2272.4382793133263	0.22440095481302386	9.578638859667244e-05	0.016451458688161977
2275.2455606583167	0.2246698709249242	9.579888497995517e-05	0.016451458688161977
2278.052842003307	0.22493882219985362	9.58113961153252e-05	0.016451458688161977
2280.8601233482973	0.22520780867913998	9.582392200574395e-05	0.016451458688161977
2283.6674046932876	0.22547683040411115	9.583646265417281e-05	0.016451458688161977
2286.474686038278	0.22574588741609494	9.584901806357319e-05	0.016451458688161977
2289.281967383268	0.2260149797564192	9.586158823690651e-05	0.016451458688161977
2292.089248728258	0.22628410746641187	9.58741731771342e-05	0.016451458688161977
2294.8965300732484	0.2265532705874007	9.588677288721763e-05	0.016451458688161977
2297.7038114182387	0.22682246916071366	9.589938737011824e-05	0.016451458688161977
2300.511092763229	0.2270917032276785	9.591201662879743e-05	0.016451458688161977
2303.318374108219	0.22736097282962311	9.592466066621661e-05	0.016451458688161977
2306.125655453209	0.22763027800787536	9.59373194853372e-05	0.016451458688161977
2308.9329367981995	0.22789961880376305	9.59499930891206e-05	0.016451458688161977
2311.7402181431894	0.22816899525861412	9.596268148052822e-05	0.016451458688161977
2314.54749948818	0.22843840741375643	9.597538466252148e-05	0.016451458688161977
2317.35478083317	0.22870785531051774	9.598810263806179e-05	0.016451458688161977
2320.1620621781603	0.22897733899022593	9.600083541011054e-05	0.016451458688161977
2322.9693435231507	0.22924685849420892	9.601358298162918e-05	0.016451458688161977
2325.7766248681405	0.2295164138637945	9.602634535557907e-05	0.016451458688161977
2328.583906213131	0.22978600514031058	9.603912253492167e-05	0.016451458688161977
2331.391187558121	0.23005563236508503	9.605191452261837e-05	0.016451458688161977
2334.1984689031115	0.23032529557944556	9.606472132163057e-05	0.016451458688161977
2337.005750248102	0.23059499482472018	9.607754293491969e-05	0.016451458688161977
2339.8130315930916	0.23086473014223668	9.609037936544713e-05	0.016451458688161977
2342.620312938082	0.23113450157332294	9.610323061617432e-05	0.016451458688161977
2345.4275942830723	0.23140430915930682	9.611609669006267e-05	0.016451458688161977
2348.2348756280626	0.2316741529415161	9.612897759007357e-05	0.016451458688161977
2351.042156973053	0.23194403296127875	9.614187331916845e-05	0.016451458688161977
2353.849438318043	0.23221394925992256	9.61547838803087e-05	0.016451458688161977
2356.656719663033	0.23248390187877535	9.616770927645575e-05	0.016451458688161977
2359.4640010080234	0.23275389085916504	9.618064951057102e-05	0.016451458688161977
2362.2712823530137	0.23302391624241947	9.61936045856159e-05	0.016451458688161977
2365.078563698004	0.23329397806986651	9.62065745045518e-05	0.016451458688161977
2367.8858450429943	0.233564076382834	9.621955927034013e-05	0.016451458688161977
2370.693126387984	0.23383421122264975	9.623255888594231e-05	0.016451458688161977
2373.5004077329745	0.23410438263064165	9.624557335431975e-05	0.016451458688161977
2376.307689077965	0.2343745906481376	9.625860267843385e-05	0.016451458688161977
2379.114970422955	0.2346448353164654	9.627164686124605e-05	0.016451458688161977
2381.9222517679455	0.23491511667695292	9.628470590571772e-05	0.016451458688161977
2384.7295331129353	0.23518543477092801	9.629777981481029e-05	0.016451458688161977
2387.5368144579256	0.23545578963971853	9.631086859148519e-05	0.016451458688161977
2390.344095802916	0.23572618132465234	9.632397223870379e-05	0.016451458688161977
2393.151377147906	0.23599660986705728	9.633709075942753e-05	0.016451458688161977
2395.9586584928966	0.23626707530826124	9.635022415661781e-05	0.016451458688161977
2398.7659398378864	0.23653757768959205	9.636337243323605e-05	0.016451458688161977
2401.5732211828768	0.23680811705237753	9.637653559224364e-05	0.016451458688161977
2404.380502527867	0.2370786934379456	9.638971363660202e-05	0.016451458688161977
2407.187783872857	0.23734930688762407	9.640290656927258e-05	0.016451458688161977
2409.9950652178472	0.23761995744274084	9.641611439321672e-05	0.016451458688161977
2412.802346562838	0.23789064514462377	9.642933711139588e-05	0.016451458688161977
2415.609627907828	0.23816137003460064	9.644257472677146e-05	0.016451458688161977
2418.416909252818	0.23843213215399933	9.645582724230486e-05	0.016451458688161977
2421.2241905978085	0.23870293154414773	9.64690946609575e-05	0.016451458688161977
2424.0314719427984	0.23897376824637367	9.648237698569078e-05	0.016451458688161977
2426.8387532877887	0.239244642302005	9.649567421946614e-05	0.016451458688161977
2429.646034632779	0.23951555375236966	9.650898636524495e-05	0.016451458688161977
2432.4533159777693	0.23978650263879536	9.652231342598865e-05	0.016451458688161977
2435.2605973227596	0.2400574890026101	9.653565540465863e-05	0.016451458688161977
2438.0678786677495	0.2403285128851416	9.654901230421632e-05	0.016451458688161977
2440.87516001274	0.24059957432771778	9.656238412762312e-05	0.016451458688161977
2443.68244135773	0.24087067337166657	9.657577087784045e-05	0.016451458688161977
2446.4897227027204	0.2411418100583157	9.65891725578297e-05	0.016451458688161977
2449.2970040477107	0.24141298442899306	9.660258917055229e-05	0.016451458688161977
2452.1042853927006	0.24168419652502654	9.661602071896966e-05	0.016451458688161977
2454.911566737691	0.24195544638774394	9.662946720604317e-05	0.016451458688161977
2457.7188480826812	0.24222673405847317	9.664292863473427e-05	0.016451458688161977
2460.5261294276715	0.2424980595785421	9.665640500800435e-05	0.016451458688161977
2463.333410772662	0.24276942298927856	9.666989632881482e-05	0.016451458688161977
2466.1406921176517	0.24304082433201035	9.668340260012711e-05	0.016451458688161977
2468.947973462642	0.24331226364806538	9.669692382490261e-05	0.016451458688161977
2471.7552548076324	0.2435837409787715	9.671046000610274e-05	0.016451458688161977
2474.5625361526227	0.24385525636545657	9.672401114668891e-05	0.016451458688161977
2477.369817497613	0.24412680984944846	9.673757724962252e-05	0.016451458688161977
2480.1770988426033	0.24439840147207498	9.675115831786501e-05	0.016451458688161977
2482.984380187593	0.244670031274664	9.676475435437776e-05	0.016451458688161977
2485.7916615325835	0.24494169929854337	9.677836536212219e-05	0.016451458688161977
2488.598942877574	0.24521340558504098	9.679199134405971e-05	0.016451458688161977
2491.4062242225637	0.24548515017548467	9.680563230315175e-05	0.016451458688161977
2494.2135055675544	0.24575693311120234	9.681928824235969e-05	0.016451458688161977
2497.0207869125443	0.2460287544335217	9.683295916464495e-05	0.016451458688161977
2499.8280682575346	0.24630061418377075	9.684664507296895e-05	0.016451458688161977
2502.635349602525	0.24657251240327727	9.68603459702931e-05	0.016451458688161977
2505.4426309475148	0.24684444913336917	9.687406185957879e-05	0.016451458688161977
2508.249912292505	0.24711642441537424	9.688779274378745e-05	0.016451458688161977
2511.0571936374954	0.2473884382906204	9.690153862588051e-05	0.016451458688161977
2513.8644749824857	0.24766049080043545	9.691529950881933e-05	0.016451458688161977
2516.671756327476	0.24793258198614732	9.692907539556537e-05	0.016451458688161977
2519.479037672466	0.24820471188908377	9.694286628908e-05	0.016451458688161977
2522.286319017456	0.2484768805505727	9.695667219232465e-05	0.016451458688161977
2525.0936003624465	0.248749088011942	9.697049310826074e-05	0.016451458688161977
2527.900881707437	0.24902133431451948	9.698432903984967e-05	0.016451458688161977
2530.708163052427	0.24929361949963297	9.699817999005285e-05	0.016451458688161977
2533.5154443974175	0.2495659436086104	9.70120459618317e-05	0.016451458688161977
2536.3227257424073	0.24983830668277957	9.702592695814761e-05	0.016451458688161977
2539.1300070873976	0.25011070876346836	9.7039822981962e-05	0.016451458688161977
2541.937288432388	0.2503831498920046	9.705373403623629e-05	0.016451458688161977
2544.7445697773783	0.2506556301097162	9.706766012393189e-05	0.016451458688161977
2547.5518511223686	0.25092814945793096	9.708160124801019e-05	0.016451458688161977
2550.3591324673584	0.2512007079779768	9.709555741143262e-05	0.016451458688161977
2553.1664138123488	0.2514733057111814	9.710952861716059e-05	0.016451458688161977
2555.973695157339	0.25174594269887285	9.712351486815551e-05	0.016451458688161977
2558.7809765023294	0.2520186189823789	9.713751616737878e-05	0.016451458688161977
2561.5882578473197	0.25229133460302733	9.715153251779182e-05	0.016451458688161977
2564.3955391923096	0.25256408960214616	9.716556392235605e-05	0.016451458688161977
2567.2028205373	0.2528368840210631	9.717961038403285e-05	0.016451458688161977
2570.01010188229	0.2531097179011061	9.719367190578366e-05	0.016451458688161977
2572.81738322728	0.2533825912836029	9.720774849056988e-05	0.016451458688161977
2575.624664572271	0.2536555042098815	9.722184014135291e-05	0.016451458688161977
2578.4319459172607	0.2539284567212696	9.723594686109418e-05	0.016451458688161977
2581.239227262251	0.2542014488590953	9.72500686527551e-05	0.016451458688161977
2584.0465086072413	0.25447448066468614	9.726420551929707e-05	0.016451458688161977
2586.853789952231	0.2547475521793702	9.727835746368148e-05	0.016451458688161977
2589.6610712972215	0.25502066344447527	9.729252448886979e-05	0.016451458688161977
2592.4683526422123	0.2552938145013292	9.730670659782338e-05	0.016451458688161977
2595.275633987202	0.2555670053912598	9.732090379350366e-05	0.016451458688161977
2598.0829153321924	0.25584023615559504	9.733511607887205e-05	0.016451458688161977
2600.8901966771828	0.25611350683566264	9.734934345688996e-05	0.016451458688161977
2603.6974780221726	0.2563868174727906	9.736358593051878e-05	0.016451458688161977
2606.5047593671634	0.25666016810830666	9.737784350271994e-05	0.016451458688161977
2609.3120407121532	0.2569335587835387	9.739211617645485e-05	0.016451458688161977
2612.1193220571436	0.2572069895398146	9.740640395468494e-05	0.016451458688161977
2614.926603402134	0.2574804604184622	9.742070684037158e-05	0.016451458688161977
2617.7338847471237	0.2577539714608093	9.74350248364762e-05	0.016451458688161977
2620.541166092114	0.2580275227081839	9.744935794596021e-05	0.016451458688161977
2623.3484474371044	0.25830111420191376	9.746370617178503e-05	0.016451458688161977
2626.1557287820947	0.25857474598332675	9.747806951691205e-05	0.016451458688161977
2628.963010127085	0.25884841809375064	9.74924479843027e-05	0.016451458688161977
2631.770291472075	0.25912213057451344	9.750684157691838e-05	0.016451458688161977
2634.577572817065	0.2593958834669429	9.75212502977205e-05	0.016451458688161977
2637.3848541620555	0.2596696768123669	9.753567414967048e-05	0.016451458688161977
2640.192135507046	0.25994351065211335	9.755011313572972e-05	0.016451458688161977
2642.999416852036	0.26021738502751	9.756456725885964e-05	0.016451458688161977
2645.806698197026	0.2604912999798848	9.757903652202164e-05	0.016451458688161977
2648.6139795420163	0.2607652555505655	9.759352092817714e-05	0.016451458688161977
2651.4212608870066	0.2610392517808801	9.760802048028754e-05	0.016451458688161977
2654.2285422319965	0.2613132887121563	9.762253518131427e-05	0.016451458688161977
2657.0358235769872	0.2615873663857221	9.763706503421872e-05	0.016451458688161977
2659.8431049219776	0.2618614848429053	9.765161004196232e-05	0.016451458688161977
2662.6503862669674	0.2621356441250337	9.766617020750645e-05	0.016451458688161977
2665.4576676119577	0.26240984427343517	9.768074553381255e-05	0.016451458688161977
2668.264948956948	0.26268408532943766	9.769533602384203e-05	0.016451458688161977
2671.072230301938	0.2629583673343689	9.770994168055628e-05	0.016451458688161977
2673.8795116469287	0.2632326903295569	9.772456250691673e-05	0.016451458688161977
2676.6867929919185	0.26350705435632926	9.773919850588476e-05	0.016451458688161977
2679.494074336909	0.26378145945601406	9.775384968042183e-05	0.016451458688161977
2682.301355681899	0.26405590566993914	9.776851603348931e-05	0.016451458688161977
2685.108637026889	0.2643303930394323	9.778319756804863e-05	0.016451458688161977
2687.9159183718793	0.26460492160582133	9.779789428706119e-05	0.016451458688161977
2690.7231997168697	0.2648794914104342	9.781260619348841e-05	0.016451458688161977
2693.53048106186	0.2651541024945987	9.782733329029168e-05	0.016451458688161977
2696.3377624068503	0.26542875489964274	9.784207558043245e-05	0.016451458688161977
2699.14504375184	0.2657034486668941	9.78568330668721e-05	0.016451458688161977
2701.9523250968305	0.2659781838376807	9.787160575257204e-05	0.016451458688161977
2704.759606441821	0.26625296045333036	9.78863936404937e-05	0.016451458688161977
2707.566887786811	0.26652777855517096	9.790119673359847e-05	0.016451458688161977
2710.3741691318014	0.2668026381845303	9.791601503484777e-05	0.016451458688161977
2713.1814504767913	0.2670775393827363	9.793084854720301e-05	0.016451458688161977
2715.9887318217816	0.2673524821911168	9.794569727362561e-05	0.016451458688161977
2718.796013166772	0.2676274666509996	9.796056121707695e-05	0.016451458688161977
2721.603294511762	0.2679024928037127	9.797544038051849e-05	0.016451458688161977
2724.4105758567525	0.2681775606905838	9.79903347669116e-05	0.016451458688161977
2727.217857201743	0.2684526703529408	9.80052443792177e-05	0.016451458688161977
2730.0251385467327	0.2687278218321115	9.80201692203982e-05	0.016451458688161977
2732.832419891723	0.26900301516942393	9.803510929341452e-05	0.016451458688161977
2735.6397012367133	0.2692782504062058	9.805006460122807e-05	0.016451458688161977
2738.4469825817037	0.26955352758378504	9.806503514680026e-05	0.016451458688161977
2741.254263926694	0.26982884674348945	9.808002093309248e-05	0.016451458688161977
2744.061545271684	0.2701042079266469	9.809502196306616e-05	0.016451458688161977
2746.868826616674	0.2703796111745852	9.811003823968271e-05	0.016451458688161977
2749.6761079616645	0.2706550565286323	9.812506976590354e-05	0.016451458688161977
2752.4833893066543	0.27093054403011596	9.814011654469006e-05	0.016451458688161977
2755.290670651645	0.2712060737203642	9.815517857900367e-05	0.016451458688161977
2758.097951996635	0.2714816456407047	9.81702558718058e-05	0.016451458688161977
2760.9052333416253	0.27175725983246535	9.818534842605786e-05	0.016451458688161977
2763.7125146866156	0.272032916336974	9.820045624472123e-05	0.016451458688161977
2766.5197960316054	0.2723086151955586	9.821557933075735e-05	0.016451458688161977
2769.3270773765958	0.2725843564495469	9.823071768712762e-05	0.016451458688161977
2772.134358721586	0.2728601401402668	9.824587131679346e-05	0.016451458688161977
2774.9416400665764	0.2731359663090462	9.826104022271627e-05	0.016451458688161977
2777.7489214115667	0.27341183499721283	9.827622440785746e-05	0.016451458688161977
2780.556202756557	0.2736877462460947	9.829142387517844e-05	0.016451458688161977
2783.363484101547	0.27396370009701954	9.830663862764064e-05	0.016451458688161977
2786.170765446537	0.2742396965913152	9.832186866820545e-05	0.016451458688161977
2788.9780467915275	0.2745157357703097	9.833711399983429e-05	0.016451458688161977
2791.785328136518	0.2747918176753307	9.835237462548856e-05	0.016451458688161977
2794.592609481508	0.27506794234770615	9.836765054812968e-05	0.016451458688161977
2797.399890826498	0.2753441098287639	9.838294177071905e-05	0.016451458688161977
2800.2071721714883	0.27562032015983173	9.83982482962181e-05	0.016451458688161977
2803.0144535164786	0.2758965733822377	9.841357012758823e-05	0.016451458688161977
2805.821734861469	0.27617286953730946	9.842890726779084e-05	0.016451458688161977
