x	chi	dchidx	s0
0.00020613070012465604	0.0	1.5502116479457972	1.5502116479457972
0.019837706972188878	0.030433088697869096	1.5502102703840546	1.5502116479457972
0.0394692832442531	0.060866126378048085	1.5502064536333284	1.5502116479457972
0.05910085951631732	0.09129906523413212	1.5502002025534922	1.5502116479457972
0.07873243578838154	0.12173185747936822	1.5501915177230017	1.5502116479457972
0.09836401206044577	0.1521644552465396	1.5501803989821135	1.5502116479457972
0.11799558833250999	0.18259681050049742	1.5501668462857263	1.5502116479457972
0.13762716460457422	0.21302887552011596	1.5501508595331916	1.5502116479457972
0.15725874087663844	0.24346060259718227	1.550132438585582	1.5502116479457972
0.17689031714870268	0.27389194401177525	1.5501115832827992	1.5502116479457972
0.1965218934207669	0.30432285203226594	1.5500882934435771	1.5502116479457972
0.2161534696928311	0.3347532789153175	1.550062568865479	1.5502116479457972
0.23578504596489533	0.3651831769058848	1.5500344093248992	1.5502116479457972
0.25541662223695955	0.3956124982372151	1.5500038145770625	1.5502116479457972
0.27504819850902373	0.42604119513084726	1.5499707843560242	1.5502116479457972
0.294679774781088	0.4564692197966127	1.54993531837467	1.5502116479457972
0.31431135105315217	0.4868965244326342	1.5498974163247163	1.5502116479457972
0.3339429273252164	0.5173230612253271	1.5498570778767105	1.5502116479457972
0.35357450359728065	0.5477487823493987	1.5498143026800295	1.5502116479457972
0.3732060798693449	0.5781736399678477	1.5497690903628814	1.5502116479457972
0.3928376561414091	0.6085975862319658	1.549721440532305	1.5502116479457972
0.4124692324134733	0.6390205732813358	1.5496713527741692	1.5502116479457972
0.4321008086855375	0.6694425532438331	1.5496188266531739	1.5502116479457972
0.45173238495760176	0.6998634782356249	1.5495638617128489	1.5502116479457972
0.47136396122966595	0.7302833003611704	1.5495064574755553	1.5502116479457972
0.4909955375017302	0.7607019717132211	1.549446613442484	1.5502116479457972
0.5106271137737944	0.7911194443728199	1.549384329093657	1.5502116479457972
0.5302586900458587	0.8215356704093026	1.5493196038879267	1.5502116479457972
0.5498902663179228	0.8519506018802959	1.5492524372629761	1.5502116479457972
0.5695218425899871	0.8823641908317197	1.5491828286353182	1.5502116479457972
0.5891534188620513	0.912776389297785	1.5491107774002975	1.5502116479457972
0.6087849951341155	0.9431871493009952	1.5490362829320883	1.5502116479457972
0.6284165714061798	0.9735964228521455	1.5489593445836956	1.5502116479457972
0.6480481476782439	1.0040041619503237	1.5488799616869549	1.5502116479457972
0.6676797239503082	1.0344103185829092	1.5487981335525327	1.5502116479457972
0.6873113002223724	1.064814844725573	1.5487138594699255	1.5502116479457972
0.7069428764944367	1.0952176923422792	1.5486271387074604	1.5502116479457972
0.7265744527665008	1.1256188133852827	1.5485379705122952	1.5502116479457972
0.7462060290385651	1.156018159795131	1.5484463541104185	1.5502116479457972
0.7658376053106293	1.1864156835006634	1.548352288706649	1.5502116479457972
0.7854691815826936	1.2168113364190125	1.548255773484636	1.5502116479457972
0.8051007578547578	1.2472050704556004	1.5481568076068597	1.5502116479457972
0.8247323341268219	1.2775968375041433	1.5480553902146303	1.5502116479457972
0.8443639103988863	1.307986589446649	1.5479515204280891	1.5502116479457972
0.8639954866709504	1.3383752819765813	1.547845209759911	1.5502116479457972
0.8836270629430146	1.3687659904941456	1.5477362171679259	1.5502116479457972
0.9032586392150789	1.3991582890938785	1.5476239704018535	1.5502116479457972
0.9228902154871431	1.429551482299357	1.5475079393450264	1.5502116479457972
0.9425217917592073	1.4599449072436124	1.5473876527721997	1.5502116479457972
0.9621533680312715	1.490337933669132	1.5472626983495525	1.5502116479457972
0.9817849443033357	1.5207299639278589	1.5471327226346878	1.5502116479457972
1.0014165205754	1.5511204329811894	1.5469974310766315	1.5502116479457972
1.0210480968474642	1.5815088083999773	1.5468565880158334	1.5502116479457972
1.0406796731195285	1.61189459036453	1.546710016684167	1.5502116479457972
1.0603112493915927	1.6422773116646108	1.5465575992049292	1.5502116479457972
1.079942825663657	1.6726565376994382	1.5463992765928405	1.5502116479457972
1.099574401935721	1.7030318664776853	1.546235048754045	1.5502116479457972
1.1192059782077852	1.7334029286174815	1.5460649744861104	1.5502116479457972
1.1388375544798497	1.7637693873464104	1.5458891714780276	1.5502116479457972
1.1584691307519137	1.794130938501511	1.5457078163102116	1.5502116479457972
1.178100707023978	1.8244873105292783	1.5455211444545007	1.5502116479457972
1.1977322832960422	1.8548382644856618	1.5453294502741568	1.5502116479457972
1.2173638595681064	1.8851835940360655	1.5451330870238653	1.5502116479457972
1.2369954358401705	1.91552312545535	1.5449324668497353	1.5502116479457972
1.256627012112235	1.9458567176278305	1.5447280607892995	1.5502116479457972
1.2762585883842992	1.976184262047278	1.544520398771514	1.5502116479457972
1.2958901646563632	2.0065056828169165	1.5443100696167584	1.5502116479457972
1.3155217409284274	2.0368209366494288	1.5440977210368363	1.5502116479457972
1.3351533172004917	2.0671300128669494	1.5438840596349743	1.5502116479457972
1.3547848934725562	2.0974329334010706	1.543669850905823	1.5502116479457972
1.3744164697446202	2.127729752792838	1.5434559192354567	1.5502116479457972
1.3940480460166844	2.1580205581927534	1.5432431479013722	1.5502116479457972
1.4136796222887487	2.1883054693607744	1.5430324790724914	1.5502116479457972
1.4333111985608127	2.2185846386663117	1.5428249138091585	1.5502116479457972
1.452942774832877	2.248858251088234	1.5426215120631421	1.5502116479457972
1.4725743511049414	2.2791265242148633	1.542423392677634	1.5502116479457972
1.4922059273770056	2.3093897082439767	1.5422317333872497	1.5502116479457972
1.5118375036490697	2.339648085982808	1.5420477708180278	1.5502116479457972
1.531469079921134	2.3699019728480444	1.5418728004874314	1.5502116479457972
1.5511006561931981	2.40015171686583	1.5417081768043461	1.5502116479457972
1.5707322324652626	2.430397698671763	1.541555313069082	1.5502116479457972
1.5903638087373266	2.460640331510896	1.5414156814733722	1.5502116479457972
1.6099953850093909	2.490880061237739	1.5412908131003735	1.5502116479457972
1.6296269612814551	2.521117366316257	1.5411822979246663	1.5502116479457972
1.6492585375535191	2.551352757819868	1.5410917848122545	1.5502116479457972
1.6688901138255836	2.5815867794314467	1.5410209815205658	1.5502116479457972
1.6885216900976479	2.611820007443323	1.540971654698451	1.5502116479457972
1.708153266369712	2.6420530507572817	1.5409456298861854	1.5502116479457972
1.7277848426417761	2.6722865508845635	1.5409447915154664	1.5502116479457972
1.7474164189138404	2.702521181945863	1.5409710829094165	1.5502116479457972
1.7670479951859046	2.7327576506713314	1.5410265062825805	1.5502116479457972
1.7866795714579689	2.762996696400574	1.5411131227409278	1.5502116479457972
1.806311147730033	2.7932390910826514	1.5412330522818505	1.5502116479457972
1.8259427240020973	2.823485639276081	1.541388473794165	1.5502116479457972
1.8455743002741616	2.853737178148833	1.541581625058111	1.5502116479457972
1.8652058765462256	2.8839945774783344	1.541814802745351	1.5502116479457972
1.88483745281829	2.9142587396514674	1.5420903624189728	1.5502116479457972
1.9044690290903543	2.944530599664568	1.542410718533486	1.5502116479457972
1.9241006053624183	2.9748111251234293	1.5427783444348249	1.5502116479457972
1.9437321816344826	3.005101316243299	1.5431957723603467	1.5502116479457972
1.9438498741466068	3.0052829389884708	1.5431984293790313	1.5502116479457972
1.9439675666587308	3.0054645620463476	1.5432010865576982	1.5502116479457972
1.9440852591708553	3.0056461854169494	1.5432037438963484	1.5502116479457972
1.9442029516829795	3.005827809100295	1.5432064013949829	1.5502116479457972
1.9443206441951035	3.006009433096402	1.543209059053602	1.5502116479457972
1.9444383367072278	3.0061910574052906	1.5432117168722073	1.5502116479457972
1.944556029219352	3.006372682026979	1.5432143748507992	1.5502116479457972
1.9446737217314762	3.0065543069614864	1.5432170329893784	1.5502116479457972
1.9447914142436002	3.0067359322088314	1.5432196912879463	1.5502116479457972
1.9449091067557247	3.0069175577690332	1.5432223497465032	1.5502116479457972
1.945026799267849	3.007099183642111	1.5432250083650505	1.5502116479457972
1.945144491779973	3.0072808098280825	1.5432276671435885	1.5502116479457972
1.9452621842920972	3.007462436326968	1.5432303260821185	1.5502116479457972
1.9453798768042214	3.0076440631387857	1.5432329851806412	1.5502116479457972
1.9454975693163454	3.0078256902635543	1.5432356444391573	1.5502116479457972
1.9456152618284699	3.008007317701293	1.543238303857668	1.5502116479457972
1.9457329543405941	3.0081889454520203	1.5432409634361737	1.5502116479457972
1.9458506468527184	3.008370573515756	1.5432436231746758	1.5502116479457972
1.9459683393648424	3.0085522018925177	1.5432462830731748	1.5502116479457972
1.9460860318769666	3.0087338305823255	1.5432489431316714	1.5502116479457972
1.9462037243890908	3.008915459585198	1.5432516033501669	1.5502116479457972
1.946321416901215	3.009097088901153	1.543254263728662	1.5502116479457972
1.9464391094133393	3.009278718530211	1.5432569242671574	1.5502116479457972
1.9465568019254635	3.00946034847239	1.543259584965654	1.5502116479457972
1.9466744944375876	3.0096419787277084	1.543262245824153	1.5502116479457972
1.9467921869497118	3.0098236092961863	1.5432649068426547	1.5502116479457972
1.946909879461836	3.010005240177842	1.5432675680211603	1.5502116479457972
1.9470275719739603	3.0101868713726945	1.5432702293596705	1.5502116479457972
1.9471452644860845	3.010368502880762	1.5432728908581863	1.5502116479457972
1.9472629569982087	3.0105501347020645	1.5432755525167086	1.5502116479457972
1.947380649510333	3.0107317668366202	1.5432782143352382	1.5502116479457972
1.947498342022457	3.0109133992844477	1.5432808763137758	1.5502116479457972
1.9476160345345812	3.0110950320455667	1.5432835384523225	1.5502116479457972
1.9477337270467054	3.011276665119996	1.5432862007508787	1.5502116479457972
1.9478514195588297	3.011458298507754	1.543288863209446	1.5502116479457972
1.947969112070954	3.0116399322088596	1.5432915258280246	1.5502116479457972
1.9480868045830781	3.0118215662233325	1.5432941886066158	1.5502116479457972
1.9482044970952022	3.0120032005511903	1.5432968515452201	1.5502116479457972
1.9483221896073264	3.012184835192453	1.5432995146438386	1.5502116479457972
1.9484398821194506	3.0123664701471387	1.543302177902472	1.5502116479457972
1.948557574631575	3.012548105415267	1.5433048413211212	1.5502116479457972
1.948675267143699	3.012729740996856	1.5433075048997873	1.5502116479457972
1.9487929596558233	3.0129113768919256	1.543310168638471	1.5502116479457972
1.9489106521679476	3.0130930131004936	1.5433128325371728	1.5502116479457972
1.9490283446800716	3.0132746496225797	1.543315496595894	1.5502116479457972
1.9491460371921958	3.0134562864582026	1.5433181608146354	1.5502116479457972
1.94926372970432	3.013637923607381	1.5433208251933976	1.5502116479457972
1.9493814222164443	3.0138195610701333	1.543323489732182	1.5502116479457972
1.9494991147285685	3.0140011988464797	1.5433261544309886	1.5502116479457972
1.9496168072406928	3.0141828369364383	1.5433288192898191	1.5502116479457972
1.949734499752817	3.014364475340028	1.5433314843086738	1.5502116479457972
1.949852192264941	3.014546114057267	1.5433341494875539	1.5502116479457972
1.9499698847770652	3.0147277530881755	1.5433368148264601	1.5502116479457972
1.9500875772891897	3.014909392432772	1.5433394803253933	1.5502116479457972
1.9502052698013137	3.0150910320910747	1.5433421459843544	1.5502116479457972
1.950322962313438	3.0152726720631033	1.5433448118033442	1.5502116479457972
1.9504406548255622	3.0154543123488766	1.5433474777823633	1.5502116479457972
1.9505583473376862	3.0156359529484127	1.543350143921413	1.5502116479457972
1.9506760398498104	3.0158175938617315	1.543352810220494	1.5502116479457972
1.9507937323619349	3.0159992350888514	1.5433554766796072	1.5502116479457972
1.9509114248740589	3.016180876629791	1.543358143298753	1.5502116479457972
1.9510291173861831	3.01636251848457	1.543360810077933	1.5502116479457972
1.9511468098983074	3.0165441606532064	1.5433634770171476	1.5502116479457972
1.9512645024104316	3.01672580313572	1.5433661441163977	1.5502116479457972
1.9513821949225556	3.0169074459321283	1.5433688113756843	1.5502116479457972
1.9514998874346798	3.017089089042452	1.5433714787950081	1.5502116479457972
1.9516175799468043	3.017270732466709	1.5433741463743702	1.5502116479457972
1.9517352724589283	3.0174523762049175	1.5433768141137711	1.5502116479457972
1.9518529649710525	3.0176340202570975	1.5433794820132118	1.5502116479457972
1.9519706574831768	3.0178156646232677	1.5433821500726934	1.5502116479457972
1.9520883499953008	3.0179973093034467	1.5433848182922165	1.5502116479457972
1.952206042507425	3.0181789542976536	1.5433874866717818	1.5502116479457972
1.9523237350195495	3.018360599605907	1.5433901552113907	1.5502116479457972
1.9524414275316737	3.0185422452282267	1.5433928239110435	1.5502116479457972
1.9525591200437977	3.0187238911646297	1.5433954927707414	1.5502116479457972
1.952676812555922	3.018905537415137	1.543398161790485	1.5502116479457972
1.9527945050680462	3.0190871839797664	1.5434008309702754	1.5502116479457972
1.9529121975801702	3.0192688308585365	1.5434035003101134	1.5502116479457972
1.9530298900922944	3.019450478051467	1.5434061698099997	1.5502116479457972
1.953147582604419	3.0196321255585765	1.5434088394699355	1.5502116479457972
1.953265275116543	3.0198137733798833	1.5434115092899212	1.5502116479457972
1.9533829676286671	3.0199954215154072	1.5434141792699578	1.5502116479457972
1.9535006601407914	3.020177069965167	1.5434168494100464	1.5502116479457972
1.9536183526529156	3.020358718729181	1.5434195197101879	1.5502116479457972
1.9537360451650396	3.020540367807468	1.5434221901703826	1.5502116479457972
1.953853737677164	3.0207220172000477	1.543424860790632	1.5502116479457972
1.9539714301892883	3.0209036669069387	1.5434275315709365	1.5502116479457972
1.9540891227014123	3.021085316928159	1.5434302025112971	1.5502116479457972
1.9542068152135366	3.021266967263729	1.5434328736117149	1.5502116479457972
1.9543245077256608	3.0214486179136664	1.5434355448721904	1.5502116479457972
1.9544422002377848	3.02163026887799	1.5434382162927247	1.5502116479457972
1.9545598927499093	3.02181192015672	1.5434408878733183	1.5502116479457972
1.9546775852620335	3.0219935717498747	1.5434435596139726	1.5502116479457972
1.9547952777741575	3.022175223657472	1.543446231514688	1.5502116479457972
1.9549129702862817	3.022356875879532	1.5434489035754657	1.5502116479457972
1.955030662798406	3.022538528416073	1.5434515757963063	1.5502116479457972
1.9551483553105302	3.0227201812671143	1.5434542481772107	1.5502116479457972
1.9552660478226542	3.022901834432674	1.5434569207181799	1.5502116479457972
1.9553837403347787	3.023083487912772	1.5434595934192146	1.5502116479457972
1.955501432846903	3.0232651417074266	1.5434622662803157	1.5502116479457972
1.955619125359027	3.0234467958166564	1.543464939301484	1.5502116479457972
1.9557368178711512	3.0236284502404813	1.5434676124827207	1.5502116479457972
1.9558545103832754	3.0238101049789194	1.5434702858240261	1.5502116479457972
1.9559722028953994	3.0239917600319894	1.5434729593254015	1.5502116479457972
1.9560898954075239	3.024173415399711	1.5434756329868478	1.5502116479457972
1.956207587919648	3.0243550710821023	1.5434783068083653	1.5502116479457972
1.9563252804317723	3.024536727079183	1.5434809807899554	1.5502116479457972
1.9564429729438964	3.024718383390971	1.5434836549316189	1.5502116479457972
1.9565606654560206	3.024900040017486	1.5434863292333563	1.5502116479457972
1.9566783579681448	3.0250816969587464	1.5434890036951687	1.5502116479457972
1.956796050480269	3.0252633542147715	1.5434916783170571	1.5502116479457972
1.9569137429923933	3.02544501178558	1.5434943530990222	1.5502116479457972
1.9570314355045175	3.0256266696711904	1.5434970280410647	1.5502116479457972
1.9571491280166415	3.025808327871622	1.5434997031431859	1.5502116479457972
1.9572668205287658	3.025989986386894	1.543502378405386	1.5502116479457972
1.95738451304089	3.026171645217025	1.5435050538276665	1.5502116479457972
1.9575022055530142	3.0263533043620336	1.543507729410028	1.5502116479457972
1.9576198980651385	3.0265349638219385	1.5435104051524713	1.5502116479457972
1.9577375905772627	3.0267166235967595	1.5435130810549973	1.5502116479457972
1.957855283089387	3.0268982836865153	1.5435157571176068	1.5502116479457972
1.957972975601511	3.0270799440912235	1.543518433340301	1.5502116479457972
1.9580906681136352	3.0272616048109047	1.54352110972308	1.5502116479457972
1.9582083606257594	3.027443265845577	1.5435237862659454	1.5502116479457972
1.9583260531378837	3.027624927195259	1.5435264629688978	1.5502116479457972
1.958443745650008	3.02780658885997	1.5435291398319382	1.5502116479457972
1.9585614381621321	3.0279882508397296	1.5435318168550671	1.5502116479457972
1.9586791306742561	3.0281699131345547	1.5435344940382856	1.5502116479457972
1.9587968231863804	3.028351575744466	1.5435371713815946	1.5502116479457972
1.9589145156985046	3.0285332386694823	1.543539848884995	1.5502116479457972
1.959032208210629	3.0287149019096216	1.5435425265484872	1.5502116479457972
1.959149900722753	3.0288965654649025	1.5435452043720728	1.5502116479457972
1.9592675932348773	3.029078229335345	1.5435478823557518	1.5502116479457972
1.9593852857470015	3.029259893520968	1.5435505604995259	1.5502116479457972
1.9595029782591256	3.0294415580217895	1.5435532388033955	1.5502116479457972
1.9596206707712498	3.029623222837829	1.5435559172673614	1.5502116479457972
1.959738363283374	3.029804887969105	1.5435585958914246	1.5502116479457972
1.9598560557954983	3.0299865534156365	1.543561274675586	1.5502116479457972
1.9599737483076225	3.030168219177443	1.5435639536198462	1.5502116479457972
1.9600914408197467	3.0303498852545427	1.5435666327242066	1.5502116479457972
1.960209133331871	3.0305315516469546	1.5435693119886675	1.5502116479457972
1.960326825843995	3.0307132183546974	1.54357199141323	1.5502116479457972
1.9604445183561192	3.0308948853777906	1.543574670997895	1.5502116479457972
1.9605622108682437	3.0310765527162524	1.5435773507426631	1.5502116479457972
1.9606799033803677	3.031258220370102	1.5435800306475356	1.5502116479457972
1.960797595892492	3.0314398883393587	1.5435827107125129	1.5502116479457972
1.9609152884046162	3.031621556624041	1.543585390937596	1.5502116479457972
1.9610329809167402	3.0318032252241673	1.543588071322786	1.5502116479457972
1.9611506734288644	3.031984894139758	1.5435907518680836	1.5502116479457972
1.9612683659409886	3.03216656337083	1.5435934325734895	1.5502116479457972
1.961386058453113	3.0323482329174034	1.5435961134390048	1.5502116479457972
1.961503750965237	3.0325299027794967	1.54359879446463	1.5502116479457972
1.9616214434773613	3.0327115729571297	1.5436014756503664	1.5502116479457972
1.9617391359894856	3.03289324345032	1.5436041569962147	1.5502116479457972
1.9618568285016096	3.0330749142590867	1.5436068385021757	1.5502116479457972
1.9619745210137338	3.0332565853834494	1.5436095201682503	1.5502116479457972
1.9620922135258583	3.0334382568234264	1.5436122019944392	1.5502116479457972
1.9622099060379823	3.0336199285790366	1.5436148839807433	1.5502116479457972
1.9623275985501065	3.0338016006502997	1.5436175661271638	1.5502116479457972
1.9624452910622308	3.033983273037234	1.5436202484337012	1.5502116479457972
1.9625629835743548	3.0341649457398576	1.5436229309003564	1.5502116479457972
1.962680676086479	3.0343466187581907	1.5436256135271305	1.5502116479457972
1.9627983685986035	3.034528292092251	1.543628296314024	1.5502116479457972
1.9629160611107277	3.034709965742059	1.5436309792610379	1.5502116479457972
1.9630337536228517	3.0348916397076318	1.5436336623681732	1.5502116479457972
1.963151446134976	3.0350733139889896	1.5436363456354305	1.5502116479457972
1.9632691386471002	3.0352549885861504	1.543639029062811	1.5502116479457972
1.9633868311592242	3.0354366634991337	1.5436417126503152	1.5502116479457972
1.9635045236713484	3.035618338727958	1.5436443963979443	1.5502116479457972
1.9636222161834729	3.0358000142726427	1.5436470803056987	1.5502116479457972
1.963739908695597	3.0359816901332057	1.5436497643735798	1.5502116479457972
1.9638576012077211	3.036163366309667	1.5436524486015881	1.5502116479457972
1.9639752937198454	3.0363450428020453	1.5436551329897246	1.5502116479457972
1.9640929862319696	3.036526719610359	1.54365781753799	1.5502116479457972
1.9642106787440936	3.036708396734627	1.5436605022463854	1.5502116479457972
1.964328371256218	3.0368900741748686	1.5436631871149114	1.5502116479457972
1.9644460637683423	3.0370717519311023	1.543665872143569	1.5502116479457972
1.9645637562804663	3.037253430003347	1.543668557332359	1.5502116479457972
1.9646814487925905	3.037435108391622	1.5436712426812824	1.5502116479457972
1.9647991413047148	3.037616787095946	1.5436739281903398	1.5502116479457972
1.9649168338168388	3.0377984661163375	1.5436766138595324	1.5502116479457972
1.9650345263289632	3.037980145452816	1.5436792996888606	1.5502116479457972
1.9651522188410875	3.0381618251054	1.5436819856783257	1.5502116479457972
1.9652699113532117	3.038343505074109	1.5436846718279285	1.5502116479457972
1.9653876038653357	3.0385251853589605	1.5436873581376696	1.5502116479457972
1.96550529637746	3.038706865959975	1.5436900446075499	1.5502116479457972
1.9656229888895842	3.0388885468771707	1.5436927312375706	1.5502116479457972
1.9657406814017082	3.0390702281105657	1.543695418027732	1.5502116479457972
1.9658583739138327	3.0392519096601807	1.5436981049780354	1.5502116479457972
1.965976066425957	3.039433591526033	1.5437007920884815	1.5502116479457972
1.966093758938081	3.0396152737081414	1.5437034793590714	1.5502116479457972
1.9662114514502051	3.0397969562065263	1.5437061667898055	1.5502116479457972
1.9663291439623294	3.039978639021206	1.543708854380685	1.5502116479457972
1.9664468364744534	3.040160322152198	1.5437115421317107	1.5502116479457972
1.9665645289865779	3.040342005599523	1.5437142300428832	1.5502116479457972
1.966682221498702	3.040523689363199	1.5437169181142036	1.5502116479457972
1.9667999140108263	3.040705373443245	1.5437196063456728	1.5502116479457972
1.9669176065229503	3.04088705783968	1.5437222947372917	1.5502116479457972
1.9670352990350746	3.0410687425525227	1.543724983289061	1.5502116479457972
1.9671529915471988	3.0412504275817924	1.5437276720009814	1.5502116479457972
1.9672706840593228	3.0414321129275073	1.5437303608730542	1.5502116479457972
1.9673883765714473	3.041613798589687	1.54373304990528	1.5502116479457972
1.9675060690835715	3.0417954845683504	1.5437357390976594	1.5502116479457972
1.9676237615956955	3.0419771708635155	1.5437384284501936	1.5502116479457972
1.9677414541078198	3.042158857475202	1.5437411179628835	1.5502116479457972
1.967859146619944	3.042340544403429	1.54374380763573	1.5502116479457972
1.9679768391320682	3.0425222316482143	1.5437464974687336	1.5502116479457972
1.9680945316441925	3.0427039192095773	1.5437491874618952	1.5502116479457972
1.9682122241563167	3.0428856070875376	1.5437518776152162	1.5502116479457972
1.968329916668441	3.0430672952821136	1.5437545679286966	1.5502116479457972
1.968447609180565	3.0432489837933234	1.543757258402338	1.5502116479457972
1.9685653016926892	3.0434306726211875	1.543759949036141	1.5502116479457972
1.9686829942048134	3.043612361765723	1.5437626398301065	1.5502116479457972
1.9688006867169376	3.0437940512269503	1.5437653307842352	1.5502116479457972
1.9689183792290619	3.0439757410048873	1.543768021898528	1.5502116479457972
1.9690360717411861	3.0441574310995536	1.5437707131729859	1.5502116479457972
1.9691537642533101	3.0443391215109674	1.5437734046076097	1.5502116479457972
1.9692714567654344	3.0445208122391483	1.5437760962024	1.5502116479457972
1.9693891492775586	3.044702503284115	1.5437787879573581	1.5502116479457972
1.9695068417896828	3.0448841946458858	1.5437814798724847	1.5502116479457972
1.969624534301807	3.0450658863244797	1.5437841719477805	1.5502116479457972
1.9697422268139313	3.045247578319916	1.5437868641832464	1.5502116479457972
1.9698599193260555	3.045429270632214	1.5437895565788835	1.5502116479457972
1.9699776118381795	3.0456109632613915	1.5437922491346923	1.5502116479457972
1.9700953043503038	3.0457926562074684	1.5437949418506738	1.5502116479457972
1.970212996862428	3.045974349470463	1.543797634726829	1.5502116479457972
1.9703306893745522	3.0461560430503942	1.5438003277631587	1.5502116479457972
1.9704483818866765	3.0463377369472813	1.5438030209596636	1.5502116479457972
1.9705660743988007	3.0465194311611428	1.5438057143163446	1.5502116479457972
1.970683766910925	3.0467011256919974	1.5438084078332028	1.5502116479457972
1.970801459423049	3.0468828205398646	1.5438111015102387	1.5502116479457972
1.9709191519351732	3.0470645157047627	1.5438137953474533	1.5502116479457972
1.9710368444472977	3.0472462111867116	1.5438164893448478	1.5502116479457972
1.9711545369594217	3.0474279069857286	1.5438191835024224	1.5502116479457972
1.971272229471546	3.047609603101834	1.5438218778201784	1.5502116479457972
1.9713899219836701	3.047791299535046	1.5438245722981168	1.5502116479457972
1.9715076144957941	3.047972996285383	1.5438272669362378	1.5502116479457972
1.9716253070079184	3.048154693352865	1.543829961734543	1.5502116479457972
1.9717429995200426	3.0483363907375107	1.543832656693033	1.5502116479457972
1.971860692032167	3.0485180884393386	1.5438353518117083	1.5502116479457972
1.971978384544291	3.0486997864583674	1.5438380470905702	1.5502116479457972
1.9720960770564153	3.0488814847946166	1.5438407425296192	1.5502116479457972
1.9722137695685396	3.0490631834481046	1.5438434381288566	1.5502116479457972
1.9723314620806636	3.0492448824188503	1.543846133888283	1.5502116479457972
1.9724491545927878	3.049426581706873	1.5438488298078992	1.5502116479457972
1.9725668471049123	3.049608281312191	1.5438515258877061	1.5502116479457972
1.9726845396170363	3.0497899812348233	1.5438542221277047	1.5502116479457972
1.9728022321291605	3.0499716814747897	1.5438569185278959	1.5502116479457972
1.9729199246412847	3.050153382032108	1.5438596150882802	1.5502116479457972
1.9730376171534088	3.0503350829067974	1.5438623118088586	1.5502116479457972
1.973155309665533	3.0505167840988774	1.5438650086896322	1.5502116479457972
1.9732730021776574	3.050698485608366	1.5438677057306014	1.5502116479457972
1.9733906946897817	3.0508801874352827	1.5438704029317676	1.5502116479457972
1.9735083872019057	3.0510618895796453	1.5438731002931312	1.5502116479457972
1.97362607971403	3.0512435920414744	1.5438757978146935	1.5502116479457972
1.9737437722261542	3.051425294820788	1.5438784954964548	1.5502116479457972
1.9738614647382782	3.0516069979176046	1.5438811933384164	1.5502116479457972
1.9739791572504024	3.051788701331944	1.5438838913405792	1.5502116479457972
1.9740968497625269	3.051970405063824	1.5438865895029437	1.5502116479457972
1.9742145422746509	3.052152109113264	1.543889287825511	1.5502116479457972
1.974332234786775	3.0523338134802835	1.5438919863082818	1.5502116479457972
1.9744499272988993	3.052515518164901	1.5438946849512571	1.5502116479457972
1.9745676198110236	3.0526972231671348	1.5438973837544379	1.5502116479457972
1.9746853123231476	3.052878928487004	1.5439000827178246	1.5502116479457972
1.974803004835272	3.053060634124528	1.5439027818414184	1.5502116479457972
1.9749206973473963	3.0532423400797257	1.5439054811252202	1.5502116479457972
1.9750383898595203	3.053424046352615	1.5439081805692305	1.5502116479457972
1.9751560823716445	3.053605752943216	1.5439108801734507	1.5502116479457972
1.9752737748837688	3.0537874598515473	1.5439135799378811	1.5502116479457972
1.9753914673958928	3.053969167077627	1.543916279862523	1.5502116479457972
1.975509159908017	3.0541508746214747	1.543918979947377	1.5502116479457972
1.9756268524201415	3.0543325824831093	1.5439216801924438	1.5502116479457972
1.9757445449322655	3.0545142906625493	1.5439243805977247	1.5502116479457972
1.9758622374443897	3.054695999159814	1.5439270811632204	1.5502116479457972
1.975979929956514	3.0548777079749225	1.5439297818889317	1.5502116479457972
1.9760976224686382	3.055059417107893	1.5439324827748593	1.5502116479457972
1.9762153149807622	3.0552411265587445	1.5439351838210043	1.5502116479457972
1.9763330074928867	3.0554228363274962	1.5439378850273675	1.5502116479457972
1.9764507000050109	3.055604546414167	1.5439405863939497	1.5502116479457972
1.976568392517135	3.0557862568187755	1.5439432879207518	1.5502116479457972
1.9766860850292591	3.0559679675413407	1.5439459896077745	1.5502116479457972
1.9768037775413834	3.056149678581882	1.543948691455019	1.5502116479457972
1.9769214700535074	3.056331389940417	1.5439513934624858	1.5502116479457972
1.9770391625656318	3.0565131016169658	1.5439540956301758	1.5502116479457972
1.977156855077756	3.0566948136115473	1.5439567979580902	1.5502116479457972
1.9772745475898803	3.0568765259241797	1.5439595004462296	1.5502116479457972
1.9773922401020043	3.0570582385548817	1.543962203094595	1.5502116479457972
1.9775099326141286	3.0572399515036732	1.5439649059031868	1.5502116479457972
1.9776276251262528	3.0574216647705725	1.5439676088720065	1.5502116479457972
1.9777453176383768	3.0576033783555983	1.5439703120010546	1.5502116479457972
1.9778630101505013	3.05778509225877	1.543973015290332	1.5502116479457972
1.9779807026626255	3.057966806480106	1.5439757187398395	1.5502116479457972
1.9780983951747495	3.0581485210196258	1.543978422349578	1.5502116479457972
1.9782160876868737	3.0583302358773476	1.5439811261195486	1.5502116479457972
1.978333780198998	3.058511951053291	1.5439838300497517	1.5502116479457972
1.9784514727111222	3.058693666547474	1.5439865341401886	1.5502116479457972
1.9785691652232464	3.058875382359916	1.5439892383908598	1.5502116479457972
1.9786868577353707	3.0590570984906362	1.5439919428017663	1.5502116479457972
1.978804550247495	3.0592388149396528	1.5439946473729091	1.5502116479457972
1.978922242759619	3.059420531706985	1.543997352104289	1.5502116479457972
1.9790399352717432	3.059602248792652	1.5440000569959067	1.5502116479457972
1.9791576277838674	3.0597839661966724	1.544002762047763	1.5502116479457972
1.9792753202959916	3.059965683919065	1.544005467259859	1.5502116479457972
1.9793930128081159	3.0601474019598487	1.5440081726321957	1.5502116479457972
1.97951070532024	3.060329120319043	1.5440108781647734	1.5502116479457972
1.979628397832364	3.0605108389966658	1.5440135838575935	1.5502116479457972
1.9797460903444883	3.0606925579927364	1.5440162897106564	1.5502116479457972
1.9798637828566126	3.060874277307274	1.5440189957239634	1.5502116479457972
1.9799814753687368	3.061055996940297	1.5440217018975149	1.5502116479457972
1.980099167880861	3.061237716891825	1.5440244082313122	1.5502116479457972
1.9802168603929853	3.061419437161876	1.544027114725356	1.5502116479457972
1.9803345529051095	3.0616011577504696	1.544029821379647	1.5502116479457972
1.9804522454172335	3.0617828786576236	1.5440325281941862	1.5502116479457972
1.9805699379293578	3.0619645998833587	1.5440352351689743	1.5502116479457972
1.980687630441482	3.0621463214276923	1.5440379423040125	1.5502116479457972
1.9808053229536062	3.0623280432906435	1.5440406495993015	1.5502116479457972
1.9809230154657305	3.062509765472232	1.544043357054842	1.5502116479457972
1.9810407079778547	3.062691487972476	1.5440460646706349	1.5502116479457972
1.981158400489979	3.0628732107913947	1.5440487724466812	1.5502116479457972
1.981276093002103	3.0630549339290063	1.5440514803829817	1.5502116479457972
1.9813937855142272	3.0632366573853305	1.5440541884795371	1.5502116479457972
1.9815114780263516	3.063418381160386	1.5440568967363486	1.5502116479457972
1.9816291705384756	3.0636001052541912	1.5440596051534168	1.5502116479457972
1.9817468630505999	3.063781829666766	1.5440623137307423	1.5502116479457972
1.9818645555627241	3.063963554398128	1.5440650224683266	1.5502116479457972
1.9819822480748481	3.0641452794482973	1.5440677313661701	1.5502116479457972
1.9820999405869724	3.064327004817292	1.5440704404242738	1.5502116479457972
1.9822176330990966	3.064508730505131	1.5440731496426385	1.5502116479457972
1.982335325611221	3.0646904565118342	1.5440758590212653	1.5502116479457972
1.982453018123345	3.064872182837419	1.5440785685601546	1.5502116479457972
1.9825707106354693	3.065053909481905	1.5440812782593076	1.5502116479457972
1.9826884031475935	3.0652356364453115	1.5440839881187252	1.5502116479457972
1.9828060956597175	3.0654173637276565	1.5440866981384078	1.5502116479457972
1.9829237881718418	3.0655990913289597	1.544089408318357	1.5502116479457972
1.9830414806839662	3.0657808192492397	1.544092118658573	1.5502116479457972
1.9831591731960903	3.0659625474885153	1.5440948291590568	1.5502116479457972
1.9832768657082145	3.0661442760468054	1.5440975398198096	1.5502116479457972
1.9833945582203387	3.0663260049241288	1.5441002506408317	1.5502116479457972
1.9835122507324627	3.0665077341205045	1.5441029616221245	1.5502116479457972
1.983629943244587	3.0666894636359516	1.5441056727636886	1.5502116479457972
1.9837476357567112	3.066871193470489	1.5441083840655248	1.5502116479457972
1.9838653282688357	3.067052923624135	1.544111095527634	1.5502116479457972
1.9839830207809597	3.0672346540969087	1.5441138071500173	1.5502116479457972
1.984100713293084	3.0674163848888294	1.544116518932675	1.5502116479457972
1.9842184058052081	3.067598115999916	1.5441192308756087	1.5502116479457972
1.9843360983173322	3.0677798474301867	1.5441219429788187	1.5502116479457972
1.9844537908294564	3.067961579179661	1.544124655242306	1.5502116479457972
1.9845714833415808	3.068143311248358	1.5441273676660716	1.5502116479457972
1.9846891758537049	3.0683250436362957	1.544130080250116	1.5502116479457972
1.984806868365829	3.0685067763434937	1.5441327929944406	1.5502116479457972
1.9849245608779533	3.0686885093699705	1.5441355058990458	1.5502116479457972
1.9850422533900776	3.0688702427157457	1.5441382189639328	1.5502116479457972
1.9851599459022016	3.069051976380837	1.544140932189102	1.5502116479457972
1.985277638414326	3.0692337103652645	1.5441436455745547	1.5502116479457972
1.9853953309264503	3.0694154446690463	1.5441463591202915	1.5502116479457972
1.9855130234385743	3.069597179292201	1.5441490728263134	1.5502116479457972
1.9856307159506985	3.0697789142347487	1.544151786692621	1.5502116479457972
1.9857484084628227	3.0699606494967075	1.5441545007192157	1.5502116479457972
1.9858661009749468	3.0701423850780962	1.5441572149060978	1.5502116479457972
1.985983793487071	3.0703241209789343	1.5441599292532684	1.5502116479457972
1.9861014859991954	3.07050585719924	1.5441626437607283	1.5502116479457972
1.9862191785113197	3.0706875937390326	1.5441653584284785	1.5502116479457972
1.9863368710234437	3.07086933059833	1.5441680732565195	1.5502116479457972
1.986454563535568	3.071051067777153	1.5441707882448525	1.5502116479457972
1.9865722560476922	3.0712328052755193	1.5441735033934785	1.5502116479457972
1.9866899485598162	3.0714145430934474	1.544176218702398	1.5502116479457972
1.9868076410719406	3.071596281230957	1.544178934171612	1.5502116479457972
1.9869253335840649	3.071778019688067	1.5441816498011212	1.5502116479457972
1.9870430260961889	3.0719597584647955	1.5441843655909264	1.5502116479457972
1.9871607186083131	3.072141497561162	1.544187081541029	1.5502116479457972
1.9872784111204373	3.0723232369771853	1.5441897976514294	1.5502116479457972
1.9873961036325614	3.0725049767128843	1.5441925139221284	1.5502116479457972
1.9875137961446858	3.0726867167682776	1.5441952303531272	1.5502116479457972
1.98763148865681	3.072868457143385	1.5441979469444265	1.5502116479457972
1.9877491811689343	3.0730501978382243	1.544200663696027	1.5502116479457972
1.9878668736810583	3.0732319388528144	1.5442033806079298	1.5502116479457972
1.9879845661931825	3.0734136801871754	1.5442060976801355	1.5502116479457972
1.9881022587053068	3.073595421841325	1.5442088149126454	1.5502116479457972
1.9882199512174308	3.0737771638152824	1.5442115323054597	1.5502116479457972
1.9883376437295552	3.0739589061090666	1.5442142498585798	1.5502116479457972
1.9884553362416795	3.0741406487226968	1.5442169675720063	1.5502116479457972
1.9885730287538035	3.0743223916561906	1.5442196854457404	1.5502116479457972
1.9886907212659277	3.074504134909569	1.5442224034797825	1.5502116479457972
1.988808413778052	3.0746858784828492	1.5442251216741336	1.5502116479457972
1.9889261062901762	3.0748676223760505	1.5442278400287945	1.5502116479457972
1.9890437988023004	3.075049366589192	1.5442305585437663	1.5502116479457972
1.9891614913144247	3.0752311111222927	1.5442332772190497	1.5502116479457972
1.989279183826549	3.075412855975371	1.5442359960546457	1.5502116479457972
1.989396876338673	3.075594601148446	1.544238715050555	1.5502116479457972
1.9895145688507971	3.075776346641537	1.5442414342067783	1.5502116479457972
1.9896322613629214	3.0759580924546626	1.544244153523317	1.5502116479457972
1.9897499538750454	3.076139838587841	1.5442468730001713	1.5502116479457972
1.9898676463871698	3.076321585041092	1.5442495926373423	1.5502116479457972
1.989985338899294	3.076503331814435	1.544252312434831	1.5502116479457972
1.9901030314114183	3.0766850789078872	1.5442550323926383	1.5502116479457972
1.9902207239235423	3.0768668263214685	1.544257752510765	1.5502116479457972
1.9903384164356666	3.077048574055198	1.5442604727892117	1.5502116479457972
1.9904561089477908	3.077230322109094	1.5442631932279796	1.5502116479457972
1.990573801459915	3.0774120704831756	1.5442659138270693	1.5502116479457972
1.9906914939720393	3.077593819177462	1.5442686345864818	1.5502116479457972
1.9908091864841635	3.077775568191972	1.544271355506218	1.5502116479457972
1.9909268789962875	3.0779573175267236	1.5442740765862786	1.5502116479457972
1.9910445715084117	3.0781390671817372	1.5442767978266645	1.5502116479457972
1.991162264020536	3.0783208171570307	1.5442795192273766	1.5502116479457972
1.9912799565326602	3.078502567452623	1.5442822407884158	1.5502116479457972
1.9913976490447844	3.0786843180685333	1.544284962509783	1.5502116479457972
1.9915153415569087	3.07886606900478	1.5442876843914788	1.5502116479457972
1.991633034069033	3.0790478202613834	1.5442904064335043	1.5502116479457972
1.991750726581157	3.0792295718383604	1.5442931286358603	1.5502116479457972
1.9918684190932812	3.079411323735731	1.5442958509985476	1.5502116479457972
1.9919861116054054	3.079593075953514	1.544298573521567	1.5502116479457972
1.9921038041175296	3.079774828491728	1.5443012962049196	1.5502116479457972
1.9922214966296539	3.079956581350393	1.5443040190486061	1.5502116479457972
1.992339189141778	3.080138334529526	1.5443067420526273	1.5502116479457972
1.9924568816539021	3.080320088029147	1.5443094652169842	1.5502116479457972
1.9925745741660263	3.0805018418492756	1.5443121885416775	1.5502116479457972
1.9926922666781506	3.080683595989929	1.5443149120267083	1.5502116479457972
1.992809959190275	3.0808653504511274	1.5443176356720771	1.5502116479457972
1.992927651702399	3.081047105232889	1.544320359477785	1.5502116479457972
1.9930453442145233	3.081228860335233	1.5443230834438328	1.5502116479457972
1.9931630367266475	3.0814106157581787	1.5443258075702215	1.5502116479457972
1.9932807292387715	3.0815923715017437	1.5443285318569517	1.5502116479457972
1.9933984217508958	3.0817741275659483	1.5443312563040246	1.5502116479457972
1.9935161142630202	3.0819558839508105	1.5443339809114407	1.5502116479457972
1.9936338067751442	3.082137640656349	1.544336705679201	1.5502116479457972
1.9937514992872685	3.0823193976825842	1.5443394306073062	1.5502116479457972
1.9938691917993927	3.0825011550295334	1.5443421556957575	1.5502116479457972
1.993986884311517	3.082682912697216	1.5443448809445555	1.5502116479457972
1.994104576823641	3.0828646706856513	1.5443476063537012	1.5502116479457972
1.9942222693357652	3.0830464289948574	1.5443503319231953	1.5502116479457972
1.9943399618478896	3.083228187624854	1.5443530576530389	1.5502116479457972
1.9944576543600137	3.0834099465756593	1.5443557835432324	1.5502116479457972
1.9945753468721379	3.0835917058472924	1.5443585095937773	1.5502116479457972
1.9946930393842621	3.083773465439773	1.5443612358046739	1.5502116479457972
1.9948107318963861	3.083955225353118	1.5443639621759233	1.5502116479457972
1.9949284244085104	3.0841369855873486	1.5443666887075265	1.5502116479457972
1.9950461169206348	3.0843187461424826	1.5443694153994838	1.5502116479457972
1.9951638094327588	3.084500507018538	1.5443721422517969	1.5502116479457972
1.995281501944883	3.0846822682155355	1.5443748692644659	1.5502116479457972
1.9953991944570073	3.084864029733493	1.544377596437492	1.5502116479457972
1.9955168869691315	3.0850457915724294	1.5443803237708762	1.5502116479457972
1.9956345794812556	3.0852275537323637	1.544383051264619	1.5502116479457972
1.99575227199338	3.085409316213315	1.5443857789187214	1.5502116479457972
1.9958699645055042	3.085591079015302	1.5443885067331844	1.5502116479457972
1.9959876570176283	3.0857728421383426	1.5443912347080087	1.5502116479457972
1.9961053495297525	3.0859546055824576	1.5443939628431953	1.5502116479457972
1.9962230420418767	3.0861363693476647	1.5443966911387448	1.5502116479457972
1.9963407345540007	3.086318133433983	1.5443994195946582	1.5502116479457972
1.996458427066125	3.0864998978414313	1.5444021482109365	1.5502116479457972
1.9965761195782494	3.086681662570029	1.5444048769875804	1.5502116479457972
1.9966938120903737	3.0868634276197944	1.5444076059245908	1.5502116479457972
1.9968115046024977	3.0870451929907463	1.5444103350219687	1.5502116479457972
1.996929197114622	3.0872269586829044	1.5444130642797145	1.5502116479457972
1.9970468896267461	3.087408724696287	1.5444157936978296	1.5502116479457972
1.9971645821388702	3.0875904910309124	1.5444185232763143	1.5502116479457972
1.9972822746509946	3.0877722576868005	1.5444212530151702	1.5502116479457972
1.9973999671631189	3.0879540246639703	1.5444239829143975	1.5502116479457972
1.9975176596752429	3.0881357919624395	1.5444267129739973	1.5502116479457972
1.997635352187367	3.088317559582228	1.5444294431939705	1.5502116479457972
1.9977530446994913	3.0884993275233543	1.5444321735743178	1.5502116479457972
1.9978707372116156	3.0886810957858377	1.5444349041150403	1.5502116479457972
1.9979884297237396	3.0888628643696965	1.5444376348161386	1.5502116479457972
1.998106122235864	3.08904463327495	1.5444403656776138	1.5502116479457972
1.9982238147479883	3.089226402501617	1.5444430966994667	1.5502116479457972
1.9983415072601123	3.089408172049716	1.544445827881698	1.5502116479457972
1.9984591997722365	3.0895899419192667	1.5444485592243085	1.5502116479457972
1.9985768922843608	3.0897717121102874	1.5444512907272994	1.5502116479457972
1.9986945847964848	3.089953482622797	1.5444540223906713	1.5502116479457972
1.9988122773086092	3.0901352534568143	1.544456754214425	1.5502116479457972
1.9989299698207335	3.0903170246123586	1.5444594861985617	1.5502116479457972
1.9990476623328575	3.0904987960894483	1.5444622183430818	1.5502116479457972
1.9991653548449817	3.090680567888103	1.5444649506479866	1.5502116479457972
1.999283047357106	3.090862340008341	1.5444676831132766	1.5502116479457972
1.9994007398692302	3.0910441124501813	1.544470415738953	1.5502116479457972
1.9995184323813544	3.091225885213643	1.5444731485250163	1.5502116479457972
1.9996361248934786	3.0914076582987446	1.5444758814714676	1.5502116479457972
1.9997538174056029	3.0915894317055055	1.5444786145783076	1.5502116479457972
1.9998715099177269	3.0917712054339437	1.5444813478455375	1.5502116479457972
1.9999892024298511	3.091952979484079	1.5444840812731575	1.5502116479457972
2.0001068949419754	3.0921347538559303	1.5444868148611692	1.5502116479457972
2.0002245874540994	3.092316528549516	1.5444895486095729	1.5502116479457972
2.000342279966224	3.092498303564855	1.5444922825183698	1.5502116479457972
2.000459972478348	3.0926800789019664	1.5444950165875606	1.5502116479457972
2.000577664990472	3.092861854560869	1.544497750817146	1.5502116479457972
2.0006953575025963	3.093043630541582	1.5445004852071271	1.5502116479457972
2.0008130500147208	3.0932254068441236	1.5445032197575048	1.5502116479457972
2.0009307425268448	3.0934071834685137	1.54450595446828	1.5502116479457972
2.001048435038969	3.09358896041477	1.544508689339453	1.5502116479457972
2.0011661275510932	3.093770737682912	1.5445114243710254	1.5502116479457972
2.0012838200632173	3.0939525152729592	1.5445141595629976	1.5502116479457972
2.0014015125753417	3.094134293184929	1.5445168949153707	1.5502116479457972
2.0015192050874657	3.0943160714188416	1.5445196304281454	1.5502116479457972
2.00163689759959	3.0944978499747156	1.5445223661013225	1.5502116479457972
2.001754590111714	3.0946796288525693	1.544525101934903	1.5502116479457972
2.001872282623838	3.0948614080524224	1.5445278379288878	1.5502116479457972
2.0019899751359627	3.0950431875742934	1.5445305740832775	1.5502116479457972
2.002107667648087	3.095224967418201	1.5445333103980734	1.5502116479457972
2.002225360160211	3.095406747584164	1.5445360468732758	1.5502116479457972
2.002343052672335	3.095588528072202	1.544538783508886	1.5502116479457972
2.0024607451844596	3.0957703088823334	1.5445415203049047	1.5502116479457972
2.0025784376965836	3.095952090014577	1.5445442572613326	1.5502116479457972
2.0026961302087076	3.096133871468952	1.544546994378171	1.5502116479457972
2.002813822720832	3.0963156532454774	1.5445497316554202	1.5502116479457972
2.002931515232956	3.096497435344171	1.5445524690930814	1.5502116479457972
2.0030492077450806	3.0966792177650535	1.5445552066911554	1.5502116479457972
2.0031669002572046	3.096861000508142	1.5445579444496431	1.5502116479457972
2.003284592769329	3.097042783573457	1.5445606823685454	1.5502116479457972
2.003402285281453	3.0972245669610157	1.5445634204478629	1.5502116479457972
2.003519977793577	3.0974063506708385	1.5445661586875965	1.5502116479457972
2.0036376703057015	3.097588134702943	1.5445688970877474	1.5502116479457972
2.0037553628178255	3.0977699190573493	1.5445716356483161	1.5502116479457972
2.00387305532995	3.0979517037340756	1.5445743743693037	1.5502116479457972
2.003990747842074	3.098133488733141	1.544577113250711	1.5502116479457972
2.004108440354198	3.098315274054564	1.5445798522925385	1.5502116479457972
2.0042261328663225	3.098497059698364	1.5445825914947875	1.5502116479457972
2.0043438253784465	3.0986788456645598	1.5445853308574589	1.5502116479457972
2.004461517890571	3.0988606319531695	1.5445880703805532	1.5502116479457972
2.004579210402695	3.0990424185642134	1.5445908100640715	1.5502116479457972
2.0046969029148194	3.0992242054977095	1.5445935499080146	1.5502116479457972
2.0048145954269434	3.099405992753677	1.5445962899123833	1.5502116479457972
2.0049322879390674	3.099587780332134	1.5445990300771784	1.5502116479457972
2.005049980451192	3.099769568233101	1.5446017704024009	1.5502116479457972
2.0051676729633163	3.0999513564565953	1.5446045108880517	1.5502116479457972
2.0052853654754403	3.100133145002636	1.5446072515341316	1.5502116479457972
2.0054030579875644	3.100314933871243	1.5446099923406413	1.5502116479457972
2.005520750499689	3.100496723062435	1.544612733307582	1.5502116479457972
2.005638443011813	3.1006785125762293	1.5446154744349543	1.5502116479457972
2.005756135523937	3.100860302412647	1.544618215722759	1.5502116479457972
2.0058738280360613	3.1010420925717055	1.544620957170997	1.5502116479457972
2.0059915205481857	3.1012238830534242	1.5446236987796695	1.5502116479457972
2.0061092130603098	3.1014056738578217	1.5446264405487768	1.5502116479457972
2.0062269055724338	3.101587464984917	1.5446291824783203	1.5502116479457972
2.0063445980845582	3.10176925643473	1.5446319245683002	1.5502116479457972
2.0064622905966822	3.1019510482072774	1.544634666818718	1.5502116479457972
2.0065799831088063	3.1021328403025805	1.5446374092295745	1.5502116479457972
2.0066976756209307	3.1023146327206566	1.54464015180087	1.5502116479457972
2.0068153681330547	3.1024964254615246	1.5446428945326058	1.5502116479457972
2.006933060645179	3.1026782185252046	1.5446456374247828	1.5502116479457972
2.007050753157303	3.1028600119117145	1.5446483804774018	1.5502116479457972
2.0071684456694276	3.1030418056210736	1.5446511236904634	1.5502116479457972
2.0072861381815517	3.1032235996533	1.544653867063969	1.5502116479457972
2.007403830693676	3.103405394008414	1.5446566105979187	1.5502116479457972
2.0075215232058	3.1035871886864332	1.544659354292314	1.5502116479457972
2.007639215717924	3.103768983687377	1.5446620981471553	1.5502116479457972
2.0077569082300486	3.1039507790112646	1.5446648421624438	1.5502116479457972
2.0078746007421726	3.1041325746581143	1.5446675863381802	1.5502116479457972
2.0079922932542966	3.104314370627945	1.5446703306743654	1.5502116479457972
2.008109985766421	3.104496166920776	1.5446730751710005	1.5502116479457972
2.0082276782785455	3.1046779635366266	1.5446758198280859	1.5502116479457972
2.0083453707906695	3.1048597604755144	1.5446785646456227	1.5502116479457972
2.0084630633027936	3.1050415577374593	1.5446813096236116	1.5502116479457972
2.008580755814918	3.10522335532248	1.5446840547620537	1.5502116479457972
2.008698448327042	3.105405153230595	1.5446868000609497	1.5502116479457972
2.008816140839166	3.1055869514618237	1.5446895455203005	1.5502116479457972
2.0089338333512905	3.1057687500161846	1.544692291140107	1.5502116479457972
2.009051525863415	3.1059505488936967	1.54469503692037	1.5502116479457972
2.009169218375539	3.106132348094379	1.5446977828610904	1.5502116479457972
2.009286910887663	3.1063141476182503	1.544700528962269	1.5502116479457972
2.0094046033997874	3.10649594746533	1.5447032752239067	1.5502116479457972
2.0095222959119114	3.106677747635636	1.5447060216460042	1.5502116479457972
2.009639988424036	3.106859548129188	1.5447087682285627	1.5502116479457972
2.00975768093616	3.1070413489460043	1.5447115149715827	1.5502116479457972
2.0098753734482844	3.1072231500861043	1.5447142618750653	1.5502116479457972
2.0099930659604084	3.107404951549506	1.5447170089390112	1.5502116479457972
2.0101107584725324	3.10758675333623	1.5447197561634214	1.5502116479457972
2.010228450984657	3.1077685554462935	1.5447225035482968	1.5502116479457972
2.010346143496781	3.107950357879716	1.5447252510936378	1.5502116479457972
2.0104638360089053	3.108132160636517	1.5447279987994458	1.5502116479457972
2.0105815285210293	3.1083139637167143	1.5447307466657214	1.5502116479457972
2.0106992210331533	3.1084957671203273	1.5447334946924656	1.5502116479457972
2.010816913545278	3.108677570847375	1.5447362428796791	1.5502116479457972
2.010934606057402	3.108859374897876	1.544738991227363	1.5502116479457972
2.0110522985695263	3.1090411792718498	1.5447417397355179	1.5502116479457972
2.0111699910816503	3.1092229839693144	1.5447444884041446	1.5502116479457972
2.0112876835937747	3.1094047889902896	1.5447472372332443	1.5502116479457972
2.0114053761058988	3.1095865943347936	1.5447499862228176	1.5502116479457972
2.0115230686180228	3.1097684000028454	1.5447527353728654	1.5502116479457972
2.0116407611301472	3.109950205994464	1.5447554846833884	1.5502116479457972
2.0117584536422712	3.1101320123096685	1.5447582341543877	1.5502116479457972
2.0118761461543957	3.110313818948477	1.5447609837858642	1.5502116479457972
2.0119938386665197	3.11049562591091	1.5447637335778186	1.5502116479457972
2.012111531178644	3.110677433196985	1.544766483530252	1.5502116479457972
2.012229223690768	3.110859240806721	1.5447692336431649	1.5502116479457972
2.012346916202892	3.111041048740137	1.5447719839165581	1.5502116479457972
2.0124646087150166	3.1112228569972524	1.544774734350433	1.5502116479457972
2.0125823012271407	3.111404665578086	1.54477748494479	1.5502116479457972
2.012699993739265	3.1115864744826554	1.54478023569963	1.5502116479457972
2.012817686251389	3.1117682837109815	1.544782986614954	1.5502116479457972
2.0129353787635136	3.111950093263082	1.544785737690763	1.5502116479457972
2.0130530712756376	3.1121319031389754	1.5447884889270573	1.5502116479457972
2.0131707637877616	3.112313713338682	1.5447912403238384	1.5502116479457972
2.013288456299886	3.1124955238622194	1.5447939918811069	1.5502116479457972
2.01340614881201	3.1126773347096064	1.5447967435988634	1.5502116479457972
2.0135238413241345	3.112859145880863	1.5447994954771092	1.5502116479457972
2.0136415338362585	3.113040957376008	1.5448022475158447	1.5502116479457972
2.013759226348383	3.1132227691950596	1.5448049997150712	1.5502116479457972
2.013876918860507	3.1134045813380364	1.5448077520747894	1.5502116479457972
2.013994611372631	3.113586393804958	1.544810504595	1.5502116479457972
2.0141123038847555	3.1137682065958434	1.544813257275704	1.5502116479457972
2.0142299963968795	3.1139500197107104	1.5448160101169024	1.5502116479457972
2.014347688909004	3.1141318331495795	1.5448187631185957	1.5502116479457972
2.014465381421128	3.1143136469124686	1.544821516280785	1.5502116479457972
2.014583073933252	3.1144954609993962	1.544824269603471	1.5502116479457972
2.0147007664453764	3.114677275410382	1.544827023086655	1.5502116479457972
2.0148184589575004	3.114859090145445	1.5448297767303372	1.5502116479457972
2.014936151469625	3.1150409052046037	1.544832530534519	1.5502116479457972
2.015053843981749	3.115222720587876	1.5448352844992008	1.5502116479457972
2.0151715364938734	3.115404536295283	1.5448380386243838	1.5502116479457972
2.0152892290059974	3.115586352326842	1.5448407929100687	1.5502116479457972
2.0154069215181214	3.115768168682572	1.5448435473562565	1.5502116479457972
2.015524614030246	3.115949985362492	1.544846301962948	1.5502116479457972
2.0156423065423703	3.116131802366622	1.5448490567301438	1.5502116479457972
2.0157599990544943	3.1163136196949788	1.5448518116578451	1.5502116479457972
2.0158776915666183	3.116495437347583	1.5448545667460527	1.5502116479457972
2.015995384078743	3.116677255324453	1.5448573219947674	1.5502116479457972
2.016113076590867	3.1168590736256068	1.54486007740399	1.5502116479457972
2.016230769102991	3.117040892251065	1.5448628329737215	1.5502116479457972
2.0163484616151153	3.1172227112008453	1.5448655887039626	1.5502116479457972
2.0164661541272397	3.117404530474967	1.5448683445947142	1.5502116479457972
2.0165838466393637	3.117586350073448	1.5448711006459772	1.5502116479457972
2.0167015391514878	3.1177681699963093	1.5448738568577525	1.5502116479457972
2.016819231663612	3.117949990243568	1.5448766132300407	1.5502116479457972
2.0169369241757362	3.1181318108152434	1.5448793697628431	1.5502116479457972
2.0170546166878602	3.1183136317113545	1.54488212645616	1.5502116479457972
2.0171723091999847	3.1184954529319207	1.5448848833099929	1.5502116479457972
2.0172900017121087	3.1186772744769593	1.5448876403243421	1.5502116479457972
2.017407694224233	3.1188590963464913	1.5448903974992088	1.5502116479457972
2.017525386736357	3.1190409185405343	1.5448931548345937	1.5502116479457972
2.0176430792484816	3.1192227410591076	1.5448959123304977	1.5502116479457972
2.0177607717606056	3.119404563902229	1.5448986699869218	1.5502116479457972
2.01787846427273	3.1195863870699196	1.5449014278038666	1.5502116479457972
2.017996156784854	3.1197682105621967	1.544904185781333	1.5502116479457972
2.018113849296978	3.119950034379079	1.544906943919322	1.5502116479457972
2.0182315418091026	3.1201318585205864	1.5449097022178344	1.5502116479457972
2.0183492343212266	3.120313682986737	1.544912460676871	1.5502116479457972
2.0184669268333506	3.12049550777755	1.5449152192964326	1.5502116479457972
2.018584619345475	3.1206773328930444	1.5449179780765203	1.5502116479457972
2.0187023118575995	3.120859158333239	1.5449207370171347	1.5502116479457972
2.0188200043697235	3.1210409840981526	1.544923496118277	1.5502116479457972
2.0189376968818475	3.121222810187804	1.5449262553799477	1.5502116479457972
2.019055389393972	3.1214046366022123	1.5449290148021475	1.5502116479457972
2.019173081906096	3.1215864633413966	1.5449317743848778	1.5502116479457972
2.01929077441822	3.1217682904053747	1.5449345341281393	1.5502116479457972
2.0194084669303445	3.121950117794167	1.5449372940319326	1.5502116479457972
2.019526159442469	3.1221319455077916	1.5449400540962588	1.5502116479457972
2.019643851954593	3.122313773546267	1.5449428143211186	1.5502116479457972
2.019761544466717	3.122495601909613	1.544945574706513	1.5502116479457972
2.0198792369788414	3.1226774305978484	1.544948335252443	1.5502116479457972
2.0199969294909654	3.122859259610991	1.5449510959589088	1.5502116479457972
2.02011462200309	3.1230410889490607	1.544953856825912	1.5502116479457972
2.020232314515214	3.1232229186120763	1.544956617853453	1.5502116479457972
2.0203500070273384	3.123404748600057	1.5449593790415328	1.5502116479457972
2.0204676995394624	3.12358657891302	1.5449621403901523	1.5502116479457972
2.0205853920515864	3.123768409550986	1.5449649018993126	1.5502116479457972
2.020703084563711	3.1239502405139734	1.544967663569014	1.5502116479457972
2.020820777075835	3.1241320718020007	1.5449704253992578	1.5502116479457972
2.0209384695879593	3.124313903415087	1.5449731873900445	1.5502116479457972
2.0210561621000833	3.1244957353532516	1.5449759495413753	1.5502116479457972
2.0211738546122073	3.1246775676165126	1.544978711853251	1.5502116479457972
2.021291547124332	3.12485940020489	1.5449814743256722	1.5502116479457972
2.021409239636456	3.1250412331184014	1.54498423695864	1.5502116479457972
2.02152693214858	3.125223066357066	1.5449869997521553	1.5502116479457972
2.0216446246607043	3.1254048999209036	1.5449897627062186	1.5502116479457972
2.0217623171728287	3.1255867338099326	1.5449925258208312	1.5502116479457972
2.0218800096849527	3.1257685680241716	1.5449952890959937	1.5502116479457972
2.0219977021970768	3.1259504025636393	1.544998052531707	1.5502116479457972
2.022115394709201	3.1261322374283553	1.545000816127972	1.5502116479457972
2.022233087221325	3.126314072618338	1.5450035798847896	1.5502116479457972
2.0223507797334492	3.1264959081336063	1.5450063438021606	1.5502116479457972
2.0224684722455737	3.1266777439741795	1.5450091078800858	1.5502116479457972
2.022586164757698	3.126859580140076	1.5450118721185662	1.5502116479457972
2.022703857269822	3.127041416631315	1.5450146365176023	1.5502116479457972
2.022821549781946	3.127223253447915	1.5450174010771953	1.5502116479457972
2.0229392422940706	3.1274050905898956	1.5450201657973461	1.5502116479457972
2.0230569348061946	3.127586928057275	1.5450229306780554	1.5502116479457972
2.023174627318319	3.1277687658500724	1.545025695719324	1.5502116479457972
2.023292319830443	3.1279506039683063	1.545028460921153	1.5502116479457972
2.0234100123425676	3.1281324424119963	1.545031226283543	1.5502116479457972
2.0235277048546916	3.1283142811811606	1.545033991806495	1.5502116479457972
2.0236453973668156	3.128496120275819	1.54503675749001	1.5502116479457972
2.02376308987894	3.1286779596959895	1.5450395233340883	1.5502116479457972
2.023880782391064	3.128859799441691	1.5450422893387314	1.5502116479457972
2.0239984749031885	3.129041639512943	1.54504505550394	1.5502116479457972
2.0241161674153125	3.129223479909764	1.5450478218297146	1.5502116479457972
2.024233859927437	3.129405320632173	1.5450505883160564	1.5502116479457972
2.024351552439561	3.1295871616801882	1.5450533549629661	1.5502116479457972
2.024469244951685	3.12976900305383	1.5450561217704448	1.5502116479457972
2.0245869374638095	3.1299508447531164	1.545058888738493	1.5502116479457972
2.0247046299759335	3.1301326867780657	1.5450616558671117	1.5502116479457972
2.024822322488058	3.1303145291286976	1.545064423156302	1.5502116479457972
2.024940015000182	3.1304963718050307	1.5450671906060645	1.5502116479457972
2.025057707512306	3.130678214807084	1.5450699582164	1.5502116479457972
2.0251754000244304	3.1308600581348767	1.5450727259873096	1.5502116479457972
2.0252930925365544	3.1310419017884272	1.545075493918794	1.5502116479457972
2.025410785048679	3.131223745767754	1.545078262010854	1.5502116479457972
2.025528477560803	3.131405590072877	1.5450810302634905	1.5502116479457972
2.0256461700729274	3.131587434703815	1.5450837986767045	1.5502116479457972
2.0257638625850514	3.131769279660586	1.5450865672504968	1.5502116479457972
2.0258815550971754	3.1319511249432095	1.545089335984868	1.5502116479457972
2.0259992476093	3.1321329705517043	1.5450921048798194	1.5502116479457972
2.0261169401214243	3.1323148164860894	1.5450948739353516	1.5502116479457972
2.0262346326335483	3.1324966627463833	1.5450976431514654	1.5502116479457972
2.0263523251456723	3.1326785093326053	1.5451004125281618	1.5502116479457972
2.0264700176577968	3.132860356244774	1.5451031820654415	1.5502116479457972
2.026587710169921	3.133042203482909	1.5451059517633057	1.5502116479457972
2.026705402682045	3.1332240510470277	1.5451087216217547	1.5502116479457972
2.0268230951941693	3.1334058989371507	1.5451114916407898	1.5502116479457972
2.0269407877062937	3.1335877471532956	1.5451142618204117	1.5502116479457972
2.0270584802184177	3.133769595695482	1.5451170321606214	1.5502116479457972
2.0271761727305417	3.1339514445637286	1.5451198026614195	1.5502116479457972
2.027293865242666	3.134133293758054	1.5451225733228071	1.5502116479457972
2.02741155775479	3.1343151432784775	1.545125344144785	1.5502116479457972
2.027529250266914	3.1344969931250177	1.545128115127354	1.5502116479457972
2.0276469427790387	3.134678843297694	1.5451308862705146	1.5502116479457972
2.0277646352911627	3.1348606937965244	1.5451336575742685	1.5502116479457972
2.027882327803287	3.135042544621529	1.5451364290386158	1.5502116479457972
2.028000020315411	3.1352243957727257	1.5451392006635578	1.5502116479457972
2.0281177128275356	3.135406247250134	1.5451419724490951	1.5502116479457972
2.0282354053396596	3.1355880990537717	1.5451447443952289	1.5502116479457972
2.028353097851784	3.1357699511836588	1.5451475165019595	1.5502116479457972
2.028470790363908	3.135951803639814	1.5451502887692883	1.5502116479457972
2.028588482876032	3.1361336564222557	1.5451530611972157	1.5502116479457972
2.0287061753881566	3.136315509531004	1.545155833785743	1.5502116479457972
2.0288238679002806	3.136497362966076	1.5451586065348708	1.5502116479457972
2.0289415604124046	3.1366792167274915	1.5451613794446	1.5502116479457972
2.029059252924529	3.1368610708152698	1.5451641525149313	1.5502116479457972
2.0291769454366535	3.1370429252294296	1.545166925745866	1.5502116479457972
2.0292946379487775	3.1372247799699893	1.5451696991374044	1.5502116479457972
2.0294123304609015	3.137406635036968	1.545172472689548	1.5502116479457972
2.029530022973026	3.137588490430385	1.545175246402297	1.5502116479457972
2.02964771548515	3.1377703461502584	1.5451780202756527	1.5502116479457972
2.029765407997274	3.1379522021966078	1.5451807943096156	1.5502116479457972
2.0298831005093985	3.1381340585694515	1.5451835685041868	1.5502116479457972
2.030000793021523	3.138315915268809	1.5451863428593673	1.5502116479457972
2.030118485533647	3.138497772294699	1.5451891173751575	1.5502116479457972
2.030236178045771	3.13867962964714	1.5451918920515588	1.5502116479457972
2.0303538705578954	3.1388614873261513	1.5451946668885717	1.5502116479457972
2.0304715630700194	3.139043345331752	1.5451974418861971	1.5502116479457972
2.0305892555821434	3.13922520366396	1.5452002170444359	1.5502116479457972
2.030706948094268	3.139407062322795	1.545202992363289	1.5502116479457972
2.0308246406063923	3.1395889213082766	1.5452057678427573	1.5502116479457972
2.0309423331185164	3.1397707806204216	1.5452085434828413	1.5502116479457972
2.0310600256306404	3.139952640259251	1.5452113192835424	1.5502116479457972
2.031177718142765	3.1401345002247827	1.5452140952448612	1.5502116479457972
2.031295410654889	3.140316360517035	1.5452168713667984	1.5502116479457972
2.0314131031670133	3.140498221136028	1.5452196476493552	1.5502116479457972
2.0315307956791373	3.14068008208178	1.545222424092532	1.5502116479457972
2.0316484881912613	3.14086194335431	1.54522520069633	1.5502116479457972
2.0317661807033858	3.141043804953637	1.5452279774607502	1.5502116479457972
2.03188387321551	3.1412256668797798	1.545230754385793	1.5502116479457972
2.0320015657276342	3.141407529132757	1.5452335314714596	1.5502116479457972
2.0321192582397583	3.1415893917125874	1.5452363087177508	1.5502116479457972
2.0322369507518827	3.141771254619291	1.5452390861246672	1.5502116479457972
2.0323546432640067	3.1419531178528852	1.54524186369221	1.5502116479457972
2.0324723357761307	3.1421349814133896	1.54524464142038	1.5502116479457972
2.032590028288255	3.1423168453008232	1.5452474193091779	1.5502116479457972
2.032707720800379	3.142498709515205	1.5452501973586046	1.5502116479457972
2.032825413312503	3.1426805740565533	1.545252975568661	1.5502116479457972
2.0329431058246277	3.1428624389248876	1.545255753939348	1.5502116479457972
2.033060798336752	3.143044304120227	1.5452585324706665	1.5502116479457972
2.033178490848876	3.1432261696425887	1.5452613111626172	1.5502116479457972
2.033296183361	3.1434080354919938	1.545264090015201	1.5502116479457972
2.0334138758731246	3.14358990166846	1.5452668690284188	1.5502116479457972
2.0335315683852486	3.1437717681720065	1.5452696482022714	1.5502116479457972
2.033649260897373	3.1439536350026516	1.5452724275367598	1.5502116479457972
2.033766953409497	3.144135502160415	1.5452752070318845	1.5502116479457972
2.0338846459216215	3.1443173696453153	1.5452779866876467	1.5502116479457972
2.0340023384337456	3.144499237457371	1.5452807665040473	1.5502116479457972
2.0341200309458696	3.1446811055966015	1.545283546481087	1.5502116479457972
2.034237723457994	3.1448629740630256	1.5452863266187666	1.5502116479457972
2.0343554159701185	3.145044842856662	1.545289106917087	1.5502116479457972
2.0344731084822425	3.14522671197753	1.5452918873760493	1.5502116479457972
2.0345908009943665	3.145408581425648	1.545294667995654	1.5502116479457972
2.034708493506491	3.145590451201035	1.5452974487759021	1.5502116479457972
2.034826186018615	3.14577232130371	1.5453002297167946	1.5502116479457972
2.034943878530739	3.145954191733692	1.545303010818332	1.5502116479457972
2.0350615710428634	3.1461360624909998	1.5453057920805158	1.5502116479457972
2.0351792635549875	3.1463179335756517	1.545308573503346	1.5502116479457972
2.035296956067112	3.1464998049876676	1.5453113550868243	1.5502116479457972
2.035414648579236	3.146681676727066	1.5453141368309509	1.5502116479457972
2.03553234109136	3.146863548793865	1.545316918735727	1.5502116479457972
2.0356500336034844	3.147045421188085	1.5453197008011532	1.5502116479457972
2.0357677261156084	3.1472272939097437	1.5453224830272307	1.5502116479457972
2.035885418627733	3.1474091669588606	1.5453252654139602	1.5502116479457972
2.036003111139857	3.147591040335454	1.5453280479613425	1.5502116479457972
2.0361208036519813	3.1477729140395434	1.5453308306693783	1.5502116479457972
2.0362384961641053	3.1479547880711474	1.5453336135380689	1.5502116479457972
2.0363561886762294	3.148136662430285	1.545336396567415	1.5502116479457972
2.036473881188354	3.1483185371169746	1.5453391797574172	1.5502116479457972
2.0365915737004783	3.148500412131236	1.5453419631080765	1.5502116479457972
2.0367092662126023	3.1486822874730875	1.5453447466193937	1.5502116479457972
2.0368269587247263	3.148864163142548	1.54534753029137	1.5502116479457972
2.0369446512368508	3.1490460391396367	1.545350314124006	1.5502116479457972
2.0370623437489748	3.1492279154643716	1.5453530981173023	1.5502116479457972
2.037180036261099	3.149409792116773	1.54535588227126	1.5502116479457972
2.0372977287732232	3.149591669096859	1.5453586665858803	1.5502116479457972
2.0374154212853477	3.149773546404648	1.5453614510611635	1.5502116479457972
2.0375331137974717	3.1499554240401593	1.545364235697111	1.5502116479457972
2.0376508063095957	3.1501373020034125	1.5453670204937229	1.5502116479457972
2.03776849882172	3.1503191802944257	1.5453698054510008	1.5502116479457972
2.037886191333844	3.1505010589132176	1.5453725905689453	1.5502116479457972
2.038003883845968	3.1506829378598082	1.545375375847557	1.5502116479457972
2.0381215763580927	3.1508648171342153	1.545378161286837	1.5502116479457972
2.0382392688702167	3.151046696736458	1.5453809468867863	1.5502116479457972
2.038356961382341	3.1512285766665555	1.5453837326474054	1.5502116479457972
2.038474653894465	3.1514104569245265	1.5453865185686955	1.5502116479457972
2.0385923464065896	3.15159233751039	1.5453893046506573	1.5502116479457972
2.0387100389187136	3.1517742184241646	1.5453920908932914	1.5502116479457972
2.038827731430838	3.1519560996658695	1.5453948772965993	1.5502116479457972
2.038945423942962	3.1521379812355237	1.5453976638605813	1.5502116479457972
2.039063116455086	3.1523198631331453	1.5454004505852383	1.5502116479457972
2.0391808089672105	3.1525017453587543	1.5454032374705715	1.5502116479457972
2.0392985014793346	3.152683627912369	1.5454060245165815	1.5502116479457972
2.0394161939914586	3.1528655107940082	1.5454088117232692	1.5502116479457972
2.039533886503583	3.153047394003691	1.5454115990906354	1.5502116479457972
2.0396515790157075	3.153229277541436	1.5454143866186811	1.5502116479457972
2.0397692715278315	3.153411161407263	1.545417174307407	1.5502116479457972
2.0398869640399555	3.1535930456011894	1.545419962156814	1.5502116479457972
2.04000465655208	3.153774930123235	1.5454227501669031	1.5502116479457972
2.040122349064204	3.153956814973419	1.5454255383376752	1.5502116479457972
2.040240041576328	3.1541387001517593	1.5454283266691307	1.5502116479457972
2.0403577340884524	3.154320585658276	1.545431115161271	1.5502116479457972
2.040475426600577	3.1545024714929872	1.5454339038140965	1.5502116479457972
2.040593119112701	3.1546843576559116	1.5454366926276084	1.5502116479457972
2.040710811624825	3.1548662441470685	1.5454394816018076	1.5502116479457972
2.0408285041369494	3.155048130966477	1.5454422707366946	1.5502116479457972
2.0409461966490734	3.155230018114155	1.5454450600322704	1.5502116479457972
2.0410638891611974	3.155411905590123	1.545447849488536	1.5502116479457972
2.041181581673322	3.1555937933943987	1.545450639105492	1.5502116479457972
2.0412992741854463	3.1557756815270013	1.5454534288831396	1.5502116479457972
2.0414169666975703	3.155957569987949	1.5454562188214795	1.5502116479457972
2.0415346592096943	3.156139458777262	1.5454590089205127	1.5502116479457972
2.041652351721819	3.1563213478949583	1.5454617991802395	1.5502116479457972
2.041770044233943	3.156503237341057	1.5454645896006614	1.5502116479457972
2.0418877367460673	3.156685127115577	1.545467380181779	1.5502116479457972
2.0420054292581913	3.156867017218538	1.5454701709235932	1.5502116479457972
2.0421231217703153	3.1570489076499566	1.5454729618261047	1.5502116479457972
2.0422408142824398	3.1572307984098544	1.5454757528893146	1.5502116479457972
2.0423585067945638	3.1574126894982486	1.5454785441132235	1.5502116479457972
2.0424761993066882	3.1575945809151587	1.5454813354978325	1.5502116479457972
2.0425938918188122	3.1577764726606032	1.5454841270431423	1.5502116479457972
2.0427115843309367	3.1579583647346015	1.5454869187491538	1.5502116479457972
2.0428292768430607	3.1581402571371724	1.545489710615868	1.5502116479457972
2.0429469693551847	3.158322149868334	1.5454925026432855	1.5502116479457972
2.043064661867309	3.158504042928106	1.5454952948314074	1.5502116479457972
2.043182354379433	3.1586859363165076	1.5454980871802344	1.5502116479457972
2.043300046891557	3.1588678300335564	1.5455008796897673	1.5502116479457972
2.0434177394036817	3.1590497240792725	1.545503672360007	1.5502116479457972
2.043535431915806	3.1592316184536746	1.5455064651909547	1.5502116479457972
2.04365312442793	3.1594135131567813	1.5455092581826106	1.5502116479457972
2.043770816940054	3.1595954081886113	1.5455120513349763	1.5502116479457972
2.0438885094521786	3.1597773035491836	1.545514844648052	1.5502116479457972
2.0440062019643026	3.159959199238518	1.545517638121839	1.5502116479457972
2.044123894476427	3.1601410952566313	1.545520431756338	1.5502116479457972
2.044241586988551	3.1603229916035445	1.5455232255515499	1.5502116479457972
2.0443592795006755	3.160504888279276	1.5455260195074754	1.5502116479457972
2.0444769720127995	3.1606867852838434	1.5455288136241154	1.5502116479457972
2.0445946645249236	3.1608686826172674	1.545531607901471	1.5502116479457972
2.044712357037048	3.1610505802795656	1.5455344023395428	1.5502116479457972
2.044830049549172	3.1612324782707577	1.5455371969383318	1.5502116479457972
2.0449477420612965	3.1614143765908618	1.5455399916978387	1.5502116479457972
2.0450654345734205	3.161596275239898	1.5455427866180647	1.5502116479457972
2.045183127085545	3.1617781742178837	1.5455455816990102	1.5502116479457972
2.045300819597669	3.1619600735248383	1.5455483769406761	1.5502116479457972
2.045418512109793	3.1621419731607814	1.5455511723430637	1.5502116479457972
2.0455362046219174	3.1623238731257315	1.5455539679061736	1.5502116479457972
2.0456538971340414	3.162505773419707	1.5455567636300067	1.5502116479457972
2.045771589646166	3.162687674042727	1.5455595595145637	1.5502116479457972
2.04588928215829	3.162869574994811	1.5455623555598454	1.5502116479457972
2.046006974670414	3.163051476275977	1.545565151765853	1.5502116479457972
2.0461246671825384	3.163233377886245	1.5455679481325872	1.5502116479457972
2.0462423596946624	3.1634152798256325	1.5455707446600486	1.5502116479457972
2.046360052206787	3.1635971820941595	1.5455735413482385	1.5502116479457972
2.046477744718911	3.163779084691844	1.5455763381971577	1.5502116479457972
2.0465954372310353	3.163960987618706	1.5455791352068067	1.5502116479457972
2.0467131297431593	3.1641428908747637	1.5455819323771864	1.5502116479457972
2.0468308222552833	3.1643247944600357	1.545584729708298	1.5502116479457972
2.046948514767408	3.164506698374541	1.5455875272001423	1.5502116479457972
2.0470662072795323	3.1646886026182997	1.5455903248527199	1.5502116479457972
2.0471838997916563	3.164870507191329	1.5455931226660318	1.5502116479457972
2.0473015923037803	3.1650524120936487	1.5455959206400787	1.5502116479457972
2.0474192848159047	3.1652343173252775	1.5455987187748619	1.5502116479457972
2.0475369773280288	3.1654162228862344	1.5456015170703816	1.5502116479457972
2.0476546698401528	3.1655981287765376	1.5456043155266392	1.5502116479457972
2.047772362352277	3.165780034996207	1.5456071141436356	1.5502116479457972
2.0478900548644017	3.1659619415452616	1.5456099129213712	1.5502116479457972
2.0480077473765257	3.1661438484237188	1.545612711859847	1.5502116479457972
2.0481254398886497	3.1663257556315987	1.5456155109590641	1.5502116479457972
2.048243132400774	3.1665076631689204	1.5456183102190233	1.5502116479457972
2.048360824912898	3.1666895710357017	1.5456211096397252	1.5502116479457972
2.048478517425022	3.1668714792319625	1.545623909221171	1.5502116479457972
2.0485962099371466	3.167053387757721	1.5456267089633613	1.5502116479457972
2.0487139024492707	3.1672352966129966	1.5456295088662968	1.5502116479457972
2.048831594961395	3.167417205797808	1.5456323089299788	1.5502116479457972
2.048949287473519	3.167599115312174	1.545635109154408	1.5502116479457972
2.0490669799856436	3.167781025156114	1.5456379095395851	1.5502116479457972
2.0491846724977676	3.1679629353296455	1.5456407100855112	1.5502116479457972
2.0493023650098916	3.168144845832789	1.5456435107921869	1.5502116479457972
2.049420057522016	3.1683267566655626	1.5456463116596133	1.5502116479457972
2.04953775003414	3.168508667827985	1.545649112687791	1.5502116479457972
2.0496554425462645	3.1686905793200757	1.545651913876721	1.5502116479457972
2.0497731350583885	3.1688724911418533	1.5456547152264042	1.5502116479457972
2.0498908275705126	3.1690544032933365	1.5456575167368416	1.5502116479457972
2.050008520082637	3.1692363157745445	1.5456603184080335	1.5502116479457972
2.0501262125947615	3.169418228585496	1.5456631202399813	1.5502116479457972
2.0502439051068855	3.16960014172621	1.5456659222326858	1.5502116479457972
2.0503615976190095	3.1697820551967055	1.5456687243861476	1.5502116479457972
2.050479290131134	3.169963968997001	1.5456715267003678	1.5502116479457972
2.050596982643258	3.1701458831271156	1.545674329175347	1.5502116479457972
2.050714675155382	3.170327797587068	1.5456771318110862	1.5502116479457972
2.0508323676675064	3.1705097123768775	1.5456799346075865	1.5502116479457972
2.050950060179631	3.170691627496563	1.5456827375648483	1.5502116479457972
2.051067752691755	3.1708735429461425	1.545685540682873	1.5502116479457972
2.051185445203879	3.171055458725636	1.5456883439616607	1.5502116479457972
2.0513031377160034	3.171237374835062	1.545691147401213	1.5502116479457972
2.0514208302281274	3.1714192912744394	1.5456939510015304	1.5502116479457972
2.0515385227402514	3.171601208043787	1.5456967547626137	1.5502116479457972
2.051656215252376	3.1717831251431234	1.545699558684464	1.5502116479457972
2.0517739077645003	3.1719650425724684	1.5457023627670818	1.5502116479457972
2.0518916002766243	3.1721469603318395	1.5457051670104685	1.5502116479457972
2.0520092927887483	3.172328878421257	1.5457079714146245	1.5502116479457972
2.052126985300873	3.1725107968407387	1.5457107759795508	1.5502116479457972
2.052244677812997	3.172692715590304	1.5457135807052482	1.5502116479457972
2.0523623703251213	3.172874634669972	1.5457163855917178	1.5502116479457972
2.0524800628372453	3.1730565540797615	1.54571919063896	1.5502116479457972
2.0525977553493693	3.1732384738196906	1.5457219958469761	1.5502116479457972
2.0527154478614937	3.1734203938897796	1.5457248012157667	1.5502116479457972
2.0528331403736177	3.1736023142900462	1.545727606745333	1.5502116479457972
2.052950832885742	3.1737842350205097	1.5457304124356752	1.5502116479457972
2.053068525397866	3.1739661560811885	1.5457332182867949	1.5502116479457972
2.0531862179099907	3.1741480774721027	1.5457360242986924	1.5502116479457972
2.0533039104221147	3.17432999919327	1.5457388304713688	1.5502116479457972
2.0534216029342387	3.1745119212447097	1.5457416368048251	1.5502116479457972
2.053539295446363	3.174693843626441	1.545744443299062	1.5502116479457972
2.053656987958487	3.174875766338483	1.54574724995408	1.5502116479457972
2.053774680470611	3.175057689380853	1.5457500567698805	1.5502116479457972
2.0538923729827356	3.175239612753572	1.5457528637464641	1.5502116479457972
2.05401006549486	3.1754215364566574	1.545755670883832	1.5502116479457972
2.054127758006984	3.1756034604901284	1.5457584781819844	1.5502116479457972
2.054245450519108	3.1757853848540045	1.5457612856409229	1.5502116479457972
2.0543631430312326	3.1759673095483043	1.5457640932606478	1.5502116479457972
2.0544808355433566	3.1761492345730464	1.54576690104116	1.5502116479457972
2.054598528055481	3.1763311599282495	1.5457697089824607	1.5502116479457972
2.054716220567605	3.176513085613933	1.5457725170845504	1.5502116479457972
2.0548339130797295	3.1766950116301156	1.5457753253474302	1.5502116479457972
2.0549516055918535	3.1768769379768163	1.545778133771101	1.5502116479457972
2.0550692981039775	3.177058864654054	1.5457809423555635	1.5502116479457972
2.055186990616102	3.177240791661847	1.5457837511008186	1.5502116479457972
2.0553046831282265	3.1774227190002153	1.545786560006867	1.5502116479457972
2.0554223756403505	3.1776046466691765	1.5457893690737097	1.5502116479457972
2.0555400681524745	3.1777865746687506	1.5457921783013477	1.5502116479457972
2.055657760664599	3.177968502998956	1.5457949876897816	1.5502116479457972
2.055775453176723	3.1781504316598115	1.5457977972390124	1.5502116479457972
2.055893145688847	3.178332360651336	1.545800606949041	1.5502116479457972
2.0560108382009714	3.178514289973549	1.5458034168198682	1.5502116479457972
2.0561285307130954	3.1786962196264685	1.5458062268514947	1.5502116479457972
2.05624622322522	3.1788781496101137	1.5458090370439217	1.5502116479457972
2.056363915737344	3.179060079924504	1.5458118473971498	1.5502116479457972
2.056481608249468	3.1792420105696575	1.5458146579111798	1.5502116479457972
2.0565993007615924	3.1794239415455934	1.5458174685860129	1.5502116479457972
2.0567169932737164	3.1796058728523313	1.5458202794216496	1.5502116479457972
2.056834685785841	3.179787804489889	1.545823090418091	1.5502116479457972
2.056952378297965	3.1799697364582853	1.5458259015753377	1.5502116479457972
2.0570700708100893	3.1801516687575404	1.5458287128933907	1.5502116479457972
2.0571877633222133	3.180333601387672	1.545831524372251	1.5502116479457972
2.0573054558343373	3.1805155343486993	1.545834336011919	1.5502116479457972
2.057423148346462	3.1806974676406417	1.5458371478123962	1.5502116479457972
2.057540840858586	3.180879401263517	1.5458399597736832	1.5502116479457972
2.0576585333707103	3.181061335217345	1.5458427718957806	1.5502116479457972
2.0577762258828343	3.181243269502145	1.5458455841786896	1.5502116479457972
2.0578939183949587	3.1814252041179345	1.5458483966224108	1.5502116479457972
2.0580116109070827	3.181607139064733	1.5458512092269452	1.5502116479457972
2.0581293034192067	3.1817890743425603	1.5458540219922936	1.5502116479457972
2.058246995931331	3.1819710099514342	1.545856834918457	1.5502116479457972
2.0583646884434557	3.1821529458913735	1.545859648005436	1.5502116479457972
2.0584823809555797	3.182334882162398	1.5458624612532317	1.5502116479457972
2.0586000734677037	3.1825168187645256	1.5458652746618446	1.5502116479457972
2.058717765979828	3.1826987556977757	1.545868088231276	1.5502116479457972
2.058835458491952	3.182880692962167	1.5458709019615267	1.5502116479457972
2.058953151004076	3.183062630557719	1.5458737158525973	1.5502116479457972
2.0590708435162006	3.1832445684844504	1.5458765299044888	1.5502116479457972
2.059188536028325	3.1834265067423795	1.545879344117202	1.5502116479457972
2.059306228540449	3.183608445331525	1.5458821584907378	1.5502116479457972
2.059423921052573	3.183790384251907	1.545884973025097	1.5502116479457972
2.0595416135646976	3.1839723235035433	1.5458877877202806	1.5502116479457972
2.0596593060768216	3.184154263086453	1.5458906025762893	1.5502116479457972
2.0597769985889456	3.1843362030006555	1.5458934175931243	1.5502116479457972
2.05989469110107	3.1845181432461693	1.545896232770786	1.5502116479457972
2.060012383613194	3.184700083823013	1.5458990481092751	1.5502116479457972
2.0601300761253185	3.184882024731206	1.5459018636085933	1.5502116479457972
2.0602477686374425	3.1850639659707674	1.5459046792687408	1.5502116479457972
2.0603654611495665	3.1852459075417148	1.5459074950897185	1.5502116479457972
2.060483153661691	3.1854278494440686	1.5459103110715273	1.5502116479457972
2.0606008461738154	3.185609791677847	1.5459131272141684	1.5502116479457972
2.0607185386859395	3.1857917342430695	1.5459159435176422	1.5502116479457972
2.0608362311980635	3.1859736771397538	1.54591875998195	1.5502116479457972
2.060953923710188	3.18615562036792	1.5459215766070922	1.5502116479457972
2.061071616222312	3.186337563927586	1.5459243933930698	1.5502116479457972
2.061189308734436	3.1865195078187707	1.5459272103398838	1.5502116479457972
2.0613070012465604	3.1867014520414942	1.545930027447535	1.5502116479457972
