x	chi	dchidx	s0
0.00043355710518291836	0.0	0.038990612128152205	0.038990612128152205
0.02006283614083241	0.0007653333812776533	0.038986986602569815	0.038990612128152205
0.0396921151764819	0.001530527440485835	0.03897641679625208	0.038990612128152205
0.05932139421213139	0.002295445866406603	0.03895890270940403	0.038990612128152205
0.07895067324778088	0.0030599523478206585	0.0389344443419313	0.038990612128152205
0.09857995228343037	0.0038239105735043567	0.038903041693688946	0.038990612128152205
0.11820923131907987	0.0045871842322297044	0.03886469476448147	0.038990612128152205
0.13783851035472935	0.005349637012764367	0.038819403554062826	0.038990612128152205
0.15746778939037887	0.006111132603867782	0.0387671680622583	0.038990612128152205
0.17709706842602835	0.006871534693982096	0.03870798829986987	0.038990612128152205
0.19672634746167786	0.007630706971828171	0.03864186427226164	0.038990612128152205
0.2163556264973273	0.008388513126371636	0.03856879597692025	0.038990612128152205
0.2359849055329768	0.00914481684654555	0.038488783411367175	0.038990612128152205
0.2556141845686263	0.009899481821250403	0.038401826573158764	0.038990612128152205
0.2752434636042758	0.010652371739354106	0.038307925459886205	0.038990612128152205
0.2948727426399253	0.011403350289692013	0.03820708006917554	0.038990612128152205
0.3145020216755748	0.012152281161066893	0.03809929039868765	0.038990612128152205
0.33413130071122427	0.012899028042248958	0.0379845564461183	0.038990612128152205
0.35376057974687375	0.013643454621975842	0.03786287820919807	0.038990612128152205
0.3733898587825233	0.014385424588952606	0.037734255685692414	0.038990612128152205
0.39301913781817277	0.015124801631851748	0.03759868887340163	0.038990612128152205
0.41264841685382225	0.01586144943931319	0.03745617777016086	0.038990612128152205
0.4322776958894717	0.01659523169994428	0.03730672237384011	0.038990612128152205
0.45190697492512116	0.017326012102319814	0.037150322682344236	0.038990612128152205
0.47153625396077065	0.01805365433498199	0.03698697869361294	0.038990612128152205
0.49116553299642013	0.018778022086440464	0.03681669040562078	0.038990612128152205
0.5107948120320697	0.019498979045172293	0.036639457816377154	0.038990612128152205
0.5304240910677192	0.020216388899621986	0.036455280923926324	0.038990612128152205
0.5500533701033686	0.02093011533820148	0.03626415972634741	0.038990612128152205
0.5696826491390181	0.021640022049290115	0.03606609422175436	0.038990612128152205
0.5893119281746676	0.0223459727212347	0.03586108440829598	0.038990612128152205
0.6089412072103171	0.023047831042349445	0.03564913028415596	0.038990612128152205
0.6285704862459666	0.023745460700916	0.03543023184755279	0.038990612128152205
0.648199765281616	0.024438725385183435	0.03520438909673985	0.038990612128152205
0.6678290443172655	0.025127488783368273	0.03497160203000534	0.038990612128152205
0.6874583233529151	0.025811614583654437	0.03473187064567236	0.038990612128152205
0.7070876023885646	0.026490966474193304	0.034485194942098805	0.038990612128152205
0.7267168814242141	0.02716540814310366	0.034231574917677456	0.038990612128152205
0.7463461604598636	0.02783480327847174	0.03397101057083594	0.038990612128152205
0.765975439495513	0.02849901556835119	0.03370350190003672	0.038990612128152205
0.7856047185311625	0.029157908700763107	0.03342904890377713	0.038990612128152205
0.805233997566812	0.029811346363695986	0.033147651580589355	0.038990612128152205
0.8248632766024615	0.030459192245105786	0.03285930992904041	0.038990612128152205
0.844492555638111	0.03110131003291587	0.03256402394773218	0.038990612128152205
0.8641218346737605	0.03173756341501705	0.032261793635301406	0.038990612128152205
0.8837511137094101	0.03236781607926755	0.03195261899041966	0.038990612128152205
0.9033803927450595	0.03299193171349303	0.031636500011793384	0.038990612128152205
0.923009671780709	0.033609774005486606	0.031313436698163846	0.038990612128152205
0.9426389508163585	0.03422120664300877	0.030983429048307212	0.038990612128152205
0.962268229852008	0.03482609331378747	0.03064647706103445	0.038990612128152205
0.9818975088876575	0.0354242977055181	0.03030258073519141	0.038990612128152205
1.001526787923307	0.03601568350586346	0.029951740069658776	0.038990612128152205
1.0211560669589566	0.0366001144024538	0.0295939550633521	0.038990612128152205
1.040785345994606	0.037177454082886786	0.02922922571522177	0.038990612128152205
1.0604146250302555	0.03774756623472751	0.028857552024253025	0.038990612128152205
1.080043904065905	0.0383103145455085	0.028478933989465983	0.038990612128152205
1.0996731831015545	0.03886556270272971	0.02809337160991557	0.038990612128152205
1.1193024621372039	0.03941317439385853	0.027700864884691596	0.038990612128152205
1.1389317411728535	0.03995301330632978	0.027301413812918715	0.038990612128152205
1.1585610202085028	0.040484943127545685	0.026895018393756426	0.038990612128152205
1.1781902992441524	0.04100882754487594	0.02648167862639908	0.038990612128152205
1.197819578279802	0.04152453024565765	0.026061394510075886	0.038990612128152205
1.2174488573154514	0.042031914917195344	0.0256341660440509	0.038990612128152205
1.237078136351101	0.04253084524676097	0.025199993227623042	0.038990612128152205
1.2567074153867503	0.043021184921593944	0.02475887606012605	0.038990612128152205
1.2763366944224	0.04350279762890107	0.02431081454092855	0.038990612128152205
1.2959659734580493	0.04397554705585662	0.023855808669433994	0.038990612128152205
1.315595252493699	0.04443929688960225	0.023393858445080712	0.038990612128152205
1.3352245315293483	0.044893910817247085	0.02292496386734185	0.038990612128152205
1.3548538105649979	0.04533925252586768	0.02244912493572544	0.038990612128152205
1.3744830896006475	0.045775185702507964	0.02196634164977434	0.038990612128152205
1.3941123686362968	0.04620157403417937	0.021476614009066274	0.038990612128152205
1.4137416476719464	0.04661828120786073	0.02097994201321381	0.038990612128152205
1.4333709267075958	0.04702517091049828	0.020476325661864376	0.038990612128152205
1.4530002057432454	0.04742210682900571	0.01996576495470024	0.038990612128152205
1.4726294847788948	0.04780895265026415	0.01944825989143853	0.038990612128152205
1.4922587638145444	0.04818557206112215	0.018923810471831216	0.038990612128152205
1.5118880428501937	0.04855182874839567	0.018392416695665135	0.038990612128152205
1.5315173218858433	0.04890758639886812	0.017854078562761964	0.038990612128152205
1.5511466009214927	0.049252708699296696	0.01730879607294082	0.038990612128152205
1.5707758799571423	0.04958705933903508	0.016756569210388178	0.038990612128152205
1.590405158992792	0.04991050200694304	0.016197397960955283	0.038990612128152205
1.6100344380284413	0.05022290038969517	0.01563128232286298	0.038990612128152205
1.6296637170640909	0.050524118173932694	0.015058222294356367	0.038990612128152205
1.6492929960997402	0.0508140190462634	0.014478217873704818	0.038990612128152205
1.6689222751353898	0.05109246669326169	0.013891269059201964	0.038990612128152205
1.6885515541710392	0.051359324801468556	0.013297375849165703	0.038990612128152205
1.7081808332066886	0.05161445705739159	0.012696538241938202	0.038990612128152205
1.7278101122423382	0.05185772714750497	0.012088756235885876	0.038990612128152205
1.7474393912779875	0.052088998758249495	0.011474029829399424	0.038990612128152205
1.7670686703136371	0.052308135576032526	0.0108523590208938	0.038990612128152205
1.7866979493492865	0.052515001287228046	0.010223743808808222	0.038990612128152205
1.806327228384936	0.0527094595781799	0.009588184191608567	0.038990612128152205
1.8259565074205855	0.05289137413521531	0.00894568016779946	0.038990612128152205
1.845585786456235	0.053060608644626174	0.0082962317359144	0.038990612128152205
1.8652150654918844	0.053217026792674954	0.007639838894519477	0.038990612128152205
1.884844344527534	0.053360492265595943	0.006976501642214241	0.038990612128152205
1.9044736235631836	0.05349086874959549	0.00630621997763181	0.038990612128152205
1.924102902598833	0.05360801993085419	0.005628993899440693	0.038990612128152205
1.9437321816344826	0.05371180949552703	0.004989309845354618	0.038990612128152205
2.375777600054186	0.05586743474369881	0.004989375185061927	0.038990612128152205
2.80782301847389	0.0580230838408649	0.004989432829142585	0.038990612128152205
3.2398684368935933	0.060178755210474194	0.004989483768783453	0.038990612128152205
3.6719138553132975	0.062334447275975584	0.00498952899517139	0.038990612128152205
4.103959273733	0.06449015846081796	0.004989569499493255	0.038990612128152205
4.536004692152704	0.06664588718845023	0.004989606272935906	0.038990612128152205
4.968050110572407	0.06880163188232129	0.004989640306686205	0.038990612128152205
5.400095528992112	0.07095739096588002	0.004989672591931009	0.038990612128152205
5.832140947411815	0.07311316503655263	0.004989702646006044	0.038990612128152205
6.264186365831519	0.07526895253322424	0.004989731144579988	0.038990612128152205
6.696231784251222	0.0774247513717994	0.004989759420504984	0.038990612128152205
7.128277202670926	0.079580561576336	0.004989787488407032	0.038990612128152205
7.560322621090629	0.08173638317089198	0.004989815362912127	0.038990612128152205
7.992368039510334	0.08389221617952525	0.004989843058646271	0.038990612128152205
8.424413457930036	0.0860480606262937	0.004989870590235458	0.038990612128152205
8.856458876349741	0.08820391653525524	0.004989897972305688	0.038990612128152205
9.288504294769444	0.0903597839304678	0.00498992521948296	0.038990612128152205
9.720549713189147	0.09251566283598929	0.004989952346393269	0.038990612128152205
10.152595131608852	0.09467155327587762	0.004989979367662614	0.038990612128152205
10.584640550028555	0.0968274552741907	0.004990006297916994	0.038990612128152205
11.01668596844826	0.09898336885498644	0.004990033151782406	0.038990612128152205
11.448731386867962	0.10113929404232276	0.004990059943884848	0.038990612128152205
11.880776805287665	0.10329523086025756	0.004990086688850317	0.038990612128152205
12.312822223707368	0.10545117933284877	0.004990113401304813	0.038990612128152205
12.744867642127074	0.10760713948415429	0.0049901400958743325	0.038990612128152205
13.176913060546777	0.10976311133823202	0.004990166787184874	0.038990612128152205
13.608958478966482	0.1119190949191399	0.004990193489862435	0.038990612128152205
14.041003897386183	0.11407509025093579	0.004990220218533013	0.038990612128152205
14.473049315805886	0.11623109735767767	0.004990246987822607	0.038990612128152205
14.90509473422559	0.11838711626342342	0.0049902738123572135	0.038990612128152205
15.337140152645295	0.12054314699223095	0.004990300706762832	0.038990612128152205
15.769185571065	0.12269918956815817	0.0049903276856654594	0.038990612128152205
16.201230989484706	0.12485524401526302	0.004990354763691094	0.038990612128152205
16.633276407904404	0.12701131035760335	0.004990381955465733	0.038990612128152205
17.06532182632411	0.12916738861923713	0.0049904092756153755	0.038990612128152205
17.497367244743813	0.13132347882422224	0.004990436738766019	0.038990612128152205
17.929412663163518	0.1334795809966166	0.0049904643595436605	0.038990612128152205
18.361458081583223	0.13563569516047816	0.004990492152574299	0.038990612128152205
18.79350350000292	0.13779182133986476	0.004990520132483931	0.038990612128152205
19.225548918422625	0.13994795955883438	0.0049905483138985565	0.038990612128152205
19.657594336842333	0.1421041098414449	0.004990576711444172	0.038990612128152205
20.089639755262038	0.1442602722117542	0.004990605339746776	0.038990612128152205
20.521685173681742	0.14641644764811054	0.004990634066132367	0.038990612128152205
20.95373059210144	0.14857263783429955	0.004990662633023646	0.038990612128152205
21.385776010521145	0.15072884017523172	0.004990691449793665	0.038990612128152205
21.81782142894085	0.1528850547864602	0.004990720516671279	0.038990612128152205
22.249866847360554	0.15504128178353807	0.004990749833885348	0.038990612128152205
22.68191226578025	0.15719752128201847	0.0049907794016647265	0.038990612128152205
23.11395768419996	0.1593537733974546	0.004990809220238273	0.038990612128152205
23.546003102619665	0.1615100382453995	0.004990839289834845	0.038990612128152205
23.97804852103937	0.16366631594140638	0.0049908696106833	0.038990612128152205
24.410093939459074	0.16582260660102832	0.004990900183012494	0.038990612128152205
24.84213935787877	0.16797891033981846	0.004990931007051286	0.038990612128152205
25.274184776298476	0.17013522727332997	0.004990962083028533	0.038990612128152205
25.70623019471818	0.17229155751711595	0.004990993411173091	0.038990612128152205
26.138275613137886	0.17444790118672956	0.004991024991713819	0.038990612128152205
26.57032103155759	0.1766042583977239	0.004991056824879573	0.038990612128152205
27.00236644997729	0.1787606292656521	0.004991088910899211	0.038990612128152205
27.434411868396996	0.18091701390606735	0.00499112125000159	0.038990612128152205
27.8664572868167	0.18307341243452274	0.004991153842415568	0.038990612128152205
28.298502705236405	0.18522982496657137	0.004991186688370001	0.038990612128152205
28.73054812365611	0.18738625161776645	0.004991219788093746	0.038990612128152205
29.162593542075808	0.18954269250366104	0.004991253141815663	0.038990612128152205
29.594638960495512	0.19169914773980834	0.0049912867497646065	0.038990612128152205
30.026684378915217	0.19385561744176144	0.004991320612169435	0.038990612128152205
30.45872979733492	0.19601210172507352	0.004991354729259007	0.038990612128152205
30.890775215754623	0.19816860070529763	0.004991389101262178	0.038990612128152205
31.322820634174327	0.20032511449798696	0.0049914237284078055	0.038990612128152205
31.754866052594032	0.20248164321869463	0.004991458610924747	0.038990612128152205
32.18691147101374	0.2046381869829738	0.00499149374904186	0.038990612128152205
32.61895688943344	0.2067947459063776	0.004991529142988001	0.038990612128152205
33.05100230785314	0.20895132010445908	0.00499156479299203	0.038990612128152205
33.483047726272844	0.2111079096927715	0.004991600699282801	0.038990612128152205
33.91509314469255	0.21326451478686786	0.004991636862089173	0.038990612128152205
34.34713856311225	0.21542113550230146	0.004991673281640003	0.038990612128152205
34.77918398153196	0.21757777195462524	0.004991709958164148	0.038990612128152205
35.211229399951655	0.2197344242593925	0.004991746891890466	0.038990612128152205
35.64327481837136	0.22189109253215625	0.004991784083047813	0.038990612128152205
36.075320236791065	0.22404777688846972	0.004991821531865048	0.038990612128152205
36.50736565521077	0.22620447744388597	0.004991859238571028	0.038990612128152205
36.939411073630474	0.22836119431395818	0.004991897203394609	0.038990612128152205
37.37145649205018	0.23051792761423945	0.004991935426564649	0.038990612128152205
37.80350191046988	0.23267467746028292	0.004991973908310006	0.038990612128152205
38.23554732888959	0.23483144396764177	0.004992012648859536	0.038990612128152205
38.66759274730929	0.23698822725186908	0.004992051648442098	0.038990612128152205
39.099638165729	0.239145027428518	0.004992090907286547	0.038990612128152205
39.531683584148695	0.24130184461314164	0.004992130425621743	0.038990612128152205
39.9637290025684	0.2434586789212932	0.004992170203676541	0.038990612128152205
40.395774420988104	0.24561553046852574	0.004992210241679799	0.038990612128152205
40.82781983940781	0.24777239937039242	0.004992250539860375	0.038990612128152205
41.259865257827514	0.24992928574244638	0.004992291098447127	0.038990612128152205
41.69191067624721	0.2520861897002407	0.00499233191766891	0.038990612128152205
42.123956094666916	0.25424311135932864	0.004992372997754582	0.038990612128152205
42.55600151308662	0.25640005083526324	0.004992414338933001	0.038990612128152205
42.988046931506325	0.2585570082435976	0.004992455941433024	0.038990612128152205
43.42009234992602	0.2607139836998849	0.004992497805483509	0.038990612128152205
43.85213776834573	0.26287097731967835	0.004992539931313313	0.038990612128152205
44.28418318676543	0.265027989218531	0.004992582319151292	0.038990612128152205
44.716228605185144	0.2671850195119959	0.0049926249692263044	0.038990612128152205
45.14827402360485	0.26934206831562635	0.004992667881767208	0.038990612128152205
45.580319442024546	0.2714991357449753	0.004992711057002859	0.038990612128152205
46.01236486044425	0.27365622191559613	0.004992754495162116	0.038990612128152205
46.444410278863955	0.2758133269430418	0.004992798196473834	0.038990612128152205
46.87645569728366	0.27797045094286543	0.004992842161166873	0.038990612128152205
47.308501115703365	0.28012759403062026	0.004992886389470088	0.038990612128152205
47.74054653412306	0.2822847563218593	0.004992930881612339	0.038990612128152205
48.17259195254277	0.28444193793213574	0.004992975637822481	0.038990612128152205
48.60463737096247	0.2865991389770028	0.004993020658329372	0.038990612128152205
49.036682789382176	0.2887563595720134	0.004993065943361869	0.038990612128152205
49.46872820780188	0.2909135998327209	0.00499311149314883	0.038990612128152205
49.90077362622158	0.2930708598746784	0.004993157307919112	0.038990612128152205
50.33281904464128	0.2952281398134389	0.004993203387901572	0.038990612128152205
50.76486446306099	0.29738543976455556	0.004993249733325067	0.038990612128152205
51.19690988148069	0.2995427598435816	0.004993296344418456	0.038990612128152205
51.6289552999004	0.30170010016607013	0.004993343221410595	0.038990612128152205
52.0610007183201	0.30385746084757426	0.004993390364530341	0.038990612128152205
52.49304613673981	0.30601484200364704	0.004993437774006552	0.038990612128152205
52.92509155515951	0.3081722437498418	0.004993485450068085	0.038990612128152205
53.357136973579216	0.31032966620171154	0.004993533392943797	0.038990612128152205
53.78918239199892	0.3124871094748094	0.004993581602862547	0.038990612128152205
54.221227810418625	0.31464457368468857	0.0049936300800531895	0.038990612128152205
54.65327322883832	0.31680205894690205	0.004993678824744584	0.038990612128152205
55.085318647258035	0.3189595653770032	0.004993727837165587	0.038990612128152205
55.51736406567773	0.3211170930905449	0.004993777117545056	0.038990612128152205
55.949409484097444	0.32327464220308055	0.004993826666111848	0.038990612128152205
56.38145490251714	0.325432212830163	0.004993876483094821	0.038990612128152205
56.81350032093685	0.3275898050873456	0.004993926568722831	0.038990612128152205
57.24554573935655	0.3297474190901813	0.004993976923224736	0.038990612128152205
57.67759115777625	0.3319050549542234	0.004994027546829394	0.038990612128152205
58.10963657619596	0.334062712795025	0.004994078439765662	0.038990612128152205
58.54168199461566	0.33622039272813914	0.004994129602262397	0.038990612128152205
58.97372741303537	0.3383780948691191	0.0049941810345484556	0.038990612128152205
59.40577283145507	0.34053581933351784	0.004994232736852696	0.038990612128152205
59.837818249874765	0.3426935662368886	0.004994284709403976	0.038990612128152205
60.26986366829448	0.34485133569478454	0.0049943369524311524	0.038990612128152205
60.701909086714174	0.3470091278227587	0.004994389466163081	0.038990612128152205
61.133954505133886	0.34916694273636434	0.004994442250828622	0.038990612128152205
61.56599992355359	0.35132478055115446	0.0049944953066566305	0.038990612128152205
61.99804534197329	0.35348264138268215	0.0049945486338759644	0.038990612128152205
62.430090760393	0.3556405253465008	0.004994602232715481	0.038990612128152205
62.8621361788127	0.3577984325581633	0.004994656103404038	0.038990612128152205
63.29418159723241	0.35995636313322293	0.004994710246170492	0.038990612128152205
63.72622701565211	0.36211431718723275	0.004994764661243702	0.038990612128152205
64.1582724340718	0.36427229483574586	0.0049948193488525226	0.038990612128152205
64.59031785249151	0.36643029619431544	0.004994874309225812	0.038990612128152205
65.02236327091121	0.3685883213784946	0.00499492954259243	0.038990612128152205
65.45440868933092	0.37074637050383663	0.004994985049181231	0.038990612128152205
65.88645410775062	0.37290444368589437	0.004995040829221072	0.038990612128152205
66.31849952617033	0.3750625410402212	0.004995096882940813	0.038990612128152205
66.75054494459003	0.3772206626823701	0.00499515321056931	0.038990612128152205
67.18259036300974	0.3793788087278943	0.004995209812335419	0.038990612128152205
67.61463578142944	0.381536979292347	0.004995266688467999	0.038990612128152205
68.04668119984915	0.383695174491281	0.004995323839195907	0.038990612128152205
68.47872661826884	0.3858533944402498	0.004995381264748	0.038990612128152205
68.91077203668856	0.3880116392548064	0.004995438965353135	0.038990612128152205
69.34281745510825	0.39016990905050397	0.0049954969412401695	0.038990612128152205
69.77486287352797	0.3923282039428956	0.004995555192637961	0.038990612128152205
70.20690829194766	0.39448652404753437	0.004995613719775367	0.038990612128152205
70.63895371036736	0.39664486947997346	0.004995672522881245	0.038990612128152205
71.07099912878707	0.3988032403557661	0.004995731602184451	0.038990612128152205
71.50304454720677	0.40096163679046526	0.004995790957913844	0.038990612128152205
71.93508996562647	0.4031200588996242	0.0049958505902982795	0.038990612128152205
72.36713538404618	0.40527850679879596	0.0049959104995666165	0.038990612128152205
72.79918080246588	0.4074369806035338	0.004995970685947712	0.038990612128152205
73.23122622088559	0.40959548042939076	0.0049960311496704225	0.038990612128152205
73.6632716393053	0.4117540063919199	0.004996091890963605	0.038990612128152205
74.095317057725	0.41391255860667453	0.004996152910056118	0.038990612128152205
74.5273624761447	0.41607113718920763	0.004996214207176819	0.038990612128152205
74.9594078945644	0.41822974225507237	0.004996275782554564	0.038990612128152205
75.39145331298411	0.420388373919822	0.004996337636418211	0.038990612128152205
75.8234987314038	0.4225470322990094	0.004996399768996618	0.038990612128152205
76.25554414982352	0.4247057175081881	0.00499646218051864	0.038990612128152205
76.68758956824321	0.42686443291122883	0.004996524861185854	0.038990612128152205
77.11963498666292	0.4290231935953764	0.004996587763666445	0.038990612128152205
77.55168040508262	0.4311819811438959	0.004996650944271281	0.038990612128152205
77.98372582350233	0.4333407956798341	0.004996714403021876	0.038990612128152205
78.41577124192203	0.43549963732623787	0.004996778139939743	0.038990612128152205
78.84781666034173	0.43765850620615393	0.004996842155046396	0.038990612128152205
79.27986207876143	0.4398174024426291	0.004996906448363349	0.038990612128152205
79.71190749718114	0.4419763261587104	0.004996971019912112	0.038990612128152205
80.14395291560083	0.4441352774774444	0.004997035869714201	0.038990612128152205
80.57599833402055	0.44629425652187804	0.004997100997791128	0.038990612128152205
81.00804375244024	0.4484532634150581	0.004997166404164408	0.038990612128152205
81.44008917085995	0.4506122982800313	0.004997232088855552	0.038990612128152205
81.87213458927967	0.4527713612398447	0.004997298051886074	0.038990612128152205
82.30418000769936	0.4549304524175448	0.004997364293277488	0.038990612128152205
82.73622542611908	0.4570895719361787	0.004997430813051306	0.038990612128152205
83.16827084453877	0.45924871991879307	0.004997497611229042	0.038990612128152205
83.60031626295847	0.4614078964884347	0.004997564687832209	0.038990612128152205
84.03236168137818	0.4635671017681505	0.004997632042882321	0.038990612128152205
84.46440709979788	0.4657263358809873	0.00499769967640089	0.038990612128152205
84.89645251821757	0.4678855989499917	0.004997767588409429	0.038990612128152205
85.32849793663729	0.4700448910982108	0.004997835778929453	0.038990612128152205
85.76054335505698	0.4722042124486912	0.004997904247982474	0.038990612128152205
86.1925887734767	0.47436356312447986	0.004997972995590005	0.038990612128152205
86.62463419189639	0.47652294324862343	0.00499804202177356	0.038990612128152205
87.0566796103161	0.4786823529441689	0.004998111326554652	0.038990612128152205
87.4887250287358	0.480841792334163	0.0049981809099547934	0.038990612128152205
87.9207704471555	0.4830012615416525	0.004998250771995499	0.038990612128152205
88.35281586557521	0.4851607606896844	0.004998320912698281	0.038990612128152205
88.78486128399491	0.4873202899013052	0.004998391332084653	0.038990612128152205
89.21690670241462	0.489479849299562	0.004998462030176128	0.038990612128152205
89.64895212083432	0.4916394390075015	0.004998533006994218	0.038990612128152205
90.08099753925403	0.49379905914817057	0.004998604262560439	0.038990612128152205
90.51304295767373	0.49595870984461593	0.004998675796896302	0.038990612128152205
90.94508837609344	0.49811839121988444	0.004998747610023321	0.038990612128152205
91.37713379451313	0.5002781033970229	0.004998819701963009	0.038990612128152205
91.80917921293285	0.5024378464990782	0.00499889207273688	0.038990612128152205
92.24122463135254	0.5045976206490971	0.004998964722366446	0.038990612128152205
92.67327004977226	0.5067574259701264	0.004999037650873221	0.038990612128152205
93.10531546819195	0.5089172625852129	0.004999110858278719	0.038990612128152205
93.53736088661165	0.5110771306174035	0.004999184344604451	0.038990612128152205
93.96940630503136	0.5132370301897449	0.004999258109871933	0.038990612128152205
94.40145172345106	0.5153969614252839	0.0049993321541026755	0.038990612128152205
94.83349714187077	0.5175569244470675	0.004999406477318194	0.038990612128152205
95.26554256029047	0.5197169193781424	0.00499948107954	0.038990612128152205
95.69758797871017	0.5218769463415553	0.004999555960789608	0.038990612128152205
96.12963339712988	0.5240370054603533	0.00499963112108853	0.038990612128152205
96.56167881554958	0.5261970968575829	0.00499970656045828	0.038990612128152205
96.99372423396929	0.5283572206562912	0.0049997822789203715	0.038990612128152205
97.425769652389	0.5305173769795247	0.004999858276496317	0.038990612128152205
97.85781507080868	0.5326775659503304	0.004999934553207631	0.038990612128152205
98.2898604892284	0.5348377876917553	0.005000011109075826	0.038990612128152205
98.7219059076481	0.5369980423268459	0.005000087944122414	0.038990612128152205
99.15395132606781	0.5391583299786491	0.0050001650583689095	0.038990612128152205
99.5859967444875	0.5413186507702118	0.005000242451836826	0.038990612128152205
100.01804216290721	0.5434790048245807	0.005000320124547676	0.038990612128152205
100.45008758132691	0.5456393922648027	0.005000398076522973	0.038990612128152205
100.88213299974662	0.5477998132139247	0.00500047630778423	0.038990612128152205
101.31417841816632	0.5499602677949933	0.005000554818352961	0.038990612128152205
101.74622383658603	0.5521207561310554	0.005000633608250678	0.038990612128152205
102.17826925500572	0.5542812783451578	0.0050007126774988956	0.038990612128152205
102.61031467342544	0.5564418345603475	0.0050007920261191255	0.038990612128152205
103.04236009184513	0.5586024248996709	0.005000871654132882	0.038990612128152205
103.47440551026484	0.5607630494861753	0.005000951561561679	0.038990612128152205
103.90645092868454	0.5629237084429073	0.005001031748427028	0.038990612128152205
104.33849634710424	0.5650844018929135	0.005001112214750443	0.038990612128152205
104.77054176552394	0.5672451299592411	0.005001192960553438	0.038990612128152205
105.20258718394365	0.5694058927649367	0.005001273985857525	0.038990612128152205
105.63463260236337	0.5715666904330472	0.005001355290684217	0.038990612128152205
106.06667802078306	0.5737275230866192	0.005001436875055029	0.038990612128152205
106.49872343920276	0.5758883908486998	0.005001518738991473	0.038990612128152205
106.93076885762247	0.5780492938423358	0.005001600882515062	0.038990612128152205
107.36281427604217	0.5802102321905738	0.00500168330564731	0.038990612128152205
107.79485969446188	0.5823712060164606	0.00500176600840973	0.038990612128152205
108.22690511288158	0.5845322154430432	0.005001848990823835	0.038990612128152205
108.65895053130127	0.5866932605933685	0.005001932252911138	0.038990612128152205
109.09099594972098	0.588854341590483	0.005002015794693153	0.038990612128152205
109.52304136814068	0.5910154585574336	0.0050020996161913925	0.038990612128152205
109.9550867865604	0.5931766116172675	0.0050021837174273704	0.038990612128152205
110.38713220498009	0.595337800893031	0.005002268098422599	0.038990612128152205
110.8191776233998	0.5974990265077712	0.005002352759198593	0.038990612128152205
111.2512230418195	0.5996602885845348	0.005002437699776863	0.038990612128152205
111.68326846023922	0.6018215872463688	0.005002522920178926	0.038990612128152205
112.11531387865891	0.6039829226163196	0.005002608420426291	0.038990612128152205
112.54735929707861	0.6061442948174345	0.005002694200540475	0.038990612128152205
112.97940471549832	0.60830570397276	0.005002780260542989	0.038990612128152205
113.41145013391801	0.6104671502053429	0.005002866600455348	0.038990612128152205
113.84349555233773	0.6126286336382304	0.005002953220299063	0.038990612128152205
114.27554097075743	0.6147901543944688	0.005003040120095648	0.038990612128152205
114.70758638917714	0.6169517125971052	0.005003127299866617	0.038990612128152205
115.13963180759683	0.6191133083691864	0.0050032147596334835	0.038990612128152205
115.57167722601653	0.6212749418337592	0.005003302499417759	0.038990612128152205
116.00372264443625	0.6234366131138704	0.005003390519240958	0.038990612128152205
116.43576806285596	0.6255983223325668	0.005003478819124593	0.038990612128152205
116.86781348127565	0.6277600696128953	0.005003567399090179	0.038990612128152205
117.29985889969535	0.6299218550779025	0.005003656259159227	0.038990612128152205
117.73190431811504	0.6320836788506354	0.005003745399353251	0.038990612128152205
118.16394973653478	0.634245541054141	0.005003834819693765	0.038990612128152205
118.59599515495447	0.6364074418114656	0.005003924520202281	0.038990612128152205
119.02804057337417	0.6385693812456563	0.005004014500900313	0.038990612128152205
119.46008599179387	0.64073135947976	0.005004104761809374	0.038990612128152205
119.89213141021357	0.6428933766368234	0.005004195302950978	0.038990612128152205
120.32417682863328	0.6450554328398935	0.0050042861243466364	0.038990612128152205
120.75622224705299	0.6472175282120168	0.005004377226017864	0.038990612128152205
121.1882676654727	0.6493796628762403	0.005004468607986174	0.038990612128152205
121.62031308389238	0.6515418369556107	0.005004560270273079	0.038990612128152205
122.05235850231209	0.653704050573175	0.005004652212900092	0.038990612128152205
122.48440392073181	0.6558663038519801	0.005004744435888727	0.038990612128152205
122.91644933915151	0.6580285969150724	0.005004836939260497	0.038990612128152205
123.3484947575712	0.660190929885499	0.005004929723036915	0.038990612128152205
123.78054017599091	0.6623533028863067	0.0050050227872394945	0.038990612128152205
124.2125855944106	0.6645157160405422	0.005005116131889748	0.038990612128152205
124.64463101283033	0.6666781694712525	0.00500520975700919	0.038990612128152205
125.07667643125002	0.6688406633014842	0.005005303662619333	0.038990612128152205
125.50872184966973	0.6710031976542842	0.00500539784874169	0.038990612128152205
125.94076726808942	0.6731657726526993	0.005005492315397774	0.038990612128152205
126.37281268650912	0.6753283884197764	0.0050055870626091	0.038990612128152205
126.80485810492884	0.6774910450785624	0.0050056820903971785	0.038990612128152205
127.23690352334854	0.6796537427521039	0.005005777398783526	0.038990612128152205
127.66894894176824	0.6818164815634478	0.005005872987789652	0.038990612128152205
128.10099436018794	0.6839792616356406	0.005005968857437072	0.038990612128152205
128.53303977860764	0.6861420830917297	0.0050060650077473	0.038990612128152205
128.96508519702735	0.6883049460547618	0.005006161438741847	0.038990612128152205
129.39713061544705	0.6904678506477833	0.005006258150442228	0.038990612128152205
129.82917603386676	0.6926307969938413	0.005006355142869955	0.038990612128152205
130.26122145228646	0.6947937852159826	0.0050064524160465425	0.038990612128152205
130.69326687070617	0.6969568154372539	0.005006549969993503	0.038990612128152205
131.12531228912587	0.6991198877807023	0.005006647804732349	0.038990612128152205
131.55735770754558	0.7012830023693744	0.005006745920284595	0.038990612128152205
131.98940312596528	0.7034461593263169	0.005006844316671754	0.038990612128152205
132.421448544385	0.7056093587745769	0.0050069429939153375	0.038990612128152205
132.85349396280466	0.707772600837201	0.005007041952036861	0.038990612128152205
133.2855393812244	0.709935885637236	0.005007141191057838	0.038990612128152205
133.7175847996441	0.7120992132977289	0.0050072407109997795	0.038990612128152205
134.1496302180638	0.7142625839417263	0.0050073405118842	0.038990612128152205
134.58167563648348	0.7164259976922751	0.005007440593732612	0.038990612128152205
135.0137210549032	0.7185894546724223	0.00500754095656653	0.038990612128152205
135.44576647332292	0.7207529550052145	0.005007641600407466	0.038990612128152205
135.87781189174262	0.7229164988136987	0.005007742525276935	0.038990612128152205
136.30985731016233	0.7250800862209212	0.005007843731196448	0.038990612128152205
136.741902728582	0.7272437173499295	0.005007945218187519	0.038990612128152205
137.1739481470017	0.72940739232377	0.005008046986271662	0.038990612128152205
137.60599356542144	0.7315711112654898	0.00500814903547039	0.038990612128152205
138.03803898384115	0.7337348742981353	0.005008251365805215	0.038990612128152205
138.47008440226082	0.7358986815447537	0.005008353977297652	0.038990612128152205
138.90212982068053	0.7380625331283915	0.005008456869969213	0.038990612128152205
139.33417523910023	0.7402264291720959	0.005008560043841411	0.038990612128152205
139.76622065751997	0.7423903697989136	0.00500866349893576	0.038990612128152205
140.19826607593964	0.744554355131891	0.0050087672352737735	0.038990612128152205
140.63031149435935	0.7467183852940754	0.005008871252876964	0.038990612128152205
141.06235691277905	0.7488824604085134	0.0050089755517668455	0.038990612128152205
141.49440233119876	0.7510465805982518	0.00500908013196493	0.038990612128152205
141.92644774961846	0.7532107459863375	0.005009184993492732	0.038990612128152205
142.35849316803817	0.7553749566958174	0.005009290136371764	0.038990612128152205
142.79053858645787	0.757539212849738	0.00500939556062354	0.038990612128152205
143.22258400487758	0.7597035145711465	0.005009501266269572	0.038990612128152205
143.65462942329728	0.7618678619830894	0.005009607253331374	0.038990612128152205
144.08667484171698	0.7640322552086138	0.005009713521830459	0.038990612128152205
144.5187202601367	0.7661966943707662	0.005009820071788341	0.038990612128152205
144.9507656785564	0.7683611795925938	0.005009926903226532	0.038990612128152205
145.3828110969761	0.7705257109971428	0.0050100340161665455	0.038990612128152205
145.81485651539577	0.7726902887074607	0.005010141410629896	0.038990612128152205
146.2469019338155	0.774854912846594	0.005010249086638095	0.038990612128152205
146.6789473522352	0.7770195835375895	0.005010357044212656	0.038990612128152205
147.11099277065492	0.7791843009034939	0.005010465283375094	0.038990612128152205
147.5430381890746	0.7813490650673542	0.00501057380414692	0.038990612128152205
147.9750836074943	0.7835138761522173	0.005010682606549649	0.038990612128152205
148.40712902591403	0.78567873428113	0.005010791690604793	0.038990612128152205
148.83917444433374	0.7878436395771389	0.005010901056333865	0.038990612128152205
149.2712198627534	0.7900085921632907	0.0050110107037583795	0.038990612128152205
149.70326528117312	0.7921735921626326	0.005011120632899849	0.038990612128152205
150.13531069959282	0.7943386396982113	0.005011230843779787	0.038990612128152205
150.56735611801255	0.7965037348930735	0.005011341336419706	0.038990612128152205
150.99940153643223	0.7986688778702661	0.00501145211084112	0.038990612128152205
151.43144695485194	0.8008340687528359	0.005011563167065542	0.038990612128152205
151.86349237327164	0.8029993076638295	0.005011674505114486	0.038990612128152205
152.29553779169134	0.8051645947262942	0.0050117861250094636	0.038990612128152205
152.72758321011105	0.8073299300632766	0.005011898026771989	0.038990612128152205
153.15962862853075	0.8094953137978231	0.005012010210423575	0.038990612128152205
153.59167404695046	0.8116607460529811	0.005012122675985736	0.038990612128152205
154.02371946537016	0.8138262269517972	0.005012235423479984	0.038990612128152205
154.45576488378987	0.815991756617318	0.005012348452927832	0.038990612128152205
154.88781030220957	0.8181573351725908	0.005012461764350795	0.038990612128152205
155.31985572062928	0.8203229627406619	0.0050125753577703845	0.038990612128152205
155.75190113904898	0.8224886394445783	0.005012689233208114	0.038990612128152205
156.1839465574687	0.824654365407387	0.0050128033906854975	0.038990612128152205
156.61599197588836	0.8268201407521345	0.005012917830224047	0.038990612128152205
157.0480373943081	0.8289859656018681	0.0050130325518452775	0.038990612128152205
157.4800828127278	0.831151840079634	0.0050131475555707005	0.038990612128152205
157.9121282311475	0.8333177643084795	0.005013262841421831	0.038990612128152205
158.34417364956718	0.8354837384114511	0.00501337840942018	0.038990612128152205
158.7762190679869	0.8376497625115956	0.005013494259587262	0.038990612128152205
159.20826448640662	0.8398158367319603	0.0050136103919445904	0.038990612128152205
159.64030990482632	0.8419819611955914	0.005013726806513678	0.038990612128152205
160.07235532324603	0.8441481360255361	0.005013843503316039	0.038990612128152205
160.5044007416657	0.846314361344841	0.005013960482373184	0.038990612128152205
160.9364461600854	0.848480637276553	0.00501407774370663	0.038990612128152205
161.36849157850514	0.8506469639437191	0.005014195287337887	0.038990612128152205
161.80053699692485	0.8528133414693857	0.00501431311328847	0.038990612128152205
162.23258241534452	0.8549797699766001	0.005014431221579891	0.038990612128152205
162.66462783376423	0.8571462495884088	0.005014549612233665	0.038990612128152205
163.09667325218393	0.8593127804278585	0.005014668285271304	0.038990612128152205
163.52871867060367	0.8614793626179965	0.0050147872407143215	0.038990612128152205
163.96076408902334	0.8636459962818691	0.00501490647858423	0.038990612128152205
164.39280950744305	0.8658126815425233	0.005015025998902544	0.038990612128152205
164.82485492586275	0.8679794185230061	0.005015145801690776	0.038990612128152205
165.25690034428246	0.8701462073463639	0.005015265886970439	0.038990612128152205
165.68894576270216	0.8723130481356443	0.005015386254763047	0.038990612128152205
166.12099118112187	0.8744799410138931	0.0050155069050901125	0.038990612128152205
166.55303659954157	0.8766468861041578	0.005015627837973149	0.038990612128152205
166.98508201796128	0.8788138835294849	0.00501574905343367	0.038990612128152205
167.41712743638098	0.8809809334129213	0.005015870551493188	0.038990612128152205
167.84917285480066	0.8831480358775139	0.005015992332173217	0.038990612128152205
168.2812182732204	0.8853151910463095	0.00501611439549527	0.038990612128152205
168.7132636916401	0.887482399042355	0.00501623674148086	0.038990612128152205
169.1453091100598	0.8896496599886969	0.0050163593701515	0.038990612128152205
169.57735452847947	0.8918169740083821	0.005016482281528705	0.038990612128152205
170.00939994689918	0.8939843412244577	0.005016605475633986	0.038990612128152205
170.4414453653189	0.8961517617599705	0.005016728952488857	0.038990612128152205
170.87349078373862	0.8983192357379668	0.005016852712114831	0.038990612128152205
171.3055362021583	0.900486763281494	0.005016976754533422	0.038990612128152205
171.737581620578	0.9026543445135986	0.005017101079766142	0.038990612128152205
172.1696270389977	0.9048219795573273	0.005017225687834506	0.038990612128152205
172.60167245741744	0.9069896685357275	0.005017350578760025	0.038990612128152205
173.0337178758371	0.9091574115718453	0.005017475752564215	0.038990612128152205
173.46576329425682	0.9113252087887279	0.005017601209268587	0.038990612128152205
173.89780871267652	0.9134930603094221	0.005017726948894655	0.038990612128152205
174.32985413109623	0.9156609662569746	0.0050178529714639325	0.038990612128152205
174.76189954951593	0.9178289267544324	0.005017979276997931	0.038990612128152205
175.19394496793564	0.9199969419248422	0.005018105865518167	0.038990612128152205
175.62599038635534	0.9221650118912506	0.005018232737046151	0.038990612128152205
176.05803580477505	0.9243331367767047	0.005018359891603396	0.038990612128152205
176.49008122319475	0.9265013167042513	0.005018487329211417	0.038990612128152205
176.92212664161445	0.9286695517969372	0.005018615049891728	0.038990612128152205
177.35417206003416	0.930837842177809	0.005018743053665838	0.038990612128152205
177.78621747845386	0.9330061879699139	0.005018871340555265	0.038990612128152205
178.21826289687357	0.9351745892962982	0.00501899991058152	0.038990612128152205
178.65030831529324	0.9373430462800092	0.005019128763766116	0.038990612128152205
179.08235373371298	0.9395115590440934	0.0050192579001305665	0.038990612128152205
179.51439915213268	0.9416801277115978	0.005019387319696385	0.038990612128152205
179.9464445705524	0.9438487524055692	0.005019517022485084	0.038990612128152205
180.37848998897206	0.9460174332490543	0.005019647008518179	0.038990612128152205
180.81053540739177	0.9481861703651	0.00501977727781718	0.038990612128152205
181.2425808258115	0.9503549638767532	0.005019907830403603	0.038990612128152205
181.6746262442312	0.9525238139070606	0.00502003866629896	0.038990612128152205
182.10667166265088	0.954692720579069	0.005020169785524763	0.038990612128152205
182.5387170810706	0.956861684015825	0.005020301188102527	0.038990612128152205
182.9707624994903	0.9590307043403759	0.005020432874053765	0.038990612128152205
183.40280791791002	0.9611997816757685	0.00502056484339999	0.038990612128152205
183.83485333632973	0.9633689161450487	0.005020697096162715	0.038990612128152205
184.2668987547494	0.9655381078712646	0.005020829632363453	0.038990612128152205
184.6989441731691	0.9677073569774621	0.005020962452023719	0.038990612128152205
185.13098959158881	0.9698766635866884	0.005021095555165024	0.038990612128152205
185.56303501000855	0.9720460278219905	0.005021228941808882	0.038990612128152205
185.99508042842822	0.9742154498064146	0.005021362611976807	0.038990612128152205
186.42712584684793	0.976384929663008	0.00502149656569031	0.038990612128152205
186.85917126526763	0.9785544675148172	0.005021630802970907	0.038990612128152205
187.29121668368734	0.9807240634848895	0.005021765323840109	0.038990612128152205
187.72326210210704	0.9828937176962713	0.005021900128319432	0.038990612128152205
188.15530752052675	0.9850634302720096	0.005022035216430386	0.038990612128152205
188.58735293894645	0.987233201335151	0.0050221705881944865	0.038990612128152205
189.01939835736616	0.9894030310087423	0.005022306243633245	0.038990612128152205
189.45144377578586	0.9915729194158307	0.005022442182768177	0.038990612128152205
189.88348919420557	0.9937428666794632	0.005022578405620793	0.038990612128152205
190.31553461262527	0.9959128729226856	0.005022714912212609	0.038990612128152205
190.74758003104498	0.9980829382685454	0.0050228517025651355	0.038990612128152205
191.17962544946468	1.0002530628400894	0.0050229887766998875	0.038990612128152205
191.61167086788436	1.0024232467603644	0.005023126134638378	0.038990612128152205
192.0437162863041	1.0045934901524172	0.00502326377640212	0.038990612128152205
192.4757617047238	1.0067637931392945	0.005023401702012626	0.038990612128152205
192.9078071231435	1.008934155844043	0.0050235399114914115	0.038990612128152205
193.33985254156318	1.01110457838971	0.005023678404859987	0.038990612128152205
193.77189795998288	1.013275060899342	0.005023817182139867	0.038990612128152205
194.2039433784026	1.0154456034959858	0.005023956243352565	0.038990612128152205
194.63598879682232	1.017616206302688	0.005024095588519594	0.038990612128152205
195.068034215242	1.0197868694424959	0.005024235217662467	0.038990612128152205
195.5000796336617	1.021957593038456	0.005024375130802698	0.038990612128152205
195.9321250520814	1.0241283772136152	0.005024515327961799	0.038990612128152205
196.36417047050114	1.0262992220910203	0.005024655809161283	0.038990612128152205
196.7962158889208	1.028470127793718	0.0050247965744226655	0.038990612128152205
197.22826130734052	1.0306410944447555	0.005024937623767458	0.038990612128152205
197.66030672576022	1.032812122167179	0.005025078957217173	0.038990612128152205
198.09235214417993	1.034983211084036	0.005025220574793325	0.038990612128152205
198.52439756259963	1.0371543613183731	0.005025362476517428	0.038990612128152205
198.95644298101934	1.0393255729932367	0.005025504662410993	0.038990612128152205
199.38848839943904	1.0414968462316738	0.005025647132495536	0.038990612128152205
199.82053381785875	1.0436681811567317	0.005025789886792567	0.038990612128152205
200.25257923627845	1.0458395778914564	0.005025932925323602	0.038990612128152205
200.68462465469815	1.0480110365588953	0.005026076248110152	0.038990612128152205
201.11667007311786	1.0501825572820953	0.005026219855173732	0.038990612128152205
201.54871549153756	1.0523541401841028	0.005026363746535855	0.038990612128152205
201.98076090995727	1.0545257853879646	0.005026507922218032	0.038990612128152205
202.41280632837694	1.0566974930167279	0.00502665238224178	0.038990612128152205
202.84485174679668	1.0588692631934395	0.00502679712662861	0.038990612128152205
203.27689716521638	1.0610410960411458	0.005026942155400034	0.038990612128152205
203.7089425836361	1.0632129916828938	0.005027087468577569	0.038990612128152205
204.14098800205576	1.0653849502417305	0.005027233066182724	0.038990612128152205
204.57303342047547	1.0675569718407025	0.005027378948237015	0.038990612128152205
205.0050788388952	1.0697290566028568	0.005027525114761954	0.038990612128152205
205.4371242573149	1.0719012046512402	0.005027671565779055	0.038990612128152205
205.86916967573458	1.0740734161088992	0.005027818301309831	0.038990612128152205
206.3012150941543	1.076245691098881	0.005027965321375795	0.038990612128152205
206.733260512574	1.078418029744232	0.00502811262599846	0.038990612128152205
207.16530593099372	1.0805904321679995	0.005028260215199339	0.038990612128152205
207.59735134941343	1.0827628984932303	0.005028408088999947	0.038990612128152205
208.0293967678331	1.0849354288429707	0.005028556247421795	0.038990612128152205
208.4614421862528	1.0871080233402677	0.005028704690486398	0.038990612128152205
208.89348760467252	1.0892806821081684	0.005028853418215268	0.038990612128152205
209.32553302309225	1.0914534052697196	0.005029002430629919	0.038990612128152205
209.75757844151192	1.0936261929479676	0.005029151727751863	0.038990612128152205
210.18962385993163	1.0957990452659596	0.005029301309602615	0.038990612128152205
210.62166927835133	1.0979719623467425	0.005029451176203688	0.038990612128152205
211.05371469677104	1.100144944313363	0.005029601327576593	0.038990612128152205
211.48576011519074	1.102317991288868	0.005029751763742846	0.038990612128152205
211.91780553361045	1.1044911033963043	0.005029902484723959	0.038990612128152205
212.34985095203015	1.1066642807587184	0.005030053490541445	0.038990612128152205
212.78189637044986	1.1088375234991574	0.005030204781216818	0.038990612128152205
213.21394178886956	1.1110108317406682	0.005030356356771589	0.038990612128152205
213.64598720728927	1.1131842056062973	0.005030508217227275	0.038990612128152205
214.07803262570897	1.1153576452190919	0.005030660362605386	0.038990612128152205
214.51007804412868	1.1175311507020984	0.005030812792927437	0.038990612128152205
214.94212346254838	1.119704722178364	0.005030965508214941	0.038990612128152205
215.37416888096806	1.1218783597709352	0.0050311185084894105	0.038990612128152205
215.8062142993878	1.1240520636028595	0.005031271793772359	0.038990612128152205
216.2382597178075	1.1262258337971824	0.0050314253640853	0.038990612128152205
216.6703051362272	1.1283996704769519	0.005031579219449746	0.038990612128152205
217.10235055464688	1.1305735737652143	0.005031733359887211	0.038990612128152205
217.53439597306658	1.1327475437850165	0.0050318877854192085	0.038990612128152205
217.96644139148628	1.1349215806594053	0.005032042496067251	0.038990612128152205
218.398486809906	1.1370956845114277	0.005032197491852852	0.038990612128152205
218.8305322283257	1.1392698554641303	0.005032352772797525	0.038990612128152205
219.26257764674537	1.1414440936405599	0.005032508338922783	0.038990612128152205
219.69462306516508	1.1436183991637634	0.0050326641902501395	0.038990612128152205
220.12666848358478	1.1457927721567875	0.0050328203268011065	0.038990612128152205
220.55871390200448	1.1479672127426792	0.005032976748597199	0.038990612128152205
220.99075932042422	1.1501417210444855	0.005033133455659929	0.038990612128152205
221.42280473884392	1.1523162971852527	0.005033290448010809	0.038990612128152205
221.85485015726363	1.154490941288028	0.0050334477256713545	0.038990612128152205
222.28689557568333	1.1566656534758581	0.005033605288663078	0.038990612128152205
222.718940994103	1.1588404338717895	0.005033763137007491	0.038990612128152205
223.1509864125227	1.1610152825988695	0.005033921270726108	0.038990612128152205
223.58303183094242	1.1631901997801448	0.005034079689840444	0.038990612128152205
224.01507724936212	1.165365185538662	0.005034238394372009	0.038990612128152205
224.44712266778183	1.167540239997468	0.005034397384342318	0.038990612128152205
224.8791680862015	1.1697153632796098	0.005034556659772884	0.038990612128152205
225.3112135046212	1.1718905555081338	0.00503471622068522	0.038990612128152205
225.74325892304097	1.1740658168060878	0.00503487606710084	0.038990612128152205
226.17530434146065	1.1762411472965173	0.005035036199041256	0.038990612128152205
226.60734975988035	1.17841654710247	0.005035196616527982	0.038990612128152205
227.03939517830005	1.1805920163469923	0.005035357319582531	0.038990612128152205
227.47144059671976	1.182767555153131	0.005035518308226417	0.038990612128152205
227.90348601513946	1.1849431636439332	0.005035679582481151	0.038990612128152205
228.33553143355914	1.1871188419424454	0.005035841142368249	0.038990612128152205
228.76757685197884	1.189294590171715	0.005036002987909223	0.038990612128152205
229.19962227039855	1.191470408454788	0.005036165119125586	0.038990612128152205
229.63166768881825	1.193646296914712	0.005036327536038851	0.038990612128152205
230.063713107238	1.1958222556745333	0.0050364902386705315	0.038990612128152205
230.4957585256577	1.1979982848572988	0.0050366532270421415	0.038990612128152205
230.9278039440774	1.2001743845860553	0.005036816501175194	0.038990612128152205
231.3598493624971	1.2023505549838498	0.0050369800610912015	0.038990612128152205
231.79189478091678	1.204526796173729	0.005037143906811677	0.038990612128152205
232.22394019933648	1.2067031082787396	0.005037308038358135	0.038990612128152205
232.6559856177562	1.2088794914219285	0.005037472455752088	0.038990612128152205
233.0880310361759	1.2110559457263428	0.005037637159015049	0.038990612128152205
233.5200764545956	1.2132324713150289	0.005037802148168531	0.038990612128152205
233.95212187301527	1.2154090683110337	0.005037967423234049	0.038990612128152205
234.38416729143503	1.2175857368374043	0.005038132984233114	0.038990612128152205
234.81621270985474	1.2197624770171873	0.005038298831187241	0.038990612128152205
235.24825812827444	1.2219392889734293	0.005038464964117942	0.038990612128152205
235.68030354669412	1.2241161728291774	0.005038631383046731	0.038990612128152205
236.11234896511382	1.2262931287074783	0.0050387980879951205	0.038990612128152205
236.54439438353353	1.2284701567313787	0.005038965078984624	0.038990612128152205
236.97643980195323	1.2306472570239257	0.005039132356036755	0.038990612128152205
237.4084852203729	1.2328244297081663	0.0050392999191730264	0.038990612128152205
237.84053063879261	1.2350016749071466	0.005039467768414951	0.038990612128152205
238.27257605721232	1.237178992743914	0.005039635903784044	0.038990612128152205
238.70462147563208	1.2393563833415153	0.005039804325301817	0.038990612128152205
239.13666689405176	1.2415338468229968	0.0050399730329897825	0.038990612128152205
239.56871231247146	1.243711383311406	0.0050401420268694555	0.038990612128152205
240.00075773089117	1.2458889929297892	0.005040311306962348	0.038990612128152205
240.43280314931087	1.2480666758011931	0.005040480873289974	0.038990612128152205
240.86484856773058	1.2502444320486652	0.005040650725873846	0.038990612128152205
241.29689398615025	1.2524222617952516	0.005040820864735478	0.038990612128152205
241.72893940456996	1.2546001651639995	0.005040991289896383	0.038990612128152205
242.16098482298966	1.2567781422779558	0.005041162001378074	0.038990612128152205
242.59303024140937	1.2589561932601672	0.005041332999202064	0.038990612128152205
243.0250756598291	1.2611343182336807	0.005041504283389867	0.038990612128152205
243.4571210782488	1.2633125173215425	0.005041675853962996	0.038990612128152205
243.8891664966685	1.2654907906468	0.005041847710942963	0.038990612128152205
244.3212119150882	1.2676691383324996	0.0050420198543512824	0.038990612128152205
244.7532573335079	1.2698475605016883	0.005042192284209468	0.038990612128152205
245.1853027519276	1.2720260572774131	0.0050423650005390315	0.038990612128152205
245.6173481703473	1.2742046287827207	0.005042538003361487	0.038990612128152205
246.049393588767	1.2763832751406579	0.005042711292698349	0.038990612128152205
246.4814390071867	1.2785619964742714	0.005042884868571128	0.038990612128152205
246.91348442560638	1.280740792906608	0.005043058731001339	0.038990612128152205
247.34552984402615	1.282919664560715	0.005043232880010495	0.038990612128152205
247.77757526244585	1.2850986115596386	0.005043407315620109	0.038990612128152205
248.20962068086553	1.2872776340264258	0.005043582037851694	0.038990612128152205
248.64166609928523	1.2894567320841235	0.005043757046726763	0.038990612128152205
249.07371151770494	1.2916359058557785	0.005043932342266831	0.038990612128152205
249.50575693612464	1.2938151554644375	0.00504410792449341	0.038990612128152205
249.93780235454435	1.2959944810331474	0.005044283793428012	0.038990612128152205
250.36984777296402	1.2981738826849551	0.005044459949092152	0.038990612128152205
250.80189319138373	1.3003533605429072	0.005044636391507343	0.038990612128152205
251.23393860980343	1.3025329147300508	0.005044813120695098	0.038990612128152205
251.66598402822316	1.304712545369433	0.005044990136676929	0.038990612128152205
252.09802944664287	1.3068922525840996	0.005045167439474352	0.038990612128152205
252.53007486506257	1.309072036497098	0.005045345029108877	0.038990612128152205
252.96212028348228	1.3112518972314753	0.00504552290560202	0.038990612128152205
253.39416570190198	1.3134318349102778	0.005045701068975292	0.038990612128152205
253.82621112032166	1.3156118496565528	0.005045879519250208	0.038990612128152205
254.25825653874136	1.3177919415933466	0.00504605825644828	0.038990612128152205
254.69030195716107	1.3199721108437061	0.005046237280591022	0.038990612128152205
255.12234737558077	1.3221523575306786	0.005046416591699947	0.038990612128152205
255.55439279400048	1.3243326817773104	0.005046596189796568	0.038990612128152205
255.9864382124202	1.3265130837066488	0.005046776074902399	0.038990612128152205
256.4184836308399	1.32869356344174	0.005046956247038952	0.038990612128152205
256.8505290492596	1.3308741211056314	0.005047136706227741	0.038990612128152205
257.2825744676793	1.3330547568213693	0.00504731745249028	0.038990612128152205
257.714619886099	1.335235470712001	0.00504749848584808	0.038990612128152205
258.1466653045187	1.337416262900573	0.005047679806322656	0.038990612128152205
258.5787107229384	1.3395971335101322	0.005047861413935521	0.038990612128152205
259.0107561413581	1.3417780826637253	0.005048043308708188	0.038990612128152205
259.4428015597778	1.3439591104843993	0.00504822549066217	0.038990612128152205
259.8748469781975	1.346140217095201	0.00504840795981898	0.038990612128152205
260.30689239661723	1.3483214026191774	0.0050485907162001326	0.038990612128152205
260.73893781503693	1.350502667179375	0.00504877375982714	0.038990612128152205
261.17098323345664	1.3526840108988403	0.005048957090721515	0.038990612128152205
261.60302865187634	1.3548654339006208	0.005049140708904772	0.038990612128152205
262.03507407029605	1.3570469363077629	0.005049324614398424	0.038990612128152205
262.46711948871575	1.3592285182433135	0.005049508807223982	0.038990612128152205
262.89916490713546	1.3614101798303195	0.0050496932874029635	0.038990612128152205
263.33121032555516	1.3635919211918275	0.005049878054956877	0.038990612128152205
263.76325574397487	1.3657737424508847	0.00505006310990724	0.038990612128152205
264.1953011623945	1.3679556437305376	0.005050248452275563	0.038990612128152205
264.6273465808143	1.370137625153833	0.0050504340820833596	0.038990612128152205
265.059391999234	1.372319686843818	0.005050619999352144	0.038990612128152205
265.4914374176537	1.3745018289235393	0.005050806204103428	0.038990612128152205
265.9234828360734	1.3766840515160434	0.005050992696358727	0.038990612128152205
266.3555282544931	1.3788663547443776	0.005051179476139552	0.038990612128152205
266.7875736729128	1.3810487387315882	0.005051366543467418	0.038990612128152205
267.2196190913325	1.3832312036007224	0.005051553898363836	0.038990612128152205
267.65166450975215	1.3854137494748269	0.005051741540850321	0.038990612128152205
268.08370992817186	1.3875963764769486	0.005051929470948386	0.038990612128152205
268.51575534659156	1.3897790847301341	0.005052117688679545	0.038990612128152205
268.9478007650113	1.3919618743574307	0.005052306194065309	0.038990612128152205
269.379846183431	1.3941447454818847	0.005052494987127193	0.038990612128152205
269.81189160185073	1.396327698226543	0.00505268406788671	0.038990612128152205
270.24393702027044	1.3985107327144524	0.005052873436365373	0.038990612128152205
270.67598243869014	1.40069384906866	0.005053063092584694	0.038990612128152205
271.1080278571098	1.402877047412212	0.005053253036566189	0.038990612128152205
271.5400732755295	1.405060327868156	0.005053443268331369	0.038990612128152205
271.9721186939492	1.4072436905595385	0.005053633787901747	0.038990612128152205
272.4041641123689	1.409427135609406	0.005053824595298838	0.038990612128152205
272.8362095307886	1.4116106631408056	0.005054015690544155	0.038990612128152205
273.26825494920837	1.4137942732767845	0.00505420707365921	0.038990612128152205
273.7003003676281	1.4159779661403888	0.005054398744665517	0.038990612128152205
274.1323457860478	1.4181617418546657	0.0050545907035845885	0.038990612128152205
274.5643912044675	1.4203456005426618	0.005054782950437938	0.038990612128152205
274.99643662288713	1.422529542327424	0.005054975485247079	0.038990612128152205
275.42848204130684	1.4247135673319995	0.005055168308033525	0.038990612128152205
275.86052745972654	1.4268976756794345	0.00505536141881879	0.038990612128152205
276.29257287814625	1.429081867492776	0.005055554817624385	0.038990612128152205
276.72461829656595	1.4312661428950713	0.005055748504471825	0.038990612128152205
277.15666371498565	1.4334505020093666	0.005055942479382622	0.038990612128152205
277.5887091334054	1.4356349449587091	0.00505613674237829	0.038990612128152205
278.0207545518251	1.4378194718661452	0.005056331293480342	0.038990612128152205
278.45279997024477	1.4400040828547223	0.005056526132710292	0.038990612128152205
278.8848453886645	1.4421887780474862	0.005056721260089652	0.038990612128152205
279.3168908070842	1.444373557567485	0.005056916675639936	0.038990612128152205
279.7489362255039	1.4465584215377647	0.005057112379382657	0.038990612128152205
280.1809816439236	1.4487433700813723	0.005057308371339328	0.038990612128152205
280.6130270623433	1.450928403321355	0.005057504651531463	0.038990612128152205
281.045072480763	1.453113521380759	0.005057701219980574	0.038990612128152205
281.4771178991827	1.455298724382631	0.005057898076708175	0.038990612128152205
281.9091633176024	1.4574840124500192	0.00505809522173578	0.038990612128152205
282.3412087360221	1.4596693857059688	0.005058292655084901	0.038990612128152205
282.7732541544418	1.4618548442735269	0.005058490376777051	0.038990612128152205
283.2052995728615	1.464040388275741	0.005058688386833744	0.038990612128152205
283.6373449912812	1.4662260178356572	0.005058886685276494	0.038990612128152205
284.06939040970093	1.4684117330763231	0.005059085272126812	0.038990612128152205
284.50143582812063	1.4705975341207846	0.005059284147406214	0.038990612128152205
284.93348124654034	1.4727834210920894	0.005059483311136211	0.038990612128152205
285.36552666496004	1.4749693941132838	0.005059682763338316	0.038990612128152205
285.79757208337975	1.4771554533074143	0.0050598825040340445	0.038990612128152205
286.22961750179945	1.479341598797529	0.005060082533244908	0.038990612128152205
286.66166292021916	1.4815278307066733	0.00506028285099242	0.038990612128152205
287.09370833863886	1.4837141491578945	0.0050604834572980945	0.038990612128152205
287.52575375705857	1.4859005542742396	0.005060684352183443	0.038990612128152205
287.95779917547827	1.488087046178755	0.005060885535669981	0.038990612128152205
288.389844593898	1.4902736249944881	0.00506108700777922	0.038990612128152205
288.8218900123177	1.4924602908444855	0.005061288768532674	0.038990612128152205
289.2539354307374	1.4946470438517938	0.0050614908179518565	0.038990612128152205
289.68598084915703	1.49683388413946	0.005061693156058279	0.038990612128152205
290.11802626757674	1.4990208118305308	0.005061895782873457	0.038990612128152205
290.5500716859965	1.5012078270480533	0.005062098698418903	0.038990612128152205
290.9821171044162	1.503394929915074	0.005062301902716129	0.038990612128152205
291.4141625228359	1.5055821205546396	0.00506250539578665	0.038990612128152205
291.8462079412556	1.5077693990897971	0.005062709177651978	0.038990612128152205
292.2782533596753	1.5099567656435935	0.005062913248333627	0.038990612128152205
292.710298778095	1.5121442203390751	0.00506311760785311	0.038990612128152205
293.14234419651467	1.5143317632992896	0.005063322256231939	0.038990612128152205
293.5743896149344	1.516519394647283	0.005063527193491629	0.038990612128152205
294.0064350333541	1.5187071145061024	0.0050637324196536925	0.038990612128152205
294.4384804517738	1.5208949229987945	0.0050639379347396435	0.038990612128152205
294.87052587019355	1.5230828202484066	0.005064143738770993	0.038990612128152205
295.30257128861325	1.5252708063779847	0.005064349831769257	0.038990612128152205
295.73461670703296	1.5274588815105765	0.005064556213755947	0.038990612128152205
296.16666212545266	1.5296470457692282	0.005064762884752577	0.038990612128152205
296.59870754387237	1.5318352992769864	0.00506496984478066	0.038990612128152205
297.030752962292	1.5340236421568985	0.005065177093861709	0.038990612128152205
297.4627983807117	1.5362120745320111	0.005065384632017237	0.038990612128152205
297.8948437991314	1.538400596525371	0.005065592459268758	0.038990612128152205
298.3268892175511	1.5405892082600254	0.005065800575637785	0.038990612128152205
298.75893463597083	1.5427779098590206	0.005066008981145831	0.038990612128152205
299.1909800543906	1.5449667014454036	0.005066217675814409	0.038990612128152205
299.6230254728103	1.547155583142221	0.005066426659665033	0.038990612128152205
300.05507089123	1.5493445550725198	0.005066635932719215	0.038990612128152205
300.48711630964965	1.5515336173593466	0.00506684549499847	0.038990612128152205
300.91916172806935	1.5537227701333374	0.00506705534655539	0.038990612128152205
301.35120714648906	1.5559120202591978	0.005067265515084126	0.038990612128152205
301.78325256490876	1.5581013610534924	0.0050674759727725215	0.038990612128152205
302.21529798332847	1.560290792643729	0.005067686719653153	0.038990612128152205
302.6473434017482	1.5624803151574165	0.0050678977557585955	0.038990612128152205
303.0793888201679	1.5646699287220631	0.005068109081121422	0.038990612128152205
303.51143423858764	1.5668596334651774	0.005068320695774209	0.038990612128152205
303.9434796570073	1.5690494295142674	0.005068532599749531	0.038990612128152205
304.375525075427	1.5712393169968417	0.005068744793079962	0.038990612128152205
304.8075704938467	1.5734292960404088	0.005068957275798076	0.038990612128152205
305.2396159122664	1.575619366772477	0.0050691700479364495	0.038990612128152205
305.6716613306861	1.5778095293205547	0.005069383109527656	0.038990612128152205
306.1037067491058	1.5799997838121507	0.005069596460604271	0.038990612128152205
306.5357521675255	1.582190130374773	0.005069810101198868	0.038990612128152205
306.9677975859452	1.5843805691359298	0.005070024031344022	0.038990612128152205
307.3998430043649	1.5865711002231302	0.005070238251072309	0.038990612128152205
307.83188842278463	1.5887617237638822	0.005070452760416303	0.038990612128152205
308.26393384120433	1.5909524398856942	0.0050706675594085785	0.038990612128152205
308.69597925962404	1.5931432487160746	0.00507088264808171	0.038990612128152205
309.12802467804374	1.595334150382532	0.0050710980264682725	0.038990612128152205
309.56007009646345	1.5975251450125745	0.00507131369460084	0.038990612128152205
309.99211551488315	1.5997162327337109	0.005071529652511989	0.038990612128152205
310.42416093330286	1.6019074136734492	0.005071745900234292	0.038990612128152205
310.85620635172256	1.604098687959298	0.0050719624378003265	0.038990612128152205
311.28825177014227	1.6062900557187658	0.005072179265242664	0.038990612128152205
311.7202971885619	1.608481517079361	0.005072396382593881	0.038990612128152205
312.1523426069817	1.6106730721685922	0.005072613789886552	0.038990612128152205
312.5843880254014	1.6128647211139673	0.005072831487153252	0.038990612128152205
313.0164334438211	1.615056464042995	0.005073049474426555	0.038990612128152205
313.4484788622408	1.6172483010831837	0.005073267751739036	0.038990612128152205
313.8805242806605	1.6194402323620418	0.00507348631912327	0.038990612128152205
314.3125696990802	1.6216322580070777	0.005073705176611831	0.038990612128152205
314.7446151174999	1.6238243781457997	0.005073924324237295	0.038990612128152205
315.17666053591955	1.6260165929057164	0.005074143762032235	0.038990612128152205
315.60870595433926	1.6282089024143362	0.005074363490029226	0.038990612128152205
316.04075137275896	1.6304013067991676	0.005074583508260844	0.038990612128152205
316.4727967911787	1.632593806187719	0.005074803816759663	0.038990612128152205
316.9048422095984	1.6347864007074984	0.005075024415558258	0.038990612128152205
317.33688762801813	1.6369790904860144	0.005075245304689203	0.038990612128152205
317.76893304643784	1.6391718756507756	0.005075466484185073	0.038990612128152205
318.20097846485754	1.6413647563292906	0.005075687954078443	0.038990612128152205
318.6330238832772	1.6435577326490671	0.005075909714401887	0.038990612128152205
319.0650693016969	1.6457508047376141	0.00507613176518798	0.038990612128152205
319.4971147201166	1.64794397272244	0.005076354106469298	0.038990612128152205
319.9291601385363	1.650137236731053	0.005076576738278414	0.038990612128152205
320.361205556956	1.6523305968909614	0.0050767996606479035	0.038990612128152205
320.79325097537577	1.6545240533296743	0.005077022873610341	0.038990612128152205
321.2252963937955	1.6567176061746993	0.005077246377198301	0.038990612128152205
321.6573418122152	1.658911255553545	0.0050774701714443584	0.038990612128152205
322.0893872306349	1.66110500159372	0.005077694256381088	0.038990612128152205
322.52143264905453	1.6632988444227326	0.005077918632041065	0.038990612128152205
322.95347806747424	1.6654927841680913	0.005078143298456863	0.038990612128152205
323.38552348589394	1.6676868209573044	0.005078368255661057	0.038990612128152205
323.81756890431365	1.6698809549178804	0.005078593503686222	0.038990612128152205
324.24961432273335	1.6720751861773278	0.005078819042564933	0.038990612128152205
324.68165974115306	1.6742695148631548	0.005079044872329765	0.038990612128152205
325.1137051595728	1.6764639411028701	0.005079270993013292	0.038990612128152205
325.5457505779925	1.6786584650239817	0.005079497404648087	0.038990612128152205
325.97779599641217	1.6808530867539984	0.005079724107266728	0.038990612128152205
326.4098414148319	1.6830478064204284	0.005079951100901788	0.038990612128152205
326.8418868332516	1.68524262415078	0.005080178385585842	0.038990612128152205
327.2739322516713	1.6874375400725619	0.005080405961351464	0.038990612128152205
327.705977670091	1.6896325543132824	0.00508063382823123	0.038990612128152205
328.1380230885107	1.6918276670004497	0.005080861986257714	0.038990612128152205
328.5700685069304	1.6940228782615725	0.005081090435463491	0.038990612128152205
329.0021139253501	1.6962181882241592	0.005081319175881134	0.038990612128152205
329.4341593437698	1.6984135970157184	0.00508154820754322	0.038990612128152205
329.8662047621895	1.700609104763758	0.005081777530482323	0.038990612128152205
330.2982501806092	1.7028047115957865	0.0050820071447310175	0.038990612128152205
330.7302955990289	1.7050004176393125	0.0050822370503218785	0.038990612128152205
331.1623410174486	1.7071962230218445	0.00508246724728748	0.038990612128152205
331.59438643586833	1.7093921278708908	0.005082697735660398	0.038990612128152205
332.02643185428803	1.7115881323139597	0.005082928515473205	0.038990612128152205
332.45847727270774	1.7137842364785598	0.005083159586758478	0.038990612128152205
332.89052269112744	1.7159804404921992	0.00508339094954879	0.038990612128152205
333.32256810954715	1.7181767444823868	0.005083622603876717	0.038990612128152205
333.7546135279668	1.7203731485766305	0.005083854549774834	0.038990612128152205
334.18665894638656	1.7225696529024395	0.005084086787275714	0.038990612128152205
334.61870436480626	1.7247662575873213	0.005084319316411933	0.038990612128152205
335.05074978322597	1.7269629627587846	0.005084552137216065	0.038990612128152205
335.4827952016457	1.729159768544338	0.005084785249720685	0.038990612128152205
335.9148406200654	1.7313566750714897	0.005085018653958368	0.038990612128152205
336.3468860384851	1.7335536824677484	0.005085252349961687	0.038990612128152205
336.7789314569048	1.7357507908606222	0.00508548633776322	0.038990612128152205
337.21097687532443	1.7379480003776195	0.005085720617395539	0.038990612128152205
337.64302229374414	1.7401453111462493	0.00508595518889122	0.038990612128152205
338.07506771216384	1.7423427232940192	0.005086190052282837	0.038990612128152205
338.5071131305836	1.7445402369484382	0.005086425207602965	0.038990612128152205
338.9391585490033	1.7467378522370143	0.005086660654884179	0.038990612128152205
339.371203967423	1.7489355692872564	0.005086896394159052	0.038990612128152205
339.8032493858427	1.7511333882266722	0.005087132425460161	0.038990612128152205
340.2352948042624	1.7533313091827707	0.005087368748820081	0.038990612128152205
340.66734022268207	1.7555293322830603	0.005087605364271384	0.038990612128152205
341.0993856411018	1.757727457655049	0.005087842271846646	0.038990612128152205
341.5314310595215	1.7599256854262455	0.005088079471578443	0.038990612128152205
341.9634764779412	1.7621240157241582	0.005088316963499348	0.038990612128152205
342.3955218963609	1.7643224486762956	0.005088554747641936	0.038990612128152205
342.82756731478065	1.7665209844101661	0.0050887928240387825	0.038990612128152205
343.25961273320036	1.7687196230532778	0.005089031192722461	0.038990612128152205
343.69165815162006	1.7709183647331395	0.005089269853725548	0.038990612128152205
344.12370357003977	1.7731172095772592	0.005089508807080616	0.038990612128152205
344.5557489884594	1.7753161577131455	0.005089748052820242	0.038990612128152205
344.9877944068791	1.777515209268307	0.005089987590976999	0.038990612128152205
345.4198398252988	1.779714364370252	0.005090227421583462	0.038990612128152205
345.8518852437185	1.781913623146489	0.005090467544672206	0.038990612128152205
346.28393066213823	1.784112985724526	0.005090707960275806	0.038990612128152205
346.71597608055794	1.7863124522318719	0.005090948668426836	0.038990612128152205
347.1480214989777	1.7885120227960352	0.005091189669157872	0.038990612128152205
347.5800669173974	1.7907116975445236	0.005091430962501487	0.038990612128152205
348.01211233581705	1.792911476604846	0.005091672548490256	0.038990612128152205
348.44415775423676	1.7951113601045108	0.005091914427156755	0.038990612128152205
348.87620317265646	1.7973113481710263	0.005092156598533557	0.038990612128152205
349.30824859107616	1.7995114409319009	0.0050923990626532386	0.038990612128152205
349.74029400949587	1.8017116385146432	0.005092641819548373	0.038990612128152205
350.1723394279156	1.8039119410467617	0.005092884869251536	0.038990612128152205
350.6043848463353	1.8061123486557642	0.005093128211795301	0.038990612128152205
351.036430264755	1.8083128614691597	0.005093371847212243	0.038990612128152205
351.4684756831747	1.8105134796144569	0.0050936157755349385	0.038990612128152205
351.9005211015944	1.8127142032191632	0.00509385999679596	0.038990612128152205
352.3325665200141	1.8149150324107877	0.0050941045110278835	0.038990612128152205
352.7646119384338	1.8171159673168387	0.005094349318263283	0.038990612128152205
353.1966573568535	1.8193170080648244	0.005094594418534733	0.038990612128152205
353.6287027752732	1.8215181547822534	0.005094839811874809	0.038990612128152205
354.0607481936929	1.8237194075966343	0.0050950854983160855	0.038990612128152205
354.4927936121126	1.8259207666354753	0.005095331477891137	0.038990612128152205
354.9248390305323	1.8281222320262847	0.005095577750632538	0.038990612128152205
355.35688444895203	1.8303238038965712	0.005095824316572864	0.038990612128152205
355.78892986737173	1.832525482373843	0.0050960711757446885	0.038990612128152205
356.22097528579144	1.8347272675856088	0.005096318328180588	0.038990612128152205
356.65302070421114	1.8369291596593764	0.005096565773913135	0.038990612128152205
357.08506612263085	1.8391311587226546	0.005096813512974905	0.038990612128152205
357.51711154105055	1.841333264902952	0.005097061545398475	0.038990612128152205
357.94915695947026	1.8435354783277766	0.005097309871216415	0.038990612128152205
358.38120237788996	1.8457377991246373	0.005097558490461305	0.038990612128152205
358.81324779630967	1.847940227421042	0.005097807403165715	0.038990612128152205
359.2452932147293	1.8501427633444993	0.005098056609362223	0.038990612128152205
359.677338633149	1.8523454070225178	0.005098306109083402	0.038990612128152205
360.1093840515688	1.854548158582606	0.005098555902361828	0.038990612128152205
360.5414294699885	1.856751018152272	0.005098805989230074	0.038990612128152205
360.9734748884082	1.858953985859024	0.005099056369720717	0.038990612128152205
361.4055203068279	1.861157061830371	0.005099307043866329	0.038990612128152205
361.8375657252476	1.8633602461938208	0.0050995580116994866	0.038990612128152205
362.2696111436673	1.8655635390768823	0.0050998092732527645	0.038990612128152205
362.70165656208695	1.8677669406070638	0.0051000608285587355	0.038990612128152205
363.13370198050666	1.8699704509118735	0.005100312677649977	0.038990612128152205
363.56574739892636	1.87217407011882	0.005100564820559062	0.038990612128152205
363.99779281734607	1.874377798355412	0.0051008172573185654	0.038990612128152205
364.4298382357658	1.8765816357491574	0.005101069987961062	0.038990612128152205
364.86188365418553	1.8787855824275648	0.005101323012519127	0.038990612128152205
365.29392907260524	1.8809896385181424	0.005101576331025335	0.038990612128152205
365.72597449102494	1.883193804148399	0.005101829943512259	0.038990612128152205
366.1580199094446	1.8853980794458427	0.0051020838500124765	0.038990612128152205
366.5900653278643	1.8876024645379823	0.0051023380505585605	0.038990612128152205
367.022110746284	1.8898069595523257	0.005102592545183086	0.038990612128152205
367.4541561647037	1.8920115646163818	0.005102847333918627	0.038990612128152205
367.8862015831234	1.8942162798576587	0.0051031024167977595	0.038990612128152205
368.3182470015431	1.8964211054036648	0.005103357793853058	0.038990612128152205
368.7502924199629	1.898626041381909	0.005103613465117097	0.038990612128152205
369.1823378383826	1.900831087919899	0.0051038694306224505	0.038990612128152205
369.6143832568023	1.9030362451451435	0.0051041256904016934	0.038990612128152205
370.04642867522193	1.905241513185151	0.005104382244487402	0.038990612128152205
370.47847409364164	1.90744689216743	0.005104639092912149	0.038990612128152205
370.91051951206134	1.9096523822194884	0.005104896235708509	0.038990612128152205
371.34256493048105	1.9118579834688352	0.0051051536729090595	0.038990612128152205
371.77461034890075	1.9140636960429784	0.005105411404546372	0.038990612128152205
372.20665576732046	1.9162695200694269	0.005105669430653023	0.038990612128152205
372.63870118574016	1.9184754556756887	0.0051059277512615865	0.038990612128152205
373.0707466041599	1.9206815029892725	0.005106186366404637	0.038990612128152205
373.50279202257957	1.9228876621376865	0.00510644527611475	0.038990612128152205
373.9348374409993	1.925093933248439	0.005106704480424501	0.038990612128152205
374.366882859419	1.9273003164490385	0.005106963979366462	0.038990612128152205
374.7989282778387	1.9295068118669936	0.00510722377297321	0.038990612128152205
375.2309736962584	1.9317134196298125	0.005107483861277318	0.038990612128152205
375.6630191146781	1.9339201398650037	0.005107744244311363	0.038990612128152205
376.0950645330978	1.9361269727000758	0.005108004922107917	0.038990612128152205
376.5271099515175	1.9383339182625368	0.0051082658946995565	0.038990612128152205
376.9591553699372	1.9405409766798956	0.005108527162118856	0.038990612128152205
377.3912007883569	1.9427481480796602	0.00510878872439839	0.038990612128152205
377.8232462067766	1.9449554325893392	0.005109050581570733	0.038990612128152205
378.2552916251963	1.947162830336441	0.00510931273366846	0.038990612128152205
378.687337043616	1.9493703414484735	0.005109575180724146	0.038990612128152205
379.11938246203573	1.951577966052946	0.005109837922770364	0.038990612128152205
379.55142788045544	1.9537857042773665	0.0051101009598396915	0.038990612128152205
379.98347329887514	1.9559935562492434	0.005110364291964701	0.038990612128152205
380.41551871729484	1.9582015220960851	0.005110627919177968	0.038990612128152205
380.84756413571455	1.9604096019454	0.005110891841512067	0.038990612128152205
381.2796095541342	1.9626177959246967	0.005111156058999573	0.038990612128152205
381.71165497255396	1.9648261041614836	0.005111420571673061	0.038990612128152205
382.14370039097366	1.967034526783269	0.005111685379565104	0.038990612128152205
382.57574580939337	1.9692430639175607	0.005111950482708278	0.038990612128152205
383.0077912278131	1.971451715691868	0.005112215881135159	0.038990612128152205
383.4398366462328	1.9736604822336992	0.00511248157487832	0.038990612128152205
383.8718820646525	1.9758693636705624	0.005112747563970335	0.038990612128152205
384.3039274830722	1.978078360129966	0.00511301384844378	0.038990612128152205
384.73597290149183	1.9802874717394188	0.00511328042833123	0.038990612128152205
385.16801831991154	1.9824966986264287	0.005113547303665259	0.038990612128152205
385.60006373833124	1.9847060409185047	0.005113814474478442	0.038990612128152205
386.032109156751	1.9869154987431548	0.005114081940803354	0.038990612128152205
386.4641545751707	1.9891250722278873	0.005114349702672568	0.038990612128152205
386.8961999935904	1.9913347615002108	0.005114617760118662	0.038990612128152205
387.3282454120101	1.993544566687634	0.005114886113174207	0.038990612128152205
387.7602908304298	1.9957544879176647	0.00511515476187178	0.038990612128152205
388.1923362488495	1.9979645253178118	0.005115423706243955	0.038990612128152205
388.6243816672692	2.0001746790155837	0.005115692946323307	0.038990612128152205
389.0564270856889	2.0023849491384884	0.00511596248214241	0.038990612128152205
389.4884725041086	2.0045953358140345	0.005116232313733839	0.038990612128152205
389.9205179225283	2.0068058391697305	0.00511650244113017	0.038990612128152205
390.35256334094805	2.0090164593330853	0.0051167728643639766	0.038990612128152205
390.78460875936776	2.0112271964316064	0.005117043583467833	0.038990612128152205
391.21665417778746	2.0134380505928027	0.005117314598474315	0.038990612128152205
391.64869959620717	2.0156490219441827	0.005117585909415996	0.038990612128152205
392.0807450146268	2.0178601106132543	0.005117857516325452	0.038990612128152205
392.5127904330465	2.0200713167275266	0.005118129419235257	0.038990612128152205
392.9448358514662	2.0222826404145073	0.005118401618177985	0.038990612128152205
393.3768812698859	2.0244940818017056	0.005118674113186213	0.038990612128152205
393.80892668830563	2.0267056410166293	0.005118946904292513	0.038990612128152205
394.24097210672534	2.028917318186787	0.005119219991529462	0.038990612128152205
394.6730175251451	2.0311291134396874	0.0051194933749296335	0.038990612128152205
395.1050629435648	2.0333410269028382	0.005119767054525603	0.038990612128152205
395.53710836198445	2.0355530587037487	0.005120041030349944	0.038990612128152205
395.96915378040416	2.0377652089699265	0.005120315302435232	0.038990612128152205
396.40119919882386	2.0399774778288804	0.005120589870814041	0.038990612128152205
396.83324461724357	2.0421898654081185	0.005120864735518946	0.038990612128152205
397.26529003566327	2.04440237183515	0.005121139896582523	0.038990612128152205
397.697335454083	2.0466149972374827	0.005121415354037344	0.038990612128152205
398.1293808725027	2.048827741742625	0.005121691107915987	0.038990612128152205
398.5614262909224	2.0510406054780854	0.005121967158251024	0.038990612128152205
398.9934717093421	2.0532535885713727	0.0051222435050750316	0.038990612128152205
399.4255171277618	2.0554666911499946	0.005122520148420583	0.038990612128152205
399.8575625461815	2.0576799133414596	0.005122797088320254	0.038990612128152205
400.2896079646012	2.059893255273277	0.005123074324806619	0.038990612128152205
400.7216533830209	2.0621067170729543	0.0051233518579122525	0.038990612128152205
401.1536988014406	2.064320298868	0.005123629687669729	0.038990612128152205
401.5857442198603	2.0665340007859228	0.005123907814111623	0.038990612128152205
402.01778963828	2.068747822954231	0.005124186237270511	0.038990612128152205
402.4498350566997	2.0709617655004333	0.005124464957178965	0.038990612128152205
402.88188047511943	2.0731758285520376	0.0051247439738695616	0.038990612128152205
403.31392589353914	2.0753900122365527	0.005125023287374876	0.038990612128152205
403.74597131195884	2.077604316681487	0.005125302897727481	0.038990612128152205
404.17801673037854	2.0798187420143486	0.005125582804959952	0.038990612128152205
404.61006214879825	2.0820332883626462	0.005125863009104864	0.038990612128152205
405.04210756721795	2.084247955853888	0.005126143510194792	0.038990612128152205
405.47415298563766	2.086462744615582	0.005126424308262311	0.038990612128152205
405.90619840405736	2.088677654775238	0.005126705403339994	0.038990612128152205
406.33824382247707	2.090892686460363	0.005126986795460416	0.038990612128152205
406.7702892408967	2.093107839798466	0.0051272684846561545	0.038990612128152205
407.2023346593164	2.095323114917056	0.0051275504709597805	0.038990612128152205
407.6343800777362	2.09753851194364	0.0051278327544038715	0.038990612128152205
408.0664254961559	2.0997540310057277	0.0051281153350210005	0.038990612128152205
408.4984709145756	2.1019696722308265	0.005128398212843743	0.038990612128152205
408.9305163329953	2.104185435746446	0.005128681387904673	0.038990612128152205
409.362561751415	2.106401321680093	0.005128964860236366	0.038990612128152205
409.7946071698347	2.1086173301592774	0.005129248629871397	0.038990612128152205
410.22665258825435	2.110833461311507	0.005129532696842339	0.038990612128152205
410.65869800667406	2.11304971526429	0.005129817061181769	0.038990612128152205
411.09074342509376	2.1152660921451356	0.00513010172292226	0.038990612128152205
411.52278884351347	2.117482592081551	0.005130386682096387	0.038990612128152205
411.95483426193323	2.119699215201046	0.0051306719387367245	0.038990612128152205
412.38687968035293	2.121915961631128	0.005130957492875849	0.038990612128152205
412.81892509877264	2.1241328314993058	0.005131243344546332	0.038990612128152205
413.25097051719234	2.1263498249330874	0.005131529493780752	0.038990612128152205
413.683015935612	2.128566942059982	0.00513181594061168	0.038990612128152205
414.1150613540317	2.1307841830074974	0.005132102685071693	0.038990612128152205
414.5471067724514	2.133001547903142	0.005132389727193366	0.038990612128152205
414.9791521908711	2.1352190368744246	0.005132677067009273	0.038990612128152205
415.4111976092908	2.137436650048853	0.005132964704551987	0.038990612128152205
415.8432430277105	2.1396543875539367	0.005133252639854085	0.038990612128152205
416.2752884461303	2.141872249517183	0.0051335408729481415	0.038990612128152205
416.70733386455	2.1440902360661007	0.00513382940386673	0.038990612128152205
417.1393792829697	2.146308347328198	0.005134118232642426	0.038990612128152205
417.57142470138933	2.148526583430984	0.0051344073593078045	0.038990612128152205
418.00347011980904	2.1507449445019664	0.00513469678389544	0.038990612128152205
418.43551553822874	2.152963430668654	0.005134986506437907	0.038990612128152205
418.86756095664845	2.155182042058555	0.0051352765269677796	0.038990612128152205
419.29960637506815	2.157400778799178	0.005135566845517633	0.038990612128152205
419.73165179348786	2.159619641018031	0.0051358574621200425	0.038990612128152205
420.16369721190756	2.161838628842623	0.005136148376807583	0.038990612128152205
420.5957426303273	2.164057742400462	0.005136439589612827	0.038990612128152205
421.02778804874697	2.166276981819057	0.005136731100568352	0.038990612128152205
421.4598334671667	2.1684963472259153	0.005137022909706731	0.038990612128152205
421.8918788855864	2.170715838748546	0.005137315017060539	0.038990612128152205
422.3239243040061	2.172935456514458	0.005137607422662351	0.038990612128152205
422.7559697224258	2.175155200651159	0.005137900126544742	0.038990612128152205
423.1880151408455	2.1773750712861575	0.005138193128740285	0.038990612128152205
423.6200605592652	2.179595068546962	0.005138486429281557	0.038990612128152205
424.0521059776849	2.1818151925610807	0.0051387800282011314	0.038990612128152205
424.4841513961046	2.1840354434560227	0.005139073925531584	0.038990612128152205
424.9161968145243	2.1862558213592957	0.005139368121305487	0.038990612128152205
425.348242232944	2.1884763263984084	0.005139662615555418	0.038990612128152205
425.7802876513637	2.190696958700869	0.005139957408313951	0.038990612128152205
426.2123330697834	2.1929177183941864	0.005140252499613659	0.038990612128152205
426.64437848820313	2.1951386056058686	0.005140547889487119	0.038990612128152205
427.07642390662284	2.197359620463424	0.0051408435779669035	0.038990612128152205
427.50846932504254	2.199580763094361	0.005141139565085589	0.038990612128152205
427.94051474346224	2.2018020336261883	0.00514143585087575	0.038990612128152205
428.37256016188195	2.2040234321864145	0.00514173243536996	0.038990612128152205
428.8046055803016	2.206244958902547	0.005142029318600794	0.038990612128152205
429.23665099872136	2.2084666139020954	0.005142326500600828	0.038990612128152205
429.66869641714106	2.2106883973125675	0.005142623981402636	0.038990612128152205
430.10074183556077	2.2129103092614715	0.005142921761038792	0.038990612128152205
430.5327872539805	2.2151323498763165	0.005143219839541872	0.038990612128152205
430.9648326724002	2.2173545192846102	0.005143518216944449	0.038990612128152205
431.3968780908199	2.219576817613861	0.005143816893279099	0.038990612128152205
431.8289235092396	2.2217992449915784	0.005144115868578397	0.038990612128152205
432.26096892765923	2.2240218015452697	0.005144415142874916	0.038990612128152205
432.69301434607894	2.2262444874024436	0.005144714716201233	0.038990612128152205
433.12505976449864	2.2284673026906088	0.0051450145885899206	0.038990612128152205
433.5571051829184	2.2306902475372734	0.005145314760073555	0.038990612128152205
