x	chi	dchidx	s0
0.00011583232862547104	0.0	1.7613223962008764	1.7613223962008764
0.011814897519798044	0.020605824918792776	1.7613222692928387	1.7613223962008764
0.02351396271097062	0.04121164763629499	1.7613220215512169	1.7613223962008764
0.035213027902143194	0.06181746676156588	1.7613216551368984	1.7613223962008764
0.046912093093315774	0.08242328090716364	1.7613211702303178	1.7613223962008764
0.058611158284488346	0.10302908868685558	1.7613205669368626	1.7613223962008764
0.07031022347566092	0.12363488871561826	1.7613198452868737	1.7613223962008764
0.08200928866683349	0.1442406796080196	1.7613190052426577	1.7613223962008764
0.09370835385800606	0.16484645996498518	1.7613180468061123	1.7613223962008764
0.10540741904917864	0.18545222840009762	1.7613169699845708	1.7613223962008764
0.11710648424035121	0.20605798353103721	1.7613157747740258	1.7613223962008764
0.12880554943152378	0.2266637239752446	1.76131446116999	1.7613223962008764
0.14050461462269637	0.2472694483499207	1.761313029167496	1.7613223962008764
0.15220367981386893	0.26787515527202665	1.7613114787610968	1.7613223962008764
0.1639027450050415	0.28848084335828406	1.761309809944865	1.7613223962008764
0.17560181019621407	0.3090865112251747	1.7613080227123938	1.7613223962008764
0.18730087538738666	0.32969215748894076	1.761306117056796	1.7613223962008764
0.19899994057855921	0.35029778076558454	1.761304092970705	1.7613223962008764
0.2106990057697318	0.37090337967086884	1.7613019504462737	1.7613223962008764
0.22239807096090436	0.39150895282031667	1.7612996894751756	1.7613223962008764
0.23409713615207695	0.4121144988292113	1.761297310048604	1.7613223962008764
0.2457962013432495	0.43272001631259643	1.761294812157272	1.7613223962008764
0.25749526653442206	0.453325503885276	1.7612921957914138	1.7613223962008764
0.26919433172559465	0.473930960161814	1.7612894609407823	1.7613223962008764
0.28089339691676724	0.4945363837565353	1.7612866075946516	1.7613223962008764
0.2925924621079398	0.5151417732835245	1.7612836357418153	1.7613223962008764
0.3042915272991124	0.5357471273566268	1.7612805453705873	1.7613223962008764
0.315990592490285	0.5563524445894477	1.7612773364688015	1.7613223962008764
0.3276896576814575	0.5769577235953527	1.761274009023812	1.7613223962008764
0.3393887228726301	0.597562962987468	1.7612705630224925	1.7613223962008764
0.3510877880638027	0.61816816137868	1.7612669984512375	1.7613223962008764
0.3627868532549753	0.6387733173816352	1.7612633152959611	1.7613223962008764
0.3744859184461478	0.6593784296087406	1.7612595135420976	1.7613223962008764
0.3861849836373204	0.6799834966721634	1.7612555931746017	1.7613223962008764
0.397884048828493	0.7005885171838313	1.7612515541779474	1.7613223962008764
0.4095831140196656	0.7211934897554318	1.7612473965361295	1.7613223962008764
0.4212821792108381	0.7417984129984133	1.7612431202326628	1.7613223962008764
0.4329812444020107	0.7624032855239842	1.7612387252505817	1.7613223962008764
0.4446803095931833	0.7830081059431131	1.7612342115724413	1.7613223962008764
0.45637937478435586	0.803612872866529	1.761229579180316	1.7613223962008764
0.4680784399755284	0.8242175849047216	1.7612248280558014	1.7613223962008764
0.479777505166701	0.8448222406679403	1.761219958180012	1.7613223962008764
0.49147657035787357	0.8654268387661952	1.7612149695335835	1.7613223962008764
0.5031756355490461	0.886031377809256	1.7612098620966703	1.7613223962008764
0.5148747007402187	0.9066358564066539	1.7612046358489484	1.7613223962008764
0.5265737659313913	0.9272402731676797	1.7611992907696128	1.7613223962008764
0.5382728311225639	0.947844626701384	1.761193826837379	1.7613223962008764
0.5499718963137364	0.968448915616579	1.7611882440304825	1.7613223962008764
0.561670961504909	0.9890531385218356	1.761182542326679	1.7613223962008764
0.5733700266960816	1.0096572940254869	1.761176721703244	1.7613223962008764
0.5850690918872542	1.030261380735624	1.7611707821369735	1.7613223962008764
0.5967681570784268	1.0508653972601003	1.7611647236041832	1.7613223962008764
0.6084672222695994	1.0714693422065291	1.7611585460807089	1.7613223962008764
0.620166287460772	1.0920732141822826	1.7611522495419067	1.7613223962008764
0.6318653526519445	1.1126770117944953	1.761145833962653	1.7613223962008764
0.643564417843117	1.1332807336500608	1.7611392993173436	1.7613223962008764
0.6552634830342896	1.1538843783556332	1.7611326455798946	1.7613223962008764
0.6669625482254622	1.1744879445176268	1.7611258727237427	1.7613223962008764
0.6786616134166348	1.1950914307422162	1.7611189807218441	1.7613223962008764
0.6903606786078074	1.215694835635337	1.7611119695466755	1.7613223962008764
0.70205974379898	1.2362981578026844	1.761104839170233	1.7613223962008764
0.7137588089901525	1.256901395849714	1.7610975895640337	1.7613223962008764
0.725457874181325	1.2775045483816418	1.7610902206991144	1.7613223962008764
0.7371569393724976	1.2981076140034435	1.7610827325460312	1.7613223962008764
0.7488560045636702	1.3187105913198565	1.7610751250748617	1.7613223962008764
0.7605550697548428	1.3393134789353773	1.7610673982552025	1.7613223962008764
0.7722541349460154	1.359916275454263	1.761059552056171	1.7613223962008764
0.7839532001371879	1.3805189794797934	1.761051586446425	1.7613223962008764
0.7956522653283605	1.40112158961383	1.7610435013942116	1.7613223962008764
0.8073513305195331	1.4217241044595195	1.761035296867286	1.7613223962008764
0.8190503957107056	1.4423265226196142	1.761026972832922	1.7613223962008764
0.8307494609018782	1.4629288426963858	1.7610185292579148	1.7613223962008764
0.8424485260930508	1.4835310632916232	1.761009966108581	1.7613223962008764
0.8541475912842234	1.504133183006635	1.7610012833507582	1.7613223962008764
0.8658466564753959	1.5247352004422472	1.7609924809498056	1.7613223962008764
0.8775457216665685	1.5453371141988048	1.760983558870603	1.7613223962008764
0.8892447868577411	1.5659389228761713	1.7609745170775524	1.7613223962008764
0.9009438520489137	1.5865406250737282	1.7609653555345761	1.7613223962008764
0.9126429172400862	1.6071422193903757	1.7609560742051178	1.7613223962008764
0.9243419824312588	1.6277437044245324	1.760946673052143	1.7613223962008764
0.9360410476224313	1.6483450787741354	1.7609371520381378	1.7613223962008764
0.9477401128136039	1.66894634103664	1.76092751112511	1.7613223962008764
0.9594391780047765	1.6895474898090206	1.760917750274588	1.7613223962008764
0.9711382431959491	1.710148523687769	1.7609078694476221	1.7613223962008764
0.9828373083871217	1.730749441268896	1.7608978686047836	1.7613223962008764
0.9945363735782943	1.751350241147931	1.7608877477061649	1.7613223962008764
1.0062354387694668	1.7719509219199217	1.7608775067113795	1.7613223962008764
1.0179345039606393	1.7925514821794342	1.7608671455795628	1.7613223962008764
1.029633569151812	1.8131519205205526	1.7608566642693706	1.7613223962008764
1.0413326343429845	1.83375223553688	1.7608460627389804	1.7613223962008764
1.053031699534157	1.854352425821538	1.7608353409460906	1.7613223962008764
1.0647307647253297	1.8749524899671663	1.7608244988479216	1.7613223962008764
1.0764298299165023	1.8955524265659234	1.7608135364012139	1.7613223962008764
1.0881288951076749	1.9161522342094854	1.7608024535622302	1.7613223962008764
1.0998279602988474	1.936751911489048	1.760791250286754	1.7613223962008764
1.11152702549002	1.957351456995324	1.7607799265300899	1.7613223962008764
1.1232260906811926	1.9779508693185464	1.7607684822470637	1.7613223962008764
1.1349251558723652	1.9985501470484648	1.7607569173920232	1.7613223962008764
1.1466242210635378	2.019149288774348	1.7607452319188364	1.7613223962008764
1.1583232862547104	2.0397482930849837	1.7607334257808933	1.7613223962008764
