x	chi	dchidx	s0
0.0007015482925481728	0.0	0.07844848774215529	0.07844848774215529
0.02032812034650711	0.0015396497543576255	0.07844476865111953	0.07844848774215529
0.03995469240046604	0.003079158393804563	0.07843410776064447	0.07844848774215529
0.05958126445442498	0.00461838967469621	0.07841650507496553	0.07844848774215529
0.07920783650838391	0.006157207353396358	0.07839196059405608	0.07844848774215529
0.09883440856234285	0.0076954751862557055	0.07836047431760562	0.07844848774215529
0.11846098061630178	0.009233056929611861	0.07832204624501994	0.07844848774215529
0.13808755267026074	0.01076981633978934	0.07827667637542102	0.07844848774215529
0.15771412472421967	0.012305617173066188	0.0782243647077824	0.07844848774215529
0.17734069677817857	0.013840323180121392	0.07816511126387966	0.07844848774215529
0.19696726883213753	0.01537379811422353	0.07809891605601918	0.07844848774215529
0.21659384088609646	0.01690590573311392	0.078025779078112	0.07844848774215529
0.23622041294005539	0.018436509794390658	0.07794570032407099	0.07844848774215529
0.2558469849940143	0.01996547405550862	0.07785867978781075	0.07844848774215529
0.27547355704797327	0.02149266227377944	0.07776471746324778	0.07844848774215529
0.2951001291019322	0.02301793820637153	0.07766381334430036	0.07844848774215529
0.31472670115589113	0.024541165610310084	0.07755596742488857	0.07844848774215529
0.33435327320985003	0.026062208242477042	0.07744117969893431	0.07844848774215529
0.35397984526380893	0.027580929859611157	0.07731945016036129	0.07844848774215529
0.37360641731776795	0.029097194218307917	0.07719077880309505	0.07844848774215529
0.39323298937172685	0.030610865075019603	0.07705516562106292	0.07844848774215529
0.4128595614256858	0.03212180618605526	0.07691261060819406	0.07844848774215529
0.4324861334796447	0.033629881307580684	0.0767631137584194	0.07844848774215529
0.4521127055336036	0.035134954195618504	0.07660667506567177	0.07844848774215529
0.47173927758756257	0.036636888606048065	0.07644329452388572	0.07844848774215529
0.4913658496415215	0.038135548294605526	0.07627297212699766	0.07844848774215529
0.5109924216954804	0.039630797016883754	0.0760957078689458	0.07844848774215529
0.5306189937494394	0.04112249852833245	0.07591150174367017	0.07844848774215529
0.5502455658033983	0.042610516584258074	0.07572035374511261	0.07844848774215529
0.5698721378573572	0.04409471493982384	0.07552226386721676	0.07844848774215529
0.5894987099113163	0.04557495735004975	0.0753172321039281	0.07844848774215529
0.6091252819652752	0.04705110756981257	0.07510525844919387	0.07844848774215529
0.6287518540192341	0.04852302935384585	0.07488634289696319	0.07844848774215529
0.648378426073193	0.0499905864567399	0.07466048544118696	0.07844848774215529
0.6680049981271519	0.051453642632941804	0.07442768607581787	0.07844848774215529
0.6876315701811109	0.052912061636755436	0.07418794479481045	0.07844848774215529
0.7072581422350698	0.05436570722234141	0.07394126159212104	0.07844848774215529
0.7268847142890287	0.05581444314371714	0.0736876364617078	0.07844848774215529
0.7465112863429877	0.05725813315475679	0.07342706939753066	0.07844848774215529
0.7661378583969467	0.05869664100919132	0.07315956039355141	0.07844848774215529
0.7857644304509056	0.060129830460608436	0.07288510944373365	0.07844848774215529
0.8053910025048645	0.06155756526245265	0.07260371654204277	0.07844848774215529
0.8250175745588234	0.06297970916802523	0.07231538168244596	0.07844848774215529
0.8446441466127823	0.06439612593048417	0.07202010485891226	0.07844848774215529
0.8642707186667413	0.06580667930284434	0.0717178860654125	0.07844848774215529
0.8838972907207002	0.06721123303797728	0.07140872529591934	0.07844848774215529
0.9035238627746591	0.06860965088861135	0.07109262254440721	0.07844848774215529
0.923150434828618	0.07000179660733169	0.07076957780485241	0.07844848774215529
0.9427770068825769	0.0713875339465802	0.07043959107123302	0.07844848774215529
0.962403578936536	0.07276672665865555	0.07010266233752892	0.07844848774215529
0.982030150990495	0.07413923849571318	0.06975879159772183	0.07844848774215529
1.0016567230444537	0.07550493320976527	0.06940797884579526	0.07844848774215529
1.0212832950984128	0.07686367455268088	0.06905022407573456	0.07844848774215529
1.0409098671523718	0.07821532627618571	0.06868552728152688	0.07844848774215529
1.0605364392063306	0.07955975213186232	0.06831388845716115	0.07844848774215529
1.0801630112602896	0.08089681587115001	0.06793530759662816	0.07844848774215529
1.0997895833142486	0.08222638124534486	0.06754978469392049	0.07844848774215529
1.1194161553682074	0.0835483120055997	0.06715731974303255	0.07844848774215529
1.1390427274221664	0.0848624719029242	0.0667579127379605	0.07844848774215529
1.1586692994761252	0.0861687246881847	0.06635156367270241	0.07844848774215529
1.1782958715300842	0.0874669341121044	0.06593827254125809	0.07844848774215529
1.197922443584043	0.08875696392526321	0.06551803933762917	0.07844848774215529
1.2175490156380022	0.09003867787809787	0.06509086405581915	0.07844848774215529
1.237175587691961	0.09131193972090187	0.06465674668983326	0.07844848774215529
1.25680215974592	0.09257661320382544	0.0642156872336786	0.07844848774215529
1.276428731799879	0.09383256207687564	0.06376768568136404	0.07844848774215529
1.2960553038538378	0.0950796500899162	0.06331274202690032	0.07844848774215529
1.3156818759077968	0.09631774099266777	0.06285085626429993	0.07844848774215529
1.3353084479617556	0.09754669853470765	0.06238202838757722	0.07844848774215529
1.3549350200157146	0.09876638646547	0.061906258390748314	0.07844848774215529
1.3745615920696734	0.09997666853424561	0.06142354626783118	0.07844848774215529
1.3941881641236327	0.1011774084901823	0.06093389201284559	0.07844848774215529
1.4138147361775915	0.10236847008228436	0.06043729561981312	0.07844848774215529
1.4334413082315505	0.10354971705941307	0.05993375708275714	0.07844848774215529
1.4530678802855093	0.10472101317028638	0.0594232763957029	0.07844848774215529
1.4726944523394683	0.1058822221634791	0.05890585355267737	0.07844848774215529
1.4923210243934273	0.10703320778742267	0.0583814885477094	0.07844848774215529
1.511947596447386	0.10817383379040542	0.057850181374829626	0.07844848774215529
1.531574168501345	0.10930396392057244	0.057311932028070514	0.07844848774215529
1.5512007405553039	0.11042346192592553	0.05676674050146634	0.07844848774215529
1.570827312609263	0.11153219155716552	0.0562146067724118	0.07844848774215529
1.590453884663222	0.11263001656925706	0.05565553078976278	0.07844848774215529
1.610080456717181	0.11371680070983584	0.0550895125415687	0.07844848774215529
1.6297070287711397	0.1147924077259555	0.05451655201806208	0.07844848774215529
1.6493336008250987	0.11585670136447296	0.053936649209466295	0.07844848774215529
1.6689601728790575	0.1169095453720482	0.05334980410599566	0.07844848774215529
1.6885867449330165	0.11795080349514452	0.05275601669785538	0.07844848774215529
1.7082133169869755	0.11898033948002833	0.05215528697524158	0.07844848774215529
1.7278398890409343	0.11999801707276925	0.05154761492834129	0.07844848774215529
1.7474664610948933	0.1210037000192401	0.05093300054733245	0.07844848774215529
1.7670930331488521	0.12199725206511687	0.050311443822383915	0.07844848774215529
1.7867196052028114	0.12297853695587878	0.049682944743655436	0.07844848774215529
1.8063461772567702	0.12394741843680819	0.04904750330129769	0.07844848774215529
1.8259727493107292	0.1249037602529907	0.04840511948545223	0.07844848774215529
1.845599321364688	0.12584742614931504	0.04775579328625157	0.07844848774215529
1.865225893418647	0.12677841703622042	0.047099313892714385	0.07844848774215529
1.8848524654726058	0.1276975225762851	0.04641491268415252	0.07844848774215529
1.9044790375265648	0.1286015093078656	0.045700279223260386	0.07844848774215529
1.9241056095805238	0.1294906646037965	0.045074578194407675	0.07844848774215529
1.9437321816344826	0.13037084789151135	0.0447884346445115	0.07844848774215529
2.012011558084115	0.13342897973433493	0.044788579939914024	0.07844848774215529
2.0802909345337475	0.13648712135081015	0.044788725912539594	0.07844848774215529
2.14857031098338	0.13954527281498486	0.04478887258940953	0.07844848774215529
2.216849687433012	0.14260343420090685	0.04478901999754513	0.07844848774215529
2.2851290638826445	0.14566160558262406	0.044789168163967705	0.07844848774215529
2.3534084403322773	0.14871978703418426	0.04478931711569858	0.07844848774215529
2.4216878167819096	0.15177797862963532	0.04478946687975905	0.07844848774215529
2.4899671932315424	0.1548361804430251	0.04478961748317044	0.07844848774215529
2.5582465696811743	0.15789439254840143	0.04478976895295405	0.07844848774215529
2.626525946130807	0.1609526150198122	0.044789921316131194	0.07844848774215529
2.6948053225804394	0.16401084793130516	0.04479007459972318	0.07844848774215529
2.7630846990300717	0.16706909135692827	0.04479022883075132	0.07844848774215529
2.831364075479704	0.17012734537072932	0.04479038403623694	0.07844848774215529
2.899643451929337	0.17318561004675614	0.04479054024320133	0.07844848774215529
2.967922828378969	0.17624388545905664	0.044790697478665806	0.07844848774215529
3.036202204828601	0.17930217168167856	0.04479085576965168	0.07844848774215529
3.1044815812782343	0.1823604687886699	0.04479101514318027	0.07844848774215529
3.172760957727866	0.18541877685407837	0.044791175626272876	0.07844848774215529
3.2410403341774985	0.18847709595195186	0.044791337245950816	0.07844848774215529
3.3093197106271313	0.19153542615633826	0.0447915000292354	0.07844848774215529
3.377599087076763	0.19459376754128535	0.044791664003147935	0.07844848774215529
3.4458784635263964	0.19765212018084105	0.04479182919470973	0.07844848774215529
3.5141578399760283	0.20071048414905313	0.044791995630942105	0.07844848774215529
3.5824372164256606	0.20376885951996948	0.04479216333886636	0.07844848774215529
3.6507165928752934	0.20682724636763794	0.04479233234550382	0.07844848774215529
3.7189959693249257	0.20988564476610638	0.044792502677875774	0.07844848774215529
3.787275345774558	0.21294405590527649	0.04479267351030373	0.07844848774215529
3.8555547222241904	0.21600248260734534	0.04479284268700002	0.07844848774215529
3.923834098673823	0.21906092070794655	0.044793013420868916	0.07844848774215529
3.992113475123455	0.222119370317105	0.04479318571231515	0.07844848774215529
4.060392851573088	0.22517783154484564	0.044793359561743434	0.07844848774215529
4.128672228022721	0.22823630450119342	0.044793534969558506	0.07844848774215529
4.1969516044723525	0.23129478929617323	0.04479371193616508	0.07844848774215529
4.265230980921985	0.23435328603981004	0.0447938904619679	0.07844848774215529
4.333510357371618	0.23741179484212874	0.04479407054737167	0.07844848774215529
4.40178973382125	0.2404703158131543	0.044794252192781124	0.07844848774215529
4.470069110270882	0.2435288490629116	0.04479443539860099	0.07844848774215529
4.538348486720515	0.24658739470142563	0.044794620165236	0.07844848774215529
4.606627863170147	0.24964595283872132	0.044794806493090866	0.07844848774215529
4.67490723961978	0.2527045235848236	0.04479499438257031	0.07844848774215529
4.743186616069412	0.2557631070497573	0.044795183834079086	0.07844848774215529
4.811465992519044	0.2588217033435475	0.04479537484802189	0.07844848774215529
4.879745368968678	0.261880312576219	0.04479556742480346	0.07844848774215529
4.9480247454183095	0.26493893485779685	0.044795761564828514	0.07844848774215529
5.016304121867941	0.26799757029830584	0.04479595726850179	0.07844848774215529
5.084583498317574	0.2710562190077711	0.044796154536228004	0.07844848774215529
5.152862874767207	0.2741148810962174	0.04479635336841189	0.07844848774215529
5.221142251216838	0.2771735566736696	0.044796553765458165	0.07844848774215529
5.289421627666472	0.2802322458501529	0.04479675572777155	0.07844848774215529
5.357701004116104	0.28329094873569205	0.04479695925575679	0.07844848774215529
5.425980380565736	0.28634966544031193	0.0447971643498186	0.07844848774215529
5.494259757015368	0.2894083960740376	0.04479737101036169	0.07844848774215529
5.562539133465001	0.29246714074689395	0.04479757923779081	0.07844848774215529
5.630818509914635	0.29552589956890596	0.04479778903251068	0.07844848774215529
5.699097886364266	0.29858467265009836	0.04479800039492601	0.07844848774215529
5.767377262813898	0.3016434601004963	0.04479821332544155	0.07844848774215529
5.835656639263531	0.3047022620301247	0.04479842782446201	0.07844848774215529
5.903936015713163	0.3077610785490083	0.04479864389239211	0.07844848774215529
5.972215392162795	0.3108199097671722	0.04479886152963659	0.07844848774215529
6.040494768612429	0.31387875579464136	0.04479908073660016	0.07844848774215529
6.1087741450620605	0.31693761674144055	0.044799301513687564	0.07844848774215529
6.177053521511692	0.3199964927175948	0.044799523861303515	0.07844848774215529
6.245332897961325	0.3230553838331291	0.044799747779852746	0.07844848774215529
6.313612274410958	0.32611429019806826	0.04479997326973998	0.07844848774215529
6.381891650860589	0.3291732119224372	0.04480020033136994	0.07844848774215529
6.450171027310223	0.33223214911626103	0.04480042896514735	0.07844848774215529
6.518450403759855	0.3352911018895645	0.044800659171476936	0.07844848774215529
6.586729780209488	0.33835007035237263	0.04480089095076343	0.07844848774215529
6.655009156659119	0.3414090546147103	0.04480112430341155	0.07844848774215529
6.723288533108752	0.3444680547866025	0.044801359229826025	0.07844848774215529
6.791567909558386	0.3475270709780741	0.044801595730411585	0.07844848774215529
6.859847286008017	0.3505861032991501	0.04480183380557295	0.07844848774215529
6.928126662457649	0.35364515185985534	0.044802073455714846	0.07844848774215529
6.996406038907282	0.3567042167702148	0.044802314681242	0.07844848774215529
7.064685415356915	0.3597632981402535	0.04480255748255914	0.07844848774215529
7.132964791806546	0.3628223960799961	0.04480280186007099	0.07844848774215529
7.20124416825618	0.3658815106994679	0.04480304781418227	0.07844848774215529
7.269523544705812	0.3689406421086936	0.04480329534529771	0.07844848774215529
7.337802921155443	0.37199979041769804	0.044803544453822036	0.07844848774215529
7.406082297605076	0.3750589557365064	0.044803795140159974	0.07844848774215529
7.474361674054709	0.37811813817514356	0.044804047404716246	0.07844848774215529
7.542641050504343	0.3811773378436343	0.044804301247895584	0.07844848774215529
7.610920426953974	0.3842365548520036	0.04480455667010271	0.07844848774215529
7.679199803403606	0.38729578931027653	0.04480481367174235	0.07844848774215529
7.747479179853239	0.3903550413284779	0.044805072253219225	0.07844848774215529
7.81575855630287	0.39341431101663255	0.044805332414938066	0.07844848774215529
7.884037932752503	0.39647359848476565	0.044805594157303605	0.07844848774215529
7.952317309202137	0.39953290384290197	0.04480585748072055	0.07844848774215529
8.02059668565177	0.4025922272010665	0.044806122385593644	0.07844848774215529
8.0888760621014	0.4056515686692841	0.044806388872327595	0.07844848774215529
8.157155438551033	0.40871092835757983	0.04480665694132715	0.07844848774215529
8.225434815000666	0.41177030637597845	0.044806926592997016	0.07844848774215529
8.293714191450297	0.41482970283450493	0.04480719782774193	0.07844848774215529
8.36199356789993	0.4178891178431844	0.04480747064596661	0.07844848774215529
8.430272944349563	0.4209485515120415	0.04480774504807579	0.07844848774215529
8.498552320799194	0.42400800395110133	0.044808021034474184	0.07844848774215529
8.566831697248828	0.42706747527038885	0.044808298605566524	0.07844848774215529
8.63511107369846	0.430126965579929	0.04480857776175754	0.07844848774215529
8.703390450148094	0.4331864749897466	0.044808858503451954	0.07844848774215529
8.771669826597725	0.43624600360986643	0.04480914083105449	0.07844848774215529
8.839949203047357	0.4393055515503138	0.04480942474496988	0.07844848774215529
8.90822857949699	0.4423651189211135	0.04480971024560283	0.07844848774215529
8.976507955946621	0.44542470583229027	0.044809997333358095	0.07844848774215529
9.044787332396254	0.44848431239386927	0.04481028600864038	0.07844848774215529
9.113066708845887	0.4515439387158754	0.04481057627185441	0.07844848774215529
9.18134608529552	0.4546035849083335	0.04481086812340492	0.07844848774215529
9.24962546174515	0.4576632510812685	0.04481116156369663	0.07844848774215529
9.317904838194785	0.4607229373447054	0.04481145659313428	0.07844848774215529
9.386184214644418	0.46378264380866907	0.04481175321212257	0.07844848774215529
9.454463591094049	0.46684237058318445	0.04481205142106624	0.07844848774215529
9.522742967543682	0.4699021177782766	0.04481235122037002	0.07844848774215529
9.591022343993314	0.47296188550397034	0.04481265261043863	0.07844848774215529
9.659301720442947	0.4760216738702906	0.0448129555916768	0.07844848774215529
9.727581096892578	0.47908148298726216	0.04481326016448924	0.07844848774215529
9.795860473342211	0.48214131296491036	0.04481356632928069	0.07844848774215529
9.864139849791844	0.48520116391325985	0.04481387408645588	0.07844848774215529
9.932419226241475	0.4882610359423354	0.04481418343641952	0.07844848774215529
10.000698602691108	0.4913209291621622	0.044814494379576346	0.07844848774215529
10.068977979140742	0.49438084368276525	0.044814806916331086	0.07844848774215529
10.137257355590375	0.4974407796141692	0.04481512104708846	0.07844848774215529
10.205536732040006	0.5005007370663992	0.044815436772253185	0.07844848774215529
10.273816108489639	0.5035607161494801	0.04481575409223001	0.07844848774215529
10.342095484939271	0.5066207169734367	0.044816073007423636	0.07844848774215529
10.410374861388902	0.5096807396482942	0.0448163935182388	0.07844848774215529
10.478654237838535	0.5127407842840774	0.04481671562508023	0.07844848774215529
10.546933614288168	0.5158008509908113	0.04481703932835265	0.07844848774215529
10.6152129907378	0.5188609398785207	0.044817364628460775	0.07844848774215529
10.683492367187432	0.5219210510572304	0.04481769152580935	0.07844848774215529
10.751771743637065	0.5249811846369657	0.04481802002080309	0.07844848774215529
10.820051120086696	0.5280413407277514	0.04481835011384671	0.07844848774215529
10.88833049653633	0.5311015194396123	0.044818681805344956	0.07844848774215529
10.956609872985963	0.5341617208825735	0.04481901509570254	0.07844848774215529
11.024889249435596	0.5372219451666598	0.0448193499853242	0.07844848774215529
11.093168625885227	0.5402821924018961	0.044819686474614644	0.07844848774215529
11.16144800233486	0.5433424626983075	0.04482002456397861	0.07844848774215529
11.229727378784492	0.5464027561659189	0.04482036425382082	0.07844848774215529
11.298006755234123	0.5494630729147549	0.044820705544545994	0.07844848774215529
11.366286131683756	0.5525234130548411	0.044821048436558875	0.07844848774215529
11.434565508133389	0.5555837766962018	0.044821392930264166	0.07844848774215529
11.502844884583022	0.5586441639488622	0.044821739026066613	0.07844848774215529
11.571124261032653	0.5617045749228472	0.04482208672437093	0.07844848774215529
11.639403637482287	0.5647650097281817	0.04482243602558184	0.07844848774215529
11.70768301393192	0.5678254684748907	0.044822786930104073	0.07844848774215529
11.775962390381551	0.570885951272999	0.04482313943834236	0.07844848774215529
11.844241766831184	0.5739464582325318	0.04482349355070142	0.07844848774215529
11.912521143280816	0.5770069894635137	0.04482384926758598	0.07844848774215529
11.98080051973045	0.5800675450759698	0.04482420658940077	0.07844848774215529
12.04907989618008	0.583128125179925	0.04482456551655051	0.07844848774215529
12.117359272629713	0.5861887298854043	0.044824926049439925	0.07844848774215529
12.185638649079346	0.5892493593024325	0.04482528818847374	0.07844848774215529
12.253918025528977	0.5923100135410346	0.04482565193405669	0.07844848774215529
12.32219740197861	0.5953706927112355	0.04482601728659349	0.07844848774215529
12.390476778428244	0.5984313969230604	0.04482638424648887	0.07844848774215529
12.458756154877875	0.6014921262865338	0.04482675281414755	0.07844848774215529
12.527035531327508	0.6045528809116808	0.044827122989974266	0.07844848774215529
12.59531490777714	0.6076136609085264	0.04482749477437374	0.07844848774215529
12.663594284226773	0.6106744663870957	0.044827868167750695	0.07844848774215529
12.731873660676404	0.6137352974574132	0.04482824317050985	0.07844848774215529
12.800153037126037	0.6167961542295041	0.04482861978305595	0.07844848774215529
12.86843241357567	0.6198570368133933	0.0448289980057937	0.07844848774215529
12.936711790025301	0.6229179453191055	0.04482937783912783	0.07844848774215529
13.004991166474934	0.625978879856666	0.04482975928346308	0.07844848774215529
13.073270542924567	0.6290398405360997	0.04483014233920416	0.07844848774215529
13.141549919374201	0.6321008274674313	0.044830527006755806	0.07844848774215529
13.209829295823832	0.6351618407606859	0.044830913286522736	0.07844848774215529
13.278108672273465	0.6382228805258884	0.044831301178909676	0.07844848774215529
13.346388048723098	0.6412839468730637	0.04483169068432136	0.07844848774215529
13.414667425172729	0.6443450399122365	0.0448320818031625	0.07844848774215529
13.482946801622361	0.6474061597534321	0.04483247453583783	0.07844848774215529
13.551226178071994	0.6504673065066753	0.04483286888275207	0.07844848774215529
13.619505554521627	0.6535284802819911	0.04483326484430996	0.07844848774215529
13.687784930971258	0.6565896811894043	0.04483366242091621	0.07844848774215529
13.75606430742089	0.6596509093389399	0.044834061612975554	0.07844848774215529
13.824343683870524	0.6627121648406228	0.044834462420892715	0.07844848774215529
13.892623060320155	0.6657734478044778	0.04483486484507242	0.07844848774215529
13.96090243676979	0.6688347583405301	0.044835268885919384	0.07844848774215529
14.029181813219422	0.6718960965588047	0.04483567454383835	0.07844848774215529
14.097461189669055	0.6749574625693262	0.044836081819234035	0.07844848774215529
14.165740566118686	0.6780188564821195	0.04483649071251116	0.07844848774215529
14.234019942568318	0.68108027840721	0.04483690122407446	0.07844848774215529
14.302299319017951	0.6841417284546221	0.04483731335432865	0.07844848774215529
14.370578695467582	0.687203206734381	0.04483772710367847	0.07844848774215529
14.438858071917215	0.6902647133565116	0.04483814247252863	0.07844848774215529
14.507137448366848	0.6933262484310388	0.04483855946128387	0.07844848774215529
14.57541682481648	0.6963878120679877	0.04483897807034891	0.07844848774215529
14.643696201266112	0.6994494043773831	0.044839398300128466	0.07844848774215529
14.711975577715746	0.7025110254692498	0.04483982015102727	0.07844848774215529
14.780254954165379	0.7055726754536129	0.04484024362345006	0.07844848774215529
14.84853433061501	0.708634354440497	0.04484066871780154	0.07844848774215529
14.916813707064643	0.7116960625399277	0.04484109543448645	0.07844848774215529
14.985093083514275	0.7147577998619296	0.044841523773909514	0.07844848774215529
15.053372459963906	0.7178195665165272	0.044841953736475454	0.07844848774215529
15.12165183641354	0.7208813626137461	0.044842385322588996	0.07844848774215529
15.189931212863172	0.7239431882636108	0.04484281853265487	0.07844848774215529
15.258210589312805	0.7270050435761465	0.0448432533670778	0.07844848774215529
15.326489965762436	0.7300669286613777	0.0448436898262625	0.07844848774215529
15.394769342212069	0.7331288436293297	0.044844127910613714	0.07844848774215529
15.463048718661703	0.7361907885900276	0.04484456762053616	0.07844848774215529
15.531328095111334	0.739252763653496	0.044845008956434555	0.07844848774215529
15.599607471560967	0.74231476892976	0.04484545191871364	0.07844848774215529
15.6678868480106	0.7453768045288443	0.04484589650777813	0.07844848774215529
15.736166224460232	0.7484388705607741	0.044846342724032755	0.07844848774215529
15.804445600909864	0.751500967135574	0.04484679056788224	0.07844848774215529
15.872724977359496	0.7545630943632693	0.044847240039731305	0.07844848774215529
15.941004353809129	0.7576252523538849	0.04484769113998468	0.07844848774215529
16.009283730258762	0.7606874412174454	0.04484814386904709	0.07844848774215529
16.077563106708393	0.763749661063976	0.04484859822732327	0.07844848774215529
16.145842483158027	0.7668119120035016	0.04484905421521793	0.07844848774215529
16.21412185960766	0.7698741941460471	0.044849511833135805	0.07844848774215529
16.28240123605729	0.7729365076016373	0.044849971081481615	0.07844848774215529
16.350680612506924	0.7759988524802973	0.044850431960660096	0.07844848774215529
16.418959988956555	0.7790612288920522	0.04485089447107596	0.07844848774215529
16.487239365406186	0.7821236369469267	0.04485135861313394	0.07844848774215529
16.55551874185582	0.7851860767549456	0.04485182438723876	0.07844848774215529
16.623798118305455	0.788248548426134	0.04485229179379515	0.07844848774215529
16.692077494755086	0.7913110520705169	0.04485276083320783	0.07844848774215529
16.760356871204717	0.794373587798119	0.044853231505881525	0.07844848774215529
16.82863624765435	0.7974361557189654	0.044853703812220966	0.07844848774215529
16.896915624103983	0.8004987559430812	0.044854177752630876	0.07844848774215529
16.965195000553614	0.803561388580491	0.04485465332751598	0.07844848774215529
17.033474377003248	0.8066240537412198	0.044855130537281	0.07844848774215529
17.10175375345288	0.8096867515352929	0.044855609382330665	0.07844848774215529
17.170033129902514	0.8127494820727347	0.04485608986306971	0.07844848774215529
17.238312506352145	0.8158122454635702	0.044856571979902844	0.07844848774215529
17.306591882801776	0.8188750418178248	0.0448570557332348	0.07844848774215529
17.37487125925141	0.821937871245523	0.044857541123470304	0.07844848774215529
17.44315063570104	0.8250007338566899	0.044858028151014084	0.07844848774215529
17.511430012150676	0.8280636297613504	0.04485851681627086	0.07844848774215529
17.57970938860031	0.8311265590695295	0.04485900711964536	0.07844848774215529
17.64798876504994	0.834189521891252	0.04485949906154231	0.07844848774215529
17.716268141499572	0.8372525183365425	0.04485999264236644	0.07844848774215529
17.784547517949203	0.8403155485154267	0.04486048786252247	0.07844848774215529
17.852826894398838	0.843378612537929	0.04486098472241513	0.07844848774215529
17.92110627084847	0.8464417105140746	0.044861483222449136	0.07844848774215529
17.989385647298104	0.8495048425538884	0.04486198336302922	0.07844848774215529
18.057665023747738	0.8525680087673949	0.04486248514456011	0.07844848774215529
18.125944400197366	0.8556312092646196	0.04486298856744653	0.07844848774215529
18.194223776647	0.858694444155587	0.0448634936320932	0.07844848774215529
18.26250315309663	0.8617577135503226	0.04486400033890486	0.07844848774215529
18.330782529546266	0.8648210175588507	0.04486450868828622	0.07844848774215529
18.399061905995897	0.8678843562911965	0.04486501868064201	0.07844848774215529
18.46734128244553	0.8709477298573851	0.04486553031637696	0.07844848774215529
18.535620658895162	0.874011138367441	0.04486604359589579	0.07844848774215529
18.603900035344793	0.8770745819313894	0.04486655851960323	0.07844848774215529
18.672179411794424	0.8801380606592553	0.044867075087904	0.07844848774215529
18.74045878824406	0.8832015746610636	0.04486759330120284	0.07844848774215529
18.80873816469369	0.8862651240468392	0.04486811315990446	0.07844848774215529
18.877017541143324	0.889328708926607	0.04486863466441359	0.07844848774215529
18.94529691759296	0.8923923294103917	0.04486915781513495	0.07844848774215529
19.01357629404259	0.8954559856082188	0.04486968261247328	0.07844848774215529
19.08185567049222	0.8985196776301125	0.044870209056833296	0.07844848774215529
19.150135046941852	0.9015834055860984	0.04487073714861973	0.07844848774215529
19.218414423391486	0.904647229298205	0.04487126761789624	0.07844848774215529
19.286693799841117	0.9077110944990844	0.044871799791189125	0.07844848774215529
19.354973176290752	0.9107749953051061	0.04487233359489189	0.07844848774215529
19.423252552740383	0.9138389318318334	0.04487286902914369	0.07844848774215529
19.491531929190018	0.9169029041948296	0.044873406094083676	0.07844848774215529
19.559811305639652	0.919966912509658	0.04487394478985101	0.07844848774215529
19.628090682089283	0.9230309568918817	0.04487448511658485	0.07844848774215529
19.696370058538914	0.9260950374570641	0.04487502707442434	0.07844848774215529
19.764649434988545	0.9291591543207685	0.04487557066350865	0.07844848774215529
19.83292881143818	0.9322233075985581	0.04487611588397692	0.07844848774215529
19.90120818788781	0.935287497405996	0.04487666273596831	0.07844848774215529
19.969487564337445	0.9383517238586458	0.04487721121962199	0.07844848774215529
20.037766940787076	0.9414159870720705	0.04487776133507709	0.07844848774215529
20.10604631723671	0.9444802871618334	0.04487831308247279	0.07844848774215529
20.174325693686338	0.9475446242434976	0.044878866461948226	0.07844848774215529
20.242605070135973	0.9506089984326268	0.044879421473642565	0.07844848774215529
20.310884446585604	0.953673409844784	0.044879978117694966	0.07844848774215529
20.37916382303524	0.9567378585955324	0.044880536394244566	0.07844848774215529
20.447443199484873	0.9598023448004352	0.04488109630343054	0.07844848774215529
20.515722575934504	0.962866868575056	0.04488165784539203	0.07844848774215529
20.58400195238414	0.9659314300349577	0.044882221020268204	0.07844848774215529
20.652281328833766	0.9689960292957036	0.044882785828198206	0.07844848774215529
20.7205607052834	0.9720606664728573	0.04488335226932119	0.07844848774215529
20.78884008173303	0.9751253416819816	0.04488392034377632	0.07844848774215529
20.857119458182666	0.9781900550386401	0.04488449005170275	0.07844848774215529
20.925398834632297	0.9812548066583959	0.04488506139323963	0.07844848774215529
20.99367821108193	0.9843195966568123	0.04488563436852613	0.07844848774215529
21.061957587531566	0.9873844251494527	0.04488620897770138	0.07844848774215529
21.130236963981194	0.9904492922518798	0.044886785220904564	0.07844848774215529
21.198516340430828	0.9935141980796576	0.04488736309827481	0.07844848774215529
21.26679571688046	0.996579142748349	0.0448879426099513	0.07844848774215529
21.335075093330094	0.9996441263735173	0.04488852375607316	0.07844848774215529
21.403354469779725	1.0027091490707258	0.04488910653677957	0.07844848774215529
21.47163384622936	1.0057742109555377	0.044889690952209675	0.07844848774215529
21.53991322267899	1.008839312143516	0.044890277002502636	0.07844848774215529
21.60819259912862	1.0119044527502243	0.0448908646877976	0.07844848774215529
21.676471975578252	1.0149696328912259	0.04489145400823373	0.07844848774215529
21.744751352027887	1.018034852682084	0.044892044963950176	0.07844848774215529
21.813030728477518	1.0211001122383618	0.044892637555086094	0.07844848774215529
21.881310104927152	1.0241654116756225	0.044893231781780646	0.07844848774215529
21.949589481376787	1.0272307511094294	0.044893827644172976	0.07844848774215529
22.017868857826418	1.030296130655346	0.04489442514240225	0.07844848774215529
22.08614823427605	1.0333615504289348	0.04489502427660762	0.07844848774215529
22.15442761072568	1.03642701054576	0.04489562504692824	0.07844848774215529
22.222706987175314	1.0394925111213844	0.04489622745350327	0.07844848774215529
22.290986363624945	1.0425580522713713	0.04489683149647185	0.07844848774215529
22.35926574007458	1.0456236341112841	0.04489743717597315	0.07844848774215529
22.42754511652421	1.048689256756686	0.04489804449214633	0.07844848774215529
22.495824492973842	1.0517549203231398	0.04489865344513053	0.07844848774215529
22.564103869423473	1.0548206249262093	0.04489926403506492	0.07844848774215529
22.632383245873108	1.0578863706814579	0.04489987626208864	0.07844848774215529
22.700662622322742	1.0609521577044485	0.044900490126340856	0.07844848774215529
22.768941998772373	1.0640179861107442	0.04490110562796072	0.07844848774215529
22.837221375222008	1.0670838560159086	0.04490172276708739	0.07844848774215529
22.90550075167164	1.070149767535505	0.044902341543860025	0.07844848774215529
22.97378012812127	1.073215720785096	0.044902961958417774	0.07844848774215529
23.0420595045709	1.076281715880246	0.044903584010899784	0.07844848774215529
23.110338881020535	1.0793477529365174	0.04490420770144523	0.07844848774215529
23.178618257470166	1.0824138320694736	0.044904833030193256	0.07844848774215529
23.2468976339198	1.085479953394678	0.044905459997283015	0.07844848774215529
23.315177010369432	1.0885461170276938	0.04490608860285367	0.07844848774215529
23.383456386819066	1.0916123230840844	0.04490671884704436	0.07844848774215529
23.451735763268697	1.0946785716794125	0.044907350729994265	0.07844848774215529
23.52001513971833	1.0977448629292423	0.04490798425184253	0.07844848774215529
23.588294516167963	1.1008111969491363	0.04490861941272831	0.07844848774215529
23.656573892617594	1.103877573854658	0.044909256212790745	0.07844848774215529
23.72485326906723	1.1069439937613708	0.04490989465216902	0.07844848774215529
23.79313264551686	1.1100104567848377	0.04491053473100227	0.07844848774215529
23.861412021966494	1.113076963040622	0.04491117644942965	0.07844848774215529
23.92969139841612	1.1161435126442871	0.04491181980759032	0.07844848774215529
23.997970774865756	1.1192101057113961	0.04491246480562344	0.07844848774215529
24.066250151315387	1.1222767423575126	0.04491311144366816	0.07844848774215529
24.13452952776502	1.1253434226981995	0.04491375972186364	0.07844848774215529
24.202808904214656	1.1284101468490202	0.04491440964034903	0.07844848774215529
24.271088280664287	1.131476914925538	0.04491506119926349	0.07844848774215529
24.33936765711392	1.134543727043316	0.04491571439874617	0.07844848774215529
24.40764703356355	1.1376105833179175	0.04491636923893623	0.07844848774215529
24.475926410013184	1.1406774838649059	0.04491702571997282	0.07844848774215529
24.544205786462815	1.1437444287998444	0.0449176838419951	0.07844848774215529
24.61248516291245	1.146811418238296	0.04491834360514223	0.07844848774215529
24.68076453936208	1.1498784522958245	0.04491900500955335	0.07844848774215529
24.749043915811715	1.1529455310879926	0.04491966805536763	0.07844848774215529
24.817323292261346	1.156012654730364	0.04492033274272422	0.07844848774215529
24.885602668710977	1.1590798233385016	0.04492099907176228	0.07844848774215529
24.95388204516061	1.162147037027969	0.04492166704262096	0.07844848774215529
25.022161421610242	1.1652142959143292	0.04492233665543942	0.07844848774215529
25.090440798059877	1.1682816001131455	0.044923007910356805	0.07844848774215529
25.158720174509508	1.1713489497399814	0.04492368080751228	0.07844848774215529
25.226999550959142	1.1744163449103997	0.044924355347044996	0.07844848774215529
25.295278927408773	1.1774837857399643	0.04492503152909411	0.07844848774215529
25.363558303858404	1.1805512723442375	0.04492570935379878	0.07844848774215529
25.431837680308035	1.1836188048387835	0.044926388821298166	0.07844848774215529
25.50011705675767	1.1866863833391652	0.04492706993173141	0.07844848774215529
25.5683964332073	1.1897540079609459	0.044927752685237674	0.07844848774215529
25.636675809656936	1.1928216788196888	0.04492843708195611	0.07844848774215529
25.70495518610657	1.1958893960309571	0.044929123122025884	0.07844848774215529
25.7732345625562	1.1989571597103141	0.04492981080558614	0.07844848774215529
25.841513939005832	1.2020249699733232	0.04493050013277603	0.07844848774215529
25.909793315455463	1.2050928269355474	0.04493119110373473	0.07844848774215529
25.978072691905098	1.2081607307125504	0.04493188371860137	0.07844848774215529
26.04635206835473	1.211228681419895	0.044932577977515126	0.07844848774215529
26.114631444804363	1.2142966791731444	0.044933273880615146	0.07844848774215529
26.182910821253994	1.2173647240878624	0.04493397142804058	0.07844848774215529
26.25119019770363	1.220432816279612	0.04493467061993059	0.07844848774215529
26.319469574153256	1.2235009558639562	0.044935371456424324	0.07844848774215529
26.38774895060289	1.2265691429564587	0.04493607393766095	0.07844848774215529
26.456028327052525	1.2296373776726823	0.04493677806377961	0.07844848774215529
26.524307703502156	1.2327056601281905	0.04493748383491947	0.07844848774215529
26.59258707995179	1.2357739904385467	0.04493819125121967	0.07844848774215529
26.660866456401422	1.238842368719314	0.04493890031281939	0.07844848774215529
26.729145832851056	1.2419107950860557	0.044939611019857766	0.07844848774215529
26.797425209300684	1.2449792696543347	0.04494032337247396	0.07844848774215529
26.86570458575032	1.2480477925397149	0.044941037370807124	0.07844848774215529
26.93398396219995	1.2511163638577592	0.044941753014996415	0.07844848774215529
27.002263338649584	1.2541849837240309	0.04494247030518099	0.07844848774215529
27.070542715099215	1.2572536522540931	0.0449431892415	0.07844848774215529
27.13882209154885	1.2603223695635095	0.04494390982409261	0.07844848774215529
27.207101467998484	1.263391135767843	0.04494463205309796	0.07844848774215529
27.27538084444811	1.2664599509826566	0.04494535592865523	0.07844848774215529
27.343660220897746	1.2695288153235142	0.04494608145090355	0.07844848774215529
27.411939597347377	1.2725977289059787	0.044946808619982084	0.07844848774215529
27.48021897379701	1.2756666918456134	0.044947537436029986	0.07844848774215529
27.548498350246643	1.2787357042579817	0.04494826789918642	0.07844848774215529
27.616777726696277	1.2818047662586467	0.04494900000959053	0.07844848774215529
27.68505710314591	1.2848738779631717	0.04494973376738148	0.07844848774215529
27.75333647959554	1.2879430394871196	0.04495046917269843	0.07844848774215529
27.82161585604517	1.2910122509460544	0.04495120622568052	0.07844848774215529
27.889895232494805	1.294081512455539	0.04495194492646692	0.07844848774215529
27.95817460894444	1.2971508241311365	0.04495268527519677	0.07844848774215529
28.02645398539407	1.3002201860884104	0.04495342727200923	0.07844848774215529
28.094733361843705	1.3032895984429238	0.04495417091704347	0.07844848774215529
28.163012738293332	1.3063590613102398	0.04495491621043863	0.07844848774215529
28.231292114742967	1.309428574805922	0.04495566315233387	0.07844848774215529
28.299571491192598	1.3124981390455335	0.044956411742868345	0.07844848774215529
28.367850867642233	1.3155677541446378	0.04495716198218121	0.07844848774215529
28.436130244091864	1.3186374202187978	0.04495791387041162	0.07844848774215529
28.504409620541498	1.321707137383577	0.04495866740769873	0.07844848774215529
28.57268899699113	1.3247769057545384	0.0449594225941817	0.07844848774215529
28.64096837344076	1.3278467254472452	0.044960179429999685	0.07844848774215529
28.70924774989039	1.3309165965772614	0.044960937915291835	0.07844848774215529
28.777527126340026	1.3339865192601494	0.044961698050197306	0.07844848774215529
28.84580650278966	1.337056493611473	0.04496245983485526	0.07844848774215529
28.91408587923929	1.340126519746795	0.04496322326940484	0.07844848774215529
28.982365255688926	1.3431965977816793	0.04496398835398522	0.07844848774215529
29.050644632138557	1.3462667278316887	0.044964755088735535	0.07844848774215529
29.118924008588188	1.3493369100123862	0.044965523473794955	0.07844848774215529
29.18720338503782	1.3524071444393355	0.044966293509302625	0.07844848774215529
29.255482761487453	1.3554774312281	0.04496706519539771	0.07844848774215529
29.323762137937084	1.3585477704942426	0.04496783853221936	0.07844848774215529
29.39204151438672	1.3616181623533266	0.04496861351990673	0.07844848774215529
29.46032089083635	1.3646886069209154	0.044969390158598986	0.07844848774215529
29.528600267285984	1.3677591043125723	0.044970168448435266	0.07844848774215529
29.596879643735615	1.37082965464386	0.04497094838955473	0.07844848774215529
29.665159020185246	1.3739002580303428	0.044971729982096545	0.07844848774215529
29.73343839663488	1.376970914587583	0.044972513226199856	0.07844848774215529
29.801717773084512	1.3800416244311444	0.044973298122003826	0.07844848774215529
29.869997149534147	1.38311238767659	0.0449740846696476	0.07844848774215529
29.938276525983778	1.3861832044394833	0.044974872869270335	0.07844848774215529
30.006555902433412	1.3892540748353874	0.044975662721011195	0.07844848774215529
30.07483527888304	1.3923249989798652	0.04497645422500932	0.07844848774215529
30.143114655332674	1.3953959769884805	0.04497724738140389	0.07844848774215529
30.211394031782305	1.3984670089767965	0.04497804219033404	0.07844848774215529
30.27967340823194	1.4015380950603764	0.044978838651938934	0.07844848774215529
30.347952784681574	1.4046092353547834	0.04497963676635772	0.07844848774215529
30.416232161131205	1.4076804299755805	0.04498043653372956	0.07844848774215529
30.48451153758084	1.4107516790383317	0.044981237954193606	0.07844848774215529
30.552790914030467	1.4138229826585993	0.044982041027889025	0.07844848774215529
30.6210702904801	1.4168943409519472	0.04498284575495495	0.07844848774215529
30.689349666929733	1.4199657540339385	0.04498365213553056	0.07844848774215529
30.757629043379367	1.4230372220201364	0.04498446016975499	0.07844848774215529
30.825908419829	1.4261087450261045	0.04498526985776741	0.07844848774215529
30.894187796278633	1.4291803231674054	0.04498608119970696	0.07844848774215529
30.962467172728264	1.432251956559603	0.04498689419571282	0.07844848774215529
31.030746549177895	1.43532364531826	0.044987708845924124	0.07844848774215529
31.09902592562753	1.4383953895589403	0.04498852515048003	0.07844848774215529
31.16730530207716	1.4414671893972066	0.0449893431095197	0.07844848774215529
31.235584678526795	1.4445390449486224	0.04499016272318229	0.07844848774215529
31.303864054976426	1.4476109563287514	0.044990983991606955	0.07844848774215529
31.37214343142606	1.4506829236531558	0.04499180691493284	0.07844848774215529
31.44042280787569	1.4537549470373996	0.044992631493299115	0.07844848774215529
31.508702184325323	1.4568270265970458	0.044993457726844925	0.07844848774215529
31.576981560774954	1.459899162447658	0.04499428561570942	0.07844848774215529
31.645260937224588	1.462971354704799	0.04499511516003178	0.07844848774215529
31.71354031367422	1.4660436034840325	0.04499594635995113	0.07844848774215529
31.781819690123854	1.4691159089009216	0.04499677921560665	0.07844848774215529
31.850099066573488	1.4721882710710292	0.04499761372713749	0.07844848774215529
31.91837844302312	1.4752606901099192	0.04499844989468279	0.07844848774215529
31.98665781947275	1.4783331661331542	0.04499928771838172	0.07844848774215529
32.054937195922385	1.4814056992562978	0.04500012719837343	0.07844848774215529
32.123216572372016	1.4844782895949136	0.04500096833479708	0.07844848774215529
32.19149594882165	1.4875509372645643	0.04500181112779182	0.07844848774215529
32.25977532527128	1.4906236423808132	0.04500265557749681	0.07844848774215529
32.328054701720916	1.4936964050592239	0.0450035016840512	0.07844848774215529
32.39633407817055	1.4967692254153595	0.045004349447594155	0.07844848774215529
32.46461345462018	1.499842103564783	0.04500519886826482	0.07844848774215529
32.53289283106981	1.5029150396230582	0.04500604994620235	0.07844848774215529
32.60117220751944	1.5059880337057479	0.045006902681545904	0.07844848774215529
32.66945158396908	1.5090610859284155	0.04500775707443465	0.07844848774215529
32.73773096041871	1.5121341964066244	0.045008613125007715	0.07844848774215529
32.80601033686834	1.5152073652559377	0.045009470833404286	0.07844848774215529
32.87428971331797	1.5182805925919187	0.04501033019976349	0.07844848774215529
32.9425690897676	1.5213538785301304	0.045011191224224506	0.07844848774215529
33.01084846621723	1.5244272231861364	0.045012053906926475	0.07844848774215529
33.07912784266687	1.5275006266755002	0.04501291824800856	0.07844848774215529
33.1474072191165	1.5305740891137845	0.045013784247609906	0.07844848774215529
33.21568659556613	1.533647610616553	0.045014651905869674	0.07844848774215529
33.28396597201577	1.5367211912993686	0.04501552122292703	0.07844848774215529
33.3522453484654	1.5397948312777947	0.04501639219892111	0.07844848774215529
33.42052472491503	1.5428685306673944	0.045017264833991086	0.07844848774215529
33.488804101364664	1.5459422895837311	0.045018139128276104	0.07844848774215529
33.557083477814295	1.5490161081423683	0.045019015081915324	0.07844848774215529
33.625362854263926	1.5520899864588693	0.04501989269504789	0.07844848774215529
33.693642230713564	1.5551639246487967	0.04502077196781298	0.07844848774215529
33.761921607163195	1.5582379228277143	0.04502165290034973	0.07844848774215529
33.830200983612826	1.561311981111185	0.045022535492797305	0.07844848774215529
33.89848036006246	1.5643860996147723	0.045023419745294856	0.07844848774215529
33.96675973651209	1.56746027845404	0.04502430565798154	0.07844848774215529
34.03503911296172	1.5705345177445502	0.045025193230996505	0.07844848774215529
34.10331848941136	1.573608817601867	0.045026082464478916	0.07844848774215529
34.17159786586099	1.5766831781415533	0.04502697335856793	0.07844848774215529
34.23987724231062	1.5797575994791728	0.045027865913402694	0.07844848774215529
34.30815661876025	1.5828320817302879	0.04502876012912237	0.07844848774215529
34.37643599520988	1.5859066250104625	0.04502965600586611	0.07844848774215529
34.44471537165952	1.58898122943526	0.04503055354377307	0.07844848774215529
34.51299474810915	1.5920558951202435	0.045031452742982404	0.07844848774215529
34.58127412455878	1.5951306221809762	0.045032353603633266	0.07844848774215529
34.64955350100841	1.598205410733021	0.04503325612586482	0.07844848774215529
34.71783287745805	1.6012802608919419	0.04503416030981621	0.07844848774215529
34.786112253907675	1.6043551727733012	0.0450350661556266	0.07844848774215529
34.85439163035731	1.6074301464926632	0.04503597366343515	0.07844848774215529
34.922671006806944	1.6105051821655905	0.045036882833380996	0.07844848774215529
34.990950383256575	1.6135802799076466	0.04503779366560331	0.07844848774215529
35.05922975970621	1.6166554398343946	0.04503870616024124	0.07844848774215529
35.12750913615584	1.6197306620613974	0.04503962031743395	0.07844848774215529
35.195788512605475	1.6228059467042195	0.045040536137320585	0.07844848774215529
35.264067889055106	1.625881293878423	0.045041453620040306	0.07844848774215529
35.33234726550474	1.6289567036995716	0.045042372765732266	0.07844848774215529
35.40062664195437	1.6320321762832284	0.04504329357453562	0.07844848774215529
35.468906018404006	1.6351077117449568	0.04504421604658953	0.07844848774215529
35.53718539485364	1.6381833102003198	0.045045140182033136	0.07844848774215529
35.60546477130327	1.6412589717648811	0.04504606598100561	0.07844848774215529
35.673744147752906	1.6443346965542038	0.045046993443646106	0.07844848774215529
35.74202352420253	1.6474104846838507	0.04504792257009377	0.07844848774215529
35.81030290065216	1.6504863362693858	0.04504885336048776	0.07844848774215529
35.87858227710179	1.6535622514263717	0.045049785814967234	0.07844848774215529
35.94686165355143	1.6566382302703722	0.04505071993367135	0.07844848774215529
36.01514103000106	1.65971427291695	0.045051655716739254	0.07844848774215529
36.08342040645069	1.6627903794816692	0.04505259316431011	0.07844848774215529
36.15169978290032	1.6658665500800924	0.045053532276523076	0.07844848774215529
36.21997915934996	1.6689427848277827	0.04505447305351729	0.07844848774215529
36.28825853579959	1.672019083840304	0.04505541549543193	0.07844848774215529
36.35653791224922	1.675095447233219	0.04505635960240614	0.07844848774215529
36.42481728869886	1.6781718751220913	0.045057305374579075	0.07844848774215529
36.49309666514849	1.6812483676224839	0.04505825281208989	0.07844848774215529
36.56137604159812	1.68432492484996	0.04505920191507774	0.07844848774215529
36.629655418047754	1.6874015469200834	0.04506015268368179	0.07844848774215529
36.697934794497385	1.6904782339484166	0.045061105118041185	0.07844848774215529
36.766214170947016	1.6935549860505237	0.04506205921829508	0.07844848774215529
36.83449354739665	1.6966318033419672	0.045063014984582636	0.07844848774215529
36.90277292384628	1.699708685938311	0.045063972417043005	0.07844848774215529
36.971052300295916	1.702785633955118	0.045064931515815344	0.07844848774215529
37.03933167674555	1.7058626475079515	0.04506589228103881	0.07844848774215529
37.10761105319518	1.7089397267123747	0.045066854712852544	0.07844848774215529
37.17589042964481	1.7120168716839508	0.045067818811395724	0.07844848774215529
37.24416980609445	1.7150940825382432	0.0450687845768075	0.07844848774215529
37.31244918254408	1.7181713593908152	0.04506975200922701	0.07844848774215529
37.3807285589937	1.7212487023572298	0.04507072110879343	0.07844848774215529
37.44900793544334	1.7243261115530508	0.04507169187564591	0.07844848774215529
37.51728731189297	1.727403587093841	0.04507266430992359	0.07844848774215529
37.5855666883426	1.7304811290951636	0.04507363841176565	0.07844848774215529
37.65384606479223	1.7335587376725823	0.04507461418131122	0.07844848774215529
37.72212544124187	1.73663641294166	0.04507559161869948	0.07844848774215529
37.7904048176915	1.73971415501796	0.04507657072406957	0.07844848774215529
37.858684194141134	1.7427919640170457	0.04507755149756065	0.07844848774215529
37.926963570590765	1.7458698400544803	0.045078533939311875	0.07844848774215529
37.9952429470404	1.7489477832458271	0.045079518049462405	0.07844848774215529
38.063522323490034	1.752025793706649	0.04508050382815138	0.07844848774215529
38.131801699939665	1.75510387155251	0.04508149127551798	0.07844848774215529
38.2000810763893	1.7581820168989726	0.04508248039170133	0.07844848774215529
38.268360452838934	1.7612602298616005	0.04508347117684061	0.07844848774215529
38.33663982928856	1.7643385105559564	0.04508446363107497	0.07844848774215529
38.40491920573819	1.7674168590976043	0.045085457754543555	0.07844848774215529
38.47319858218783	1.770495275602107	0.04508645354738553	0.07844848774215529
38.54147795863746	1.773573760185028	0.04508745100974006	0.07844848774215529
38.60975733508709	1.776652312961931	0.04508845014174628	0.07844848774215529
38.67803671153672	1.779730934048378	0.045089450943543344	0.07844848774215529
38.74631608798636	1.7828096235599333	0.04509045341527043	0.07844848774215529
38.81459546443599	1.78588838161216	0.04509145755706668	0.07844848774215529
38.88287484088562	1.7889672083206212	0.045092463369071245	0.07844848774215529
38.95115421733526	1.79204610380088	0.04509347085142328	0.07844848774215529
39.01943359378489	1.7951250681684996	0.04509448000426196	0.07844848774215529
39.08771297023452	1.7982041015390435	0.04509549082772642	0.07844848774215529
39.15599234668415	1.8012832040280753	0.04509650332195582	0.07844848774215529
39.22427172313379	1.8043623757511575	0.045097517487089324	0.07844848774215529
39.29255109958341	1.8074416168238538	0.04509853332326607	0.07844848774215529
39.360830476033044	1.8105209273617278	0.04509955083062523	0.07844848774215529
39.429109852482675	1.813600307480342	0.04510057000930595	0.07844848774215529
39.49738922893231	1.8166797572952604	0.04510159085944739	0.07844848774215529
39.565668605381944	1.8197592769220456	0.04510261338118871	0.07844848774215529
39.633947981831575	1.8228388664762611	0.04510363757466906	0.07844848774215529
39.70222735828121	1.8259185260734705	0.04510466344002759	0.07844848774215529
39.770506734730844	1.8289982558292368	0.045105690977403454	0.07844848774215529
39.838786111180475	1.832078055859123	0.04510672018693582	0.07844848774215529
39.907065487630106	1.8351579262786926	0.045107751068763836	0.07844848774215529
39.975344864079744	1.838237867203509	0.04510878362302666	0.07844848774215529
40.043624240529375	1.8413178787491353	0.04510981784986344	0.07844848774215529
40.111903616979006	1.8443979610311345	0.04511085374941334	0.07844848774215529
40.18018299342864	1.8474781141650705	0.04511189132181552	0.07844848774215529
40.24846236987827	1.8505583382665054	0.04511293056720912	0.07844848774215529
40.3167417463279	1.853638633451004	0.045113971485733304	0.07844848774215529
40.38502112277753	1.8567189998341287	0.04511501407752723	0.07844848774215529
40.45330049922717	1.8597994375314428	0.045116058342730046	0.07844848774215529
40.5215798756768	1.8628799466585098	0.04511710428148091	0.07844848774215529
40.58985925212643	1.8659605273308926	0.04511815189391899	0.07844848774215529
40.65813862857606	1.8690411796641544	0.04511920118018342	0.07844848774215529
40.7264180050257	1.872121903773859	0.04512025214041337	0.07844848774215529
40.79469738147533	1.8752026997755693	0.04512130477474799	0.07844848774215529
40.86297675792496	1.8782835677848486	0.04512235908332643	0.07844848774215529
40.93125613437459	1.8813645079172603	0.04512341506628786	0.07844848774215529
40.99953551082423	1.8844455202883674	0.045124472723771424	0.07844848774215529
41.06781488727386	1.8875266050137336	0.04512553205591628	0.07844848774215529
41.13609426372349	1.8906077622089215	0.045126593062861584	0.07844848774215529
41.20437364017312	1.8936889919894946	0.04512765574474649	0.07844848774215529
41.272653016622755	1.8967702944710165	0.04512872010171016	0.07844848774215529
41.340932393072386	1.8998516697690502	0.04512978613389174	0.07844848774215529
41.40921176952202	1.902933117999159	0.04513085384143039	0.07844848774215529
41.477491145971655	1.9060146392769064	0.04513192322446526	0.07844848774215529
41.545770522421286	1.909096233717855	0.04513299428313552	0.07844848774215529
41.61404989887092	1.9121779014375686	0.04513406701758031	0.07844848774215529
41.68232927532055	1.9152596425516104	0.04513514142793879	0.07844848774215529
41.750608651770186	1.9183414571755437	0.045136217514350124	0.07844848774215529
41.81888802821982	1.9214233454249314	0.045137295276953454	0.07844848774215529
41.88716740466945	1.9245053074153373	0.04513837471588794	0.07844848774215529
41.955446781119086	1.9275873432623243	0.04513945583129274	0.07844848774215529
42.02372615756872	1.9306694530814554	0.04514053862330701	0.07844848774215529
42.09200553401835	1.9337516369882948	0.0451416230920699	0.07844848774215529
42.16028491046797	1.9368338950984043	0.04514270923772057	0.07844848774215529
42.22856428691761	1.9399162275273485	0.04514379706039817	0.07844848774215529
42.29684366336724	1.9429986343906902	0.04514488656024187	0.07844848774215529
42.36512303981687	1.9460811158039926	0.045145977737390805	0.07844848774215529
42.4334024162665	1.9491636718828185	0.04514707059198415	0.07844848774215529
42.50168179271614	1.9522463027427321	0.04514816512416104	0.07844848774215529
42.56996116916577	1.9553290084992965	0.04514926133406064	0.07844848774215529
42.6382405456154	1.9584117892680741	0.04515035922182212	0.07844848774215529
42.70651992206504	1.9614946451646291	0.04515145878758461	0.07844848774215529
42.77479929851467	1.9645775763045243	0.04515256003148728	0.07844848774215529
42.8430786749643	1.967660582803323	0.04515366295366928	0.07844848774215529
42.911358051413934	1.9707436647765886	0.045154767554269774	0.07844848774215529
42.97963742786357	1.9738268223398838	0.04515587383342791	0.07844848774215529
43.047916804313196	1.9769100556087722	0.045156981791282844	0.07844848774215529
43.11619618076283	1.979993364698818	0.04515809142797373	0.07844848774215529
43.18447555721246	1.983076749725583	0.04515920274363973	0.07844848774215529
43.2527549336621	1.9861602108046312	0.04516031573841999	0.07844848774215529
43.32103431011173	1.9892437480515262	0.04516143041245367	0.07844848774215529
43.38931368656136	1.9923273615818302	0.04516254676587993	0.07844848774215529
43.457593063011	1.9954110515111074	0.04516366479883792	0.07844848774215529
43.52587243946063	1.9984948179549207	0.04516478451146679	0.07844848774215529
43.59415181591026	2.0015786610288333	0.04516590590390571	0.07844848774215529
43.66243119235989	2.0046625808484086	0.04516702897629382	0.07844848774215529
43.73071056880953	2.00774657752921	0.04516815372877029	0.07844848774215529
43.79898994525916	2.0108306511868004	0.045169280161474264	0.07844848774215529
43.86726932170879	2.0139148019367434	0.0451704082745449	0.07844848774215529
43.93554869815842	2.0169990298946017	0.04517153806812136	0.07844848774215529
44.00382807460805	2.0200833351759386	0.045172669542342794	0.07844848774215529
44.07210745105768	2.0231677178963183	0.04517380269734835	0.07844848774215529
44.140386827507314	2.0262521781713034	0.0451749375332772	0.07844848774215529
44.208666203956945	2.0293367161164575	0.04517607405026849	0.07844848774215529
44.27694558040658	2.0324213318473427	0.045177212248461364	0.07844848774215529
44.345224956856214	2.035506025479524	0.045178352127995	0.07844848774215529
44.413504333305845	2.0385907971285637	0.04517949368900854	0.07844848774215529
44.48178370975548	2.041675646910025	0.04518063693164114	0.07844848774215529
44.550063086205114	2.0447605749394713	0.04518178185603196	0.07844848774215529
44.618342462654745	2.0478455813324654	0.04518292846232015	0.07844848774215529
44.686621839104376	2.0509306662045717	0.04518407675064487	0.07844848774215529
44.754901215554014	2.0540158296713527	0.04518522672114527	0.07844848774215529
44.823180592003645	2.057101071848372	0.045186378373960515	0.07844848774215529
44.891459968453276	2.0601863928511923	0.04518753170922975	0.07844848774215529
44.9597393449029	2.0632717927953763	0.045188686727092135	0.07844848774215529
45.02801872135254	2.0663572717964893	0.045189843427686824	0.07844848774215529
45.09629809780217	2.069442829970093	0.04519100181115297	0.07844848774215529
45.1645774742518	2.0725284674317512	0.045192161877629734	0.07844848774215529
45.23285685070144	2.0756141842970264	0.045193323627256275	0.07844848774215529
45.30113622715107	2.078699980681483	0.04519448706017174	0.07844848774215529
45.3694156036007	2.0817858567006837	0.045195652176515284	0.07844848774215529
45.43769498005033	2.084871812470192	0.045196818976426065	0.07844848774215529
45.50597435649997	2.087957848105571	0.04519798746004324	0.07844848774215529
45.5742537329496	2.0910439637223837	0.04519915762750597	0.07844848774215529
45.64253310939923	2.0941301594361934	0.04520032947895339	0.07844848774215529
45.71081248584887	2.0972164353625637	0.04520150301452468	0.07844848774215529
45.7790918622985	2.1003027916170574	0.04520267823435897	0.07844848774215529
45.84737123874813	2.1033892283152387	0.04520385513859544	0.07844848774215529
45.915650615197755	2.106475745572669	0.04520503372737324	0.07844848774215529
45.98392999164739	2.109562343504914	0.04520621400083151	0.07844848774215529
46.052209368097024	2.1126490222275347	0.04520739595910942	0.07844848774215529
46.120488744546655	2.1157357818560962	0.04520857960234612	0.07844848774215529
46.188768120996286	2.11882262250616	0.045209764930680775	0.07844848774215529
46.257047497445924	2.121909544293292	0.04521095194425252	0.07844848774215529
46.325326873895555	2.124996547333052	0.04521214064320053	0.07844848774215529
46.39360625034519	2.128083631741006	0.04521333102766395	0.07844848774215529
46.461885626794825	2.131170797632716	0.045214523097781935	0.07844848774215529
46.530165003244456	2.1342580451237456	0.04521571685369365	0.07844848774215529
46.59844437969409	2.1373453743296578	0.04521691229553824	0.07844848774215529
46.66672375614372	2.1404327853660163	0.04521810942345486	0.07844848774215529
46.735003132593356	2.1435202783483835	0.045219308237582675	0.07844848774215529
46.80328250904299	2.146607853392324	0.045220508738060834	0.07844848774215529
46.87156188549261	2.1496955106134	0.0452217109250285	0.07844848774215529
46.93984126194224	2.152783250127175	0.04522291479862481	0.07844848774215529
47.00812063839188	2.1558710720492122	0.045224120358988935	0.07844848774215529
47.07640001484151	2.1589589764950756	0.045225327606260024	0.07844848774215529
47.14467939129114	2.1620469635803268	0.04522653654057724	0.07844848774215529
47.21295876774077	2.1651350334205315	0.04522774716207973	0.07844848774215529
47.28123814419041	2.168223186131251	0.04522895947090666	0.07844848774215529
47.34951752064004	2.171311421828049	0.04523017346719717	0.07844848774215529
47.41779689708967	2.174399740626489	0.04523138915109043	0.07844848774215529
47.48607627353931	2.1774881426421344	0.04523260652272558	0.07844848774215529
47.55435564998894	2.180576627990548	0.04523382558224179	0.07844848774215529
47.62263502643857	2.1836651967872927	0.045235046329778206	0.07844848774215529
47.690914402888204	2.1867538491479332	0.04523626876547399	0.07844848774215529
47.75919377933784	2.189842585188032	0.045237492889468295	0.07844848774215529
47.827473155787466	2.1929314050231516	0.04523871870190028	0.07844848774215529
47.8957525322371	2.1960203087688557	0.04523994620290909	0.07844848774215529
47.96403190868673	2.1991092965407084	0.045241175392633885	0.07844848774215529
48.032311285136366	2.2021983684542725	0.04524240627121382	0.07844848774215529
48.100590661586	2.2052875246251107	0.04524363883878806	0.07844848774215529
48.16887003803563	2.2083767651687864	0.04524487309549575	0.07844848774215529
48.237149414485266	2.2114660902008634	0.045246109041476044	0.07844848774215529
48.3054287909349	2.214555499836905	0.04524734667686811	0.07844848774215529
48.37370816738453	2.217644994192474	0.045248586001811086	0.07844848774215529
48.44198754383416	2.220734573383133	0.045249827016444144	0.07844848774215529
48.5102669202838	2.2238242375244477	0.04525106972090643	0.07844848774215529
48.57854629673343	2.2269139867319785	0.045252314115337096	0.07844848774215529
48.64682567318306	2.23000382112129	0.0452535601998753	0.07844848774215529
48.71510504963268	2.233093740807945	0.04525480797466021	0.07844848774215529
48.78338442608232	2.2361837459075073	0.045256057439830966	0.07844848774215529
48.85166380253195	2.2392738365355402	0.04525730859552673	0.07844848774215529
48.91994317898158	2.2423640128076068	0.045258561441886655	0.07844848774215529
48.98822255543122	2.24545427483927	0.04525981597904989	0.07844848774215529
49.05650193188085	2.2485446227460937	0.04526107220715561	0.07844848774215529
49.12478130833048	2.2516350566436403	0.04526233012634295	0.07844848774215529
49.193060684780114	2.2547255766474734	0.04526358973675108	0.07844848774215529
49.26134006122975	2.257816182873157	0.04526485103851914	0.07844848774215529
49.32961943767938	2.2609068754362536	0.045266114031786306	0.07844848774215529
49.397898814129015	2.263997654452327	0.04526737871669171	0.07844848774215529
49.46617819057865	2.267088520036939	0.04526864509337453	0.07844848774215529
49.534457567028284	2.2701794723056548	0.0452699131619739	0.07844848774215529
49.602736943477915	2.2732705113740366	0.045271182922628994	0.07844848774215529
49.67101631992754	2.276361637357647	0.04527245437547896	0.07844848774215529
49.73929569637718	2.279452850372051	0.04527372752066294	0.07844848774215529
49.80757507282681	2.2825441505328112	0.04527500235832011	0.07844848774215529
49.87585444927644	2.28563553795549	0.04527627888858962	0.07844848774215529
49.94413382572607	2.2887270127556523	0.04527755711161062	0.07844848774215529
50.01241320217571	2.2918185750488593	0.04527883702752227	0.07844848774215529
50.08069257862534	2.2949102249506756	0.04528011863646372	0.07844848774215529
50.14897195507497	2.298001962576664	0.045281401938574134	0.07844848774215529
50.2172513315246	2.3010937880423885	0.04528268693399266	0.07844848774215529
50.28553070797424	2.3041857014634113	0.04528397362285845	0.07844848774215529
50.35381008442387	2.307277702955296	0.045285262005310675	0.07844848774215529
50.4220894608735	2.310369792633607	0.04528655208148847	0.07844848774215529
50.49036883732314	2.3134619706139055	0.04528784385153101	0.07844848774215529
50.55864821377277	2.3165542370117564	0.04528913731557744	0.07844848774215529
50.626927590222394	2.319646591942722	0.04529043247376691	0.07844848774215529
50.695206966672025	2.322739035522366	0.04529172932623859	0.07844848774215529
50.76348634312166	2.325831567866252	0.04529302787313162	0.07844848774215529
50.831765719571294	2.328924189089942	0.04529432811458517	0.07844848774215529
50.900045096020925	2.332016899309001	0.04529563005073838	0.07844848774215529
50.968324472470556	2.335109698638991	0.04529693368173042	0.07844848774215529
51.036603848920194	2.3382025871954752	0.045298239007700435	0.07844848774215529
51.104883225369825	2.3412955650940184	0.045299546028787586	0.07844848774215529
51.173162601819456	2.3443886324501824	0.04530085474513103	0.07844848774215529
51.241441978269094	2.347481789379531	0.04530216515686991	0.07844848774215529
51.309721354718725	2.3505750359976263	0.0453034772641434	0.07844848774215529
51.378000731168356	2.3536683724200334	0.04530479106709064	0.07844848774215529
51.44628010761799	2.356761798762314	0.045306106565850796	0.07844848774215529
51.514559484067625	2.3598553151400328	0.045307423760563015	0.07844848774215529
51.58283886051725	2.3629489216687514	0.04530874265136646	0.07844848774215529
51.65111823696688	2.366042618464035	0.045310063238400276	0.07844848774215529
51.71939761341651	2.369136405641445	0.04531138552180363	0.07844848774215529
51.78767698986615	2.372230283316546	0.04531270950171567	0.07844848774215529
51.85595636631578	2.3753242516049005	0.04531403517827556	0.07844848774215529
51.92423574276541	2.378418310622072	0.04531536255162244	0.07844848774215529
51.99251511921505	2.381512460483624	0.04531669162189547	0.07844848774215529
52.06079449566468	2.3846067013051195	0.045318022389233825	0.07844848774215529
52.12907387211431	2.387701033202122	0.04531935485377663	0.07844848774215529
52.19735324856394	2.390795456290194	0.045320689015663065	0.07844848774215529
52.26563262501358	2.3938899706848997	0.04532202487503228	0.07844848774215529
52.33391200146321	2.3969845765018016	0.045323362432023416	0.07844848774215529
52.40219137791284	2.4000792738564636	0.045324701686775645	0.07844848774215529
52.47047075436248	2.4031740628644487	0.04532604263942811	0.07844848774215529
52.538750130812105	2.40626894364132	0.045327385290119974	0.07844848774215529
52.607029507261736	2.409363916302641	0.045328729638990393	0.07844848774215529
52.67530888371137	2.4124589809639745	0.04533007568617852	0.07844848774215529
52.743588260161005	2.4155541377408847	0.04533142343182351	0.07844848774215529
52.811867636610636	2.4186493867489336	0.04533277287606452	0.07844848774215529
52.88014701306027	2.4217447281036857	0.04533412401904071	0.07844848774215529
52.9484263895099	2.4248401619207036	0.04533547686089122	0.07844848774215529
53.016705765959536	2.427935688315551	0.04533683140175522	0.07844848774215529
53.08498514240917	2.4310313074037904	0.04533818764177186	0.07844848774215529
53.1532645188588	2.4341270193009854	0.0453395455810803	0.07844848774215529
53.22154389530843	2.437222824122699	0.04534090521981968	0.07844848774215529
53.28982327175807	2.4403187219844953	0.045342266558129174	0.07844848774215529
53.3581026482077	2.4434147130019372	0.045343629596147926	0.07844848774215529
53.42638202465733	2.4465107972905873	0.0453449943340151	0.07844848774215529
53.49466140110695	2.4496069749660094	0.04534636077186985	0.07844848774215529
53.56294077755659	2.4527032461437672	0.04534772890985132	0.07844848774215529
53.63122015400622	2.4557996109394233	0.04534909874809868	0.07844848774215529
53.69949953045585	2.4588960694685413	0.04535047028675107	0.07844848774215529
53.76777890690549	2.461992621846684	0.04535184352594766	0.07844848774215529
53.83605828335512	2.4650892681894154	0.045353218465827606	0.07844848774215529
53.90433765980475	2.4681860086122978	0.04535459510653005	0.07844848774215529
53.972617036254384	2.4712828432308953	0.045355973448194156	0.07844848774215529
54.04089641270402	2.4743797721607708	0.04535735349095908	0.07844848774215529
54.10917578915365	2.4774767955174877	0.04535873523496397	0.07844848774215529
54.177455165603284	2.4805739134166087	0.04536011868034799	0.07844848774215529
54.24573454205292	2.4836711259736983	0.045361503827250294	0.07844848774215529
54.31401391850255	2.4867684333043183	0.045362890675810036	0.07844848774215529
54.38229329495218	2.489865835524033	0.045364279226166364	0.07844848774215529
54.45057267140181	2.4929633327484044	0.045365669478458444	0.07844848774215529
54.518852047851446	2.496060925092998	0.04536706143282543	0.07844848774215529
54.58713142430108	2.4991586126733747	0.04536845508940648	0.07844848774215529
54.65541080075071	2.5022563956051	0.045369850448340736	0.07844848774215529
54.72369017720034	2.5053542740037344	0.04537124750976736	0.07844848774215529
54.79196955364998	2.5084522479848435	0.04537264627382551	0.07844848774215529
54.86024893009961	2.51155031766399	0.045374046740654345	0.07844848774215529
54.92852830654924	2.5146484831567366	0.04537544891039302	0.07844848774215529
54.99680768299888	2.5177467445786466	0.045376852783180675	0.07844848774215529
55.06508705944851	2.5208451020452842	0.04537825835915648	0.07844848774215529
55.13336643589814	2.5239435556722114	0.04537966563845959	0.07844848774215529
55.20164581234777	2.5270421055749925	0.04538107462122916	0.07844848774215529
55.26992518879741	2.5301407518691894	0.04538248530760434	0.07844848774215529
55.33820456524703	2.533239494670367	0.04538389769772429	0.07844848774215529
55.40648394169666	2.536338334094088	0.04538531179172816	0.07844848774215529
55.474763318146294	2.539437270255915	0.04538672758975511	0.07844848774215529
55.54304269459593	2.5425363032714126	0.0453881450919443	0.07844848774215529
55.611322071045564	2.545635433256142	0.04538956429843487	0.07844848774215529
55.679601447495195	2.548734660325669	0.04539098520936599	0.07844848774215529
55.74788082394483	2.551833984595554	0.04539240782487681	0.07844848774215529
55.816160200394464	2.5549334061813633	0.045393832145106484	0.07844848774215529
55.884439576844095	2.5580329251986575	0.04539525817019417	0.07844848774215529
55.952718953293726	2.561132541763002	0.04539668590027903	0.07844848774215529
56.020998329743364	2.5642322559899577	0.04539811533550021	0.07844848774215529
56.089277706192995	2.5673320679950904	0.04539954647599686	0.07844848774215529
56.157557082642626	2.5704319778939615	0.04540097932190815	0.07844848774215529
56.22583645909226	2.5735319858021355	0.045402413873373224	0.07844848774215529
56.29411583554189	2.5766320918351746	0.04540385013053124	0.07844848774215529
56.36239521199152	2.579732296108643	0.04540528809352136	0.07844848774215529
56.43067458844115	2.5828325987381033	0.04540672776248273	0.07844848774215529
56.49895396489078	2.5859329998391187	0.045408169137554515	0.07844848774215529
56.56723334134042	2.589033499527253	0.045409612218875864	0.07844848774215529
56.63551271779005	2.592134097918069	0.04541105700658593	0.07844848774215529
56.70379209423968	2.595234795127131	0.045412503500823875	0.07844848774215529
56.77207147068932	2.59833559127	0.04541395170172885	0.07844848774215529
56.84035084713895	2.6014364864622417	0.04541540160944001	0.07844848774215529
56.90863022358858	2.6045374808194177	0.04541685322409652	0.07844848774215529
56.97690960003821	2.607638574457093	0.04541830654583752	0.07844848774215529
57.04518897648785	2.6107397674908284	0.045419761574802174	0.07844848774215529
57.11346835293748	2.6138410600361897	0.04542121831112964	0.07844848774215529
57.18174772938711	2.616942452208738	0.04542267675495907	0.07844848774215529
57.250027105836736	2.6200439441240375	0.045424136906429616	0.07844848774215529
57.318306482286374	2.6231455358976525	0.04542559876568043	0.07844848774215529
57.386585858736005	2.626247227645144	0.04542706233285068	0.07844848774215529
57.454865235185636	2.6293490194820777	0.04542852760807952	0.07844848774215529
57.523144611635274	2.632450911524015	0.045429994591506095	0.07844848774215529
57.591423988084905	2.63555290388652	0.045431463283269566	0.07844848774215529
57.659703364534536	2.6386549966851556	0.04543293368350909	0.07844848774215529
57.72798274098417	2.6417571900354853	0.045434405792363824	0.07844848774215529
57.796262117433805	2.644859484053072	0.04543587960997292	0.07844848774215529
57.864541493883436	2.64796187885348	0.045437355136475524	0.07844848774215529
57.93282087033307	2.651064374552271	0.04543883237201081	0.07844848774215529
58.001100246782705	2.6541669712650098	0.04544031131671792	0.07844848774215529
58.06937962323234	2.6572696691072584	0.045441791970736015	0.07844848774215529
58.13765899968197	2.6603724681945815	0.045443274334204246	0.07844848774215529
58.20593837613159	2.6634753686425396	0.045444758407261775	0.07844848774215529
58.27421775258123	2.666578370566699	0.04544624419004776	0.07844848774215529
58.34249712903086	2.6696814740826222	0.04544773168270134	0.07844848774215529
58.41077650548049	2.672784679305871	0.045449220885361685	0.07844848774215529
58.47905588193012	2.675887986352011	0.045450711798167946	0.07844848774215529
58.54733525837976	2.678991395336603	0.045452204421259274	0.07844848774215529
58.61561463482939	2.6820949063752124	0.045453698754774834	0.07844848774215529
58.68389401127902	2.6851985195834005	0.04545519479885378	0.07844848774215529
58.75217338772866	2.6883022350767325	0.045456692553635256	0.07844848774215529
58.82045276417829	2.6914060529707697	0.04545819201925842	0.07844848774215529
58.88873214062792	2.694509973381077	0.04545969319586245	0.07844848774215529
58.957011517077554	2.6976139964232164	0.045461196083586466	0.07844848774215529
59.02529089352719	2.7007181222127525	0.045462700682569655	0.07844848774215529
59.09357026997682	2.7038223508652477	0.04546420699295115	0.07844848774215529
59.16184964642645	2.7069266824962646	0.045465715014870116	0.07844848774215529
59.23012902287608	2.710031117221368	0.04546722474846571	0.07844848774215529
59.298408399325716	2.71313565515612	0.045468736193877084	0.07844848774215529
59.36668777577535	2.7162402964160846	0.04547024935124339	0.07844848774215529
59.43496715222498	2.7193450411168243	0.04547176422070379	0.07844848774215529
59.50324652867461	2.7224498893739035	0.04547328080239744	0.07844848774215529
59.57152590512425	2.725554841302884	0.045474799096463486	0.07844848774215529
59.63980528157388	2.7286598970193303	0.0454763191030411	0.07844848774215529
59.70808465802351	2.7317650566388045	0.04547784082226942	0.07844848774215529
59.77636403447315	2.7348703202768716	0.045479364254287606	0.07844848774215529
59.84464341092278	2.7379756880490924	0.045480889399234815	0.07844848774215529
59.91292278737241	2.741081160071033	0.045482416257250205	0.07844848774215529
59.98120216382204	2.744186736458254	0.045483944828472934	0.07844848774215529
60.04948154027168	2.747292417326321	0.04548547511304215	0.07844848774215529
60.1177609167213	2.7503982027907945	0.04548700711109701	0.07844848774215529
60.18604029317093	2.7535040929672405	0.045488540822776674	0.07844848774215529
60.254319669620564	2.756610087971221	0.04549007624822029	0.07844848774215529
60.3225990460702	2.7597161879182988	0.04549161338756702	0.07844848774215529
60.39087842251983	2.762822392924039	0.045493152240956014	0.07844848774215529
60.459157798969464	2.7659287031040023	0.04549469280852644	0.07844848774215529
60.5274371754191	2.7690351185737545	0.045496235090417426	0.07844848774215529
60.59571655186873	2.7721416394488565	0.04549777908676816	0.07844848774215529
60.663995928318364	2.7752482658448736	0.045499324797717774	0.07844848774215529
60.732275304767995	2.7783549978773676	0.04550087222340544	0.07844848774215529
60.80055468121763	2.7814618356619025	0.0455024213639703	0.07844848774215529
60.868834057667264	2.784568779314041	0.04550397221955151	0.07844848774215529
60.937113434116895	2.7876758289493475	0.045505524790288236	0.07844848774215529
61.00539281056652	2.790782984683384	0.04550707907631963	0.07844848774215529
61.07367218701616	2.7938902466317135	0.04550863507778484	0.07844848774215529
61.14195156346579	2.796997614909901	0.045510192794823025	0.07844848774215529
61.21023093991542	2.8001050896335085	0.045511752227573345	0.07844848774215529
61.27851031636506	2.803212670918099	0.045513313376174945	0.07844848774215529
61.34678969281469	2.806320358879237	0.04551487624076699	0.07844848774215529
61.41506906926432	2.809428153632485	0.04551644082148864	0.07844848774215529
61.48334844571395	2.812536055293406	0.04551800711847904	0.07844848774215529
61.55162782216359	2.8156440639775635	0.04551957513187735	0.07844848774215529
61.61990719861322	2.818752179800521	0.04552114486182272	0.07844848774215529
61.68818657506285	2.8218604028778422	0.04552271630845431	0.07844848774215529
61.75646595151249	2.824968733325089	0.04552428947191127	0.07844848774215529
61.82474532796212	2.8280771712578257	0.045525864352332766	0.07844848774215529
61.89302470441175	2.8311857167916146	0.045527440949857945	0.07844848774215529
61.961304080861375	2.8342943700420196	0.045529019264625964	0.07844848774215529
62.02958345731101	2.8374031311246046	0.04553059929677598	0.07844848774215529
62.097862833760644	2.8405120001549315	0.04553218104644715	0.07844848774215529
62.166142210210275	2.843620977248565	0.04553376451377862	0.07844848774215529
62.234421586659906	2.8467300625210674	0.04553534969890956	0.07844848774215529
62.302700963109544	2.849839256088003	0.04553693660197911	0.07844848774215529
62.370980339559175	2.8529485580649334	0.045538525223126444	0.07844848774215529
62.439259716008806	2.856057968567423	0.0455401155624907	0.07844848774215529
62.50753909245844	2.8591674877110345	0.045541707620211036	0.07844848774215529
62.575818468908075	2.862277115611332	0.045543301396426615	0.07844848774215529
62.644097845357706	2.8653868523838772	0.04554489689127659	0.07844848774215529
62.71237722180734	2.8684966981442352	0.045546494104900116	0.07844848774215529
62.780656598256975	2.871606653007968	0.045548093037436344	0.07844848774215529
62.848935974706606	2.8747167170906396	0.04554969368902443	0.07844848774215529
62.91721535115623	2.877826890507813	0.045551296059803535	0.07844848774215529
62.98549472760586	2.8809371733750506	0.04555290014991281	0.07844848774215529
63.0537741040555	2.8840475658079177	0.04555450595949142	0.07844848774215529
63.12205348050513	2.887158067921975	0.0455561134886785	0.07844848774215529
63.19033285695476	2.890268679832788	0.04555772273761323	0.07844848774215529
63.25861223340439	2.8933794016559187	0.045559333706434745	0.07844848774215529
63.32689160985403	2.896490233506931	0.045560946395282215	0.07844848774215529
63.39517098630366	2.8996011755013873	0.045562560804294785	0.07844848774215529
63.46345036275329	2.9027122277548525	0.04556417693361161	0.07844848774215529
63.53172973920293	2.9058233903828876	0.04556579478337185	0.07844848774215529
63.60000911565256	2.908934663501058	0.04556741435371467	0.07844848774215529
63.66828849210219	2.9120460472249254	0.04556903564477921	0.07844848774215529
63.73656786855182	2.9151575416700535	0.04557065865670463	0.07844848774215529
63.80484724500146	2.9182691469520057	0.04557228338963008	0.07844848774215529
63.873126621451085	2.9213808631863447	0.04557390984369473	0.07844848774215529
63.941405997900716	2.924492690488636	0.04557553801903772	0.07844848774215529
64.00968537435035	2.92760462897444	0.045577167915798224	0.07844848774215529
64.07796475079998	2.930716678759322	0.04557879953411537	0.07844848774215529
64.14624412724962	2.933828839958843	0.04558043287412834	0.07844848774215529
64.21452350369925	2.9369411126885687	0.04558206793597628	0.07844848774215529
64.28280288014888	2.9400534970640617	0.045583704719798335	0.07844848774215529
64.35108225659852	2.943165993200884	0.045585343225733675	0.07844848774215529
64.41936163304815	2.9462786012146003	0.045586983453921454	0.07844848774215529
64.48764100949778	2.949391321220773	0.045588625404500815	0.07844848774215529
64.55592038594742	2.9525041533349645	0.04559026907761092	0.07844848774215529
64.62419976239704	2.955617097672741	0.045591914473390935	0.07844848774215529
64.69247913884668	2.958730154349663	0.04559356159198	0.07844848774215529
64.76075851529632	2.961843323481296	0.045595210433517275	0.07844848774215529
64.82903789174594	2.9649566051832004	0.04559686099814192	0.07844848774215529
64.89731726819556	2.9680699995709414	0.045598513285993084	0.07844848774215529
64.9655966446452	2.9711835067600836	0.045600167297209934	0.07844848774215529
65.03387602109484	2.974297126866187	0.04560182303193161	0.07844848774215529
65.10215539754446	2.9774108600048166	0.04560348049029728	0.07844848774215529
65.1704347739941	2.9805247062915354	0.04560513967244609	0.07844848774215529
65.23871415044374	2.983638665841907	0.045606800578517195	0.07844848774215529
65.30699352689336	2.9867527387714947	0.04560846320864976	0.07844848774215529
65.375272903343	2.9898669251958605	0.04561012756298293	0.07844848774215529
65.44355227979264	2.9929812252305696	0.04561179364165587	0.07844848774215529
65.51183165624226	2.996095638991184	0.04561346144480773	0.07844848774215529
65.5801110326919	2.999210166593267	0.04561513097257767	0.07844848774215529
65.64839040914154	3.002324808152382	0.045616802225104836	0.07844848774215529
65.71666978559117	3.005439563784093	0.04561847520252839	0.07844848774215529
65.78494916204079	3.008554433603962	0.045620149904987486	0.07844848774215529
65.85322853849043	3.0116694177275534	0.04562182633262128	0.07844848774215529
65.92150791494007	3.0147845162704296	0.045623504485568935	0.07844848774215529
65.98978729138969	3.017899729348155	0.04562518436396959	0.07844848774215529
66.05806666783933	3.0210150570762915	0.04562686596796241	0.07844848774215529
66.12634604428895	3.0241304995704024	0.045628549297686546	0.07844848774215529
66.19462542073859	3.0272460569460513	0.04563023435328116	0.07844848774215529
66.26290479718823	3.0303617293188028	0.04563192113488541	0.07844848774215529
66.33118417363785	3.0334775168042185	0.04563360964263844	0.07844848774215529
66.39946355008749	3.036593419517862	0.04563529987667941	0.07844848774215529
66.46774292653713	3.039709437575296	0.04563699183714748	0.07844848774215529
66.53602230298675	3.042825571092086	0.045638685524181793	0.07844848774215529
66.60430167943639	3.045941820183793	0.04564038093792152	0.07844848774215529
66.67258105588601	3.049058184965981	0.04564207807850581	0.07844848774215529
66.74086043233565	3.0521746655542135	0.045643776946073814	0.07844848774215529
66.80913980878528	3.0552912620640527	0.045645477540764694	0.07844848774215529
66.87741918523491	3.0584079746110637	0.0456471798627176	0.07844848774215529
66.94569856168455	3.0615248033108076	0.04564888391207169	0.07844848774215529
67.01397793813418	3.0646417482788504	0.045650589688966126	0.07844848774215529
67.08225731458381	3.067758809630752	0.045652297193540047	0.07844848774215529
67.15053669103345	3.0708759874820792	0.045654006425932626	0.07844848774215529
67.21881606748308	3.0739932819483924	0.045655717386283004	0.07844848774215529
67.28709544393271	3.077110693145256	0.045657430074730346	0.07844848774215529
67.35537482038234	3.080228221188232	0.045659144491413804	0.07844848774215529
67.42365419683198	3.0833458661928876	0.04566086063647253	0.07844848774215529
67.49193357328161	3.086463628274781	0.04566257851004569	0.07844848774215529
67.56021294973124	3.089581507549479	0.04566429811227243	0.07844848774215529
67.62849232618086	3.0926995041325425	0.045666019443291905	0.07844848774215529
67.6967717026305	3.0958176181395363	0.04566774250324328	0.07844848774215529
67.76505107908014	3.0989358496860238	0.045669467292265696	0.07844848774215529
67.83333045552976	3.1020541988875676	0.04567119381049832	0.07844848774215529
67.9016098319794	3.1051726658597305	0.0456729220580803	0.07844848774215529
67.96988920842904	3.108291250718077	0.045674652035150795	0.07844848774215529
68.03816858487866	3.1114099535781694	0.045676383741848965	0.07844848774215529
68.1064479613283	3.1145287745555708	0.04567811717831396	0.07844848774215529
68.17472733777794	3.1176477137658454	0.045679852344684926	0.07844848774215529
68.24300671422756	3.120766771324556	0.04568158924110104	0.07844848774215529
68.3112860906772	3.123885947347266	0.04568332786770144	0.07844848774215529
68.37956546712682	3.127005241949538	0.045685068224625286	0.07844848774215529
68.44784484357646	3.130124655246936	0.04568681031201174	0.07844848774215529
68.5161242200261	3.1332441873550225	0.04568855412999995	0.07844848774215529
68.58440359647572	3.136363838389361	0.04569029967872907	0.07844848774215529
68.65268297292535	3.1394836084655164	0.045692046958338256	0.07844848774215529
68.72096234937499	3.1426034976990493	0.04569379596896667	0.07844848774215529
68.78924172582462	3.1457235062055258	0.04569554671075347	0.07844848774215529
68.85752110227425	3.1488436341005057	0.045697299183837796	0.07844848774215529
68.92580047872389	3.1519638814995554	0.045699053388358814	0.07844848774215529
68.99407985517352	3.1550842485182358	0.04570080932445567	0.07844848774215529
69.06235923162315	3.158204735272112	0.04570256699226754	0.07844848774215529
69.13063860807279	3.161325341876746	0.04570432639193356	0.07844848774215529
69.19891798452242	3.1644460684477025	0.04570608752359289	0.07844848774215529
69.26719736097205	3.1675669151005437	0.045707850387384695	0.07844848774215529
69.33547673742169	3.1706878819508324	0.04570961498344812	0.07844848774215529
69.40375611387132	3.1738089691141322	0.04571138131192232	0.07844848774215529
69.47203549032095	3.1769301767060085	0.045713149372946446	0.07844848774215529
69.54031486677057	3.1800515048420204	0.04571491916665967	0.07844848774215529
69.60859424322021	3.183172953637735	0.04571669069320113	0.07844848774215529
69.67687361966985	3.186294523208713	0.04571846395271	0.07844848774215529
69.74515299611947	3.189416213670519	0.04572023894532542	0.07844848774215529
69.81343237256911	3.192538025138716	0.04572201567118655	0.07844848774215529
69.88171174901873	3.195659957728867	0.045723794130432545	0.07844848774215529
69.94999112546837	3.1987820115565357	0.04572557432320256	0.07844848774215529
70.01827050191801	3.201904186737285	0.04572735624963575	0.07844848774215529
70.08654987836763	3.2050264833866784	0.04572913990987128	0.07844848774215529
70.15482925481727	3.2081489016202784	0.04573092530404829	0.07844848774215529
