x	chi	dchidx	s0
0.00025366194557577997	0.0	1.2761475061808065	1.2761475061808065
0.019884758104049587	0.02505215849005789	1.276145144511772	1.2761475061808065
0.039515854262523395	0.05010422711980786	1.276138353836452	1.2761475061808065
0.0591469504209972	0.07515611900489069	1.2761271378351515	1.2761475061808065
0.078778046579471	0.10020774727321705	1.2761114969530654	1.2761475061808065
0.09840914273794482	0.1252590250580046	1.276091431176456	1.2761475061808065
0.11804023889641863	0.15030986508488478	1.2760669403381617	1.2761475061808065
0.13767133505489243	0.17536018027498354	1.2760380243609044	1.2761475061808065
0.15730243121336623	0.20040988389025405	1.2760046830676726	1.2761475061808065
0.17693352737184007	0.2254588891762619	1.2759669162557081	1.2761475061808065
0.19656462353031387	0.2505071093621848	1.2759247236965077	1.2761475061808065
0.21619571968878767	0.275554457660813	1.2758781051358217	1.2761475061808065
0.23582681584726148	0.3006008472685488	1.2758270602936543	1.2761475061808065
0.25545791200573525	0.3256461913654071	1.2757715888642644	1.2761475061808065
0.2750890081642091	0.35069040311501487	1.275711690516165	1.2761475061808065
0.2947201043226829	0.37573339566461156	1.2756473648921225	1.2761475061808065
0.3143512004811567	0.40077508214504876	1.275578611609158	1.2761475061808065
0.33398229663963047	0.4258153756707904	1.275505430258547	1.2761475061808065
0.3536133927981043	0.450854189339913	1.2754278204058178	1.2761475061808065
0.3732444889565781	0.47589143623410485	1.2753457815907543	1.2761475061808065
0.3928755851150519	0.5009270294186671	1.2752593133273937	1.2761475061808065
0.4125066812735257	0.5259608819425127	1.2751684151040275	1.2761475061808065
0.4321377774319995	0.5509929068381673	1.2750730863832012	1.2761475061808065
0.4517688735904733	0.5760230171217687	1.2749733266017143	1.2761475061808065
0.4713999697489471	0.6010511257930671	1.274869135170621	1.2761475061808065
0.49103106590742096	0.6260771458354248	1.2747605114752287	1.2761475061808065
0.5106621620658948	0.6511009902158167	1.2746474548750997	1.2761475061808065
0.5302932582243686	0.6761225718848296	1.27452996470405	1.2761475061808065
0.5499243543828424	0.701141803776663	1.2744080402701496	1.2761475061808065
0.5695554505413162	0.7261585988091288	1.2742816808557231	1.2761475061808065
0.58918654669979	0.7511728698836508	1.2741508857173487	1.2761475061808065
0.6088176428582638	0.7761845298852648	1.2740156540858587	1.2761475061808065
0.6284487390167376	0.80119349168262	1.2738759851663402	1.2761475061808065
0.6480798351752115	0.8261996681279771	1.2737318781381333	1.2761475061808065
0.6677109313336852	0.8512029720572092	1.273583332154833	1.2761475061808065
0.6873420274921589	0.8762033162898015	1.2734303463442886	1.2761475061808065
0.7069731236506328	0.9012006136288526	1.2732729198086026	1.2761475061808065
0.7266042198091067	0.9261947768610723	1.2731110516241322	1.2761475061808065
0.7462353159675804	0.9511857187567825	1.2729447408414887	1.2761475061808065
0.7658664121260542	0.9761733520699183	1.2727739864855372	1.2761475061808065
0.785497508284528	1.0011575895380271	1.2725987875553975	1.2761475061808065
0.8051286044430019	1.0261383438822678	1.2724191430244427	1.2761475061808065
0.8247597006014756	1.0511155278074118	1.2722350518403005	1.2761475061808065
0.8443907967599494	1.0760890540018437	1.2720465129248528	1.2761475061808065
0.8640218929184232	1.1010588351375594	1.2718535251742353	1.2761475061808065
0.8836529890768972	1.1260247838701676	1.2716560874588378	1.2761475061808065
0.9032840852353708	1.1509868128388887	1.2714541986233046	1.2761475061808065
0.9229151813938447	1.1759448346665564	1.2712478574865336	1.2761475061808065
0.9425462775523185	1.2008987619596165	1.271037062841677	1.2761475061808065
0.9621773737107924	1.225848507308126	1.270821813456141	1.2761475061808065
0.9818084698692661	1.2507950657496472	1.2706021172273712	1.2761475061808065
1.0014395660277398	1.2757413647220428	1.2703776380236858	1.2761475061808065
1.0210706621862138	1.3006868187881682	1.2701476651649755	1.2761475061808065
1.0407017583446876	1.3256306258772823	1.269911554622579	1.2761475061808065
1.0603328545031614	1.3505720248390791	1.2696687451608029	1.2761475061808065
1.079963950661635	1.375510295443687	1.2694187583369216	1.2761475061808065
1.099595046820109	1.4004447583816686	1.2691611985011781	1.2761475061808065
1.1192261429785828	1.4253747752640207	1.2688957527967826	1.2761475061808065
1.1388572391370566	1.4502997486221743	1.2686221911599134	1.2761475061808065
1.1584883352955304	1.4752191219079953	1.268340366319717	1.2761475061808065
1.1781194314540042	1.5001323794937838	1.2680502137983078	1.2761475061808065
1.197750527612478	1.5250390466722734	1.2677517519107682	1.2761475061808065
1.2173816237709518	1.5499386896566332	1.2674450817651481	1.2761475061808065
1.2370127199294256	1.574830915580466	1.2671303872624662	1.2761475061808065
1.2566438160878994	1.5997153724978095	1.2668079350967085	1.2761475061808065
1.2762749122463732	1.6245917493831348	1.2664780747548292	1.2761475061808065
1.2959060084048473	1.6494597761313479	1.2661412385167503	1.2761475061808065
1.3155371045633208	1.6743192235577893	1.265797941455362	1.2761475061808065
1.3351682007217947	1.6991699033982335	1.265448781436522	1.2761475061808065
1.3547992968802685	1.72401166830889	1.2650944391190568	1.2761475061808065
1.374430393038742	1.7488444118664013	1.26473567795476	1.2761475061808065
1.394061489197216	1.7736680685678456	1.2643733441883935	1.2761475061808065
1.4136925853556899	1.798482613830735	1.2640083668576874	1.2761475061808065
1.4333236815141637	1.823288063993016	1.263641757793339	1.2761475061808065
1.4529547776726377	1.8480844763130686	1.2632746116190146	1.2761475061808065
1.4725858738311113	1.8728719489697077	1.2629081057513478	1.2761475061808065
1.492216969989585	1.8976506210621842	1.2625435003999401	1.2761475061808065
1.5118480661480589	1.9224206726101802	1.2621821385673613	1.2761475061808065
1.5314791623065327	1.9471823245538145	1.261825446049149	1.2761475061808065
1.5511102584650065	1.9719358387536396	1.2614749314338085	1.2761475061808065
1.5707413546234803	1.9966815179906419	1.2611321861028137	1.2761475061808065
1.590372450781954	2.0214197059662427	1.2607988842306062	1.2761475061808065
1.6100035469404281	2.0461507873022975	1.2604767827845949	1.2761475061808065
1.6296346430989017	2.0708751875410956	1.2601677215251574	1.2761475061808065
1.6492657392573755	2.095593373145361	1.259873623005639	1.2761475061808065
1.6688968354158495	2.120305851498254	1.2595964925723533	1.2761475061808065
1.6885279315743231	2.1450131709033644	1.2593384183645815	1.2761475061808065
1.708159027732797	2.1697159205847214	1.2591015713145726	1.2761475061808065
1.7277901238912707	2.1944147306867867	1.2588882051475438	1.2761475061808065
1.7474212200497448	2.2191102722744547	1.2587006563816805	1.2761475061808065
1.7670523162082186	2.243803257333057	1.2585413443281355	1.2761475061808065
1.7866834123666921	2.2684944387683563	1.25841277109103	1.2761475061808065
1.806314508525166	2.293184610406553	1.2583175215674531	1.2761475061808065
1.82594560468364	2.3178746069942795	1.2582582634474617	1.2761475061808065
1.8455767008421136	2.3425653041986036	1.2582377472140807	1.2761475061808065
1.8652077970005874	2.3672576186070273	1.258258806143303	1.2761475061808065
1.8848388931590612	2.3919525077274866	1.2583243563040896	1.2761475061808065
1.9044699893175352	2.416650969988352	1.2584373965583688	1.2761475061808065
1.924101085476009	2.4413540447384285	1.258601008561038	1.2761475061808065
1.9437321816344826	2.466062812246955	1.2588183567599618	1.2761475061808065
1.9443256623893608	2.4668098989222127	1.2588257734485726	1.2761475061808065
1.944919143144239	2.467556989999571	1.2588331923484377	1.2761475061808065
1.9455126238991172	2.4683040854803453	1.2588406134595982	1.2761475061808065
1.9461061046539956	2.469051185365852	1.2588480367820956	1.2761475061808065
1.9466995854088738	2.4697982896574064	1.2588554623159718	1.2761475061808065
1.9472930661637518	2.470545398356325	1.2588628900612677	1.2761475061808065
1.94788654691863	2.4712925114639237	1.2588703200180251	1.2761475061808065
1.9484800276735081	2.4720396289815185	1.2588777521862855	1.2761475061808065
1.9490735084283863	2.4727867509104255	1.2588851865660902	1.2761475061808065
1.9496669891832645	2.47353387725196	1.2588926231574809	1.2761475061808065
1.9502604699381427	2.474281008007438	1.2589000619604989	1.2761475061808065
1.950853950693021	2.475028143178176	1.2589075029751855	1.2761475061808065
1.9514474314478991	2.4757752827654897	1.2589149462015825	1.2761475061808065
1.9520409122027773	2.476522426770695	1.2589223916397314	1.2761475061808065
1.9526343929576557	2.4772695751951073	1.2589298392896733	1.2761475061808065
1.953227873712534	2.478016728040043	1.25893728915145	1.2761475061808065
1.953821354467412	2.478763885306818	1.258944741225103	1.2761475061808065
1.95441483522229	2.4795110469967483	1.2589521955106733	1.2761475061808065
1.9550083159771683	2.48025821311115	1.258959652008203	1.2761475061808065
1.9556017967320465	2.481005383651339	1.2589671107177332	1.2761475061808065
1.9561952774869247	2.48175255861863	1.2589745716393053	1.2761475061808065
1.9567887582418029	2.482499738014341	1.2589820347729612	1.2761475061808065
1.957382238996681	2.4832469218397866	1.2589895001187419	1.2761475061808065
1.9579757197515593	2.483994110096283	1.2589969676766892	1.2761475061808065
1.9585692005064375	2.484741302785146	1.2590044374468443	1.2761475061808065
1.9591626812613159	2.4854884999076914	1.259011909429249	1.2761475061808065
1.959756162016194	2.486235701465236	1.2590193836239445	1.2761475061808065
1.960349642771072	2.4869829074590943	1.2590268600309724	1.2761475061808065
1.9609431235259502	2.4877301178905835	1.259034338650374	1.2761475061808065
1.9615366042808284	2.488477332761019	1.259041819482191	1.2761475061808065
1.9621300850357066	2.489224552071717	1.2590493025264649	1.2761475061808065
1.9627235657905848	2.4899717758239928	1.2590567877832368	1.2761475061808065
1.963317046545463	2.490719004019163	1.2590642752525487	1.2761475061808065
1.9639105273003412	2.4914662366585434	1.2590717649344416	1.2761475061808065
1.9645040080552194	2.49221347374345	1.2590792568289573	1.2761475061808065
1.9650974888100976	2.4929607152751982	1.259086750936137	1.2761475061808065
1.965690969564976	2.4937079612551045	1.2590942472560225	1.2761475061808065
1.9662844503198542	2.4944552116844845	1.2591017457886549	1.2761475061808065
1.966877931074732	2.4952024665646535	1.259109246534076	1.2761475061808065
1.9674714118296104	2.495949725896929	1.259116749492327	1.2761475061808065
1.9680648925844886	2.496696989682626	1.2591242546634496	1.2761475061808065
1.9686583733393668	2.4974442579230605	1.2591317620474851	1.2761475061808065
1.969251854094245	2.498191530619548	1.2591392716444751	1.2761475061808065
1.9698453348491232	2.4989388077734054	1.2591467834544612	1.2761475061808065
1.9704388156040014	2.499686089385948	1.2591542974774845	1.2761475061808065
1.9710322963588796	2.5004333754584915	1.2591618137135867	1.2761475061808065
1.9716257771137577	2.5011806659923526	1.2591693321628092	1.2761475061808065
1.9722192578686362	2.5019279609888465	1.2591768528251936	1.2761475061808065
1.9728127386235144	2.5026752604492892	1.2591843757007812	1.2761475061808065
1.9734062193783921	2.503422564374997	1.2591919007896135	1.2761475061808065
1.9739997001332705	2.5041698727672856	1.2591994280917322	1.2761475061808065
1.9745931808881487	2.504917185627471	1.2592069576071785	1.2761475061808065
1.975186661643027	2.5056645029568694	1.259214489335994	1.2761475061808065
1.9757801423979051	2.506411824756796	1.2592220232782203	1.2761475061808065
1.9763736231527833	2.5071591510285676	1.2592295594338985	1.2761475061808065
1.9769671039076615	2.5079064817734995	1.2592370978030705	1.2761475061808065
1.9775605846625397	2.508653816992908	1.2592446383857774	1.2761475061808065
1.978154065417418	2.5094011566881087	1.2592521811820607	1.2761475061808065
1.9787475461722963	2.5101485008604176	1.2592597261919622	1.2761475061808065
1.9793410269271745	2.510895849511151	1.2592672734155232	1.2761475061808065
1.9799345076820523	2.5116432026416238	1.259274822852785	1.2761475061808065
1.9805279884369307	2.512390560253153	1.2592823745037895	1.2761475061808065
1.9811214691918089	2.5131379223470547	1.2592899283685777	1.2761475061808065
1.981714949946687	2.513885288924644	1.2592974844471914	1.2761475061808065
1.9823084307015653	2.514632659987237	1.2593050427396717	1.2761475061808065
1.9829019114564435	2.5153800355361504	1.2593126032460604	1.2761475061808065
1.9834953922113217	2.516127415572699	1.259320165966399	1.2761475061808065
1.9840888729661998	2.5168748000981993	1.259327730900729	1.2761475061808065
1.984682353721078	2.517622189113967	1.2593352980490915	1.2761475061808065
1.9852758344759562	2.5183695826213186	1.2593428674115281	1.2761475061808065
1.9858693152308347	2.519116980621569	1.2593504389880807	1.2761475061808065
1.9864627959857124	2.519864383116035	1.2593580127787902	1.2761475061808065
1.9870562767405908	2.5206117901060323	1.2593655887836985	1.2761475061808065
1.987649757495469	2.521359201592877	1.2593731670028467	1.2761475061808065
1.9882432382503472	2.522106617577885	1.2593807474362766	1.2761475061808065
1.9888367190052254	2.5228540380623716	1.2593883300840296	1.2761475061808065
1.9894301997601036	2.5236014630476533	1.259395914946147	1.2761475061808065
1.9900236805149818	2.524348892535046	1.2594035020226704	1.2761475061808065
1.99061716126986	2.5250963265258655	1.2594110913136414	1.2761475061808065
1.9912106420247382	2.525843765021428	1.2594186828191012	1.2761475061808065
1.9918041227796164	2.526591208023049	1.2594262765390913	1.2761475061808065
1.9923976035344948	2.5273386555320445	1.2594338724736533	1.2761475061808065
1.992991084289373	2.528086107549731	1.259441470622829	1.2761475061808065
1.993584565044251	2.528833564077423	1.2594490709866593	1.2761475061808065
1.9941780457991292	2.529581025116438	1.2594566735651858	1.2761475061808065
1.9947715265540074	2.5303284906680914	1.25946427835845	1.2761475061808065
1.9953650073088856	2.5310759607336992	1.2594718853664937	1.2761475061808065
1.9959584880637637	2.531823435314577	1.259479494589358	1.2761475061808065
1.996551968818642	2.5325709144120414	1.2594871060270842	1.2761475061808065
1.9971454495735201	2.5333183980274074	1.2594947196797144	1.2761475061808065
1.9977389303283983	2.5340658861619914	1.2595023355472896	1.2761475061808065
1.9983324110832765	2.5348133788171094	1.2595099536298515	1.2761475061808065
1.998925891838155	2.535560875994077	1.2595175739274413	1.2761475061808065
1.9995193725930331	2.5363083776942106	1.2595251964401009	1.2761475061808065
2.000112853347911	2.5370558839188257	1.2595328211678714	1.2761475061808065
2.000706334102789	2.5378033946692384	1.2595404481107944	1.2761475061808065
2.0012998148576675	2.538550909946765	1.2595480772689112	1.2761475061808065
2.0018932956125455	2.5392984297527206	1.2595557086422635	1.2761475061808065
2.002486776367424	2.540045954088422	1.259563342230893	1.2761475061808065
2.0030802571223023	2.5407934829551846	1.2595709780348405	1.2761475061808065
2.0036737378771803	2.5415410163543246	1.259578616054148	1.2761475061808065
2.0042672186320587	2.5422885542871576	1.259586256288857	1.2761475061808065
2.0048606993869367	2.543036096755	1.2595938987390085	1.2761475061808065
2.005454180141815	2.543783643759167	1.2596015434046444	1.2761475061808065
2.006047660896693	2.5445311953009755	1.259609190285806	1.2761475061808065
2.006641141651571	2.54527875138174	1.2596168393825349	1.2761475061808065
2.0072346224064495	2.5460263120027777	1.2596244906948724	1.2761475061808065
2.0078281031613274	2.5467738771654047	1.25963214422286	1.2761475061808065
2.008421583916206	2.547521446870936	1.2596397999665394	1.2761475061808065
2.009015064671084	2.548269021120688	1.2596474579259518	1.2761475061808065
2.0096085454259622	2.5490165999159764	1.2596551181011388	1.2761475061808065
2.0102020261808407	2.5497641832581177	1.2596627804921419	1.2761475061808065
2.0107955069357186	2.550511771148427	1.2596704450990024	1.2761475061808065
2.011388987690597	2.551259363588221	1.259678111921762	1.2761475061808065
2.011982468445475	2.5520069605788147	1.259685780960462	1.2761475061808065
2.0125759492003534	2.5527545621215246	1.259693452215144	1.2761475061808065
2.0131694299552314	2.553502168217667	1.2597011256858495	1.2761475061808065
2.0137629107101094	2.554249778868557	1.2597088013726196	1.2761475061808065
2.014356391464988	2.5549973940755115	1.2597164792754962	1.2761475061808065
2.0149498722198658	2.5557450138398456	1.2597241593945208	1.2761475061808065
2.015543352974744	2.5564926381628754	1.2597318417297345	1.2761475061808065
2.0161368337296226	2.557240267045917	1.259739526281179	1.2761475061808065
2.0167303144845006	2.5579879004902866	1.2597472130488958	1.2761475061808065
2.017323795239379	2.5587355384972996	1.2597549020329264	1.2761475061808065
2.017917275994257	2.559483181068272	1.259762593233312	1.2761475061808065
2.0185107567491354	2.5602308282045203	1.2597702866500944	1.2761475061808065
2.0191042375040134	2.5609784799073596	1.2597779822833148	1.2761475061808065
2.0196977182588913	2.561726136178106	1.259785680133015	1.2761475061808065
2.0202911990137697	2.5624737970180758	1.2597933801992363	1.2761475061808065
2.0208846797686477	2.563221462428585	1.25980108248202	1.2761475061808065
2.021478160523526	2.563969132410949	1.2598087869814076	1.2761475061808065
2.022071641278404	2.5647168069664845	1.259816493697441	1.2761475061808065
2.0226651220332825	2.5654644860965066	1.2598242026301611	1.2761475061808065
2.023258602788161	2.566212169802332	1.25983191377961	1.2761475061808065
2.023852083543039	2.566959858085276	1.2598396271458285	1.2761475061808065
2.0244455642979173	2.5677075509466545	1.2598473427288583	1.2761475061808065
2.0250390450527953	2.568455248387784	1.2598550605287413	1.2761475061808065
2.0256325258076737	2.56920295040998	1.2598627805455185	1.2761475061808065
2.0262260065625517	2.5699506570145583	1.2598705027792314	1.2761475061808065
2.0268194873174297	2.5706983682028346	1.2598782272299216	1.2761475061808065
2.027412968072308	2.571446083976126	1.2598859538976308	1.2761475061808065
2.028006448827186	2.5721938043357477	1.2598936827823999	1.2761475061808065
2.0285999295820645	2.5729415292830153	1.2599014138842708	1.2761475061808065
2.029193410336943	2.5736892588192455	1.2599091472032848	1.2761475061808065
2.029786891091821	2.5744369929457536	1.2599168827394838	1.2761475061808065
2.0303803718466993	2.575184731663856	1.2599246204929084	1.2761475061808065
2.0309738526015773	2.5759324749748678	1.259932360463601	1.2761475061808065
2.0315673333564557	2.5766802228801056	1.2599401026516024	1.2761475061808065
2.0321608141113336	2.5774279753808855	1.2599478470569545	1.2761475061808065
2.032754294866212	2.578175732478523	1.2599555936796984	1.2761475061808065
2.03334777562109	2.5789234941743335	1.259963342519876	1.2761475061808065
2.033941256375968	2.5796712604696346	1.2599710935775283	1.2761475061808065
2.0345347371308464	2.5804190313657407	1.2599788468526973	1.2761475061808065
2.0351282178857244	2.5811668068639686	1.259986602345424	1.2761475061808065
2.035721698640603	2.5819145869656337	1.2599943600557502	1.2761475061808065
2.0363151793954812	2.582662371672052	1.260002119983717	1.2761475061808065
2.036908660150359	2.5834101609845397	1.2600098821293664	1.2761475061808065
2.0375021409052376	2.5841579549044122	1.2600176464927395	1.2761475061808065
2.0380956216601156	2.5849057534329862	1.2600254130738777	1.2761475061808065
2.038689102414994	2.585653556571577	1.2600331818728228	1.2761475061808065
2.039282583169872	2.586401364321501	1.260040952889616	1.2761475061808065
2.03987606392475	2.5871491766840733	1.260048726124299	1.2761475061808065
2.0404695446796284	2.5878969936606104	1.260056501576913	1.2761475061808065
2.0410630254345064	2.588644815252429	1.2600642792474996	1.2761475061808065
2.0416565061893848	2.5893926414608437	1.2600720591361003	1.2761475061808065
2.042249986944263	2.590140472287171	1.2600798412427567	1.2761475061808065
2.042843467699141	2.590888307732727	1.26008762556751	1.2761475061808065
2.0434369484540196	2.5916361477988277	1.2600954121104018	1.2761475061808065
2.0440304292088975	2.592383992486788	1.2601032008714736	1.2761475061808065
2.044623909963776	2.593131841797925	1.260110991850767	1.2761475061808065
2.045217390718654	2.5938796957335546	1.260118785048323	1.2761475061808065
2.0458108714735324	2.594627554294992	1.2601265804641837	1.2761475061808065
2.0464043522284103	2.5953754174835533	1.2601343780983902	1.2761475061808065
2.0469978329832883	2.5961232853005547	1.260142177950984	1.2761475061808065
2.0475913137381667	2.5968711577473123	1.2601499800220066	1.2761475061808065
2.0481847944930447	2.597619034825142	1.2601577843114997	1.2761475061808065
2.048778275247923	2.5983669165353587	1.2601655908195042	1.2761475061808065
2.0493717560028015	2.5991148028792797	1.2601733995460622	1.2761475061808065
2.0499652367576795	2.59986269385822	1.260181210491215	1.2761475061808065
2.050558717512558	2.600610589473496	1.2601890236550035	1.2761475061808065
2.051152198267436	2.6013584897264237	1.26019683903747	1.2761475061808065
2.0517456790223143	2.6021063946183185	1.2602046566386556	1.2761475061808065
2.0523391597771923	2.602854304150497	1.2602124764586018	1.2761475061808065
2.0529326405320703	2.603602218324274	1.2602202984973498	1.2761475061808065
2.0535261212869487	2.604350137140967	1.2602281227549417	1.2761475061808065
2.0541196020418266	2.605098060601891	1.2602359492314184	1.2761475061808065
2.054713082796705	2.6058459887083623	1.2602437779268216	1.2761475061808065
2.0553065635515835	2.606593921461696	1.2602516088411928	1.2761475061808065
2.0559000443064614	2.6073418588632093	1.2602594419745734	1.2761475061808065
2.05649352506134	2.6080898009142173	1.260267277327005	1.2761475061808065
2.057087005816218	2.6088377476160356	1.260275114898529	1.2761475061808065
2.0576804865710963	2.609585698969981	1.2602829546891867	1.2761475061808065
2.0582739673259742	2.610333654977369	1.2602907966990198	1.2761475061808065
2.0588674480808526	2.6110816156395154	1.2602986409280696	1.2761475061808065
2.0594609288357306	2.6118295809577363	1.2603064873763776	1.2761475061808065
2.0600544095906086	2.6125775509333478	1.2603143360439855	1.2761475061808065
2.060647890345487	2.6133255255676655	1.2603221869309347	1.2761475061808065
2.061241371100365	2.614073504862006	1.2603300400372663	1.2761475061808065
2.0618348518552434	2.614821488817684	1.2603378953630222	1.2761475061808065
2.062428332610122	2.6155694774360163	1.2603457529082438	1.2761475061808065
2.063021813365	2.616317470718319	1.2603536126729724	1.2761475061808065
2.063615294119878	2.6170654686659076	1.2603614746572496	1.2761475061808065
2.064208774874756	2.617813471280098	1.2603693388611168	1.2761475061808065
2.0648022556296346	2.618561478562206	1.2603772052846156	1.2761475061808065
2.0653957363845126	2.6193094905135483	1.2603850739277873	1.2761475061808065
2.0659892171393905	2.6200575071354395	1.2603929447906734	1.2761475061808065
2.066582697894269	2.620805528429197	1.2604008178733155	1.2761475061808065
2.067176178649147	2.6215535543961357	1.260408693175755	1.2761475061808065
2.0677696594040254	2.6223015850375724	1.2604165706980335	1.2761475061808065
2.0683631401589033	2.623049620354822	1.2604244504401922	1.2761475061808065
2.0689566209137817	2.6237976603492013	1.2604323324022728	1.2761475061808065
2.06955010166866	2.624545705022026	1.2604402165843167	1.2761475061808065
2.070143582423538	2.6252937543746118	1.2604481029863652	1.2761475061808065
2.0707370631784165	2.6260418084082744	1.2604559916084601	1.2761475061808065
2.0713305439332945	2.62678986712433	1.2604638824506427	1.2761475061808065
2.071924024688173	2.627537930524095	1.2604717755129544	1.2761475061808065
2.072517505443051	2.6282859986088845	1.2604796707954369	1.2761475061808065
2.073110986197929	2.629034071380015	1.2604875682981316	1.2761475061808065
2.0737044669528073	2.6297821488388022	1.2604954680210796	1.2761475061808065
2.0742979477076853	2.6305302309865626	1.2605033699643229	1.2761475061808065
2.0748914284625637	2.631278317824611	1.2605112741279025	1.2761475061808065
2.075484909217442	2.6320264093542645	1.2605191805118605	1.2761475061808065
2.07607838997232	2.632774505576838	1.2605270891162377	1.2761475061808065
2.0766718707271985	2.6335226064936483	1.260534999941076	1.2761475061808065
2.0772653514820765	2.6342707121060105	1.2605429129864167	1.2761475061808065
2.077858832236955	2.6350188224152413	1.2605508282523012	1.2761475061808065
2.078452312991833	2.635766937422656	1.2605587457387712	1.2761475061808065
2.079045793746711	2.636515057129571	1.260566665445868	1.2761475061808065
2.0796392745015893	2.637263181537302	1.2605745873736331	1.2761475061808065
2.0802327552564672	2.6380113106471654	1.260582511522108	1.2761475061808065
2.0808262360113456	2.6387594444604763	1.2605904378913344	1.2761475061808065
2.0814197167662236	2.639507582978551	1.2605983664813534	1.2761475061808065
2.082013197521102	2.6402557262027058	1.2606062972922065	1.2761475061808065
2.0826066782759804	2.641003874134256	1.2606142303239354	1.2761475061808065
2.0832001590308584	2.6417520267745176	1.2606221655765815	1.2761475061808065
2.083793639785737	2.642500184124807	1.260630103050186	1.2761475061808065
2.084387120540615	2.6432483461864402	1.2606380427447907	1.2761475061808065
2.0849806012954932	2.643996512960732	1.2606459846604372	1.2761475061808065
2.085574082050371	2.6447446844489995	1.2606539287971665	1.2761475061808065
2.086167562805249	2.6454928606525585	1.2606618751550205	1.2761475061808065
2.0867610435601276	2.6462410415727247	1.2606698237340404	1.2761475061808065
2.0873545243150056	2.6469892272108138	1.2606777745342679	1.2761475061808065
2.087948005069884	2.647737417568142	1.2606857275557442	1.2761475061808065
2.0885414858247624	2.6484856126460254	1.260693682798511	1.2761475061808065
2.0891349665796404	2.649233812476168	1.2607016402751257	1.2761475061808065
2.089728447334519	2.649982017200453	1.2607096000435174	1.2761475061808065
2.0903219280893968	2.650730226646961	1.2607175620323712	1.2761475061808065
2.090915408844275	2.651478440817022	1.2607255262417345	1.2761475061808065
2.091508889599153	2.6522266597119666	1.2607334926716556	1.2761475061808065
2.092102370354031	2.652974883333125	1.2607414613221821	1.2761475061808065
2.0926958511089095	2.6537231116818285	1.2607494321933619	1.2761475061808065
2.0932893318637875	2.6544713447594073	1.2607574052852424	1.2761475061808065
2.093882812618666	2.6552195825671925	1.260765380597872	1.2761475061808065
2.094476293373544	2.6559678251065137	1.260773358131298	1.2761475061808065
2.0950697741284223	2.656716072378703	1.2607813378855688	1.2761475061808065
2.0956632548833007	2.6574643243850895	1.2607893198607316	1.2761475061808065
2.0962567356381787	2.6582125811270045	1.2607973040568343	1.2761475061808065
2.096850216393057	2.658960842605779	1.260805290473925	1.2761475061808065
2.097443697147935	2.6597091088227427	1.2608132791120517	1.2761475061808065
2.0980371779028135	2.660457379779227	1.2608212699712615	1.2761475061808065
2.0986306586576915	2.6612056554765613	1.2608292630516027	1.2761475061808065
2.0992241394125695	2.661953935916078	1.260837258353123	1.2761475061808065
2.099817620167448	2.6627022210991065	1.2608452558758703	1.2761475061808065
2.100411100922326	2.663450511026978	1.2608532556198921	1.2761475061808065
2.1010045816772043	2.6641988057010226	1.2608612575852367	1.2761475061808065
2.1015980624320827	2.6649471051225713	1.2608692617719517	1.2761475061808065
2.1021915431869607	2.6656954092929546	1.2608772681800846	1.2761475061808065
2.102785023941839	2.6664437182135026	1.2608852768096834	1.2761475061808065
2.103378504696717	2.6671920318855467	1.2608932876607963	1.2761475061808065
2.1039719854515955	2.6679403503104173	1.2609013007334706	1.2761475061808065
2.1045654662064734	2.6686886734894446	1.2609093160277542	1.2761475061808065
2.1051589469613514	2.669437001423959	1.2609173335436952	1.2761475061808065
2.10575242771623	2.6701853341152924	1.2609253532813411	1.2761475061808065
2.106345908471108	2.6709336715647742	1.2609333752407397	1.2761475061808065
2.1069393892259862	2.6716820137737356	1.2609413994219392	1.2761475061808065
2.107532869980864	2.672430360743507	1.260949425824987	1.2761475061808065
2.1081263507357426	2.6731787124754187	1.260957454449931	1.2761475061808065
2.108719831490621	2.673927068970802	1.260965485296819	1.2761475061808065
2.109313312245499	2.674675430230987	1.260973518365699	1.2761475061808065
2.1099067930003774	2.6754237962573044	1.2609815536566185	1.2761475061808065
2.1105002737552554	2.6761721670510847	1.2609895911696256	1.2761475061808065
2.111093754510134	2.676920542613659	1.2609976309047681	1.2761475061808065
2.111687235265012	2.677668922946357	1.2610056728620935	1.2761475061808065
2.1122807160198898	2.67841730805051	1.26101371704165	1.2761475061808065
2.112874196774768	2.6791656979274485	1.261021763443485	1.2761475061808065
2.113467677529646	2.6799140925785037	1.2610298120676466	1.2761475061808065
2.1140611582845246	2.680662492005005	1.2610378629141827	1.2761475061808065
2.114654639039403	2.6814108962082837	1.2610459159831409	1.2761475061808065
2.115248119794281	2.6821593051896704	1.261053971274569	1.2761475061808065
2.1158416005491594	2.6829077189504957	1.2610620287885148	1.2761475061808065
2.1164350813040373	2.6836561374920898	1.2610700885250261	1.2761475061808065
2.1170285620589158	2.684404560815784	1.261078150484151	1.2761475061808065
2.1176220428137937	2.6851529889229084	1.261086214665937	1.2761475061808065
2.1182155235686717	2.685901421814793	1.261094281070432	1.2761475061808065
2.11880900432355	2.6866498594927704	1.2611023496976839	1.2761475061808065
2.119402485078428	2.687398301958169	1.2611104205477404	1.2761475061808065
2.1199959658333065	2.6881467492123208	1.2611184936206492	1.2761475061808065
2.1205894465881845	2.688895201256556	1.2611265689164584	1.2761475061808065
2.121182927343063	2.6896436580922054	1.2611346464352156	1.2761475061808065
2.1217764080979413	2.690392119720599	1.2611427261769685	1.2761475061808065
2.1223698888528193	2.691140586143068	1.2611508081417653	1.2761475061808065
2.1229633696076977	2.691889057360943	1.2611588923296533	1.2761475061808065
2.1235568503625757	2.692637533375554	1.2611669787406807	1.2761475061808065
2.124150331117454	2.693386014188232	1.2611750673748954	1.2761475061808065
2.124743811872332	2.6941344998003074	1.2611831582323447	1.2761475061808065
2.12533729262721	2.6948829902131117	1.261191251313077	1.2761475061808065
2.1259307733820885	2.6956314854279744	1.2611993466171396	1.2761475061808065
2.1265242541369664	2.6963799854462267	1.2612074441445806	1.2761475061808065
2.127117734891845	2.697128490269199	1.2612155438954478	1.2761475061808065
2.127711215646723	2.6978769998982224	1.261223645869789	1.2761475061808065
2.1283046964016012	2.6986255143346267	1.2612317500676518	1.2761475061808065
2.1288981771564797	2.6993740335797427	1.2612398564890843	1.2761475061808065
2.1294916579113576	2.7001225576349013	1.2612479651341342	1.2761475061808065
2.130085138666236	2.7008710865014334	1.261256076002849	1.2761475061808065
2.130678619421114	2.7016196201806686	1.2612641890952772	1.2761475061808065
2.131272100175992	2.7023681586739383	1.261272304411466	1.2761475061808065
2.1318655809308704	2.7031167019825735	1.2612804219514635	1.2761475061808065
2.1324590616857484	2.7038652501079032	1.2612885417153172	1.2761475061808065
2.133052542440627	2.70461380305126	1.2612966637030754	1.2761475061808065
2.133646023195505	2.705362360813973	1.2613047879147856	1.2761475061808065
2.134239503950383	2.7061109233973735	1.2613129143504955	1.2761475061808065
2.1348329847052616	2.706859490802792	1.2613210430102533	1.2761475061808065
2.1354264654601396	2.707608063031559	1.2613291738941064	1.2761475061808065
2.136019946215018	2.708356640085005	1.2613373070021028	1.2761475061808065
2.136613426969896	2.709105221964461	1.2613454423342902	1.2761475061808065
2.1372069077247744	2.7098538086712574	1.2613535798907167	1.2761475061808065
2.1378003884796524	2.7106024002067244	1.2613617196714297	1.2761475061808065
2.138393869234531	2.711350996572194	1.2613698616764775	1.2761475061808065
2.1389873499894088	2.7120995977689946	1.2613780059059074	1.2761475061808065
2.1395808307442867	2.7128482037984587	1.2613861523597674	1.2761475061808065
2.140174311499165	2.713596814661916	1.2613943010381055	1.2761475061808065
2.140767792254043	2.7143454303606975	1.2614024519409692	1.2761475061808065
2.1413612730089215	2.7150940508961336	1.2614106050684066	1.2761475061808065
2.1419547537638	2.7158426762695553	1.2614187604204654	1.2761475061808065
2.142548234518678	2.7165913064822926	1.2614269179971933	1.2761475061808065
2.1431417152735563	2.717339941535676	1.2614350777986383	1.2761475061808065
2.1437351960284343	2.718088581431037	1.261443239824848	1.2761475061808065
2.1443286767833123	2.718837226169705	1.2614514040758702	1.2761475061808065
2.1449221575381907	2.7195858757530122	1.261459570551753	1.2761475061808065
2.1455156382930687	2.7203345301822877	1.261467739252544	1.2761475061808065
2.146109119047947	2.7210831894588625	1.261475910178291	1.2761475061808065
2.146702599802825	2.721831853584068	1.261484083329042	1.2761475061808065
2.1472960805577035	2.722580522559234	1.2614922587048445	1.2761475061808065
2.147889561312582	2.7233291963856914	1.2615004363057465	1.2761475061808065
2.14848304206746	2.7240778750647707	1.2615086161317957	1.2761475061808065
2.1490765228223383	2.7248265585978024	1.26151679818304	1.2761475061808065
2.1496700035772163	2.7255752469861174	1.2615249824595274	1.2761475061808065
2.1502634843320947	2.726323940231046	1.2615331689613052	1.2761475061808065
2.1508569650869727	2.7270726383339188	1.2615413576884218	1.2761475061808065
2.151450445841851	2.7278213412960675	1.2615495486409245	1.2761475061808065
2.152043926596729	2.7285700491188205	1.2615577418188615	1.2761475061808065
2.152637407351607	2.7293187618035106	1.2615659372222803	1.2761475061808065
2.1532308881064854	2.730067479351467	1.2615741348512288	1.2761475061808065
2.1538243688613634	2.7308162017640214	1.261582334705755	1.2761475061808065
2.154417849616242	2.7315649290425035	1.2615905367859066	1.2761475061808065
2.1550113303711202	2.732313661188244	1.2615987410917313	1.2761475061808065
2.155604811125998	2.733062398202574	1.261606947623277	1.2761475061808065
2.1561982918808766	2.7338111400868237	1.2616151563805915	1.2761475061808065
2.1567917726357546	2.734559886842324	1.2616233673637227	1.2761475061808065
2.157385253390633	2.7353086384704053	1.2616315805727183	1.2761475061808065
2.157978734145511	2.736057394972398	1.261639796007626	1.2761475061808065
2.158572214900389	2.736806156349633	1.2616480136684938	1.2761475061808065
2.1591656956552674	2.737554922603441	1.2616562335553694	1.2761475061808065
2.1597591764101454	2.7383036937351526	1.2616644556683005	1.2761475061808065
2.160352657165024	2.739052469746098	1.2616726800073355	1.2761475061808065
2.160946137919902	2.7398012506376084	1.2616809065725214	1.2761475061808065
2.16153961867478	2.740550036411014	1.2616891353639066	1.2761475061808065
2.1621330994296586	2.7412988270676455	1.2616973663815385	1.2761475061808065
2.1627265801845366	2.7420476226088337	1.2617055996254651	1.2761475061808065
2.163320060939415	2.7427964230359088	1.2617138350957344	1.2761475061808065
2.163913541694293	2.743545228350202	1.261722072792394	1.2761475061808065
2.1645070224491714	2.7442940385530434	1.2617303127154915	1.2761475061808065
2.1651005032040493	2.745042853645763	1.261738554865075	1.2761475061808065
2.1656939839589273	2.745791673629693	1.2617467992411924	1.2761475061808065
2.1662874647138057	2.746540498506163	1.2617550458438913	1.2761475061808065
2.1668809454686837	2.7472893282765036	1.2617632946732196	1.2761475061808065
2.167474426223562	2.748038162942046	1.261771545729225	1.2761475061808065
2.1680679069784405	2.74878700250412	1.2617797990119552	1.2761475061808065
2.1686613877333185	2.7495358469640565	1.2617880545214586	1.2761475061808065
2.169254868488197	2.750284696323187	1.2617963122577822	1.2761475061808065
2.169848349243075	2.7510335505828403	1.2618045722209745	1.2761475061808065
2.1704418299979533	2.7517824097443486	1.261812834411083	1.2761475061808065
2.1710353107528313	2.752531273809042	1.2618210988281553	1.2761475061808065
2.1716287915077093	2.7532801427782503	1.2618293654722397	1.2761475061808065
2.1722222722625877	2.7540290166533055	1.2618376343433837	1.2761475061808065
2.1728157530174657	2.754777895435537	1.261845905441635	1.2761475061808065
2.173409233772344	2.7555267791262765	1.2618541787670416	1.2761475061808065
2.1740027145272225	2.7562756677268543	1.2618624543196515	1.2761475061808065
2.1745961952821005	2.7570245612386004	1.261870732099512	1.2761475061808065
2.175189676036979	2.757773459662846	1.2618790121066714	1.2761475061808065
2.175783156791857	2.758522363000921	1.2618872943411772	1.2761475061808065
2.1763766375467353	2.759271271254157	1.2618955788030772	1.2761475061808065
2.1769701183016132	2.760020184423884	1.2619038654924195	1.2761475061808065
2.1775635990564917	2.7607691025114325	1.2619121544092518	1.2761475061808065
2.1781570798113696	2.761518025518133	1.2619204455536217	1.2761475061808065
2.1787505605662476	2.7622669534453173	1.261928738925577	1.2761475061808065
2.179344041321126	2.7630158862943146	1.261937034525166	1.2761475061808065
2.179937522076004	2.763764824066456	1.261945332352436	1.2761475061808065
2.1805310028308824	2.7645137667630726	1.261953632407435	1.2761475061808065
2.181124483585761	2.765262714385494	1.2619619346902107	1.2761475061808065
2.181717964340639	2.766011666935052	1.261970239200811	1.2761475061808065
2.182311445095517	2.766760624413076	1.2619785459392838	1.2761475061808065
2.182904925850395	2.7675095868208976	1.2619868549056767	1.2761475061808065
2.1834984066052736	2.768258554159847	1.2619951661000377	1.2761475061808065
2.1840918873601516	2.7690075264312544	1.2620034795224147	1.2761475061808065
2.1846853681150296	2.7697565036364504	1.262011795172855	1.2761475061808065
2.185278848869908	2.770505485776767	1.262020113051407	1.2761475061808065
2.185872329624786	2.7712544728535335	1.2620284331581182	1.2761475061808065
2.1864658103796644	2.7720034648680807	1.2620367554930365	1.2761475061808065
2.1870592911345423	2.7727524618217396	1.2620450800562097	1.2761475061808065
2.1876527718894208	2.7735014637158404	1.2620534068476854	1.2761475061808065
2.188246252644299	2.7742504705517135	1.262061735867512	1.2761475061808065
2.188839733399177	2.7749994823306903	1.2620700671157365	1.2761475061808065
2.1894332141540556	2.775748499054101	1.2620784005924073	1.2761475061808065
2.1900266949089335	2.776497520723276	1.2620867362975718	1.2761475061808065
2.190620175663812	2.777246547339546	1.2620950742312782	1.2761475061808065
2.19121365641869	2.7779955789042416	1.2621034143935743	1.2761475061808065
2.191807137173568	2.778744615418694	1.2621117567845075	1.2761475061808065
2.1924006179284463	2.7794936568842328	1.2621201014041261	1.2761475061808065
2.1929940986833243	2.7802427033021893	1.2621284482524775	1.2761475061808065
2.1935875794382027	2.7809917546738943	1.2621367973296098	1.2761475061808065
2.194181060193081	2.7817408110006774	1.2621451486355706	1.2761475061808065
2.194774540947959	2.78248987228387	1.2621535021704078	1.2761475061808065
2.1953680217028375	2.783238938524803	1.2621618579341691	1.2761475061808065
2.1959615024577155	2.783988009724806	1.2621702159269026	1.2761475061808065
2.196554983212594	2.7847370858852107	1.262178576148656	1.2761475061808065
2.197148463967472	2.7854861670073467	1.2621869385994768	1.2761475061808065
2.19774194472235	2.786235253092545	1.2621953032794133	1.2761475061808065
2.1983354254772283	2.7869843441421365	1.2622036701885129	1.2761475061808065
2.1989289062321062	2.7877334401574516	1.2622120393268235	1.2761475061808065
2.1995223869869847	2.788482541139821	1.262220410694393	1.2761475061808065
2.2001158677418626	2.789231647090575	1.2622287842912694	1.2761475061808065
2.200709348496741	2.789980758011045	1.2622371601175002	1.2761475061808065
2.2013028292516195	2.7907298739025603	1.2622455381731332	1.2761475061808065
2.2018963100064974	2.7914789947664524	1.2622539184582164	1.2761475061808065
2.202489790761376	2.792228120604052	1.2622623009727973	1.2761475061808065
2.203083271516254	2.7929772514166893	1.2622706857169241	1.2761475061808065
2.2036767522711322	2.793726387205695	1.2622790726906445	1.2761475061808065
2.20427023302601	2.7944755279723994	1.2622874618940063	1.2761475061808065
2.204863713780888	2.795224673718134	1.2622958533270572	1.2761475061808065
2.2054571945357666	2.795973824444229	1.262304246989845	1.2761475061808065
2.2060506752906446	2.7967229801520146	1.2623126428824176	1.2761475061808065
2.206644156045523	2.797472140842822	1.2623210410048227	1.2761475061808065
2.2072376368004014	2.798221306517981	1.2623294413571082	1.2761475061808065
2.2078311175552794	2.798970477178823	1.262337843939322	1.2761475061808065
2.208424598310158	2.799719652826678	1.2623462487515118	1.2761475061808065
2.2090180790650358	2.8004688334628773	1.2623546557937255	1.2761475061808065
2.209611559819914	2.801218019088751	1.2623630650660107	1.2761475061808065
2.210205040574792	2.80196720970563	1.2623714765684155	1.2761475061808065
2.21079852132967	2.802716405314844	1.2623798903009875	1.2761475061808065
2.2113920020845486	2.803465605917725	1.2623883062637744	1.2761475061808065
2.2119854828394265	2.804214811515603	1.2623967244568244	1.2761475061808065
2.212578963594305	2.8049640221098087	1.262405144880185	1.2761475061808065
2.213172444349183	2.8057132377016725	1.2624135675339039	1.2761475061808065
2.2137659251040613	2.8064624582925246	1.2624219924180293	1.2761475061808065
2.2143594058589398	2.807211683883697	1.2624304195326086	1.2761475061808065
2.2149528866138177	2.8079609144765185	1.26243884887769	1.2761475061808065
2.215546367368696	2.808710150072321	1.262447280453321	1.2761475061808065
2.216139848123574	2.8094593906724348	1.2624557142595498	1.2761475061808065
2.2167333288784525	2.8102086362781904	1.2624641502964238	1.2761475061808065
2.2173268096333305	2.8109578868909177	1.262472588563991	1.2761475061808065
2.2179202903882085	2.8117071425119486	1.262481029062299	1.2761475061808065
2.218513771143087	2.8124564031426136	1.262489471791396	1.2761475061808065
2.219107251897965	2.813205668784242	1.2624979167513293	1.2761475061808065
2.2197007326528433	2.813954939438166	1.262506363942147	1.2761475061808065
2.2202942134077217	2.8147042151057153	1.262514813363897	1.2761475061808065
2.2208876941625997	2.815453495788221	1.2625232650166271	1.2761475061808065
2.221481174917478	2.8162027814870125	1.262531718900385	1.2761475061808065
2.222074655672356	2.816952072203422	1.2625401750152185	1.2761475061808065
2.2226681364272345	2.817701367938779	1.2625486333611755	1.2761475061808065
2.2232616171821125	2.818450668694415	1.2625570939383035	1.2761475061808065
2.2238550979369904	2.819199974471659	1.2625655567466507	1.2761475061808065
2.224448578691869	2.8199492852718437	1.2625740217862649	1.2761475061808065
2.225042059446747	2.8206986010962987	1.2625824890571937	1.2761475061808065
2.2256355402016252	2.8214479219463544	1.262590958559485	1.2761475061808065
2.226229020956503	2.822197247823342	1.2625994302931864	1.2761475061808065
2.2268225017113816	2.8229465787285912	1.262607904258346	1.2761475061808065
2.22741598246626	2.8236959146634337	1.2626163804550117	1.2761475061808065
2.228009463221138	2.8244452556291995	1.262624858883231	1.2761475061808065
2.2286029439760164	2.825194601627219	1.2626333395430518	1.2761475061808065
2.2291964247308944	2.8259439526588235	1.2626418224345217	1.2761475061808065
2.229789905485773	2.8266933087253427	1.2626503075576891	1.2761475061808065
2.230383386240651	2.8274426698281077	1.2626587949126014	1.2761475061808065
2.2309768669955288	2.828192035968449	1.2626672844993063	1.2761475061808065
2.231570347750407	2.8289414071476977	1.262675776317852	1.2761475061808065
2.232163828505285	2.829690783367184	1.262684270368286	1.2761475061808065
2.2327573092601636	2.8304401646282384	1.262692766650656	1.2761475061808065
2.233350790015042	2.831189550932192	1.2627012651650102	1.2761475061808065
2.23394427076992	2.8319389422803747	1.2627097659113962	1.2761475061808065
2.2345377515247984	2.8326883386741177	1.262718268889862	1.2761475061808065
2.2351312322796764	2.833437740114751	1.2627267741004549	1.2761475061808065
2.235724713034555	2.8341871466036057	1.2627352815432231	1.2761475061808065
2.2363181937894328	2.8349365581420125	1.2627437912182145	1.2761475061808065
2.2369116745443107	2.8356859747313012	1.2627523031254766	1.2761475061808065
2.237505155299189	2.8364353963728037	1.2627608172650575	1.2761475061808065
2.238098636054067	2.8371848230678496	1.262769333637005	1.2761475061808065
2.2386921168089455	2.8379342548177697	1.2627778522413664	1.2761475061808065
2.2392855975638235	2.8386836916238947	1.2627863730781903	1.2761475061808065
2.239879078318702	2.8394331334875558	1.262794896147524	1.2761475061808065
2.2404725590735803	2.8401825804100826	1.2628034214494153	1.2761475061808065
2.2410660398284583	2.8409320323928062	1.262811948983912	1.2761475061808065
2.2416595205833367	2.841681489437057	1.2628204787510622	1.2761475061808065
2.2422530013382147	2.842430951544166	1.2628290107509137	1.2761475061808065
2.242846482093093	2.8431804187154635	1.2628375449835139	1.2761475061808065
2.243439962847971	2.8439298909522797	1.2628460814489109	1.2761475061808065
2.244033443602849	2.844679368255946	1.2628546201471527	1.2761475061808065
2.2446269243577275	2.8454288506277927	1.2628631610782866	1.2761475061808065
2.2452204051126055	2.8461783380691505	1.2628717042423607	1.2761475061808065
2.245813885867484	2.84692783058135	1.262880249639423	1.2761475061808065
2.246407366622362	2.8476773281657213	1.262888797269521	1.2761475061808065
2.2470008473772403	2.848426830823596	1.2628973471327025	1.2761475061808065
2.2475943281321187	2.849176338556304	1.2629058992290156	1.2761475061808065
2.2481878088869967	2.8499258513651755	1.262914453558508	1.2761475061808065
2.248781289641875	2.850675369251542	1.2629230101212272	1.2761475061808065
2.249374770396753	2.851424892216734	1.2629315689172216	1.2761475061808065
2.249968251151631	2.852174420262081	1.2629401299465384	1.2761475061808065
2.2505617319065094	2.852923953388915	1.2629486932092255	1.2761475061808065
2.2511552126613874	2.8536734915985664	1.2629572587053313	1.2761475061808065
2.251748693416266	2.854423034892365	1.2629658264349028	1.2761475061808065
2.252342174171144	2.855172583271642	1.2629743963979885	1.2761475061808065
2.252935654926022	2.8559221367377283	1.2629829685946359	1.2761475061808065
2.2535291356809006	2.8566716952919537	1.2629915430248926	1.2761475061808065
2.2541226164357786	2.8574212589356494	1.2630001196888068	1.2761475061808065
2.254716097190657	2.8581708276701456	1.2630086985864262	1.2761475061808065
2.255309577945535	2.8589204014967735	1.2630172797177983	1.2761475061808065
2.2559030587004134	2.859669980416863	1.2630258630829714	1.2761475061808065
2.2564965394552914	2.8604195644317447	1.2630344486819929	1.2761475061808065
2.2570900202101694	2.86116915354275	1.2630430365149108	1.2761475061808065
2.2576835009650478	2.861918747751209	1.263051626581773	1.2761475061808065
2.2582769817199257	2.8626683470584524	1.2630602188826272	1.2761475061808065
2.258870462474804	2.863417951465811	1.263068813417521	1.2761475061808065
2.259463943229682	2.864167560974615	1.2630774101865025	1.2761475061808065
2.2600574239845606	2.864917175586195	1.2630860091896194	1.2761475061808065
2.260650904739439	2.865666795301882	1.2630946104269196	1.2761475061808065
2.261244385494317	2.8664164201230062	1.263103213898451	1.2761475061808065
2.2618378662491954	2.8671660500508986	1.263111819604261	1.2761475061808065
2.2624313470040733	2.86791568508689	1.2631204275443977	1.2761475061808065
2.2630248277589513	2.8686653252323095	1.263129037718909	1.2761475061808065
2.2636183085138297	2.86941497048849	1.2631376501278424	1.2761475061808065
2.2642117892687077	2.87016462085676	1.263146264771246	1.2761475061808065
2.264805270023586	2.8709142763384516	1.2631548816491676	1.2761475061808065
2.265398750778464	2.871663936934895	1.2631635007616546	1.2761475061808065
2.2659922315333425	2.8724136026474203	1.2631721221087553	1.2761475061808065
2.266585712288221	2.873163273477359	1.2631807456905173	1.2761475061808065
2.267179193043099	2.8739129494260407	1.2631893715069884	1.2761475061808065
2.2677726737979773	2.874662630494796	1.2631979995582165	1.2761475061808065
2.2683661545528553	2.875412316684957	1.2632066298442495	1.2761475061808065
2.2689596353077337	2.876162007997853	1.2632152623651347	1.2761475061808065
2.2695531160626117	2.8769117044348143	1.2632238971209206	1.2761475061808065
2.27014659681749	2.877661405997173	1.2632325341116546	1.2761475061808065
2.270740077572368	2.878411112686258	1.2632411733373845	1.2761475061808065
2.271333558327246	2.8791608245034013	1.2632498147981581	1.2761475061808065
2.2719270390821245	2.8799105414499326	1.2632584584940234	1.2761475061808065
2.2725205198370024	2.8806602635271834	1.2632671044250283	1.2761475061808065
2.273114000591881	2.881409990736483	1.2632757525912202	1.2761475061808065
2.2737074813467593	2.8821597230791633	1.2632844029926473	1.2761475061808065
2.2743009621016372	2.8829094605565544	1.2632930556293571	1.2761475061808065
2.2748944428565157	2.883659203169987	1.2633017105013977	1.2761475061808065
2.2754879236113936	2.884408950920791	1.2633103676088167	1.2761475061808065
2.2760814043662716	2.8851587038102977	1.2633190269516619	1.2761475061808065
2.27667488512115	2.8859084618398385	1.2633276885299811	1.2761475061808065
2.277268365876028	2.8866582250107418	1.2633363523438224	1.2761475061808065
2.2778618466309064	2.88740799332434	1.2633450183932333	1.2761475061808065
2.2784553273857844	2.888157766781964	1.2633536866782618	1.2761475061808065
2.279048808140663	2.8889075453849427	1.2633623571989554	1.2761475061808065
2.279642288895541	2.889657329134608	1.2633710299553624	1.2761475061808065
2.280235769650419	2.8904071180322903	1.2633797049475302	1.2761475061808065
2.2808292504052976	2.8911569120793197	1.2633883821755068	1.2761475061808065
2.2814227311601756	2.8919067112770276	1.26339706163934	1.2761475061808065
2.282016211915054	2.8926565156267436	1.2634057433390773	1.2761475061808065
2.282609692669932	2.8934063251297992	1.263414427274767	1.2761475061808065
2.2832031734248104	2.894156139787525	1.2634231134464566	1.2761475061808065
2.2837966541796884	2.8949059596012505	1.2634318018541941	1.2761475061808065
2.2843901349345663	2.8956557845723077	1.2634404924980271	1.2761475061808065
2.2849836156894447	2.8964056147020263	1.2634491853780037	1.2761475061808065
2.2855770964443227	2.897155449991738	1.2634578804941712	1.2761475061808065
2.286170577199201	2.897905290442772	1.263466577846578	1.2761475061808065
2.2867640579540796	2.898655136056459	1.2634752774352715	1.2761475061808065
2.2873575387089575	2.899404986834131	1.2634839792602996	1.2761475061808065
2.287951019463836	2.9001548427771175	1.2634926833217104	1.2761475061808065
2.288544500218714	2.9009047038867495	1.2635013896195513	1.2761475061808065
2.289137980973592	2.901654570164357	1.2635100981538703	1.2761475061808065
2.2897314617284703	2.9024044416112718	1.2635188089247151	1.2761475061808065
2.2903249424833483	2.9031543182288226	1.2635275219321336	1.2761475061808065
2.2909184232382267	2.903904200018342	1.2635362371761738	1.2761475061808065
2.2915119039931047	2.90465408698116	1.263544954656883	1.2761475061808065
2.292105384747983	2.905403979118607	1.2635536743743097	1.2761475061808065
2.2926988655028615	2.906153876432013	1.2635623963285012	1.2761475061808065
2.2932923462577395	2.9069037789227097	1.2635711205195053	1.2761475061808065
2.293885827012618	2.907653686592027	1.26357984694737	1.2761475061808065
2.294479307767496	2.908403599441296	1.2635885756121432	1.2761475061808065
2.2950727885223743	2.9091535174718466	1.2635973065138724	1.2761475061808065
2.2956662692772523	2.90990344068501	1.2636060396526057	1.2761475061808065
2.2962597500321307	2.9106533690821172	1.2636147750283906	1.2761475061808065
2.2968532307870086	2.9114033026644974	1.2636235126412754	1.2761475061808065
2.2974467115418866	2.9121532414334825	1.2636322524913073	1.2761475061808065
2.298040192296765	2.9129031853904026	1.2636409945785345	1.2761475061808065
2.298633673051643	2.9136531345365886	1.2636497389030048	1.2761475061808065
2.2992271538065214	2.914403088873371	1.263658485464766	1.2761475061808065
2.2998206345614	2.9151530484020802	1.2636672342638657	1.2761475061808065
2.300414115316278	2.915903013124047	1.2636759853003519	1.2761475061808065
2.3010075960711562	2.9166529830406014	1.2636847385742724	1.2761475061808065
2.301601076826034	2.9174029581530747	1.263693494085675	1.2761475061808065
2.302194557580912	2.9181529384627973	1.2637022518346075	1.2761475061808065
2.3027880383357906	2.9189029239711006	1.2637110118211174	1.2761475061808065
2.3033815190906686	2.9196529146793133	1.263719774045253	1.2761475061808065
2.303974999845547	2.920402910588768	1.263728538507062	1.2761475061808065
2.304568480600425	2.921152911700794	1.263737305206592	1.2761475061808065
2.3051619613553034	2.921902918016723	1.263746074143891	1.2761475061808065
2.3057554421101814	2.9226529295378842	1.2637548453190068	1.2761475061808065
2.3063489228650598	2.9234029462656097	1.263763618731987	1.2761475061808065
2.306942403619938	2.924152968201229	1.2637723943828796	1.2761475061808065
2.307535884374816	2.924902995346073	1.2637811722717325	1.2761475061808065
2.3081293651296946	2.9256530277014727	1.2637899523985932	1.2761475061808065
2.3087228458845725	2.926403065268758	1.2637987347635096	1.2761475061808065
2.309316326639451	2.9271531080492608	1.2638075193665297	1.2761475061808065
2.309909807394329	2.9279031560443096	1.2638163062077012	1.2761475061808065
2.310503288149207	2.928653209255237	1.263825095287072	1.2761475061808065
2.3110967689040853	2.929403267683373	1.2638338866046896	1.2761475061808065
2.3116902496589633	2.9301533313300476	1.2638426801606024	1.2761475061808065
2.3122837304138417	2.930903400196592	1.2638514759548576	1.2761475061808065
2.31287721116872	2.931653474284337	1.2638602739875031	1.2761475061808065
2.313470691923598	2.9324035535946127	1.2638690742585872	1.2761475061808065
2.3140641726784765	2.9331536381287497	1.263877876768157	1.2761475061808065
2.3146576534333545	2.933903727888079	1.263886681516261	1.2761475061808065
2.3152511341882325	2.9346538228739307	1.2638954885029465	1.2761475061808065
2.315844614943111	2.935403923087636	1.2639042977282615	1.2761475061808065
2.316438095697989	2.936154028530525	1.263913109192254	1.2761475061808065
2.3170315764528673	2.9369041392039286	1.2639219228949714	1.2761475061808065
2.3176250572077453	2.9376542551091775	1.2639307388364618	1.2761475061808065
2.3182185379626237	2.938404376247602	1.2639395570167729	1.2761475061808065
2.3188120187175016	2.939154502620533	1.2639483774359526	1.2761475061808065
2.31940549947238	2.939904634229301	1.2639572000940487	1.2761475061808065
2.3199989802272585	2.9406547710752364	1.2639660249911087	1.2761475061808065
2.3205924609821365	2.94140491315967	1.263974852127181	1.2761475061808065
2.321185941737015	2.9421550604839326	1.2639836815023129	1.2761475061808065
2.321779422491893	2.942905213049354	1.2639925131165524	1.2761475061808065
2.3223729032467713	2.9436553708572664	1.2640013469699471	1.2761475061808065
2.3229663840016492	2.9444055339089985	1.2640101830625452	1.2761475061808065
2.323559864756527	2.945155702205882	1.2640190213943945	1.2761475061808065
2.3241533455114056	2.9459058757492476	1.2640278619655423	1.2761475061808065
2.3247468262662836	2.9466560545404255	1.2640367047760368	1.2761475061808065
2.325340307021162	2.9474062385807462	1.264045549825926	1.2761475061808065
2.3259337877760404	2.948156427871541	1.2640543971152571	1.2761475061808065
2.3265272685309184	2.94890662241414	1.2640632466440784	1.2761475061808065
2.327120749285797	2.9496568222098736	1.2640720984124378	1.2761475061808065
2.327714230040675	2.9504070272600726	1.2640809524203827	1.2761475061808065
2.3283077107955528	2.9511572375660675	1.264089808667961	1.2761475061808065
2.328901191550431	2.9519074531291896	1.2640986671552206	1.2761475061808065
2.329494672305309	2.9526576739507684	1.2641075278822094	1.2761475061808065
2.3300881530601876	2.9534079000321354	1.2641163908489752	1.2761475061808065
2.3306816338150655	2.954158131374621	1.2641252560555656	1.2761475061808065
2.331275114569944	2.954908367979556	1.2641341235020285	1.2761475061808065
2.331868595324822	2.9556586098482702	1.2641429931884118	1.2761475061808065
2.3324620760797004	2.956408856982095	1.2641518651147632	1.2761475061808065
2.3330555568345788	2.957159109382361	1.2641607392811307	1.2761475061808065
2.3336490375894567	2.957909367050398	1.264169615687562	1.2761475061808065
2.334242518344335	2.9586596299875376	1.2641784943341046	1.2761475061808065
2.334835999099213	2.9594098981951094	1.2641873752208068	1.2761475061808065
2.3354294798540916	2.960160171674445	1.2641962583477162	1.2761475061808065
2.3360229606089695	2.960910450426874	1.2642051437148805	1.2761475061808065
2.3366164413638475	2.9616607344537282	1.2642140313223478	1.2761475061808065
2.337209922118726	2.9624110237563377	1.2642229211701657	1.2761475061808065
2.337803402873604	2.9631613183360326	1.2642318132583819	1.2761475061808065
2.3383968836284823	2.9639116181941443	1.2642407075870443	1.2761475061808065
2.3389903643833607	2.964661923332003	1.2642496041562008	1.2761475061808065
2.3395838451382387	2.9654122337509388	1.2642585029658993	1.2761475061808065
2.340177325893117	2.9661625494522834	1.2642674040161874	1.2761475061808065
2.340770806647995	2.9669128704373664	1.264276307307113	1.2761475061808065
2.3413642874028735	2.967663196707519	1.2642852128387239	1.2761475061808065
2.3419577681577515	2.9684135282640716	1.2642941206110678	1.2761475061808065
2.3425512489126294	2.9691638651083547	1.264303030624193	1.2761475061808065
2.343144729667508	2.9699142072416995	1.2643119428781464	1.2761475061808065
2.343738210422386	2.9706645546654356	1.2643208573729765	1.2761475061808065
2.3443316911772643	2.9714149073808946	1.2643297741087312	1.2761475061808065
2.3449251719321422	2.972165265389407	1.2643386930854577	1.2761475061808065
2.3455186526870206	2.9729156286923026	1.2643476143032044	1.2761475061808065
2.346112133441899	2.9736659972909125	1.2643565377620187	1.2761475061808065
2.346705614196777	2.9744163711865674	1.2643654634619486	1.2761475061808065
2.3472990949516555	2.9751667503805983	1.2643743914030419	1.2761475061808065
2.3478925757065334	2.9759171348743347	1.2643833215853464	1.2761475061808065
2.348486056461412	2.976667524669108	1.26439225400891	1.2761475061808065
2.34907953721629	2.9774179197662485	1.2644011886737803	1.2761475061808065
2.3496730179711682	2.9781683201670877	1.2644101255800053	1.2761475061808065
2.350266498726046	2.9789187258729544	1.2644190647276328	1.2761475061808065
2.350859979480924	2.979669136885181	1.2644280061167104	1.2761475061808065
2.3514534602358026	2.9804195532050968	1.264436949747286	1.2761475061808065
2.352046940990681	2.9811699748340335	1.2644458956194076	1.2761475061808065
2.352640421745559	2.981920401773321	1.264454843733123	1.2761475061808065
2.3532339025004374	2.9826708340242902	1.2644637940884795	1.2761475061808065
2.3538273832553154	2.9834212715882718	1.2644727466855255	1.2761475061808065
2.354420864010194	2.984171714466596	1.2644817015243086	1.2761475061808065
2.3550143447650718	2.9849221626605935	1.2644906586048767	1.2761475061808065
2.3556078255199497	2.9856726161715947	1.2644996179272774	1.2761475061808065
2.356201306274828	2.986423075000931	1.2645085794915587	1.2761475061808065
2.356794787029706	2.9871735391499326	1.2645175432977682	1.2761475061808065
2.3573882677845845	2.9879240086199297	1.264526509345954	1.2761475061808065
2.3579817485394625	2.9886744834122534	1.2645354776361635	1.2761475061808065
2.358575229294341	2.9894249635282346	1.264544448168445	1.2761475061808065
2.3591687100492194	2.990175448969203	1.264553420942846	1.2761475061808065
2.3597621908040973	2.99092593973649	1.2645623959594143	1.2761475061808065
2.3603556715589757	2.9916764358314256	1.264571373218198	1.2761475061808065
2.3609491523138537	2.992426937255341	1.2645803527192445	1.2761475061808065
2.361542633068732	2.993177444009566	1.264589334462602	1.2761475061808065
2.36213611382361	2.993927956095432	1.264598318448318	1.2761475061808065
2.3627295945784885	2.99467847351427	1.2646073046764403	1.2761475061808065
2.3633230753333665	2.9954289962674086	1.264616293147017	1.2761475061808065
2.3639165560882445	2.9961795243561804	1.2646252838600958	1.2761475061808065
2.364510036843123	2.9969300577819156	1.2646342768157244	1.2761475061808065
2.365103517598001	2.9976805965459445	1.2646432720139507	1.2761475061808065
2.3656969983528793	2.9984311406495974	1.2646522694548223	1.2761475061808065
2.3662904791077577	2.9991816900942054	1.2646612691383874	1.2761475061808065
2.3668839598626357	2.999932244881099	1.2646702710646933	1.2761475061808065
2.367477440617514	3.0006828050116092	1.2646792752337883	1.2761475061808065
2.368070921372392	3.0014333704870655	1.2646882816457201	1.2761475061808065
2.36866440212727	3.0021839413087994	1.2646972903005362	1.2761475061808065
2.3692578828821484	3.002934517478142	1.2647063011982849	1.2761475061808065
2.3698513636370264	3.003685098996422	1.2647153143390135	1.2761475061808065
2.370444844391905	3.004435685864972	1.2647243297227702	1.2761475061808065
2.371038325146783	3.0051862780851217	1.2647333473496025	1.2761475061808065
2.3716318059016612	3.005936875658202	1.2647423672195586	1.2761475061808065
2.3722252866565396	3.006687478585543	1.2647513893326858	1.2761475061808065
2.3728187674114176	3.007438086868476	1.2647604136890325	1.2761475061808065
2.373412248166296	3.008188700508331	1.264769440288646	1.2761475061808065
2.374005728921174	3.008939319506439	1.2647784691315742	1.2761475061808065
2.3745992096760524	3.0096899438641307	1.2647875002178652	1.2761475061808065
2.3751926904309304	3.0104405735827355	1.2647965335475666	1.2761475061808065
2.375786171185809	3.011191208663586	1.264805569120726	1.2761475061808065
2.376379651940687	3.0119418491080117	1.2648146069373918	1.2761475061808065
2.3769731326955648	3.012692494917343	1.2648236469976113	1.2761475061808065
2.377566613450443	3.0134431460929108	1.2648326893014323	1.2761475061808065
2.378160094205321	3.014193802636046	1.264841733848903	1.2761475061808065
2.3787535749601996	3.014944464548079	1.2648507806400708	1.2761475061808065
2.379347055715078	3.01569513183034	1.264859829674984	1.2761475061808065
2.379940536469956	3.01644580448416	1.2648688809536899	1.2761475061808065
2.3805340172248344	3.0171964825108697	1.2648779344762364	1.2761475061808065
2.3811274979797123	3.0179471659117993	1.2648869902426716	1.2761475061808065
2.3817209787345903	3.0186978546882797	1.264896048253043	1.2761475061808065
2.3823144594894687	3.019448548841642	1.2649051085073986	1.2761475061808065
2.3829079402443467	3.0201992483732156	1.264914171005786	1.2761475061808065
2.383501420999225	3.0209499532843322	1.2649232357482532	1.2761475061808065
2.384094901754103	3.021700663576322	1.264932302734848	1.2761475061808065
2.3846883825089815	3.0224513792505157	1.2649413719656182	1.2761475061808065
2.38528186326386	3.0232021003082434	1.2649504434406116	1.2761475061808065
2.385875344018738	3.0239528267508367	1.264959517159876	1.2761475061808065
2.3864688247736163	3.024703558579625	1.264968593123459	1.2761475061808065
2.3870623055284943	3.02545429579594	1.264977671331409	1.2761475061808065
2.3876557862833727	3.0262050384011117	1.2649867517837732	1.2761475061808065
2.3882492670382507	3.0269557863964707	1.2649958344805994	1.2761475061808065
2.388842747793129	3.027706539783348	1.265004919421936	1.2761475061808065
2.389436228548007	3.0284572985630738	1.2650140066078301	1.2761475061808065
2.390029709302885	3.029208062736979	1.2650230960383302	1.2761475061808065
2.3906231900577635	3.0299588323063937	1.2650321877134836	1.2761475061808065
2.3912166708126414	3.0307096072726494	1.2650412816333383	1.2761475061808065
2.39181015156752	3.0314603876370763	1.265050377797942	1.2761475061808065
2.3924036323223983	3.0322111734010044	1.2650594762073426	1.2761475061808065
2.3929971130772762	3.0329619645657653	1.2650685768615881	1.2761475061808065
2.3935905938321547	3.033712761132689	1.265077679760726	1.2761475061808065
2.3941840745870326	3.034463563103106	1.2650867849048042	1.2761475061808065
2.3947775553419106	3.035214370478347	1.2650958922938704	1.2761475061808065
2.395371036096789	3.0359651832597434	1.2651050019279726	1.2761475061808065
2.395964516851667	3.036716001448624	1.2651141138071587	1.2761475061808065
2.3965579976065454	3.0374668250463217	1.2651232279314764	1.2761475061808065
2.3971514783614234	3.0382176540541654	1.2651323443009732	1.2761475061808065
2.397744959116302	3.0389684884734867	1.2651414629156974	1.2761475061808065
2.3983384398711802	3.0397193283056154	1.2651505837756964	1.2761475061808065
2.398931920626058	3.0404701735518826	1.2651597068810183	1.2761475061808065
2.3995254013809366	3.041221024213619	1.2651688322317107	1.2761475061808065
2.4001188821358146	3.041971880292155	1.2651779598278217	1.2761475061808065
2.400712362890693	3.042722741788821	1.2651870896693989	1.2761475061808065
2.401305843645571	3.0434736087049474	1.2651962217564898	1.2761475061808065
2.4018993244004494	3.044224481041866	1.265205356089143	1.2761475061808065
2.4024928051553274	3.0449753588009063	1.2652144926674056	1.2761475061808065
2.4030862859102053	3.0457262419833993	1.2652236314913257	1.2761475061808065
2.4036797666650838	3.0464771305906755	1.2652327725609511	1.2761475061808065
2.4042732474199617	3.047228024624066	1.2652419158763295	1.2761475061808065
2.40486672817484	3.0479789240849002	1.2652510614375088	1.2761475061808065
2.4054602089297186	3.04872982897451	1.2652602092445369	1.2761475061808065
2.4060536896845965	3.0494807392942254	1.2652693592974613	1.2761475061808065
2.406647170439475	3.050231655045377	1.2652785115963303	1.2761475061808065
2.407240651194353	3.0509825762292957	1.2652876661411911	1.2761475061808065
2.407834131949231	3.0517335028473114	1.2652968229320922	1.2761475061808065
2.4084276127041093	3.052484434900756	1.2653059819690808	1.2761475061808065
2.4090210934589873	3.0532353723909584	1.265315143252205	1.2761475061808065
2.4096145742138657	3.053986315319251	1.2653243067815125	1.2761475061808065
2.4102080549687437	3.054737263686963	1.2653334725570513	1.2761475061808065
2.410801535723622	3.0554882174954257	1.265342640578869	1.2761475061808065
2.4113950164785005	3.0562391767459696	1.2653518108470134	1.2761475061808065
2.4119884972333785	3.0569901414399254	1.2653609833615327	1.2761475061808065
2.412581977988257	3.0577411115786233	1.265370158122474	1.2761475061808065
2.413175458743135	3.0584920871633945	1.2653793351298859	1.2761475061808065
2.4137689394980133	3.059243068195569	1.2653885143838155	1.2761475061808065
2.4143624202528913	3.0599940546764777	1.2653976958843112	1.2761475061808065
2.4149559010077697	3.0607450466074515	1.2654068796314204	1.2761475061808065
2.4155493817626477	3.0614960439898202	1.2654160656251912	1.2761475061808065
2.4161428625175256	3.062247046824915	1.265425253865671	1.2761475061808065
2.416736343272404	3.062998055114067	1.265434444352908	1.2761475061808065
2.417329824027282	3.063749068858606	1.26544363708695	1.2761475061808065
2.4179233047821604	3.0645000880598623	1.2654528320678446	1.2761475061808065
2.418516785537039	3.0652511127191677	1.2654620292956398	1.2761475061808065
2.419110266291917	3.066002142837852	1.265471228770383	1.2761475061808065
2.4197037470467953	3.0667531784172457	1.2654804304921226	1.2761475061808065
2.4202972278016732	3.06750421945868	1.2654896344609061	1.2761475061808065
2.420890708556551	3.0682552659634847	1.2654988406767813	1.2761475061808065
2.4214841893114296	3.0690063179329914	1.265508049139796	1.2761475061808065
2.4220776700663076	3.0697573753685297	1.265517259849998	1.2761475061808065
2.422671150821186	3.070508438271431	1.2655264728074354	1.2761475061808065
2.423264631576064	3.0712595066430257	1.2655356880121555	1.2761475061808065
2.4238581123309424	3.0720105804846445	1.2655449054642065	1.2761475061808065
2.4244515930858204	3.0727616597976173	1.2655541251636362	1.2761475061808065
2.425045073840699	3.0735127445832755	1.2655633471104921	1.2761475061808065
2.425638554595577	3.0742638348429496	1.2655725713048225	1.2761475061808065
2.426232035350455	3.0750149305779697	1.2655817977466748	1.2761475061808065
2.4268255161053336	3.075766031789667	1.2655910264360968	1.2761475061808065
2.4274189968602116	3.0765171384793715	1.2656002573731364	1.2761475061808065
2.42801247761509	3.077268250648415	1.2656094905578417	1.2761475061808065
2.428605958369968	3.0780193682981265	1.26561872599026	1.2761475061808065
2.429199439124846	3.0787704914298377	1.2656279636704395	1.2761475061808065
2.4297929198797243	3.0795216200448787	1.265637203598428	1.2761475061808065
2.4303864006346023	3.0802727541445805	1.2656464457742729	1.2761475061808065
2.4309798813894807	3.0810238937302734	1.2656556901980225	1.2761475061808065
2.431573362144359	3.081775038803288	1.2656649368697244	1.2761475061808065
2.432166842899237	3.0825261893649554	1.2656741857894263	1.2761475061808065
2.4327603236541155	3.083277345416606	1.2656834369571763	1.2761475061808065
2.4333538044089935	3.0840285069595694	1.265692690373022	1.2761475061808065
2.4339472851638715	3.084779673995177	1.265701946037011	1.2761475061808065
2.43454076591875	3.085530846524761	1.2657112039491916	1.2761475061808065
2.435134246673628	3.0862820245496487	1.2657204641096111	1.2761475061808065
2.4357277274285063	3.0870332080711735	1.2657297265183178	1.2761475061808065
2.4363212081833843	3.0877843970906644	1.2657389911753594	1.2761475061808065
2.4369146889382627	3.0885355916094532	1.2657482580807833	1.2761475061808065
2.4375081696931407	3.0892867916288695	1.2657575272346377	1.2761475061808065
2.438101650448019	3.0900379971502443	1.2657667986369703	1.2761475061808065
2.4386951312028975	3.0907892081749084	1.265776072287829	1.2761475061808065
2.4392886119577755	3.091540424704192	1.2657853481872614	1.2761475061808065
2.439882092712654	3.092291646739426	1.2657946263353155	1.2761475061808065
2.440475573467532	3.0930428742819407	1.265803906732039	1.2761475061808065
2.4410690542224103	3.0937941073330677	1.2658131893774798	1.2761475061808065
2.4416625349772882	3.094545345894136	1.2658224742716857	1.2761475061808065
2.442256015732166	3.0952965899664773	1.2658317614147043	1.2761475061808065
2.4428494964870446	3.096047839551422	1.2658410508065838	1.2761475061808065
2.4434429772419226	3.096799094650301	1.2658503424473717	1.2761475061808065
2.444036457996801	3.097550355264444	1.265859636337116	1.2761475061808065
2.4446299387516794	3.0983016213951826	1.2658689324758643	1.2761475061808065
2.4452234195065574	3.0990528930438472	1.2658782308636645	1.2761475061808065
2.445816900261436	3.099804170211768	1.2658875315005644	1.2761475061808065
2.446410381016314	3.1005554529002755	1.265896834386612	1.2761475061808065
2.447003861771192	3.1013067411107005	1.2659061395218547	1.2761475061808065
2.44759734252607	3.1020580348443745	1.2659154469063407	1.2761475061808065
2.448190823280948	3.1028093341026266	1.2659247565401177	1.2761475061808065
2.4487843040358266	3.1035606388867887	1.2659340684232334	1.2761475061808065
2.4493777847907046	3.1043119491981903	1.2659433825557358	1.2761475061808065
2.449971265545583	3.105063265038163	1.2659526989376724	1.2761475061808065
2.450564746300461	3.105814586408037	1.2659620175690913	1.2761475061808065
2.4511582270553394	3.1065659133091423	1.2659713384500402	1.2761475061808065
2.451751707810218	3.1073172457428107	1.2659806615805669	1.2761475061808065
2.4523451885650958	3.108068583710372	1.2659899869607194	1.2761475061808065
2.452938669319974	3.108819927213157	1.265999314590545	1.2761475061808065
2.453532150074852	3.109571276252496	1.2660086444700922	1.2761475061808065
2.4541256308297306	3.1103226308297205	1.2660179765994084	1.2761475061808065
2.4547191115846085	3.1110739909461596	1.2660273109785414	1.2761475061808065
2.4553125923394865	3.1118253566031457	1.2660366476075389	1.2761475061808065
2.455906073094365	3.1125767278020082	1.266045986486449	1.2761475061808065
2.456499553849243	3.113328104544078	1.2660553276153195	1.2761475061808065
2.4570930346041213	3.114079486830686	1.266064670994198	1.2761475061808065
2.4576865153589997	3.1148308746631623	1.2660740166231326	1.2761475061808065
2.4582799961138777	3.115582268042838	1.2660833645021707	1.2761475061808065
2.458873476868756	3.1163336669710433	1.2660927146313603	1.2761475061808065
2.459466957623634	3.117085071449109	1.2661020670107495	1.2761475061808065
2.460060438378512	3.1178364814783652	1.2661114216403857	1.2761475061808065
2.4606539191333905	3.118587897060144	1.2661207785203168	1.2761475061808065
2.4612473998882685	3.1193393181957743	1.2661301376505907	1.2761475061808065
2.461840880643147	3.1200907448865873	1.2661394990312551	1.2761475061808065
2.462434361398025	3.1208421771339143	1.266148862662358	1.2761475061808065
2.4630278421529033	3.121593614939085	1.2661582285439472	1.2761475061808065
2.4636213229077812	3.1223450583034302	1.2661675966760704	1.2761475061808065
2.4642148036626597	3.123096507228281	1.2661769670587752	1.2761475061808065
2.464808284417538	3.1238479617149677	1.2661863396921098	1.2761475061808065
2.465401765172416	3.1245994217648203	1.2661957145761218	1.2761475061808065
2.4659952459272945	3.1253508873791707	1.266205091710859	1.2761475061808065
2.4665887266821724	3.126102358559348	1.2662144710963692	1.2761475061808065
2.467182207437051	3.1268538353066844	1.2662238527327003	1.2761475061808065
2.467775688191929	3.1276053176225087	1.2662332366199	1.2761475061808065
2.468369168946807	3.128356805508153	1.2662426227580164	1.2761475061808065
2.468962649701685	3.1291082989649475	1.266252011147097	1.2761475061808065
2.469556130456563	3.129859797994223	1.2662614017871896	1.2761475061808065
2.4701496112114416	3.130611302597309	1.2662707946783422	1.2761475061808065
2.47074309196632	3.1313628127755377	1.2662801898206024	1.2761475061808065
2.471336572721198	3.1321143285302386	1.2662895872140183	1.2761475061808065
2.4719300534760764	3.1328658498627426	1.2662989868586374	1.2761475061808065
2.4725235342309544	3.1336173767743807	1.2663083887545077	1.2761475061808065
2.473117014985833	3.134368909266483	1.266317792901677	1.2761475061808065
2.473710495740711	3.13512044734038	1.266327199300193	1.2761475061808065
2.4743039764955888	3.135871990997402	1.2663366079501035	1.2761475061808065
2.474897457250467	3.1366235402388813	1.2663460188514566	1.2761475061808065
2.475490938005345	3.137375095066147	1.2663554320042998	1.2761475061808065
2.4760844187602236	3.13812665548053	1.2663648474086808	1.2761475061808065
2.4766778995151015	3.1388782214833615	1.266374265064648	1.2761475061808065
2.47727138026998	3.139629793075971	1.2663836849722485	1.2761475061808065
2.4778648610248584	3.14038137025969	1.2663931071315304	1.2761475061808065
2.4784583417797363	3.1411329530358487	1.2664025315425418	1.2761475061808065
2.4790518225346148	3.1418845414057777	1.26641195820533	1.2761475061808065
2.4796453032894927	3.1426361353708083	1.2664213871199432	1.2761475061808065
2.480238784044371	3.1433877349322703	1.266430818286429	1.2761475061808065
2.480832264799249	3.1441393400914937	1.2664402517048352	1.2761475061808065
2.4814257455541275	3.144890950849811	1.2664496873752098	1.2761475061808065
2.4820192263090055	3.1456425672085513	1.2664591252976005	1.2761475061808065
2.4826127070638835	3.146394189169046	1.266468565472055	1.2761475061808065
2.483206187818762	3.147145816732625	1.2664780078986215	1.2761475061808065
2.48379966857364	3.14789744990062	1.2664874525773473	1.2761475061808065
2.4843931493285183	3.14864908867436	1.2664968995082804	1.2761475061808065
2.4849866300833967	3.1494007330551774	1.2665063486914687	1.2761475061808065
2.4855801108382747	3.1501523830444014	1.2665158001269599	1.2761475061808065
2.486173591593153	3.1509040386433633	1.266525253814802	1.2761475061808065
2.486767072348031	3.1516556998533933	1.2665347097550426	1.2761475061808065
2.487360553102909	3.1524073666758223	1.2665441679477294	1.2761475061808065
2.4879540338577875	3.1531590391119813	1.2665536283929106	1.2761475061808065
2.4885475146126654	3.1539107171631997	1.2665630910906338	1.2761475061808065
2.489140995367544	3.1546624008308095	1.2665725560409467	1.2761475061808065
2.489734476122422	3.1554140901161403	1.2665820232438971	1.2761475061808065
2.4903279568773002	3.1561657850205234	1.2665914926995332	1.2761475061808065
2.4909214376321787	3.1569174855452884	1.2666009644079024	1.2761475061808065
2.4915149183870566	3.157669191691767	1.2666104383690526	1.2761475061808065
2.492108399141935	3.15842090346129	1.2666199145830317	1.2761475061808065
2.492701879896813	3.1591726208551867	1.2666293930498875	1.2761475061808065
2.4932953606516914	3.159924343874789	1.2666388737696677	1.2761475061808065
2.4938888414065694	3.1606760725214262	1.2666483567424203	1.2761475061808065
2.494482322161448	3.1614278067964303	1.2666578419681929	1.2761475061808065
2.495075802916326	3.1621795467011307	1.2666673294470332	1.2761475061808065
2.4956692836712038	3.162931292236859	1.2666768191789894	1.2761475061808065
2.496262764426082	3.163683043404945	1.2666863111641091	1.2761475061808065
2.49685624518096	3.16443480020672	1.2666958054024402	1.2761475061808065
2.4974497259358386	3.165186562643514	1.2667053018940304	1.2761475061808065
2.498043206690717	3.1659383307166578	1.2667148006389275	1.2761475061808065
2.498636687445595	3.166690104427482	1.2667243016371794	1.2761475061808065
2.4992301682004734	3.167441883777318	1.266733804888834	1.2761475061808065
2.4998236489553514	3.168193668767495	1.2667433103939387	1.2761475061808065
2.5004171297102293	3.1689454593993447	1.2667528181525416	1.2761475061808065
2.5010106104651078	3.1696972556741976	1.2667623281646907	1.2761475061808065
2.5016040912199857	3.170449057593383	1.2667718404304336	1.2761475061808065
2.502197571974864	3.1712008651582333	1.266781354949818	1.2761475061808065
2.502791052729742	3.1719526783700784	1.2667908717228917	1.2761475061808065
2.5033845334846205	3.1727044972302485	1.2668003907497027	1.2761475061808065
2.503978014239499	3.173456321740075	1.2668099120302987	1.2761475061808065
2.504571494994377	3.1742081519008876	1.2668194355647278	1.2761475061808065
2.5051649757492553	3.1749599877140176	1.2668289613530372	1.2761475061808065
2.5057584565041333	3.1757118291807953	1.2668384893952753	1.2761475061808065
2.5063519372590117	3.1764636763025518	1.2668480196914897	1.2761475061808065
2.5069454180138897	3.1772155290806166	1.266857552241728	1.2761475061808065
2.507538898768768	3.1779673875163215	1.2668670870460383	1.2761475061808065
2.508132379523646	3.178719251610996	1.2668766241044684	1.2761475061808065
2.508725860278524	3.179471121365972	1.2668861634170658	1.2761475061808065
2.5093193410334025	3.1802229967825792	1.2668957049838787	1.2761475061808065
2.5099128217882805	3.1809748778621483	1.2669052488049546	1.2761475061808065
2.510506302543159	3.1817267646060103	1.2669147948803416	1.2761475061808065
2.5110997832980373	3.1824786570154955	1.2669243432100872	1.2761475061808065
2.5116932640529153	3.1832305550919346	1.2669338937942394	1.2761475061808065
2.5122867448077937	3.1839824588366583	1.266943446632846	1.2761475061808065
2.5128802255626717	3.1847343682509965	1.2669530017259547	1.2761475061808065
2.5134737063175496	3.1854862833362807	1.2669625590736135	1.2761475061808065
2.514067187072428	3.1862382040938413	1.26697211867587	1.2761475061808065
2.514660667827306	3.1869901305250083	1.2669816805327723	1.2761475061808065
2.5152541485821844	3.1877420626311137	1.2669912446443676	1.2761475061808065
2.5158476293370624	3.1884940004134865	1.2670008110107045	1.2761475061808065
2.516441110091941	3.189245943873458	1.2670103796318304	1.2761475061808065
2.5170345908468192	3.189997893012359	1.267019950507793	1.2761475061808065
2.517628071601697	3.1907498478315204	1.2670295236386402	1.2761475061808065
2.5182215523565756	3.191501808332272	1.26703909902442	1.2761475061808065
2.5188150331114536	3.1922537745159447	1.26704867666518	1.2761475061808065
2.519408513866332	3.1930057463838692	1.267058256560968	1.2761475061808065
2.52000199462121	3.193757723937376	1.2670678387118322	1.2761475061808065
2.5205954753760884	3.1945097071777964	1.26707742311782	1.2761475061808065
2.5211889561309664	3.195261696106459	1.267087009778979	1.2761475061808065
2.5217824368858444	3.1960136907246968	1.2670965986953575	1.2761475061808065
2.5223759176407228	3.196765691033839	1.2671061898670033	1.2761475061808065
2.5229693983956007	3.197517697035217	1.2671157832939637	1.2761475061808065
2.523562879150479	3.1982697087301606	1.267125378976287	1.2761475061808065
2.5241563599053576	3.199021726120001	1.267134976914021	1.2761475061808065
2.5247498406602356	3.199773749206069	1.2671445771072132	1.2761475061808065
2.525343321415114	3.2005257779896947	1.2671541795559116	1.2761475061808065
2.525936802169992	3.2012778124722083	1.267163784260164	1.2761475061808065
2.52653028292487	3.202029852654941	1.267173391220018	1.2761475061808065
2.5271237636797483	3.2027818985392242	1.267183000435522	1.2761475061808065
2.5277172444346263	3.2035339501263866	1.2671926119067232	1.2761475061808065
2.5283107251895047	3.2042860074177604	1.2672022256336695	1.2761475061808065
2.5289042059443827	3.205038070414676	1.2672118416164089	1.2761475061808065
2.529497686699261	3.2057901391184633	1.2672214598549891	1.2761475061808065
2.5300911674541395	3.2065422135304535	1.2672310803494582	1.2761475061808065
2.5306846482090175	3.2072942936519766	1.2672407030998634	1.2761475061808065
2.531278128963896	3.2080463794843643	1.267250328106253	1.2761475061808065
2.531871609718774	3.208798471028946	1.2672599553686748	1.2761475061808065
2.5324650904736523	3.209550568287053	1.2672695848871764	1.2761475061808065
2.5330585712285303	3.210302671260015	1.2672792166618057	1.2761475061808065
2.5336520519834087	3.2110547799491647	1.2672888506926105	1.2761475061808065
2.5342455327382867	3.2118068943558304	1.2672984869796386	1.2761475061808065
2.5348390134931647	3.212559014481344	1.2673081255229377	1.2761475061808065
2.535432494248043	3.2133111403270354	1.2673177663225559	1.2761475061808065
2.536025975002921	3.214063271894236	1.2673274093785407	1.2761475061808065
2.5366194557577995	3.214815409184276	1.2673370546909402	1.2761475061808065
