x	chi	dchidx	s0
0.0008608324866387863	0.0	0.41001680791977985	0.41001680791977985
0.020485795609344278	0.008046539269024133	0.41001306935833115	0.41001680791977985
0.04011075873204978	0.01609293787645957	0.4100024735395752	0.41001680791977985
0.05973572185475527	0.024139061262946866	0.409985021281522	0.41001680791977985
0.07936068497746075	0.032184774872125156	0.4099607126671488	0.41001680791977985
0.09898564810016625	0.04022994414820329	0.40992954774426765	0.41001680791977985
0.11861061122287174	0.04827443453595978	0.4098915265255256	0.41001680791977985
0.13823557434557723	0.05631811148074288	0.4098466489884042	0.41001680791977985
0.15786053746828274	0.06436084035760135	0.4097949151161955	0.41001680791977985
0.17748550059098822	0.072402486354696	0.4097363250012823	0.41001680791977985
0.19711046371369373	0.08044291493526716	0.40967087860363316	0.41001680791977985
0.2167354268363992	0.08848199158850313	0.4095985758642433	0.41001680791977985
0.2363603899591047	0.096519581799725	0.4095194167206584	0.41001680791977985
0.2559853530818102	0.10455555105038669	0.4094334011069745	0.41001680791977985
0.2756103162045157	0.11258976481807498	0.4093405289538378	0.41001680791977985
0.2952352793272212	0.12062208857650938	0.40924080018844505	0.41001680791977985
0.3148602424499267	0.1286523877955423	0.4091342147345431	0.41001680791977985
0.33448520557263217	0.136680527941159	0.4090207725124292	0.41001680791977985
0.3541101686953377	0.14470637447547743	0.4089004734389511	0.41001680791977985
0.3737351318180432	0.1527297928567485	0.40877331742750656	0.41001680791977985
0.3933600949407487	0.16075064853935586	0.40863930438804397	0.41001680791977985
0.41298505806345415	0.16876880697381605	0.4084984342270618	0.41001680791977985
0.43261002118615965	0.1767841336067783	0.408350706847609	0.41001680791977985
0.45223498430886516	0.1847964938810248	0.4081961221492848	0.41001680791977985
0.47185994743157067	0.19280575323547047	0.4080346800282387	0.41001680791977985
0.4914849105542761	0.20081177710516315	0.4078663803771707	0.41001680791977985
0.5111098736769817	0.20881443092128346	0.4076912230853309	0.41001680791977985
0.5307348367996871	0.2168135801111447	0.4075092080385198	0.41001680791977985
0.5503597999223926	0.22480909009819322	0.4073203351190884	0.41001680791977985
0.5699847630450982	0.23280082630200813	0.40712460420593766	0.41001680791977985
0.5896097261678036	0.24078865413830108	0.4069220151745192	0.41001680791977985
0.6092346892905091	0.248772439018917	0.4067125678968349	0.41001680791977985
0.6288596524132146	0.2567520463518334	0.4064962622414368	0.41001680791977985
0.6484846155359202	0.2647273415411606	0.40627309807342743	0.41001680791977985
0.6681095786586256	0.2726981899871417	0.4060430752544596	0.41001680791977985
0.687734541781331	0.2806644570861527	0.4058061936427364	0.41001680791977985
0.7073595049040365	0.2886260082307026	0.4055624530930113	0.41001680791977985
0.7269844680267421	0.2965827088094328	0.4053118534565881	0.41001680791977985
0.7466094311494476	0.3045344242071179	0.40505439458132086	0.41001680791977985
0.766234394272153	0.31248101980466525	0.404790076311614	0.41001680791977985
0.7858593573948586	0.32042236097911464	0.4045188984884223	0.41001680791977985
0.8054843205175641	0.3283583131036394	0.4042408609492508	0.41001680791977985
0.8251092836402696	0.33628874154754484	0.40395596352815494	0.41001680791977985
0.8447342467629749	0.3442135116762698	0.40366420605574044	0.41001680791977985
0.8643592098856805	0.3521324888513857	0.4033655883591633	0.41001680791977985
0.883984173008386	0.3600455384305966	0.40306011026212996	0.41001680791977985
0.9036091361310915	0.36795252576773957	0.40274777158489705	0.41001680791977985
0.923234099253797	0.37585331621278445	0.4024285721442717	0.41001680791977985
0.9428590623765025	0.383747775111834	0.4021025117536111	0.41001680791977985
0.9624840254992081	0.39163576780712367	0.4017695902228231	0.41001680791977985
0.9821089886219135	0.39951715963702156	0.4014298073583656	0.41001680791977985
1.0017339517446189	0.40739181593602913	0.40108316296324686	0.41001680791977985
1.0213589148673246	0.41525960203478024	0.40072965683702566	0.41001680791977985
1.04098387799003	0.4231203832600415	0.4003692887758109	0.41001680791977985
1.0606088411127355	0.4309740249347127	0.40000205857226195	0.41001680791977985
1.0802338042354407	0.4388203923778261	0.3996279660155883	0.41001680791977985
1.0998587673581464	0.44665935090454706	0.39924701089155007	0.41001680791977985
1.1194837304808518	0.4544907658261737	0.39885919298245737	0.41001680791977985
1.1391086936035575	0.4623145024501368	0.3984645120671709	0.41001680791977985
1.1587336567262627	0.47013042607999994	0.3980629679211015	0.41001680791977985
1.1783586198489684	0.4779384020154599	0.39765456031621055	0.41001680791977985
1.1979835829716738	0.48573829555234593	0.39723928902100947	0.41001680791977985
1.217608546094379	0.49352997198262	0.3968171538005603	0.41001680791977985
1.2372335092170847	0.5013132965943774	0.3963881544164751	0.41001680791977985
1.2568584723397902	0.5090881346718459	0.3959522906269166	0.41001680791977985
1.2764834354624959	0.5168543514953859	0.39550956218659755	0.41001680791977985
1.2961083985852013	0.5246118123414912	0.3950599688467812	0.41001680791977985
1.3157333617079068	0.5323603824827877	0.394603510355281	0.41001680791977985
1.3353583248306122	0.5400999271880348	0.3941401864564609	0.41001680791977985
1.354983287953318	0.5478303117221243	0.393669996891235	0.41001680791977985
1.3746082510760231	0.5555514013460807	0.39319294139706784	0.41001680791977985
1.3942332141987286	0.563263061317062	0.39270901970797417	0.41001680791977985
1.4138581773214343	0.5709651568883585	0.3922182315545192	0.41001680791977985
1.4334831404441397	0.5786575533093932	0.39172057666381843	0.41001680791977985
1.4531081035668454	0.5863401221625704	0.39121605526350484	0.41001680791977985
1.4727330666895506	0.5940151080043711	0.39070431593883864	0.41001680791977985
1.4923580298122563	0.6016833033359663	0.39018315972960443	0.41001680791977985
1.5119829929349617	0.6093432298584821	0.38965035202183324	0.41001680791977985
1.531607956057667	0.6169935702482304	0.3891043038662498	0.41001680791977985
1.5512329191803726	0.6246331681567096	0.3885440719782721	0.41001680791977985
1.570857882303078	0.6322610282106037	0.3879693587380122	0.41001680791977985
1.5904828454257838	0.6398763160117832	0.3873805121902753	0.41001680791977985
1.6101078085484892	0.6474783581373044	0.38677852604456037	0.41001680791977985
1.6297327716711947	0.6550666421394096	0.38616503967505994	0.41001680791977985
1.6493577347939001	0.6626408165455278	0.38554233812066013	0.41001680791977985
1.6689826979166056	0.6702006908582734	0.38491335208494065	0.41001680791977985
1.688607661039311	0.6777462355554471	0.3842816579361748	0.41001680791977985
1.7082326241620165	0.6852775820900359	0.3836514777073293	0.41001680791977985
1.7278575872847222	0.6927950228902126	0.38302767909606483	0.41001680791977985
1.7474825504074276	0.7002990113593361	0.3824157754647352	0.41001680791977985
1.7671075135301333	0.7077901618759517	0.3818219258403881	0.41001680791977985
1.7867324766528385	0.7152692497937903	0.3812529349147647	0.41001680791977985
1.8063574397755442	0.7227372114417694	0.38071625304429974	0.41001680791977985
1.8259824028982496	0.730195144123992	0.3802199762501216	0.41001680791977985
1.8456073660209549	0.7376443061197477	0.3797728462180522	0.41001680791977985
1.8652323291436606	0.7450861166835121	0.37938425029860706	0.41001680791977985
1.884857292266366	0.7525221560449467	0.37906422150699526	0.41001680791977985
1.9044822553890717	0.7599541654088989	0.37882343852311945	0.41001680791977985
1.9241072185117771	0.7673840469554027	0.37867322569157597	0.41001680791977985
1.9437321816344826	0.7748138638396779	0.3786255530216545	0.41001680791977985
1.9504034455831847	0.7773397836454363	0.3786281909792751	0.41001680791977985
1.9570747095318866	0.7798657210739075	0.37863083663139224	0.41001680791977985
1.9637459734805887	0.7823916761765353	0.3786334899785292	0.41001680791977985
1.970417237429291	0.7849176490047627	0.37863615102120934	0.41001680791977985
1.9770885013779929	0.7874436396100335	0.3786388197599559	0.41001680791977985
1.983759765326695	0.7899696480437911	0.37864149619529214	0.41001680791977985
1.990431029275397	0.792495674357479	0.3786441803277413	0.41001680791977985
1.9971022932240992	0.7950217186025407	0.3786468721578267	0.41001680791977985
2.003773557172801	0.7975477808304196	0.3786495716860716	0.41001680791977985
2.0104448211215034	0.8000738610925593	0.3786522789129993	0.41001680791977985
2.0171160850702052	0.8025999594404031	0.37865499383913304	0.41001680791977985
2.0237873490189076	0.8051260759253948	0.37865771646499613	0.41001680791977985
2.0304586129676094	0.8076522105989775	0.37866044679111177	0.41001680791977985
2.0371298769163113	0.810178363512595	0.3786631848180033	0.41001680791977985
2.0438011408650136	0.8127045347176907	0.378665930546194	0.41001680791977985
2.050472404813716	0.815230724265708	0.3786686839762071	0.41001680791977985
2.057143668762418	0.8177569322080903	0.378671445108566	0.41001680791977985
2.06381493271112	0.8202831585962813	0.37867421394379375	0.41001680791977985
2.070486196659822	0.8228094034817245	0.37867699048241377	0.41001680791977985
2.077157460608524	0.8253356669158631	0.37867977472494935	0.41001680791977985
2.0838287245572262	0.827861948950141	0.3786825666719237	0.41001680791977985
2.0904999885059286	0.8303882496360013	0.37868536632386013	0.41001680791977985
2.0971712524546304	0.8329145690248878	0.3786881736812819	0.41001680791977985
2.1038425164033323	0.8354409071682436	0.37869098874471224	0.41001680791977985
2.1105137803520346	0.8379672641175125	0.3786938115146745	0.41001680791977985
2.117185044300737	0.840493639924138	0.37869664199169195	0.41001680791977985
2.123856308249439	0.8430200346395633	0.3786994801762878	0.41001680791977985
2.1305275721981407	0.8455464483152322	0.3787023260689854	0.41001680791977985
2.137198836146843	0.8480728810025879	0.378705179670308	0.41001680791977985
2.143870100095545	0.8505993327530741	0.3787080409807788	0.41001680791977985
2.1505413640442472	0.8531258036181343	0.3787109100009212	0.41001680791977985
2.157212627992949	0.8556522936492118	0.3787137867312584	0.41001680791977985
2.163883891941651	0.8581788028977502	0.37871667117231367	0.41001680791977985
2.170555155890353	0.8607053314151929	0.37871956332461026	0.41001680791977985
2.1772264198390556	0.8632318792529836	0.37872246318867153	0.41001680791977985
2.1838976837877575	0.8657584464625655	0.3787253707650207	0.41001680791977985
2.1905689477364594	0.8682850330953822	0.3787282860541811	0.41001680791977985
2.1972402116851617	0.8708116392028774	0.3787312090566759	0.41001680791977985
2.2039114756338636	0.8733382648364942	0.3787341397730284	0.41001680791977985
2.2105827395825655	0.8758649100476763	0.37873707820376196	0.41001680791977985
2.217254003531268	0.8783915748878673	0.3787400243493998	0.41001680791977985
2.2239252674799697	0.8809182594085104	0.37874297821046515	0.41001680791977985
2.230596531428672	0.8834449636610492	0.37874593978748133	0.41001680791977985
2.2372677953773743	0.8859716876969274	0.37874890908097164	0.41001680791977985
2.243939059326076	0.8884984315675881	0.3787518860914593	0.41001680791977985
2.250610323274778	0.891025195324475	0.3787548708194677	0.41001680791977985
2.2572815872234804	0.8935519790190317	0.3787578632655199	0.41001680791977985
2.2639528511721823	0.8960787827027014	0.37876086343013937	0.41001680791977985
2.270624115120884	0.8986056064269277	0.3787638713138493	0.41001680791977985
2.2772953790695865	0.9011324502431544	0.378766886917173	0.41001680791977985
2.283966643018289	0.9036593142028244	0.37876991024063367	0.41001680791977985
2.2906379069669907	0.9061861983573816	0.37877294128475464	0.41001680791977985
2.297309170915693	0.9087131027582694	0.3787759800500592	0.41001680791977985
2.303980434864395	0.9112400274569311	0.3787790265370706	0.41001680791977985
2.3106516988130967	0.9137669733347329	0.3787820807826697	0.41001680791977985
2.317322962761799	0.9162939458980159	0.37878514302774857	0.41001680791977985
2.323994226710501	0.9188209387992256	0.3787882129934881	0.41001680791977985
2.330665490659203	0.9213479520907242	0.37879129068027917	0.41001680791977985
2.3373367546079056	0.9238749858248745	0.3787943760885127	0.41001680791977985
2.3440080185566075	0.9264020400540385	0.3787974692185795	0.41001680791977985
2.3506792825053093	0.9289291148305786	0.3788005700708705	0.41001680791977985
2.3573505464540117	0.9314562102068575	0.3788036786457766	0.41001680791977985
2.3640218104027135	0.9339833262352374	0.37880679494368863	0.41001680791977985
2.3706930743514154	0.9365104629680806	0.37880991896499755	0.41001680791977985
2.3773643383001177	0.9390376204577497	0.3788130507100942	0.41001680791977985
2.3840356022488196	0.9415647987566069	0.37881619017936946	0.41001680791977985
2.390706866197522	0.9440919979170147	0.3788193373732142	0.41001680791977985
2.3973781301462243	0.9466192179913356	0.3788224922920194	0.41001680791977985
2.404049394094926	0.9491464590319317	0.37882565493617587	0.41001680791977985
2.410720658043628	0.9516737210911655	0.37882882530607453	0.41001680791977985
2.4173919219923303	0.9542010042213996	0.37883200340210627	0.41001680791977985
2.424063185941032	0.9567283084749961	0.37883518922466186	0.41001680791977985
2.430734449889734	0.9592556339043176	0.37883838277413234	0.41001680791977985
2.4374057138384364	0.9617829805617264	0.37884158405090856	0.41001680791977985
2.4440769777871387	0.9643103484995847	0.3788447930553813	0.41001680791977985
2.4507482417358406	0.9668377377702553	0.37884800978794164	0.41001680791977985
2.457419505684543	0.9693651484261003	0.3788512342489803	0.41001680791977985
2.464090769633245	0.9718925805194822	0.3788544664388882	0.41001680791977985
2.4707620335819467	0.9744200341027632	0.3788577063580563	0.41001680791977985
2.477433297530649	0.9769475092283062	0.3788609540068754	0.41001680791977985
2.484104561479351	0.9794750059484729	0.37886420938573645	0.41001680791977985
2.4907758254280528	0.9820025243156261	0.3788674724950303	0.41001680791977985
2.4974470893767555	0.9845300643821282	0.3788707433351478	0.41001680791977985
2.5041183533254574	0.9870576262003413	0.37887402190647995	0.41001680791977985
2.5107896172741593	0.9895852098226282	0.3788773082094175	0.41001680791977985
2.5174608812228616	0.9921128153013511	0.37888060224435144	0.41001680791977985
2.5241321451715635	0.9946404426888722	0.3788839040116726	0.41001680791977985
2.5308034091202654	0.9971680920375542	0.3788872135117719	0.41001680791977985
2.5374746730689677	0.9996957633997594	0.37889053074504025	0.41001680791977985
2.5441459370176696	1.0022234568278499	0.37889385571186845	0.41001680791977985
2.550817200966372	1.0047511723741884	0.37889718841264747	0.41001680791977985
2.557488464915074	1.0072789100911375	0.37890052884776815	0.41001680791977985
2.564159728863776	1.009806670031059	0.37890387701762135	0.41001680791977985
2.570830992812478	1.0123344522463158	0.37890723292259804	0.41001680791977985
2.5775022567611803	1.0148622567892702	0.378910596563089	0.41001680791977985
2.584173520709882	1.0173900837122842	0.37891396793948523	0.41001680791977985
2.590844784658584	1.0199179330677206	0.37891734705217756	0.41001680791977985
2.5975160486072864	1.0224458049079417	0.3789207339015569	0.41001680791977985
2.6041873125559887	1.0249736992853098	0.3789241284880141	0.41001680791977985
2.6108585765046906	1.0275016162521873	0.37892753081194	0.41001680791977985
2.617529840453393	1.0300295558609367	0.37893094087372564	0.41001680791977985
2.6242011044020948	1.0325575181639204	0.3789343586737618	0.41001680791977985
2.6308723683507966	1.0350855032135005	0.37893778421243934	0.41001680791977985
2.637543632299499	1.03761351106204	0.3789412174901492	0.41001680791977985
2.644214896248201	1.0401415417619004	0.37894465850728226	0.41001680791977985
2.6508861601969027	1.0426695953654448	0.3789481072642294	0.41001680791977985
2.6575574241456055	1.0451976719250355	0.3789515637613815	0.41001680791977985
2.6642286880943074	1.0477257714930346	0.3789550279991295	0.41001680791977985
2.6708999520430092	1.0502538941218047	0.3789584999778642	0.41001680791977985
2.6775712159917116	1.0527820398637082	0.3789619796979765	0.41001680791977985
2.6842424799404134	1.0553102087711073	0.37896546715985735	0.41001680791977985
2.6909137438891153	1.0578384008963646	0.3789689623638976	0.41001680791977985
2.6975850078378176	1.0603666162918426	0.3789724653104881	0.41001680791977985
2.7042562717865195	1.0628948550099033	0.3789759760000198	0.41001680791977985
2.7109275357352223	1.0654231171029094	0.3789794944328836	0.41001680791977985
2.717598799683924	1.067951402623223	0.37898302060947026	0.41001680791977985
2.724270063632626	1.0704797116232068	0.3789865545301708	0.41001680791977985
2.7309413275813283	1.0730080441552232	0.37899009619537605	0.41001680791977985
2.7376125915300302	1.0755364002716343	0.3789936456054769	0.41001680791977985
2.744283855478732	1.0780647800248024	0.37899720276086424	0.41001680791977985
2.7509551194274344	1.0805931834670908	0.379000767661929	0.41001680791977985
2.7576263833761363	1.0831216106508605	0.37900434030906194	0.41001680791977985
2.764297647324838	1.085650061628475	0.37900792070265404	0.41001680791977985
2.770968911273541	1.0881785364522965	0.37901150884309626	0.41001680791977985
2.777640175222243	1.0907070351746868	0.3790151047307793	0.41001680791977985
2.7843114391709447	1.0932355578480086	0.3790187083660942	0.41001680791977985
2.790982703119647	1.095764104524625	0.3790223197494318	0.41001680791977985
2.797653967068349	1.098292675256897	0.37902593888118297	0.41001680791977985
2.804325231017051	1.1008212700971882	0.3790295657617386	0.41001680791977985
2.810996494965753	1.1033498890978606	0.3790332003914896	0.41001680791977985
2.817667758914455	1.1058785323112763	0.37903684277082683	0.41001680791977985
2.8243390228631573	1.1084071997897982	0.37904049290014113	0.41001680791977985
2.8310102868118596	1.1109358915857883	0.3790441507798235	0.41001680791977985
2.8376815507605615	1.113464607751609	0.3790478164102648	0.41001680791977985
2.8443528147092634	1.1159933483396227	0.3790514897918558	0.41001680791977985
2.8510240786579657	1.1185221134021923	0.3790551709249876	0.41001680791977985
2.8576953426066676	1.1210509029916795	0.37905885981005083	0.41001680791977985
2.8643666065553695	1.123579717160447	0.3790625564474366	0.41001680791977985
2.871037870504072	1.1261085559608572	0.37906626083753564	0.41001680791977985
2.877709134452774	1.1286374194452722	0.3790699729807389	0.41001680791977985
2.884380398401476	1.1311663076660547	0.37907369287743725	0.41001680791977985
2.8910516623501783	1.1336952206755675	0.3790774205280216	0.41001680791977985
2.89772292629888	1.136224158526172	0.3790811559328829	0.41001680791977985
2.9043941902475825	1.1387531212702315	0.3790848990924119	0.41001680791977985
2.9110654541962844	1.1412821089601077	0.37908865000699954	0.41001680791977985
2.9177367181449863	1.1438111216481632	0.3790924086770367	0.41001680791977985
2.924407982093689	1.1463401593867608	0.3790961751029143	0.41001680791977985
2.931079246042391	1.1488692222282624	0.3790999492850232	0.41001680791977985
2.9377505099910928	1.1513983102250305	0.37910373122375435	0.41001680791977985
2.944421773939795	1.153927423429428	0.3791075209194985	0.41001680791977985
2.951093037888497	1.1564565618938163	0.37911131837264667	0.41001680791977985
2.957764301837199	1.1589857256705582	0.3791151235835897	0.41001680791977985
2.964435565785901	1.1615149148120167	0.37911893655271844	0.41001680791977985
2.971106829734603	1.1640441293705535	0.3791227572804238	0.41001680791977985
2.977778093683305	1.1665733693985312	0.37912658576709674	0.41001680791977985
2.9844493576320077	1.1691026349483122	0.379130422013128	0.41001680791977985
2.9911206215807096	1.171631926072259	0.37913426601890854	0.41001680791977985
2.9977918855294114	1.1741612428227335	0.3791381177848293	0.41001680791977985
3.0044631494781138	1.176690585252099	0.37914197731128113	0.41001680791977985
3.0111344134268156	1.179219953412717	0.37914584459865486	0.41001680791977985
3.0178056773755175	1.18174934735695	0.37914971964734145	0.41001680791977985
3.02447694132422	1.184278767137161	0.3791536024577317	0.41001680791977985
3.0311482052729217	1.186808212805712	0.3791574930302166	0.41001680791977985
3.037819469221624	1.1893376844149652	0.379161391365187	0.41001680791977985
3.0444907331703264	1.1918671820172837	0.3791652974630338	0.41001680791977985
3.0511619971190282	1.1943967056650289	0.37916921132414777	0.41001680791977985
3.05783326106773	1.1969262554105637	0.37917313294891997	0.41001680791977985
3.0645045250164324	1.1994558313062507	0.3791770623377412	0.41001680791977985
3.0711757889651343	1.201985433404452	0.3791809994910023	0.41001680791977985
3.077847052913836	1.2045150617575298	0.3791849444090942	0.41001680791977985
3.0845183168625385	1.207044716417847	0.3791888970924079	0.41001680791977985
3.091189580811241	1.2095743974377657	0.3791928575413341	0.41001680791977985
3.0978608447599427	1.2121041048696481	0.37919682575626373	0.41001680791977985
3.104532108708645	1.2146338387658573	0.3792008017375878	0.41001680791977985
3.111203372657347	1.2171635991787546	0.379204785485697	0.41001680791977985
3.117874636606049	1.2196933861607033	0.37920877700098243	0.41001680791977985
3.124545900554751	1.2222231997640656	0.3792127762838349	0.41001680791977985
3.131217164503453	1.2247530400412034	0.37921678333464515	0.41001680791977985
3.137888428452155	1.2272829070444797	0.3792207981538042	0.41001680791977985
3.1445596924008576	1.2298128008262568	0.379224820741703	0.41001680791977985
3.1512309563495595	1.2323427214388967	0.37922885109873233	0.41001680791977985
3.1579022202982614	1.234872668934762	0.3792328892252831	0.41001680791977985
3.1645734842469637	1.2374026433662153	0.37923693512174617	0.41001680791977985
3.1712447481956656	1.2399326447856187	0.3792409887885125	0.41001680791977985
3.1779160121443675	1.2424626732453348	0.37924505022597294	0.41001680791977985
3.18458727609307	1.2449927287977258	0.37924911943451833	0.41001680791977985
3.1912585400417717	1.2475228114951542	0.3792531964145396	0.41001680791977985
3.197929803990474	1.2500529213899823	0.37925728116642765	0.41001680791977985
3.2046010679391763	1.2525830585345727	0.37926137369057333	0.41001680791977985
3.211272331887878	1.2551132229812876	0.37926547398736754	0.41001680791977985
3.21794359583658	1.2576434147824893	0.3792695820572012	0.41001680791977985
3.2246148597852824	1.2601736339905405	0.37927369790046517	0.41001680791977985
3.2312861237339843	1.2627038806578035	0.3792778215175503	0.41001680791977985
3.237957387682686	1.2652341548366404	0.37928195290884753	0.41001680791977985
3.2446286516313885	1.267764456579414	0.3792860920747477	0.41001680791977985
3.251299915580091	1.2702947859384863	0.3792902390156418	0.41001680791977985
3.2579711795287927	1.2728251429662198	0.37929439373192053	0.41001680791977985
3.264642443477495	1.2753555277149773	0.37929855622397496	0.41001680791977985
3.271313707426197	1.2778859402371205	0.3793027264921959	0.41001680791977985
3.2779849713748987	1.2804163805850122	0.37930690453697424	0.41001680791977985
3.284656235323601	1.2829468488110152	0.3793110903587008	0.41001680791977985
3.291327499272303	1.285477344967491	0.3793152839577666	0.41001680791977985
3.297998763221005	1.2880078691068024	0.37931948533456245	0.41001680791977985
3.3046700271697076	1.290538421281312	0.3793236944894792	0.41001680791977985
3.3113412911184095	1.293069001543382	0.37932791142290784	0.41001680791977985
3.3180125550671113	1.2955996099453746	0.37933213613523914	0.41001680791977985
3.3246838190158137	1.2981302465396527	0.3793363686268641	0.41001680791977985
3.3313550829645155	1.300660911378578	0.3793406088981735	0.41001680791977985
3.3380263469132174	1.3031916045145133	0.37934485694955833	0.41001680791977985
3.3446976108619197	1.3057223259998212	0.37934911278140937	0.41001680791977985
3.3513688748106216	1.3082530758868638	0.3793533763941176	0.41001680791977985
3.358040138759324	1.3107838542280033	0.3793576477880738	0.41001680791977985
3.3647114027080263	1.3133146610756026	0.379361926963669	0.41001680791977985
3.371382666656728	1.3158454964820236	0.37936621392129394	0.41001680791977985
3.37805393060543	1.318376360499629	0.3793705086613396	0.41001680791977985
3.3847251945541323	1.3209072531807813	0.37937481118419686	0.41001680791977985
3.391396458502834	1.3234381745778423	0.37937912149025654	0.41001680791977985
3.398067722451536	1.3259691247431749	0.3793834395799096	0.41001680791977985
3.4047389864002384	1.3285001037291415	0.3793877654535469	0.41001680791977985
3.4114102503489407	1.3310311115881042	0.37939209911155936	0.41001680791977985
3.4180815142976426	1.3335621483724256	0.3793964405543378	0.41001680791977985
3.424752778246345	1.3360932141344681	0.37940078978227315	0.41001680791977985
3.431424042195047	1.338624308926594	0.37940514679575627	0.41001680791977985
3.4380953061437487	1.3411554328011654	0.37940951159517805	0.41001680791977985
3.444766570092451	1.3436865858105453	0.3794138841809294	0.41001680791977985
3.451437834041153	1.3462177680070957	0.3794182645534012	0.41001680791977985
3.4581090979898548	1.348748979443179	0.3794226527129843	0.41001680791977985
3.4647803619385575	1.351280220171158	0.37942704866006965	0.41001680791977985
3.4714516258872594	1.3538114902433946	0.3794314523950481	0.41001680791977985
3.4781228898359613	1.3563427897122513	0.3794358639183105	0.41001680791977985
3.4847941537846636	1.3588741186300906	0.37944028323024787	0.41001680791977985
3.4914654177333655	1.3614054770492747	0.37944471033125093	0.41001680791977985
3.4981366816820674	1.3639368650221662	0.37944914522171064	0.41001680791977985
3.5048079456307697	1.3664682826011276	0.3794535879020179	0.41001680791977985
3.5114792095794716	1.3689997298385208	0.3794580383725636	0.41001680791977985
3.5181504735281734	1.3715312067867085	0.37946249663373854	0.41001680791977985
3.524821737476876	1.3740627134980534	0.3794669626859337	0.41001680791977985
3.531493001425578	1.3765942500249173	0.37947143652954	0.41001680791977985
3.53816426537428	1.3791258164196627	0.37947591816494824	0.41001680791977985
3.5448355293229823	1.3816574127346526	0.3794804075925493	0.41001680791977985
3.551506793271684	1.3841890390222487	0.3794849048127341	0.41001680791977985
3.558178057220386	1.3867206953348137	0.3794894098258936	0.41001680791977985
3.5648493211690884	1.38925238172471	0.3794939226324185	0.41001680791977985
3.5715205851177902	1.3917840982442997	0.3794984432326999	0.41001680791977985
3.5781918490664926	1.3943158449459454	0.3795029716271285	0.41001680791977985
3.584863113015195	1.3968476218820096	0.3795075078160953	0.41001680791977985
3.5915343769638968	1.3993794291048547	0.37951205179999115	0.41001680791977985
3.5982056409125986	1.4019112666668427	0.37951660357920697	0.41001680791977985
3.604876904861301	1.4044431346203365	0.37952116315413365	0.41001680791977985
3.611548168810003	1.4069750330176982	0.379525730525162	0.41001680791977985
3.6182194327587047	1.40950696191129	0.3795303056926829	0.41001680791977985
3.6248906967074075	1.412038921353475	0.3795348886570874	0.41001680791977985
3.6315619606561094	1.4145709113966147	0.3795394794187662	0.41001680791977985
3.6382332246048112	1.4171029320930721	0.3795440779781103	0.41001680791977985
3.6449044885535136	1.4196349834952096	0.37954868433551053	0.41001680791977985
3.6515757525022154	1.422167065655389	0.37955329849135777	0.41001680791977985
3.6582470164509173	1.4246991786259733	0.379557920446043	0.41001680791977985
3.6649182803996196	1.4272313224593247	0.37956255019995694	0.41001680791977985
3.6715895443483215	1.4297634972078055	0.37956718775349063	0.41001680791977985
3.6782608082970234	1.432295702923778	0.3795718331070349	0.41001680791977985
3.684932072245726	1.434827939659605	0.37957648626098067	0.41001680791977985
3.691603336194428	1.4373602074676486	0.37958114721571873	0.41001680791977985
3.69827460014313	1.439892506400271	0.3795858159716401	0.41001680791977985
3.7049458640918322	1.442424836509835	0.3795904925291355	0.41001680791977985
3.711617128040534	1.4449571978487028	0.379595176888596	0.41001680791977985
3.718288391989236	1.4474895904692366	0.3795998690504123	0.41001680791977985
3.7249596559379383	1.4500220144237992	0.37960456901497547	0.41001680791977985
3.73163091988664	1.4525544697647528	0.3796092767826763	0.41001680791977985
3.7383021838353425	1.4550869565444595	0.3796139923539057	0.41001680791977985
3.744973447784045	1.4576194748152824	0.3796187157290545	0.41001680791977985
3.7516447117327467	1.4601520246295832	0.37962344690851363	0.41001680791977985
3.7583159756814486	1.4626846060397245	0.379628185892674	0.41001680791977985
3.764987239630151	1.4652172190980688	0.3796329326819265	0.41001680791977985
3.771658503578853	1.4677498638569784	0.3796376872766619	0.41001680791977985
3.7783297675275547	1.4702825403688156	0.3796424496772713	0.41001680791977985
3.785001031476257	1.472815248685943	0.37964721988414535	0.41001680791977985
3.7916722954249593	1.4753479888607228	0.3796519978976751	0.41001680791977985
3.798343559373661	1.4778807609455176	0.3796567837182514	0.41001680791977985
3.8050148233223635	1.4804135649926895	0.3796615773462651	0.41001680791977985
3.8116860872710654	1.4829464010546012	0.3796663787821071	0.41001680791977985
3.8183573512197673	1.4854792691836147	0.3796711880261683	0.41001680791977985
3.8250286151684696	1.488012169432093	0.37967600507883953	0.41001680791977985
3.8316998791171715	1.4905451018523979	0.3796808299405118	0.41001680791977985
3.8383711430658733	1.493078066496892	0.3796856626115759	0.41001680791977985
3.845042407014576	1.4956110634179378	0.37969050309242275	0.41001680791977985
3.851713670963278	1.4981440926678975	0.3796953513834432	0.41001680791977985
3.85838493491198	1.5006771542991335	0.37970020748502814	0.41001680791977985
3.865056198860682	1.5032102483640086	0.37970507139756854	0.41001680791977985
3.871727462809384	1.5057433749148847	0.3797099431214552	0.41001680791977985
3.878398726758086	1.5082765340041242	0.379714822657079	0.41001680791977985
3.8850699907067883	1.5108097256840898	0.3797197100048309	0.41001680791977985
3.89174125465549	1.5133429500071438	0.3797246051651017	0.41001680791977985
3.8984125186041925	1.5158762070256482	0.3797295081382824	0.41001680791977985
3.905083782552895	1.5184094967919664	0.37973441892476373	0.41001680791977985
3.9117550465015967	1.5209428193584595	0.3797393375249367	0.41001680791977985
3.9184263104502985	1.5234761747774905	0.3797442639391922	0.41001680791977985
3.925097574399001	1.526009563101422	0.379749198167921	0.41001680791977985
3.9317688383477027	1.5285429843826162	0.3797541402115141	0.41001680791977985
3.9384401022964046	1.5310764386734352	0.3797590900703624	0.41001680791977985
3.945111366245107	1.533609926026242	0.37976404774485667	0.41001680791977985
3.9517826301938093	1.5361434464933983	0.37976901323538786	0.41001680791977985
3.958453894142511	1.5386770001272672	0.3797739865423469	0.41001680791977985
3.9651251580912135	1.5412105869802106	0.37977896766612457	0.41001680791977985
3.9717964220399153	1.543744207104591	0.37978395660711184	0.41001680791977985
3.978467685988617	1.5462778605527707	0.3797889533656996	0.41001680791977985
3.9851389499373195	1.5488115473771122	0.3797939579422787	0.41001680791977985
3.9918102138860214	1.551345267629978	0.3797989703372401	0.41001680791977985
3.9984814778347233	1.5538790213637301	0.3798039905509745	0.41001680791977985
4.005152741783426	1.5564128086307316	0.379809018583873	0.41001680791977985
4.0118240057321275	1.5589466294833443	0.3798140544363264	0.41001680791977985
4.018495269680829	1.5614804839739307	0.37981909810872555	0.41001680791977985
4.025166533629532	1.5640143721548534	0.3798241496014614	0.41001680791977985
4.031837797578234	1.5665482940784743	0.3798292089149248	0.41001680791977985
4.038509061526936	1.5690822497971562	0.3798342760495066	0.41001680791977985
4.045180325475639	1.5716162393632616	0.37983935100559774	0.41001680791977985
4.0518515894243405	1.5741502628291526	0.3798444337835891	0.41001680791977985
4.058522853373042	1.5766843202471916	0.3798495243838716	0.41001680791977985
4.065194117321744	1.5792184116697414	0.3798546228068361	0.41001680791977985
4.071865381270446	1.5817525371491636	0.3798597290528734	0.41001680791977985
4.078536645219148	1.5842866967378213	0.3798648431223745	0.41001680791977985
4.085207909167851	1.5868208904880765	0.3798699650157303	0.41001680791977985
4.091879173116553	1.5893551184522918	0.3798750947333316	0.41001680791977985
4.0985504370652555	1.5918893806828298	0.3798802322755693	0.41001680791977985
4.105221701013957	1.5944236772320524	0.3798853776428343	0.41001680791977985
4.111892964962659	1.596958008152322	0.3798905308355175	0.41001680791977985
4.118564228911361	1.5994923734960018	0.3798956918540098	0.41001680791977985
4.125235492860063	1.602026773315453	0.37990086069870205	0.41001680791977985
4.131906756808765	1.6045612076630387	0.37990603736998513	0.41001680791977985
4.138578020757468	1.6070956765911213	0.37991122186825	0.41001680791977985
4.1452492847061695	1.609630180152063	0.37991641419388744	0.41001680791977985
4.151920548654871	1.6121647183982262	0.37992161434728844	0.41001680791977985
4.158591812603574	1.6146992913819735	0.37992682232884384	0.41001680791977985
4.165263076552276	1.617233899155667	0.3799320381389445	0.41001680791977985
4.171934340500978	1.619768541771669	0.3799372617779813	0.41001680791977985
4.17860560444968	1.6223032192823426	0.3799424932463452	0.41001680791977985
4.185276868398382	1.6248379317400494	0.37994773254442704	0.41001680791977985
4.1919481323470835	1.627372679197152	0.3799529796726177	0.41001680791977985
4.198619396295786	1.6299074617060132	0.3799582346313081	0.41001680791977985
4.205290660244488	1.6324422793189948	0.3799634974208891	0.41001680791977985
4.21196192419319	1.6349771320884592	0.37996876804175156	0.41001680791977985
4.218633188141893	1.6375120200667697	0.3799740464942864	0.41001680791977985
4.225304452090595	1.6400469433062876	0.3799793327788845	0.41001680791977985
4.231975716039297	1.6425819018593757	0.37998462689593676	0.41001680791977985
4.238646979987998	1.6451168957783966	0.37998992884583405	0.41001680791977985
4.245318243936701	1.6476519251157125	0.3799952386289673	0.41001680791977985
4.251989507885403	1.6501869899236858	0.38000055624572726	0.41001680791977985
4.258660771834105	1.6527220902546786	0.380005881696505	0.41001680791977985
4.265332035782807	1.655257226161054	0.38001121498169127	0.41001680791977985
4.272003299731509	1.6577923976951738	0.38001655610167706	0.41001680791977985
4.2786745636802115	1.6603276049094007	0.3800219050568531	0.41001680791977985
4.285345827628913	1.662862847856097	0.3800272618476105	0.41001680791977985
4.292017091577615	1.6653981265876245	0.38003262647433994	0.41001680791977985
4.298688355526318	1.6679334411563467	0.38003799893743245	0.41001680791977985
4.30535961947502	1.670468791614625	0.3800433792372788	0.41001680791977985
4.312030883423722	1.6730041780148226	0.38004876737427	0.41001680791977985
4.3187021473724245	1.6755396004093015	0.3800541633487968	0.41001680791977985
4.3253734113211255	1.6780750588504236	0.3800595671612502	0.41001680791977985
4.332044675269827	1.6806105533905515	0.38006497881202106	0.41001680791977985
4.338715939218529	1.6831460840820487	0.38007039830150025	0.41001680791977985
4.345387203167232	1.6856816509772767	0.38007582563007863	0.41001680791977985
4.352058467115935	1.6882172541285978	0.3800812607981471	0.41001680791977985
4.358729731064637	1.6907528935883747	0.38008670380609655	0.41001680791977985
4.365400995013339	1.6932885694089692	0.3800921546543179	0.41001680791977985
4.3720722589620395	1.695824281642744	0.380097613343202	0.41001680791977985
4.378743522910742	1.698360030342062	0.3801030798731398	0.41001680791977985
4.385414786859444	1.7008958155592855	0.38010855424452206	0.41001680791977985
4.392086050808147	1.7034316373467762	0.3801140364577398	0.41001680791977985
4.398757314756849	1.705967495756897	0.3801195265131838	0.41001680791977985
4.405428578705551	1.7085033908420098	0.380125024411245	0.41001680791977985
4.412099842654252	1.7110393226544773	0.3801305301523143	0.41001680791977985
4.4187711066029545	1.7135752912466626	0.38013604373678256	0.41001680791977985
4.425442370551657	1.716111296670927	0.38014156516504066	0.41001680791977985
4.432113634500359	1.718647338979634	0.3801470944374795	0.41001680791977985
4.438784898449062	1.7211834182251446	0.38015263155449	0.41001680791977985
4.445456162397763	1.723719534459822	0.38015817651646294	0.41001680791977985
4.452127426346465	1.7262556877360282	0.38016372932378933	0.41001680791977985
4.458798690295167	1.7287918781061264	0.38016928997686	0.41001680791977985
4.465469954243869	1.7313281056224785	0.38017485847606586	0.41001680791977985
4.472141218192572	1.733864370337447	0.38018043482179775	0.41001680791977985
4.478812482141274	1.736400672303394	0.38018601901444654	0.41001680791977985
4.485483746089976	1.7389370115726814	0.38019161105440324	0.41001680791977985
4.492155010038677	1.7414733881976727	0.3801972109420586	0.41001680791977985
4.49882627398738	1.74400980223073	0.3802028186778036	0.41001680791977985
4.5054975379360815	1.7465462537242158	0.38020843426202905	0.41001680791977985
4.512168801884784	1.7490827427304918	0.3802140576951259	0.41001680791977985
4.518840065833487	1.751619269301921	0.38021968897748504	0.41001680791977985
4.525511329782188	1.7541558334908651	0.3802253281094973	0.41001680791977985
4.53218259373089	1.756692435349687	0.38023097509155357	0.41001680791977985
4.538853857679592	1.7592290749307495	0.3802366299240448	0.41001680791977985
4.545525121628295	1.7617657522864145	0.3802422926073618	0.41001680791977985
4.5521963855769965	1.7643024674690448	0.3802479631418955	0.41001680791977985
4.558867649525699	1.766839220531002	0.38025364152803676	0.41001680791977985
4.5655389134744	1.7693760115246489	0.38025932776617655	0.41001680791977985
4.572210177423102	1.7719128405023477	0.38026502185670563	0.41001680791977985
4.578881441371805	1.7744497075164611	0.380270723800015	0.41001680791977985
4.585552705320507	1.776986612619352	0.38027643359649543	0.41001680791977985
4.5922239692692095	1.779523555863382	0.3802821512465379	0.41001680791977985
4.598895233217911	1.7820605373009135	0.3802878767505333	0.41001680791977985
4.605566497166613	1.7845975569843087	0.38029361010887247	0.41001680791977985
4.612237761115314	1.7871346149659306	0.3802993513219463	0.41001680791977985
4.618909025064017	1.7896717112981415	0.3803051003901457	0.41001680791977985
4.62558028901272	1.7922088460333037	0.3803108573138615	0.41001680791977985
4.632251552961422	1.7947460192237794	0.38031662209348466	0.41001680791977985
4.638922816910124	1.7972832309219313	0.38032239472940604	0.41001680791977985
4.645594080858825	1.7998204811801213	0.3803281752220165	0.41001680791977985
4.652265344807527	1.8023577700507123	0.380333963571707	0.41001680791977985
4.658936608756229	1.8048950975860665	0.38033975977886836	0.41001680791977985
4.665607872704932	1.8074324638385462	0.38034556384389145	0.41001680791977985
4.672279136653634	1.8099698688605141	0.3803513757671672	0.41001680791977985
4.678950400602337	1.8125073127043323	0.3803571955490865	0.41001680791977985
4.6856216645510385	1.815044795422363	0.3803630231900402	0.41001680791977985
4.6922929284997394	1.8175823170669685	0.3803688586904192	0.41001680791977985
4.698964192448442	1.8201198776905123	0.3803747020506144	0.41001680791977985
4.705635456397144	1.8226574773453557	0.38038055327101666	0.41001680791977985
4.712306720345847	1.8251951160838615	0.3803864123520169	0.41001680791977985
4.718977984294549	1.827732793958392	0.38039227929400604	0.41001680791977985
4.725649248243251	1.8302705110213093	0.3803981540973749	0.41001680791977985
4.732320512191952	1.8328082673249761	0.38040403676251433	0.41001680791977985
4.738991776140654	1.8353460629217553	0.3804099272898153	0.41001680791977985
4.745663040089357	1.8378838978640084	0.3804158256796687	0.41001680791977985
4.752334304038059	1.8404217722040983	0.3804217319324653	0.41001680791977985
4.759005567986762	1.842959685994387	0.38042764604859614	0.41001680791977985
4.765676831935463	1.8454976392872373	0.380433568028452	0.41001680791977985
4.772348095884165	1.848035632135011	0.38043949787242387	0.41001680791977985
4.7790193598328665	1.8505736645900717	0.38044543558090255	0.41001680791977985
4.785690623781569	1.8531117367047805	0.3804513811542789	0.41001680791977985
4.792361887730272	1.8556498485315007	0.38045733459294384	0.41001680791977985
4.799033151678974	1.858188000122594	0.38046329589728833	0.41001680791977985
4.805704415627676	1.8607261915304227	0.3804692650677032	0.41001680791977985
4.812375679576377	1.86326442280735	0.3804752421045793	0.41001680791977985
4.81904694352508	1.8658026940057377	0.3804812270083075	0.41001680791977985
4.825718207473781	1.8683410051779485	0.3804872197792788	0.41001680791977985
4.832389471422484	1.8708793563763448	0.38049322041788397	0.41001680791977985
4.839060735371187	1.8734177476532885	0.380499228924514	0.41001680791977985
4.845731999319888	1.8759561790611423	0.38050524529955965	0.41001680791977985
4.85240326326859	1.8784946506522684	0.38051126954341197	0.41001680791977985
4.859074527217292	1.8810331624790297	0.3805173016564617	0.41001680791977985
4.8657457911659945	1.8835717145937885	0.3805233416390998	0.41001680791977985
4.872417055114696	1.8861103070489067	0.3805293894917171	0.41001680791977985
4.879088319063399	1.8886489398967472	0.38053544521470456	0.41001680791977985
4.8857595830121	1.8911876131896719	0.38054150880845306	0.41001680791977985
4.892430846960802	1.893726326980043	0.3805475802733534	0.41001680791977985
4.899102110909505	1.896265081320224	0.38055365960979654	0.41001680791977985
4.905773374858207	1.8988038762625767	0.3805597468181734	0.41001680791977985
4.912444638806909	1.9013427118594635	0.38056584189887477	0.41001680791977985
4.919115902755611	1.9038815881632463	0.38057194485229157	0.41001680791977985
4.925787166704313	1.9064205052262877	0.3805780556788147	0.41001680791977985
4.932458430653014	1.9089594631009503	0.38058417437883507	0.41001680791977985
4.939129694601717	1.9114984618395967	0.38059030095274354	0.41001680791977985
4.945800958550419	1.9140375014945894	0.38059643540093097	0.41001680791977985
4.952472222499122	1.91657658211829	0.3806025777237883	0.41001680791977985
4.959143486447824	1.9191157037630617	0.3806087279217064	0.41001680791977985
4.965814750396525	1.921654866481266	0.38061488599507615	0.41001680791977985
4.972486014345228	1.9241940703252665	0.3806210519442884	0.41001680791977985
4.979157278293929	1.9267333153474242	0.38062722576973407	0.41001680791977985
4.985828542242632	1.9292726016001027	0.3806334074718041	0.41001680791977985
4.992499806191334	1.9318119291356637	0.3806395970508893	0.41001680791977985
4.9991710701400365	1.93435129800647	0.38064579450738056	0.41001680791977985
5.005842334088738	1.9368907082648836	0.38065199984166875	0.41001680791977985
5.01251359803744	1.9394301599632673	0.3806582130541449	0.41001680791977985
5.019184861986142	1.9419696531539827	0.3806644341451997	0.41001680791977985
5.025856125934844	1.9445091878893934	0.38067066311522413	0.41001680791977985
5.032527389883547	1.9470487642218606	0.3806768999646091	0.41001680791977985
5.039198653832249	1.9495883822037476	0.3806831446937454	0.41001680791977985
5.0458699177809505	1.9521280418874163	0.3806893973030241	0.41001680791977985
5.052541181729653	1.954667743325229	0.3806956577928359	0.41001680791977985
5.059212445678354	1.9572074865695486	0.38070192616357174	0.41001680791977985
5.065883709627057	1.9597472716727369	0.38070820241562253	0.41001680791977985
5.072554973575759	1.962287098687157	0.38071448654937917	0.41001680791977985
5.079226237524462	1.9648269676651706	0.3807207785652325	0.41001680791977985
5.085897501473163	1.9673668786591398	0.3807270784635735	0.41001680791977985
5.092568765421865	1.9699068317214286	0.3807333862447929	0.41001680791977985
5.099240029370566	1.972446826904397	0.38073970190928175	0.41001680791977985
5.105911293319269	1.9749868642604098	0.3807460254574308	0.41001680791977985
5.112582557267972	1.9775269438418284	0.38075235688963105	0.41001680791977985
5.119253821216674	1.9800670657010149	0.3807586962062733	0.41001680791977985
5.125925085165376	1.9826072298903314	0.38076504340774847	0.41001680791977985
5.132596349114078	1.985147436462141	0.38077139849444747	0.41001680791977985
5.1392676130627795	1.9876876854688064	0.3807777614667611	0.41001680791977985
5.145938877011481	1.990227976962689	0.3807841323250804	0.41001680791977985
5.152610140960184	1.9927683109961518	0.3807905110697961	0.41001680791977985
5.159281404908887	1.995308687621557	0.3807968977012992	0.41001680791977985
5.165952668857588	1.997849106891267	0.3808032922199805	0.41001680791977985
5.172623932806291	2.0003895688576443	0.38080969462623093	0.41001680791977985
5.179295196754992	2.002930073573051	0.3808161049204414	0.41001680791977985
5.185966460703694	2.00547062108985	0.38082252310300274	0.41001680791977985
5.192637724652396	2.008011211460403	0.3808289491743058	0.41001680791977985
5.199308988601099	2.010551844737073	0.38083538313474163	0.41001680791977985
5.2059802525498	2.013092520972222	0.380841824984701	0.41001680791977985
5.212651516498503	2.0156332402182136	0.3808482747245748	0.41001680791977985
5.219322780447204	2.0181740025274078	0.3808547323547539	0.41001680791977985
5.2259940443959065	2.020714807952169	0.3808611978756292	0.41001680791977985
5.232665308344609	2.023255656544859	0.3808676712875917	0.41001680791977985
5.239336572293311	2.02579654835784	0.38087415259103213	0.41001680791977985
5.246007836242013	2.028337483443474	0.3808806417863414	0.41001680791977985
5.252679100190715	2.0308784618541247	0.38088713887391046	0.41001680791977985
5.259350364139417	2.0334194836421533	0.38089364385413016	0.41001680791977985
5.266021628088119	2.0359605488599226	0.3809001567273914	0.41001680791977985
5.2726928920368215	2.038501657559795	0.3809066774940851	0.41001680791977985
5.279364155985524	2.041042809794133	0.38091320615460206	0.41001680791977985
5.286035419934225	2.043584005615299	0.3809197427093332	0.41001680791977985
5.292706683882928	2.046125245075655	0.38092628715866944	0.41001680791977985
5.299377947831629	2.0486665282275633	0.38093283950300166	0.41001680791977985
5.306049211780332	2.0512078551233874	0.38093939974272073	0.41001680791977985
5.312720475729034	2.0537492258154884	0.38094596787821755	0.41001680791977985
5.319391739677736	2.0562906403562295	0.3809525439098829	0.41001680791977985
5.326063003626438	2.0588320987979722	0.38095912783810787	0.41001680791977985
5.33273426757514	2.0613736011930803	0.3809657196632832	0.41001680791977985
5.339405531523842	2.0639151475939146	0.38097231938579984	0.41001680791977985
5.346076795472544	2.066456738052839	0.3809789270060486	0.41001680791977985
5.352748059421247	2.0689983726222145	0.3809855425244204	0.41001680791977985
5.3594193233699485	2.0715400513544044	0.3809921659413062	0.41001680791977985
5.36609058731865	2.0740817743017708	0.38099879725709684	0.41001680791977985
5.372761851267352	2.0766235415166765	0.38100543647218316	0.41001680791977985
5.379433115216054	2.079165353051483	0.38101208358695604	0.41001680791977985
5.386104379164757	2.0817072089585533	0.38101873860180646	0.41001680791977985
5.392775643113459	2.08424910929025	0.3810254015171253	0.41001680791977985
5.399446907062162	2.086791054098935	0.38103207233330333	0.41001680791977985
5.406118171010863	2.089333043436971	0.3810387510507315	0.41001680791977985
5.412789434959565	2.09187507735672	0.38104543766980076	0.41001680791977985
5.419460698908266	2.094417155910545	0.3810521321909019	0.41001680791977985
5.426131962856969	2.096959279150808	0.38105883461442586	0.41001680791977985
5.432803226805672	2.0995014471298714	0.3810655449407635	0.41001680791977985
5.439474490754374	2.1020436599000973	0.38107226317030574	0.41001680791977985
5.446145754703076	2.1045859175138486	0.3810789893034434	0.41001680791977985
5.4528170186517775	2.1071282200234878	0.38108572334056745	0.41001680791977985
5.459488282600479	2.1096705674813765	0.3810924652820687	0.41001680791977985
5.466159546549181	2.112212959939878	0.3810992151283381	0.41001680791977985
5.472830810497884	2.114755397451354	0.38110597287976655	0.41001680791977985
5.479502074446586	2.1172978800681674	0.3811127385367448	0.41001680791977985
5.486173338395288	2.11984040784268	0.38111951209966394	0.41001680791977985
5.4928446023439905	2.122382980827255	0.3811262935689147	0.41001680791977985
5.4995158662926915	2.124925599074254	0.381133082944888	0.41001680791977985
5.506187130241394	2.1274682626360395	0.3811398802279748	0.41001680791977985
5.512858394190096	2.1300109715649747	0.3811466854185659	0.41001680791977985
5.519529658138799	2.1325537259134215	0.38115349851705216	0.41001680791977985
5.5262009220875	2.1350965257337413	0.38116031952382456	0.41001680791977985
5.532872186036203	2.1376393710782984	0.38116714843927396	0.41001680791977985
5.539543449984904	2.1401822619994535	0.38117398526379126	0.41001680791977985
5.546214713933606	2.14272519854957	0.3811808299977673	0.41001680791977985
5.552885977882309	2.1452681807810103	0.381187682641593	0.41001680791977985
5.559557241831011	2.147811208746136	0.38119454319565915	0.41001680791977985
5.566228505779713	2.1503542824973096	0.3812014116603568	0.41001680791977985
5.572899769728415	2.1528974020868943	0.38120828803607676	0.41001680791977985
5.579571033677117	2.155440567567252	0.38121517232320984	0.41001680791977985
5.586242297625819	2.157983778990745	0.3812220645221471	0.41001680791977985
5.592913561574521	2.1605270364097358	0.38122896463327927	0.41001680791977985
5.599584825523224	2.163070339876587	0.38123587265699727	0.41001680791977985
5.606256089471925	2.1656136894436604	0.38124278859369204	0.41001680791977985
5.612927353420628	2.1681570851633194	0.3812497124437544	0.41001680791977985
5.619598617369329	2.1707005270879245	0.3812566442075753	0.41001680791977985
5.626269881318032	2.1732440152698405	0.3812635838855456	0.41001680791977985
5.6329411452667335	2.1757875497614285	0.3812705314780562	0.41001680791977985
5.639612409215436	2.178331130615051	0.3812774869854979	0.41001680791977985
5.646283673164137	2.18087475788307	0.3812844504082617	0.41001680791977985
5.65295493711284	2.1834184316178487	0.38129142174673847	0.41001680791977985
5.659626201061542	2.1859621518717485	0.381298401001319	0.41001680791977985
5.666297465010244	2.188505918697133	0.3813053881723943	0.41001680791977985
5.6729687289589465	2.191049732146364	0.3813123832603552	0.41001680791977985
5.679639992907648	2.193593592271804	0.3813193862655926	0.41001680791977985
5.68631125685635	2.1961374991258147	0.3813263971884973	0.41001680791977985
5.692982520805052	2.198681452760759	0.38133341602946036	0.41001680791977985
5.699653784753754	2.201225453229	0.38134044278887247	0.41001680791977985
5.706325048702457	2.2037695005828994	0.38134747746712466	0.41001680791977985
5.712996312651159	2.206313594874819	0.3813545200646078	0.41001680791977985
5.7196675765998615	2.2088577361571224	0.3813615705817127	0.41001680791977985
5.7263388405485625	2.2114019244821708	0.3813686290188303	0.41001680791977985
5.733010104497265	2.213946159902328	0.3813756953763515	0.41001680791977985
5.739681368445966	2.2164904424699543	0.38138276965466716	0.41001680791977985
5.746352632394669	2.2190347722374146	0.3813898518541681	0.41001680791977985
5.753023896343371	2.2215791492570696	0.3813969419752454	0.41001680791977985
5.759695160292074	2.2241235735812825	0.38140404001828976	0.41001680791977985
5.7663664242407755	2.226668045262415	0.38141114598369213	0.41001680791977985
5.773037688189477	2.2292125643528298	0.3814182598718434	0.41001680791977985
5.779708952138179	2.231757130904889	0.38142538168313445	0.41001680791977985
5.786380216086881	2.234301744970956	0.3814325114179562	0.41001680791977985
5.793051480035584	2.236846406603392	0.38143964907669947	0.41001680791977985
5.799722743984286	2.23939111585456	0.3814467946597552	0.41001680791977985
5.8063940079329885	2.2419358727768226	0.3814539481675142	0.41001680791977985
5.81306527188169	2.2444806774225414	0.3814611096003675	0.41001680791977985
5.819736535830391	2.2470255298440795	0.38146827895870583	0.41001680791977985
5.826407799779094	2.249570430093799	0.38147545624292023	0.41001680791977985
5.833079063727796	2.2521153782240626	0.38148264145340144	0.41001680791977985
5.839750327676499	2.254660374287232	0.3814898345905404	0.41001680791977985
5.846421591625201	2.257205418335671	0.38149703565472803	0.41001680791977985
5.853092855573903	2.2597505104217395	0.38150424464635524	0.41001680791977985
5.859764119522604	2.262295650597802	0.3815114615658128	0.41001680791977985
5.866435383471306	2.2648408389162205	0.3815186864134917	0.41001680791977985
5.873106647420009	2.2673860754293576	0.3815259191897828	0.41001680791977985
5.879777911368711	2.2699313601895748	0.38153315989507697	0.41001680791977985
5.886449175317414	2.272476693249235	0.38154040852976506	0.41001680791977985
5.893120439266115	2.2750220746607	0.38154766509423804	0.41001680791977985
5.899791703214817	2.2775675044763335	0.38155492958888676	0.41001680791977985
5.9064629671635185	2.2801129827484967	0.3815622020141021	0.41001680791977985
5.913134231112221	2.2826585095295524	0.38156948237027494	0.41001680791977985
5.919805495060924	2.2852040848718636	0.3815767706577962	0.41001680791977985
5.926476759009626	2.287749708827792	0.38158406687705676	0.41001680791977985
5.933148022958328	2.2902953814496994	0.3815913710284474	0.41001680791977985
5.939819286907029	2.292841102789949	0.38159868311235917	0.41001680791977985
5.9464905508557315	2.2953868729009033	0.38160600312918286	0.41001680791977985
5.953161814804433	2.2979326918349248	0.3816133310793094	0.41001680791977985
5.959833078753136	2.3004785596443758	0.38162066696312963	0.41001680791977985
5.966504342701839	2.303024476381618	0.3816280107810345	0.41001680791977985
5.97317560665054	2.3055704431872526	0.3816353626687494	0.41001680791977985
5.979846870599242	2.3081164619121926	0.38164272285032685	0.41001680791977985
5.986518134547944	2.310662529675115	0.3816500909613249	0.41001680791977985
5.9931893984966464	2.313208646529839	0.3816574670023279	0.41001680791977985
5.999860662445348	2.3157548125301823	0.38166485097392006	0.41001680791977985
6.006531926394051	2.318301027729964	0.3816722428766858	0.41001680791977985
6.013203190342752	2.320847292183003	0.38167964271120924	0.41001680791977985
6.019874454291454	2.3233936059431173	0.3816870504780749	0.41001680791977985
6.026545718240157	2.325939969064127	0.3816944661778669	0.41001680791977985
6.033216982188859	2.3284863815998507	0.3817018898111696	0.41001680791977985
6.039888246137561	2.331032843604106	0.38170932137856733	0.41001680791977985
6.046559510086263	2.3335793551307127	0.3817167608806443	0.41001680791977985
6.053230774034965	2.3361259162334886	0.3817242083179849	0.41001680791977985
6.059902037983666	2.338672526966253	0.38173166369117345	0.41001680791977985
6.066573301932369	2.3412191873828254	0.3817391270007941	0.41001680791977985
6.073244565881071	2.3437658975370237	0.38174659824743123	0.41001680791977985
6.0799158298297735	2.3463126574826667	0.38175407743166917	0.41001680791977985
6.086587093778476	2.348859467273573	0.3817615645540922	0.41001680791977985
6.093258357727177	2.351406326963562	0.38176905961528457	0.41001680791977985
6.099929621675879	2.353953236606452	0.3817765626158306	0.41001680791977985
6.106600885624581	2.356500196256062	0.3817840735563146	0.41001680791977985
6.113272149573284	2.3590472059662106	0.38179159243732086	0.41001680791977985
6.119943413521986	2.3615942657907167	0.3817991192594337	0.41001680791977985
6.126614677470688	2.364141375783399	0.3818066540232374	0.41001680791977985
6.13328594141939	2.366688535998076	0.3818141967293162	0.41001680791977985
6.139957205368091	2.3692357464885663	0.3818217473782545	0.41001680791977985
6.146628469316794	2.37178300730869	0.38182930597063647	0.41001680791977985
6.153299733265496	2.374330318512264	0.38183687250704657	0.41001680791977985
6.159970997214199	2.376877680153109	0.38184444698806896	0.41001680791977985
6.166642261162901	2.379425092285042	0.381852029414288	0.41001680791977985
6.1733135251116025	2.3819725549618824	0.3818596197862879	0.41001680791977985
6.1799847890603035	2.384520068237449	0.38186721810465313	0.41001680791977985
6.186656053009006	2.3870676321655613	0.38187482436996784	0.41001680791977985
6.193327316957709	2.3896152468000373	0.38188243858281634	0.41001680791977985
6.199998580906411	2.3921629121946957	0.381890060743783	0.41001680791977985
6.206669844855114	2.3947106284033555	0.38189769085345204	0.41001680791977985
6.213341108803815	2.3972583954798345	0.38190532891240786	0.41001680791977985
6.2200123727525165	2.399806213477953	0.3819129749212346	0.41001680791977985
6.226683636701218	2.402354082451529	0.3819206288805167	0.41001680791977985
6.233354900649921	2.4049020024543815	0.3819282907908384	0.41001680791977985
6.240026164598624	2.4074499735403294	0.38193596065278396	0.41001680791977985
6.246697428547326	2.4099979957631907	0.38194363846693774	0.41001680791977985
6.253368692496029	2.412546069176785	0.381951324233884	0.41001680791977985
6.260039956444729	2.4150941938349297	0.38195901795420706	0.41001680791977985
6.266711220393431	2.4176423697914458	0.38196671962849116	0.41001680791977985
6.273382484342133	2.4201905971001505	0.3819744292573207	0.41001680791977985
6.280053748290836	2.4227388758148627	0.3819821468412799	0.41001680791977985
6.286725012239538	2.4252872059894015	0.38198987238095305	0.41001680791977985
6.293396276188241	2.4278355876775857	0.3819976058769245	0.41001680791977985
6.300067540136942	2.4303840209332326	0.3820053473297785	0.41001680791977985
6.306738804085644	2.4329325058101636	0.38201309674009937	0.41001680791977985
6.313410068034346	2.4354810423621958	0.38202085410847136	0.41001680791977985
6.320081331983048	2.438029630643148	0.3820286194354789	0.41001680791977985
6.326752595931751	2.4405782707068395	0.3820363927217061	0.41001680791977985
6.333423859880453	2.4431269626070886	0.3820441739677374	0.41001680791977985
6.340095123829154	2.4456757063977137	0.382051963174157	0.41001680791977985
6.346766387777856	2.448224502132535	0.3820597603415493	0.41001680791977985
6.3534376517265585	2.4507733498653703	0.3820675654704985	0.41001680791977985
6.360108915675261	2.453322249650038	0.38207537856158896	0.41001680791977985
6.366780179623963	2.455871201540358	0.382083199615405	0.41001680791977985
6.373451443572666	2.458420205590148	0.3820910286325308	0.41001680791977985
6.380122707521366	2.460969261853226	0.3820988656135507	0.41001680791977985
6.386793971470069	2.463518370383413	0.3821067105590491	0.41001680791977985
6.393465235418771	2.4660675312345264	0.3821145634696102	0.41001680791977985
6.400136499367473	2.4686167444603853	0.3821224243458183	0.41001680791977985
6.406807763316176	2.4711660101148083	0.3821302931882577	0.41001680791977985
6.413479027264878	2.4737153282516147	0.38213816999751277	0.41001680791977985
6.420150291213579	2.4762646989246213	0.3821460547741677	0.41001680791977985
6.426821555162281	2.4788141221876496	0.3821539475188068	0.41001680791977985
6.433492819110984	2.481363598094517	0.3821618482320145	0.41001680791977985
6.440164083059686	2.483913126699042	0.3821697569143749	0.41001680791977985
6.446835347008388	2.4864627080550443	0.3821776735664724	0.41001680791977985
6.453506610957091	2.4890123422163417	0.38218559818889136	0.41001680791977985
6.460177874905791	2.491562029236753	0.38219353078221596	0.41001680791977985
6.466849138854494	2.4941117691700976	0.38220147134703053	0.41001680791977985
6.473520402803196	2.4966615620701944	0.38220941988391943	0.41001680791977985
6.480191666751899	2.4992114079908614	0.38221737639346687	0.41001680791977985
6.4868629307006005	2.5017613069859177	0.3822253408762572	0.41001680791977985
6.493534194649303	2.5043112591091825	0.3822333133328747	0.41001680791977985
6.500205458598003	2.5068612644144728	0.38224129376390364	0.41001680791977985
6.506876722546706	2.50941132295561	0.3822492821699284	0.41001680791977985
6.513547986495409	2.5119614347864108	0.38225727855153313	0.41001680791977985
6.520219250444111	2.514511599960695	0.3822652829093023	0.41001680791977985
6.5268905143928135	2.5170618185322815	0.3822732952438201	0.41001680791977985
6.533561778341515	2.5196120905549884	0.3822813155556708	0.41001680791977985
6.540233042290216	2.522162416082634	0.38228934384543883	0.41001680791977985
6.546904306238918	2.5247127951690382	0.38229738011370834	0.41001680791977985
6.553575570187621	2.527263227868019	0.38230542436106374	0.41001680791977985
6.560246834136323	2.5298137142333963	0.38231347658808923	0.41001680791977985
6.566918098085026	2.532364254318988	0.3823215367953692	0.41001680791977985
6.5735893620337285	2.5349148481786123	0.38232960498348784	0.41001680791977985
6.580260625982429	2.5374654958660883	0.3823376811530295	0.41001680791977985
6.586931889931131	2.5400161974352353	0.38234576530457853	0.41001680791977985
6.593603153879833	2.5425669529398722	0.3823538574387192	0.41001680791977985
6.600274417828536	2.5451177624338173	0.38236195755603575	0.41001680791977985
6.606945681777238	2.547668625970889	0.3823700656571125	0.41001680791977985
6.613616945725941	2.550219543604907	0.3823781817425338	0.41001680791977985
6.620288209674641	2.5527705153896885	0.3823863058128839	0.41001680791977985
6.6269594736233435	2.555321541379054	0.3823944378687471	0.41001680791977985
6.633630737572046	2.5578726216268217	0.3824025779107077	0.41001680791977985
6.640302001520748	2.56042375618681	0.38241072593935	0.41001680791977985
6.646973265469451	2.5629749451128383	0.38241888195525825	0.41001680791977985
6.653644529418153	2.565526188458725	0.38242704595901683	0.41001680791977985
6.660315793366854	2.5680774862782876	0.38243521795121	0.41001680791977985
6.666987057315556	2.570628838625347	0.38244339793242205	0.41001680791977985
6.673658321264258	2.573180245553721	0.38245158590323725	0.41001680791977985
6.680329585212961	2.5757317071172285	0.38245978186423996	0.41001680791977985
6.687000849161663	2.578283223369688	0.38246798581601443	0.41001680791977985
6.693672113110366	2.580834794364918	0.38247619775914493	0.41001680791977985
6.700343377059066	2.583386420156738	0.3824844176942159	0.41001680791977985
6.707014641007769	2.585938100798966	0.38249264562181146	0.41001680791977985
6.7136859049564706	2.5884898363454223	0.38250088154251594	0.41001680791977985
6.720357168905173	2.5910416268499237	0.38250912545691373	0.41001680791977985
6.727028432853876	2.5935934723662903	0.3825173773655891	0.41001680791977985
6.733699696802578	2.59614537294834	0.3825256372691263	0.41001680791977985
6.740370960751279	2.5986973286498913	0.3825339051681096	0.41001680791977985
6.747042224699981	2.6012493395247644	0.3825421810631234	0.41001680791977985
6.753713488648684	2.6038014056267773	0.3825504649547519	0.41001680791977985
6.7603847525973855	2.606353527009749	0.3825587568435795	0.41001680791977985
6.767056016546088	2.6089057037274976	0.38256705673019037	0.41001680791977985
6.773727280494791	2.6114579358338426	0.3825753646151689	0.41001680791977985
6.780398544443491	2.6140102233826013	0.3825836804990993	0.41001680791977985
6.787069808392194	2.6165625664275947	0.38259200438256596	0.41001680791977985
6.793741072340896	2.6191149650226397	0.3826003362661532	0.41001680791977985
6.8004123362895985	2.6216674192215565	0.3826086761504452	0.41001680791977985
6.8070836002383	2.624219929078163	0.3826170240360263	0.41001680791977985
6.813754864187003	2.626772494646278	0.38262537992348084	0.41001680791977985
6.820426128135703	2.6293251159797197	0.38263374381339305	0.41001680791977985
6.827097392084406	2.6318777931323085	0.3826421157063473	0.41001680791977985
6.833768656033109	2.6344305261578618	0.38265049560292785	0.41001680791977985
6.840439919981811	2.636983315110199	0.38265888350371896	0.41001680791977985
6.847111183930513	2.639536160043139	0.382667279409305	0.41001680791977985
6.853782447879215	2.6420890610104997	0.3826756833202702	0.41001680791977985
6.860453711827916	2.6446420180660994	0.38268409523719893	0.41001680791977985
6.867124975776618	2.647195031263759	0.3826925151606754	0.41001680791977985
6.873796239725321	2.649748100657296	0.38270094309128394	0.41001680791977985
6.880467503674023	2.652301226300529	0.3827093790296089	0.41001680791977985
6.887138767622726	2.654854408247277	0.3827178229762345	0.41001680791977985
6.893810031571428	2.657407646551359	0.3827262749317451	0.41001680791977985
6.9004812955201285	2.659960941266593	0.38273473489672494	0.41001680791977985
6.907152559468831	2.6625142924467986	0.3827432028717584	0.41001680791977985
6.913823823417533	2.6650677001457943	0.38275167885742967	0.41001680791977985
6.920495087366236	2.667621164417399	0.38276016285432307	0.41001680791977985
6.927166351314938	2.6701746853154313	0.382768654863023	0.41001680791977985
6.9338376152636405	2.6727282628937097	0.38277715488411357	0.41001680791977985
6.940508879212341	2.6752818972060526	0.3827856629181793	0.41001680791977985
6.947180143161043	2.67783558830628	0.3827941789658043	0.41001680791977985
6.953851407109746	2.68038933624821	0.38280270302757297	0.41001680791977985
6.960522671058448	2.6829431410856612	0.38281123510406956	0.41001680791977985
6.967193935007151	2.685497002872453	0.3828197751958784	0.41001680791977985
6.973865198955853	2.6880509216624033	0.38282832330358374	0.41001680791977985
6.980536462904554	2.690604897509331	0.3828368794277699	0.41001680791977985
6.9872077268532555	2.6931589304670553	0.3828454435690212	0.41001680791977985
6.993878990801958	2.695713020589395	0.38285401572792194	0.41001680791977985
7.000550254750661	2.698267167930169	0.3828625959050564	0.41001680791977985
7.007221518699363	2.7008213725431953	0.38287118410100884	0.41001680791977985
7.013892782648066	2.7033756344822932	0.3828797803163636	0.41001680791977985
7.020564046596766	2.7059299538012804	0.382888384551705	0.41001680791977985
7.027235310545469	2.7084843305539774	0.3828969968076173	0.41001680791977985
7.0339065744941704	2.7110387647942025	0.38290561708468474	0.41001680791977985
7.040577838442873	2.713593256575774	0.3829142453834917	0.41001680791977985
7.047249102391576	2.7161478059525104	0.38292288170462246	0.41001680791977985
7.053920366340278	2.718702412978231	0.3829315260486613	0.41001680791977985
7.060591630288979	2.721257077706754	0.3829401784161926	0.41001680791977985
7.067262894237681	2.723811800191899	0.3829488388078005	0.41001680791977985
7.0739341581863835	2.7263665804874844	0.3829575072240694	0.41001680791977985
7.080605422135085	2.728921418647329	0.3829661836655836	0.41001680791977985
7.087276686083788	2.7314763147252514	0.3829748681329273	0.41001680791977985
7.09394795003249	2.73403126877507	0.3829835606266849	0.41001680791977985
7.100619213981191	2.7365862808506036	0.3829922611474407	0.41001680791977985
7.107290477929894	2.739141351005672	0.383000969695779	0.41001680791977985
7.113961741878596	2.7416964792940934	0.383009686272284	0.41001680791977985
7.120633005827298	2.7442516657696867	0.38301841087754007	0.41001680791977985
7.127304269776	2.74680691048627	0.38302714351213146	0.41001680791977985
7.133975533724703	2.7493622134976627	0.3830358841766425	0.41001680791977985
7.140646797673403	2.7519175748576825	0.3830446328716576	0.41001680791977985
7.147318061622106	2.7544729946201496	0.3830533895977608	0.41001680791977985
7.153989325570808	2.7570284728388823	0.3830621543555366	0.41001680791977985
7.160660589519511	2.7595840095676993	0.38307092714556923	0.41001680791977985
7.167331853468213	2.762139604860419	0.383079707968443	0.41001680791977985
7.174003117416915	2.764695258770861	0.3830884968247422	0.41001680791977985
7.180674381365616	2.7672509713528424	0.38309729371505113	0.41001680791977985
7.187345645314318	2.769806742660184	0.38310609863995404	0.41001680791977985
7.194016909263021	2.7723625727467036	0.3831149116000353	0.41001680791977985
7.200688173211723	2.7749184616662195	0.38312373259587923	0.41001680791977985
7.2073594371604255	2.7774744094725516	0.38313256162807	0.41001680791977985
7.214030701109128	2.780030416219518	0.383141398697192	0.41001680791977985
7.220701965057828	2.7825864819609363	0.3831502438038295	0.41001680791977985
7.227373229006531	2.7851426067506275	0.3831590969485668	0.41001680791977985
7.234044492955233	2.787698790642409	0.38316795813198823	0.41001680791977985
7.240715756903936	2.7902550336901	0.383176827354678	0.41001680791977985
7.247387020852638	2.7928113359475195	0.3831857046172205	0.41001680791977985
7.25405828480134	2.7953676974684853	0.3831945899202	0.41001680791977985
7.2607295487500405	2.797924118306817	0.3832034832642008	0.41001680791977985
7.267400812698743	2.800480598516333	0.3832123846498071	0.41001680791977985
7.274072076647446	2.8030371381508523	0.38322129407760336	0.41001680791977985
7.280743340596148	2.8055937372641933	0.38323021154817377	0.41001680791977985
7.287414604544851	2.8081503959101757	0.38323913706210266	0.41001680791977985
7.294085868493553	2.810707114142617	0.3832480706199743	0.41001680791977985
7.3007571324422535	2.813263892015336	0.383257012222373	0.41001680791977985
7.307428396390955	2.8158207295821525	0.3832659618698831	0.41001680791977985
7.314099660339658	2.818377626896885	0.38327491956308885	0.41001680791977985
7.320770924288361	2.8209345840133517	0.3832838853025745	0.41001680791977985
7.327442188237063	2.8234916009853723	0.38329285908892446	0.41001680791977985
7.334113452185766	2.8260486778667646	0.38330184092272296	0.41001680791977985
7.340784716134466	2.8286058147113464	0.3833108308045543	0.41001680791977985
7.3474559800831685	2.831163011572939	0.3833198287350028	0.41001680791977985
7.35412724403187	2.8337202685053597	0.38332883471465273	0.41001680791977985
7.360798507980573	2.836277585562428	0.3833378487440884	0.41001680791977985
7.367469771929276	2.8388349627979617	0.38334687082389407	0.41001680791977985
7.374141035877978	2.8413924002657804	0.3833559009546541	0.41001680791977985
7.380812299826679	2.8439498980197015	0.38336493913695274	0.41001680791977985
7.387483563775381	2.846507456113545	0.38337398537137435	0.41001680791977985
7.394154827724083	2.84906507460113	0.3833830396585031	0.41001680791977985
7.400826091672785	2.8516227535362746	0.38339210199892343	0.41001680791977985
7.407497355621488	2.854180492972797	0.3834011723932195	0.41001680791977985
7.41416861957019	2.8567382929645175	0.3834102508419758	0.41001680791977985
7.420839883518891	2.8592961535652526	0.3834193373457764	0.41001680791977985
7.427511147467593	2.8618540748288233	0.3834284319052057	0.41001680791977985
7.4341824114162955	2.8644120568090474	0.38343753452084806	0.41001680791977985
7.440853675364998	2.866970099559744	0.3834466451932877	0.41001680791977985
7.4475249393137	2.869528203134731	0.3834557639231089	0.41001680791977985
7.454196203262403	2.872086367587828	0.383464890710896	0.41001680791977985
7.460867467211103	2.874644592972853	0.3834740255572333	0.41001680791977985
7.467538731159806	2.8772028793436255	0.3834831684627051	0.41001680791977985
7.474209995108508	2.8797612267539643	0.38349231942789563	0.41001680791977985
7.4808812590572105	2.882319635257688	0.3835014784533893	0.41001680791977985
7.487552523005913	2.884878104908615	0.3835106455397703	0.41001680791977985
7.494223786954615	2.8874366357605648	0.38351982068762297	0.41001680791977985
7.500895050903316	2.8899952278673546	0.38352900389753164	0.41001680791977985
7.507566314852018	2.8925538812828053	0.38353819517008053	0.41001680791977985
7.514237578800721	2.8951125960607342	0.38354739450585396	0.41001680791977985
7.520908842749423	2.8976713722549605	0.3835566019054363	0.41001680791977985
7.527580106698125	2.900230209919303	0.38356581736941175	0.41001680791977985
7.534251370646828	2.90278910910758	0.3835750408983647	0.41001680791977985
7.540922634595528	2.9053480698736105	0.38358427249287935	0.41001680791977985
7.547593898544231	2.907907092271214	0.38359351215354004	0.41001680791977985
7.554265162492933	2.9104661763542086	0.3836027598809311	0.41001680791977985
7.560936426441636	2.9130253221764133	0.3836120156756368	0.41001680791977985
7.5676076903903375	2.9155845297916465	0.38362127953824143	0.41001680791977985
7.57427895433904	2.918143799253727	0.38363055146932923	0.41001680791977985
7.58095021828774	2.9207031306164732	0.3836398314694846	0.41001680791977985
7.587621482236443	2.923262523933705	0.3836491195392918	0.41001680791977985
7.594292746185146	2.925821979259241	0.3836584156793351	0.41001680791977985
7.600964010133848	2.9283814966468986	0.3836677198901988	0.41001680791977985
7.607635274082551	2.930941076150498	0.3836770321724673	0.41001680791977985
7.6143065380312525	2.9335007178238572	0.3836863525267247	0.41001680791977985
7.6209778019799534	2.9360604217207946	0.3836956809535555	0.41001680791977985
7.627649065928655	2.9386201878951304	0.38370501745354385	0.41001680791977985
7.634320329877358	2.9411800164006827	0.3837143620272741	0.41001680791977985
7.640991593826061	2.9437399072912696	0.38372371467533056	0.41001680791977985
7.647662857774763	2.9462998606207105	0.3837330753982975	0.41001680791977985
7.6543341217234655	2.9488598764428238	0.38374244419675924	0.41001680791977985
7.661005385672166	2.951419954811428	0.3837518210713	0.41001680791977985
7.667676649620868	2.9539800957803433	0.38376120602250424	0.41001680791977985
7.67434791356957	2.956540299403387	0.3837705990509561	0.41001680791977985
7.681019177518273	2.9591005657343787	0.38378000015723995	0.41001680791977985
7.687690441466975	2.9616608948271366	0.38378940934194006	0.41001680791977985
7.694361705415678	2.9642212867354796	0.3837988266056408	0.41001680791977985
7.701032969364378	2.9667817415132256	0.3838082519489263	0.41001680791977985
7.7077042333130805	2.969342259214195	0.38381768537238103	0.41001680791977985
7.714375497261783	2.9719028398922065	0.3838271268765892	0.41001680791977985
7.721046761210485	2.9744634836010775	0.38383657646213515	0.41001680791977985
7.727718025159188	2.977024190394628	0.38384603412960316	0.41001680791977985
7.73438928910789	2.979584960326676	0.3838554998795775	0.41001680791977985
7.741060553056591	2.98214579345104	0.3838649737126425	0.41001680791977985
7.747731817005293	2.9847066898215395	0.3838744556293824	0.41001680791977985
7.754403080953995	2.9872676494919936	0.3838839456303816	0.41001680791977985
7.761074344902698	2.9898286725162198	0.38389344371622425	0.41001680791977985
7.7677456088514	2.992389758948038	0.3839029498874948	0.41001680791977985
7.774416872800103	2.9949509088412665	0.3839124641447774	0.41001680791977985
7.781088136748803	2.9975121222497236	0.38392198648865655	0.41001680791977985
7.787759400697506	3.0000733992272286	0.38393151691971633	0.41001680791977985
7.794430664646208	3.0026347398276005	0.3839410554385412	0.41001680791977985
7.80110192859491	3.0051961441046577	0.3839506020457153	0.41001680791977985
7.807773192543613	3.0077576121122194	0.38396015674182304	0.41001680791977985
7.814444456492315	3.0103191439041037	0.38396971952744874	0.41001680791977985
7.821115720441016	3.0128807395341286	0.3839792904031766	0.41001680791977985
7.827786984389718	3.0154423990561146	0.3839888693695909	0.41001680791977985
7.834458248338421	3.0180041225238803	0.3839984564272761	0.41001680791977985
7.8411295122871225	3.0205659099912436	0.3840080515768164	0.41001680791977985
7.847800776235825	3.023127761512024	0.384017654818796	0.41001680791977985
7.854472040184528	3.025689677140039	0.3840272661537994	0.41001680791977985
7.861143304133228	3.028251656929108	0.3840368855824107	0.41001680791977985
7.867814568081931	3.0308137009330505	0.3840465131052143	0.41001680791977985
7.874485832030633	3.033375809205685	0.38405614872279453	0.41001680791977985
7.881157095979336	3.03593798180083	0.3840657924357356	0.41001680791977985
7.887828359928037	3.0385002187723043	0.3840754442446218	0.41001680791977985
7.89449962387674	3.0410625201739263	0.3840851041500375	0.41001680791977985
7.90117088782544	3.0436248860595145	0.384094772152567	0.41001680791977985
7.907842151774143	3.046187316482889	0.3841044482527945	0.41001680791977985
7.914513415722846	3.0487498114978675	0.3841141324513044	0.41001680791977985
7.921184679671548	3.0513123711582693	0.38412382474868095	0.41001680791977985
7.9278559436202505	3.053874995517913	0.38413352514550847	0.41001680791977985
7.934527207568952	3.056437684630617	0.3841432336423712	0.41001680791977985
7.941198471517655	3.0590004385502008	0.38415295023985346	0.41001680791977985
7.947869735466355	3.0615632573304814	0.3841626749385396	0.41001680791977985
7.954540999415058	3.0641261410252802	0.3841724077390139	0.41001680791977985
7.96121226336376	3.0666890896884142	0.3841821486418606	0.41001680791977985
7.967883527312463	3.0692521033737026	0.38419189764766404	0.41001680791977985
7.974554791261165	3.0718151821349644	0.3842016547570085	0.41001680791977985
7.981226055209867	3.074378326026018	0.3842114199704783	0.41001680791977985
7.987897319158568	3.0769415351006817	0.3842211932886577	0.41001680791977985
7.99456858310727	3.0795048094127755	0.384230974712131	0.41001680791977985
8.001239847055972	3.0820681490161173	0.3842407642414826	0.41001680791977985
8.007911111004676	3.084631553964526	0.38425056187729667	0.41001680791977985
8.014582374953378	3.087195024311821	0.38426036762015753	0.41001680791977985
8.02125363890208	3.08975856011182	0.3842701814706495	0.41001680791977985
8.027924902850781	3.0923221614183416	0.38428000342935686	0.41001680791977985
8.034596166799483	3.094885828285206	0.38428983349686396	0.41001680791977985
8.041267430748185	3.097449560766231	0.384299671673755	0.41001680791977985
8.047938694696887	3.100013358915236	0.38430951796061436	0.41001680791977985
8.05460995864559	3.1025772227860386	0.3843193723580263	0.41001680791977985
8.061281222594292	3.105141152432459	0.38432923486657516	0.41001680791977985
8.067952486542993	3.1077051479083138	0.3843391054868452	0.41001680791977985
8.074623750491696	3.110269209267424	0.38434898421942065	0.41001680791977985
8.081295014440398	3.112833336563608	0.3843588710648859	0.41001680791977985
8.0879662783891	3.115397529850684	0.3843687660238253	0.41001680791977985
8.094637542337802	3.1179617891824707	0.384378669096823	0.41001680791977985
8.101308806286506	3.1205261146127867	0.3843885802844634	0.41001680791977985
8.107980070235206	3.123090506195451	0.3843984995873307	0.41001680791977985
8.114651334183907	3.1256549639842826	0.3844084270060093	0.41001680791977985
8.12132259813261	3.1282194880331007	0.38441836254108347	0.41001680791977985
8.127993862081313	3.130784078395723	0.38442830619313745	0.41001680791977985
8.134665126030015	3.133348735125969	0.3844382579627556	0.41001680791977985
8.141336389978717	3.135913458277657	0.3844482178505222	0.41001680791977985
8.148007653927419	3.1384782479046054	0.3844581858570215	0.41001680791977985
8.15467891787612	3.141043104060634	0.3844681619828379	0.41001680791977985
8.161350181824822	3.143608026799561	0.38447814622855564	0.41001680791977985
8.168021445773524	3.1461730161752057	0.384488138594759	0.41001680791977985
8.174692709722228	3.148738072241386	0.38449813908203223	0.41001680791977985
8.18136397367093	3.1513031950519217	0.38450814769095976	0.41001680791977985
8.18803523761963	3.1538683846606297	0.3845181644221258	0.41001680791977985
8.194706501568334	3.1564336411213305	0.3845281892761146	0.41001680791977985
8.201377765517035	3.158998964487843	0.38453822225351053	0.41001680791977985
8.208049029465737	3.1615643548139847	0.3845482633548979	0.41001680791977985
8.21472029341444	3.164129812153575	0.384558312580861	0.41001680791977985
8.221391557363143	3.166695336560433	0.38456836993198407	0.41001680791977985
8.228062821311843	3.1692609280883763	0.38457843540885145	0.41001680791977985
8.234734085260545	3.171826586791225	0.3845885090120474	0.41001680791977985
8.241405349209248	3.1743923127227975	0.38459859074215624	0.41001680791977985
8.24807661315795	3.1769581059369125	0.38460868059976233	0.41001680791977985
8.254747877106652	3.1795239664873884	0.3846187785854499	0.41001680791977985
8.261419141055354	3.182089894428044	0.3846288846998032	0.41001680791977985
8.268090405004056	3.184655889812698	0.38463899894340664	0.41001680791977985
8.274761668952758	3.18722195269517	0.3846491213168444	0.41001680791977985
8.28143293290146	3.189788083129278	0.3846592518207009	0.41001680791977985
8.288104196850163	3.192354281168841	0.3846693904555603	0.41001680791977985
8.294775460798865	3.194920546867678	0.38467953722200704	0.41001680791977985
8.301446724747567	3.197486880279607	0.3846896921206253	0.41001680791977985
8.308117988696267	3.2000532814584473	0.38469985515199945	0.41001680791977985
8.314789252644971	3.202619750458018	0.38471002631671375	0.41001680791977985
8.321460516593673	3.205186287332137	0.3847202056153525	0.41001680791977985
8.328131780542375	3.2077528921346237	0.3847303930485	0.41001680791977985
8.334803044491077	3.210319564919297	0.38474058861674054	0.41001680791977985
8.34147430843978	3.212886305739975	0.38475079232065845	0.41001680791977985
8.34814557238848	3.215453114650476	0.38476100416083797	0.41001680791977985
8.354816836337182	3.2180199917046206	0.38477122413786347	0.41001680791977985
8.361488100285886	3.2205869369562263	0.38478145225231913	0.41001680791977985
8.368159364234588	3.2231539504591122	0.3847916885047894	0.41001680791977985
8.37483062818329	3.2257210322670975	0.38480193289585846	0.41001680791977985
8.381501892131991	3.2282881824339995	0.3848121854261107	0.41001680791977985
8.388173156080693	3.230855401013638	0.38482244609613026	0.41001680791977985
8.394844420029395	3.233422688059832	0.3848327149065016	0.41001680791977985
8.401515683978097	3.2359900436263995	0.38484299185780896	0.41001680791977985
8.4081869479268	3.2385574677671602	0.3848532769506366	0.41001680791977985
8.414858211875503	3.241124960535932	0.3848635701855689	0.41001680791977985
8.421529475824205	3.2436925219865342	0.38487387156319003	0.41001680791977985
8.428200739772905	3.2462601521727845	0.3848841810840844	0.41001680791977985
8.434872003721608	3.248827851148503	0.3848944987488363	0.41001680791977985
8.44154326767031	3.2513956189675084	0.38490482455802993	0.41001680791977985
8.448214531619012	3.253963455683619	0.3849151585122497	0.41001680791977985
8.454885795567716	3.2565313613506532	0.38492550061207986	0.41001680791977985
8.461557059516418	3.2590993360224303	0.38493585085810467	0.41001680791977985
8.468228323465118	3.261667379752769	0.3849462092509085	0.41001680791977985
8.47489958741382	3.2642354925954877	0.38495657579107556	0.41001680791977985
8.481570851362523	3.2668036746044056	0.3849669504791902	0.41001680791977985
8.488242115311225	3.2693719258333416	0.3849773333158368	0.41001680791977985
8.494913379259927	3.271940246336114	0.38498772430159944	0.41001680791977985
8.50158464320863	3.2745086361665416	0.38499812343706263	0.41001680791977985
8.50825590715733	3.277077095378443	0.38500853072281055	0.41001680791977985
8.514927171106033	3.2796456240256378	0.38501894615942756	0.41001680791977985
8.521598435054734	3.282214222161944	0.3850293697474979	0.41001680791977985
8.528269699003438	3.2847828898411806	0.38503980148760586	0.41001680791977985
8.53494096295214	3.2873516271171663	0.38505024138033583	0.41001680791977985
8.541612226900842	3.2899204340437205	0.38506068942627203	0.41001680791977985
8.548283490849542	3.29248931067466	0.3850711456259987	0.41001680791977985
8.554954754798246	3.2950582570638054	0.38508160998010027	0.41001680791977985
8.561626018746948	3.2976272732649754	0.385092082489161	0.41001680791977985
8.56829728269565	3.3001963593319883	0.3851025631537651	0.41001680791977985
8.574968546644353	3.3027655153186632	0.38511305197449697	0.41001680791977985
8.581639810593055	3.305334741278818	0.38512354895194084	0.41001680791977985
8.588311074541755	3.3079040372662716	0.38513405408668105	0.41001680791977985
8.594982338490457	3.310473403334844	0.38514456737930186	0.41001680791977985
8.60165360243916	3.3130428395383533	0.3851550888303876	0.41001680791977985
8.608324866387862	3.315612345930618	0.38516561844052255	0.41001680791977985
