x	chi	dchidx	s0
0.0002436314874741396	0.0	0.04465417948936248	0.04465417948936248
0.01987482896370655	0.0008765914445095365	0.04465062048932053	0.04465417948936248
0.03950602643993896	0.001753044846400629	0.04464011589341854	0.04465417948936248
0.05913722391617137	0.0026292238553141936	0.0446226657017273	0.04465417948936248
0.0787684213924038	0.0035049921208887194	0.04459826991410943	0.04465417948936248
0.0983996188686362	0.004380213292756947	0.04456692853036734	0.04465417948936248
0.1180308163448686	0.0052547510205458664	0.04452864155024324	0.04465417948936248
0.13766201382110102	0.006128468953876717	0.04448340897341918	0.04465417948936248
0.15729321129733342	0.007001230742357551	0.04443123079963606	0.04465417948936248
0.17692440877356586	0.007872900034839623	0.04437210704132038	0.04465417948936248
0.19655560624979826	0.008743340480673874	0.04430603770489959	0.04465417948936248
0.21618680372603066	0.009612415729789247	0.04423302278738874	0.04465417948936248
0.23581800120226307	0.01047998943207104	0.04415306228583786	0.04465417948936248
0.25544919867849547	0.011345925237360912	0.04406615619733195	0.04465417948936248
0.27508039615472785	0.012210086795456886	0.04397230451899101	0.04465417948936248
0.29471159363096033	0.01307233775611334	0.04387150724796999	0.04465417948936248
0.3143427911071927	0.01393254176904101	0.04376376438145886	0.04465417948936248
0.3339739885834251	0.014790562483906991	0.04364907591668256	0.04465417948936248
0.3536051860596575	0.01564626355033475	0.04352744185090099	0.04465417948936248
0.3732363835358899	0.016499508617904092	0.043398862181409065	0.04465417948936248
0.3928675810121224	0.017350161336151193	0.04326333690553665	0.04465417948936248
0.41249877848835476	0.018198085354568596	0.04312086602064863	0.04465417948936248
0.4321299759645872	0.01904314432260519	0.042971449524144834	0.04465417948936248
0.45176117344081956	0.01988520188966622	0.042815087413460094	0.04465417948936248
0.47139237091705194	0.02072412170511332	0.04265177968606422	0.04465417948936248
0.49102356839328437	0.02155976741826445	0.042481526339462006	0.04465417948936248
0.5106547658695169	0.022392002678393936	0.04230432737119322	0.04465417948936248
0.5302859633457493	0.023220691134732477	0.04212018277883262	0.04465417948936248
0.5499171608219817	0.024045696436467125	0.04192909255998995	0.04465417948936248
0.569548358298214	0.024866882232741278	0.04173105671230993	0.04465417948936248
0.5891795557744466	0.025684112172654726	0.041526075233472244	0.04465417948936248
0.6088107532506789	0.026497249905263573	0.0413141481211916	0.04465417948936248
0.6284419507269113	0.027306159079580318	0.041095275373217645	0.04465417948936248
0.6480731482031438	0.028110703344573808	0.040869456987335046	0.04465417948936248
0.6677043456793761	0.02891074634916925	0.040636692961363415	0.04465417948936248
0.6873355431556086	0.029706151742248214	0.04039698329315737	0.04465417948936248
0.706966740631841	0.030496783172648617	0.04015032798060651	0.04465417948936248
0.7265979381080734	0.03128250428916475	0.039896727021635416	0.04465417948936248
0.7462291355843057	0.03206317874054726	0.03963618041420364	0.04465417948936248
0.7658603330605382	0.03283867017550314	0.03936868815630571	0.04465417948936248
0.7854915305367707	0.033608842242695745	0.039094250245971164	0.04465417948936248
0.805122728013003	0.03437355859074483	0.038812866681264505	0.04465417948936248
0.8247539254892354	0.03513268286822645	0.03852453746028522	0.04465417948936248
0.8443851229654677	0.03588607872367305	0.03822926258116777	0.04465417948936248
0.8640163204417003	0.03663360980557343	0.03792704204208161	0.04465417948936248
0.8836475179179327	0.03737513976237276	0.03761787584123118	0.04465417948936248
0.903278715394165	0.03811053224247253	0.03730176397685589	0.04465417948936248
0.9229099128703975	0.03883965089423065	0.03697870644723013	0.04465417948936248
0.9425411103466298	0.03956235936596136	0.036648703250663286	0.04465417948936248
0.9621723078228623	0.04027852130593523	0.03631175438549972	0.04465417948936248
0.9818035052990947	0.04098800036237923	0.035967859850118765	0.04465417948936248
1.0014347027753272	0.04169066018347668	0.03561701964293476	0.04465417948936248
1.0210659002515596	0.042386364417367255	0.03525923376239701	0.04465417948936248
1.0406970977277918	0.043074976712146974	0.034894502206989794	0.04465417948936248
1.0603282952040245	0.04375636071586825	0.03452282497523239	0.04465417948936248
1.079959492680257	0.04443038007653983	0.03414420206567906	0.04465417948936248
1.0995906901564891	0.04509689844212682	0.03375863347691902	0.04465417948936248
1.1192218876327216	0.04575577946055069	0.033366119207576504	0.04465417948936248
1.138853085108954	0.04640688677968928	0.032966659256310704	0.04465417948936248
1.1584842825851864	0.04705008404737678	0.032560253621815805	0.04465417948936248
1.1781154800614189	0.04768523491140374	0.03214690230282097	0.04465417948936248
1.1977466775376513	0.048312203019517067	0.03172660529809034	0.04465417948936248
1.2173778750138837	0.048930852019420025	0.03129936260642305	0.04465417948936248
1.237009072490116	0.04954104555877225	0.03086517422665321	0.04465417948936248
1.2566402699663484	0.050142647285189725	0.030424040157649906	0.04465417948936248
1.276271467442581	0.0507355208462448	0.02997596039831721	0.04465417948936248
1.2959026649188132	0.05131952988946618	0.029520934947594186	0.04465417948936248
1.3155338623950457	0.05189453806233893	0.02905896380445486	0.04465417948936248
1.335165059871278	0.05246040901230446	0.028590046967908275	0.04465417948936248
1.3547962573475105	0.053017006386760594	0.028114184436998407	0.04465417948936248
1.374427454823743	0.05356419383306144	0.02763137621080425	0.04465417948936248
1.3940586522999754	0.0541018349985175	0.027141622288439787	0.04465417948936248
1.4136898497762078	0.05462979353039567	0.02664492266905394	0.04465417948936248
1.43332104725244	0.055147933075919135	0.02614127735183066	0.04465417948936248
1.4529522447286725	0.055656117282267485	0.02563068633598884	0.04465417948936248
1.4725834422049051	0.05615420979657668	0.02511314962078239	0.04465417948936248
1.4922146396811373	0.056642074265939	0.02458866720550018	0.04465417948936248
1.5118458371573698	0.057119574337403105	0.02405723908946607	0.04465417948936248
1.5314770346336024	0.05758657365797402	0.0235188652720389	0.04465417948936248
1.5511082321098346	0.05804293587461312	0.0229735457526125	0.04465417948936248
1.570739429586067	0.05848852463680884	0.02242128051533715	0.04465417948936248
1.5903706270622995	0.058923203594489514	0.021862069540221133	0.04465417948936248
1.610001824538532	0.059346836394484986	0.02129591282469323	0.04465417948936248
1.6296330220147643	0.059759286683571056	0.02072281036623885	0.04465417948936248
1.6492642194909966	0.060160418108475104	0.020142762162367437	0.04465417948936248
1.6688954169672292	0.06055009431587606	0.01955576821061245	0.04465417948936248
1.6885266144434614	0.06092817895240439	0.01896182850853139	0.04465417948936248
1.7081578119196938	0.06129453566464214	0.018360943053705777	0.04465417948936248
1.7277890093959265	0.061649028099122885	0.01775311184374118	0.04465417948936248
1.7474202068721587	0.061991519902331774	0.01713833487626719	0.04465417948936248
1.7670514043483911	0.062321874720705515	0.01651661214893741	0.04465417948936248
1.7866826018246236	0.06263995620063235	0.015887943659429513	0.04465417948936248
1.806313799300856	0.06294562798845209	0.01525232940544516	0.04465417948936248
1.8259449967770884	0.06323875373046613	0.01460976938471808	0.04465417948936248
1.8455761942533206	0.06351919707294494	0.013960263595025071	0.04465417948936248
1.8652073917295533	0.06378682166210534	0.013303812034171584	0.04465417948936248
1.8848385892057855	0.06404149114412125	0.012640414699999013	0.04465417948936248
1.904469786682018	0.06428306916512397	0.011970071590384806	0.04465417948936248
1.9241009841582504	0.06451162414828442	0.01127467688676245	0.04465417948936248
1.9437321816344826	0.06472640540840763	0.01076209067474896	0.04465417948936248
2.185661866611965	0.06733008478677126	0.010762156138093679	0.04465417948936248
2.427591551589448	0.06993377827599302	0.010762218652389815	0.04465417948936248
2.6695212365669305	0.07253748559594998	0.010762278442600083	0.04465417948936248
2.911450921544413	0.07514120646651926	0.01076233573368721	0.04465417948936248
3.1533806065218952	0.07774494060757793	0.01076239075061391	0.04465417948936248
3.3953102914993782	0.08034868773900311	0.010762443718342906	0.04465417948936248
3.6372399764768613	0.08295244758067188	0.010762494861836917	0.04465417948936248
3.8791696614543434	0.08555621985246137	0.010762544406058665	0.04465417948936248
4.1210993464318255	0.08816000427424864	0.010762592575970866	0.04465417948936248
4.363029031409309	0.09076380056591081	0.010762639596536243	0.04465417948936248
4.6049587163867916	0.09336760844732497	0.010762685692717515	0.04465417948936248
4.846888401364274	0.09597142763836822	0.010762731089477402	0.04465417948936248
5.088818086341757	0.09857525785891763	0.010762776011778625	0.04465417948936248
5.330747771319238	0.10117909882885034	0.010762820684583901	0.04465417948936248
5.572677456296722	0.10378295052048025	0.01076286517642028	0.04465417948936248
5.814607141274204	0.10638681594521388	0.01076290755009142	0.04465417948936248
6.056536826251687	0.10899069115899523	0.010762950201536227	0.04465417948936248
6.29846651122917	0.11159457625912605	0.010762993133867499	0.04465417948936248
6.540396196206652	0.11419847134290803	0.010763036350198044	0.04465417948936248
6.782325881184135	0.11680237650764286	0.010763079853640667	0.04465417948936248
7.024255566161617	0.11940629185063227	0.01076312364730817	0.04465417948936248
7.266185251139101	0.12201021746917796	0.01076316773431336	0.04465417948936248
7.508114936116583	0.12461415346058165	0.010763212117769042	0.04465417948936248
7.750044621094066	0.12721809992214506	0.010763256800788022	0.04465417948936248
7.991974306071548	0.12982205695116983	0.0107633017864831	0.04465417948936248
8.23390399104903	0.13242602464495773	0.010763347077967085	0.04465417948936248
8.475833676026514	0.1350300031008105	0.010763392678352782	0.04465417948936248
8.717763361003996	0.13763399241602978	0.010763438590752994	0.04465417948936248
8.959693045981478	0.1402379926879173	0.010763484818280525	0.04465417948936248
9.201622730958963	0.14284200401377484	0.010763531364048184	0.04465417948936248
9.443552415936443	0.14544602649090396	0.01076357823116877	0.04465417948936248
9.685482100913925	0.14805006021660647	0.010763625422755092	0.04465417948936248
9.92741178589141	0.15065410528818413	0.010763672941919954	0.04465417948936248
10.169341470868892	0.1532581618029385	0.01076372079177616	0.04465417948936248
10.411271155846373	0.15586222985817139	0.010763768975436513	0.04465417948936248
10.653200840823855	0.1584663095511845	0.010763817496013822	0.04465417948936248
10.89513052580134	0.16107040097927955	0.01076386635662089	0.04465417948936248
11.137060210778822	0.1636745042397582	0.010763915560370521	0.04465417948936248
11.378989895756304	0.16627861942992223	0.01076396511037552	0.04465417948936248
11.620919580733787	0.16888274664707326	0.010764015009748693	0.04465417948936248
11.862849265711269	0.17148688598851305	0.010764065261602843	0.04465417948936248
12.10477895068875	0.17409103755154332	0.010764115869050777	0.04465417948936248
12.346708635666236	0.1766952014334658	0.010764166835205298	0.04465417948936248
12.588638320643717	0.1792993777315821	0.010764218163179212	0.04465417948936248
12.830568005621199	0.181903566543194	0.010764269856085322	0.04465417948936248
13.072497690598684	0.18450776796560325	0.010764321917036435	0.04465417948936248
13.314427375576166	0.18711198209611146	0.010764374349145355	0.04465417948936248
13.556357060553648	0.18971620903202038	0.010764427155524886	0.04465417948936248
13.798286745531133	0.19232044887063177	0.010764480339287834	0.04465417948936248
14.040216430508613	0.19492470170924725	0.010764533903547003	0.04465417948936248
14.282146115486094	0.19752896764516864	0.010764587851415198	0.04465417948936248
14.524075800463576	0.20013324677569752	0.010764642186005223	0.04465417948936248
14.766005485441061	0.20273753919813572	0.010764696910429883	0.04465417948936248
15.007935170418543	0.20534184500978486	0.010764752027801985	0.04465417948936248
15.249864855396025	0.20794616430794668	0.010764807541234333	0.04465417948936248
15.49179454037351	0.2105504971899229	0.01076486345383973	0.04465417948936248
15.733724225350992	0.21315484375301524	0.010764919768730981	0.04465417948936248
15.975653910328473	0.21575920409452537	0.010764976489020894	0.04465417948936248
16.217583595305957	0.21836357831175504	0.01076503361782227	0.04465417948936248
16.45951328028344	0.2209679665020059	0.010765091158247916	0.04465417948936248
16.70144296526092	0.2235723687625797	0.010765149113410635	0.04465417948936248
16.943372650238405	0.2261767851907782	0.010765207486423234	0.04465417948936248
17.185302335215887	0.228781215883903	0.010765266280398516	0.04465417948936248
17.42723202019337	0.23138566093925583	0.010765325498449286	0.04465417948936248
17.66916170517085	0.23399012045413847	0.01076538514368835	0.04465417948936248
17.911091390148336	0.23659459452585263	0.010765445219228512	0.04465417948936248
18.153021075125817	0.23919908325169997	0.010765505728182577	0.04465417948936248
18.3949507601033	0.24180358672898222	0.01076556667366335	0.04465417948936248
18.636880445080784	0.24440810505500105	0.010765628058783635	0.04465417948936248
18.878810130058266	0.24701263832705816	0.010765689886656238	0.04465417948936248
19.120739815035748	0.24961718664245536	0.010765752160393962	0.04465417948936248
19.36266950001323	0.25222175009849424	0.010765814883109614	0.04465417948936248
19.604599184990715	0.2548263287924767	0.010765878057915998	0.04465417948936248
19.846528869968196	0.25743092282170416	0.010765941687925917	0.04465417948936248
20.088458554945674	0.26003553228347853	0.01076600577625218	0.04465417948936248
20.33038823992316	0.2626401572751015	0.010766070326007586	0.04465417948936248
20.57231792490064	0.2652447978938747	0.010766135340304945	0.04465417948936248
20.814247609878123	0.26784945423709994	0.01076620082225706	0.04465417948936248
21.05617729485561	0.27045412640207883	0.010766266774976734	0.04465417948936248
21.29810697983309	0.2730588144861132	0.010766333201576774	0.04465417948936248
21.54003666481057	0.2756635185865046	0.010766400105169984	0.04465417948936248
21.781966349788057	0.27826823880055496	0.010766467488869171	0.04465417948936248
22.02389603476554	0.28087297522556576	0.010766535355787137	0.04465417948936248
22.26582571974302	0.2834777309389062	0.01076660340650147	0.04465417948936248
22.507755404720506	0.286082504430257	0.010766671796161116	0.04465417948936248
22.749685089697987	0.2886872943764317	0.010766740669193604	0.04465417948936248
22.99161477467547	0.29129210089669416	0.010766810025660904	0.04465417948936248
23.233544459652954	0.2938969241103081	0.010766879865624983	0.04465417948936248
23.475474144630436	0.2965017641365373	0.01076695018914781	0.04465417948936248
23.717403829607917	0.2991066210946455	0.010767020996291355	0.04465417948936248
23.9593335145854	0.3017114951038964	0.010767092287117586	0.04465417948936248
24.201263199562884	0.3043163862835539	0.010767164061688473	0.04465417948936248
24.443192884540366	0.3069212947528816	0.010767236320065982	0.04465417948936248
24.685122569517848	0.3095262206311433	0.010767309062312085	0.04465417948936248
24.92705225449533	0.3121311640376029	0.01076738228848875	0.04465417948936248
25.16898193947281	0.3147361250915239	0.010767455998657945	0.04465417948936248
25.410911624450293	0.31734110391217024	0.010767530192881639	0.04465417948936248
25.652841309427778	0.31994610061880563	0.010767604871221801	0.04465417948936248
25.89477099440526	0.32255111533069375	0.010767680033740401	0.04465417948936248
26.13670067938274	0.3251561481670985	0.010767755680499405	0.04465417948936248
26.378630364360227	0.32776119924728353	0.010767831811560784	0.04465417948936248
26.62056004933771	0.33036626869051255	0.010767908426986508	0.04465417948936248
26.86248973431519	0.3329713566160495	0.010767985526838542	0.04465417948936248
27.10441941929267	0.3355764631431579	0.010768063111178859	0.04465417948936248
27.346349104270157	0.33818158839110174	0.010768141180069425	0.04465417948936248
27.58827878924764	0.3407867324791446	0.01076821973357221	0.04465417948936248
27.83020847422512	0.34339189552655025	0.010768298771749183	0.04465417948936248
28.072138159202606	0.3459970776525826	0.010768378294662312	0.04465417948936248
28.314067844180087	0.3486022789765052	0.010768458302373565	0.04465417948936248
28.55599752915757	0.3512074996175819	0.010768538794944913	0.04465417948936248
28.797927214135054	0.35381273969507654	0.010768619772438325	0.04465417948936248
29.039856899112536	0.3564179993282527	0.010768701234915768	0.04465417948936248
29.281786584090018	0.3590232786363743	0.010768783182439212	0.04465417948936248
29.5237162690675	0.36162857773870494	0.010768865615070624	0.04465417948936248
29.76564595404498	0.3642338967545085	0.010768948532871976	0.04465417948936248
30.007575639022463	0.36683923580304867	0.010769031935905234	0.04465417948936248
30.249505323999948	0.3694445950035893	0.010769115824232367	0.04465417948936248
30.491435008977433	0.372049974475394	0.010769200197915347	0.04465417948936248
30.733364693954915	0.37465537433772655	0.01076928505701614	0.04465417948936248
30.975294378932396	0.37726079470985086	0.010769370401596715	0.04465417948936248
31.217224063909878	0.37986623571103045	0.01076945623171904	0.04465417948936248
31.45915374888736	0.3824716974605293	0.010769542547445088	0.04465417948936248
31.70108343386484	0.38507718007761094	0.010769629348836822	0.04465417948936248
31.94301311884233	0.38768268368153946	0.010769716635956215	0.04465417948936248
32.18494280381981	0.3902882083915782	0.010769804408865234	0.04465417948936248
32.426872488797294	0.3928937543269912	0.01076989266762585	0.04465417948936248
32.66880217377477	0.3954993216070421	0.010769981412300029	0.04465417948936248
32.91073185875226	0.3981049103509947	0.010770070642949742	0.04465417948936248
33.152661543729735	0.40071052067811275	0.010770160359636955	0.04465417948936248
33.39459122870722	0.40331615270765997	0.010770250562423641	0.04465417948936248
33.6365209136847	0.4059218065589002	0.010770341251371765	0.04465417948936248
33.87845059866219	0.40852748235109715	0.010770432426543299	0.04465417948936248
34.12038028363967	0.4111331802035145	0.010770524088000208	0.04465417948936248
34.362309968617154	0.41373890023541615	0.010770616235804465	0.04465417948936248
34.60423965359463	0.4163446425660656	0.010770708870018035	0.04465417948936248
34.84616933857212	0.41895040731472694	0.010770801990702891	0.04465417948936248
35.088099023549596	0.42155619460066374	0.010770895597920998	0.04465417948936248
35.33002870852709	0.4241620045431398	0.010770989691734328	0.04465417948936248
35.571958393504566	0.42676783726141876	0.010771084272204847	0.04465417948936248
35.81388807848205	0.4293736928747645	0.010771179339394527	0.04465417948936248
36.05581776345953	0.4319795715024407	0.010771274893365332	0.04465417948936248
36.297747448437015	0.4345854732637112	0.010771370934179236	0.04465417948936248
36.53967713341449	0.43719139827783976	0.010771467461898205	0.04465417948936248
36.78160681839197	0.43979734666409	0.010771564476584207	0.04465417948936248
37.02353650336946	0.4424033185417259	0.010771661978299214	0.04465417948936248
37.26546618834694	0.445009314030011	0.010771759967105193	0.04465417948936248
37.50739587332443	0.4476153332482091	0.010771858443064112	0.04465417948936248
37.749325558301905	0.450221376315584	0.010771957406237941	0.04465417948936248
37.99125524327939	0.4528274433513994	0.01077205685668865	0.04465417948936248
38.23318492825687	0.4554335344749192	0.010772156794478205	0.04465417948936248
38.47511461323436	0.458039649805407	0.010772257219668577	0.04465417948936248
38.71704429821184	0.4606457894621266	0.010772358132321733	0.04465417948936248
38.958973983189324	0.4632519535643418	0.010772459532499643	0.04465417948936248
39.2009036681668	0.4658581422313163	0.010772561420264278	0.04465417948936248
39.44283335314429	0.46846435558231375	0.010772663795677602	0.04465417948936248
39.684763038121766	0.4710705937365981	0.010772766658801588	0.04465417948936248
39.92669272309926	0.4736768568134332	0.010772870009698203	0.04465417948936248
40.168622408076736	0.47628314493208246	0.010772973848429415	0.04465417948936248
40.41055209305422	0.4788894582118098	0.010773078175057195	0.04465417948936248
40.6524817780317	0.48149579677187904	0.01077318298964351	0.04465417948936248
40.894411463009185	0.4841021607315539	0.01077328829225033	0.04465417948936248
41.13634114798666	0.48670855021009807	0.010773394082939624	0.04465417948936248
41.37827083296415	0.4893149653267753	0.010773500361773361	0.04465417948936248
41.62020051794163	0.49192140620084956	0.010773607128813508	0.04465417948936248
41.86213020291911	0.49452787295158435	0.010773714384122035	0.04465417948936248
42.1040598878966	0.4971343656982435	0.01077382212776091	0.04465417948936248
42.345989572874075	0.49974088456009075	0.010773930359792103	0.04465417948936248
42.58791925785156	0.5023474296563899	0.010774039080277584	0.04465417948936248
42.82984894282904	0.5049540011064046	0.010774148289279318	0.04465417948936248
43.07177862780653	0.507560599029399	0.010774257986859277	0.04465417948936248
43.31370831278401	0.5101672235446364	0.01077436817307943	0.04465417948936248
43.555637997761494	0.5127738747713806	0.010774478848001744	0.04465417948936248
43.79756768273897	0.5153805528288955	0.010774590011688187	0.04465417948936248
44.03949736771646	0.5179872578364448	0.010774701664200732	0.04465417948936248
44.281427052693935	0.5205939899132923	0.010774813805601344	0.04465417948936248
44.52335673767143	0.5232007491787019	0.010774926435951994	0.04465417948936248
44.765286422648906	0.525807535751937	0.010775039555314649	0.04465417948936248
45.00721610762639	0.5284143497522615	0.010775153163751279	0.04465417948936248
45.24914579260387	0.5310211912989393	0.010775267261323853	0.04465417948936248
45.491075477581354	0.533628060511234	0.010775381848094338	0.04465417948936248
45.73300516255883	0.5362349575084093	0.010775496924124706	0.04465417948936248
45.97493484753632	0.5388418824097292	0.010775612489476923	0.04465417948936248
46.2168645325138	0.5414488353344573	0.01077572854421296	0.04465417948936248
46.45879421749128	0.5440558164018573	0.010775845088394784	0.04465417948936248
46.700723902468766	0.546662825731193	0.010775962122084365	0.04465417948936248
46.942653587446245	0.5492698634417281	0.010776079645343672	0.04465417948936248
47.18458327242373	0.5518769296527266	0.010776197658234673	0.04465417948936248
47.42651295740121	0.5544840244834521	0.010776316160819336	0.04465417948936248
47.6684426423787	0.5570911480531683	0.010776435153159632	0.04465417948936248
47.91037232735618	0.5596983004811389	0.010776554635317528	0.04465417948936248
48.152302012333664	0.5623054818866278	0.010776674607354994	0.04465417948936248
48.39423169731114	0.5649126923888987	0.010776795069333999	0.04465417948936248
48.63616138228863	0.5675199321072153	0.01077691602131651	0.04465417948936248
48.878091067266105	0.5701272011608416	0.0107770374633645	0.04465417948936248
49.12002075224359	0.5727344996690411	0.010777159395539932	0.04465417948936248
49.361950437221076	0.5753418277510776	0.010777281817904778	0.04465417948936248
49.60388012219856	0.5779491855262149	0.010777404730521007	0.04465417948936248
49.84580980717604	0.5805565731137166	0.010777528133450589	0.04465417948936248
50.087739492153524	0.5831639906328466	0.010777652026755489	0.04465417948936248
50.329669177131	0.5857714382028687	0.01077777641049768	0.04465417948936248
50.57159886210849	0.5883789159430466	0.010777901284739128	0.04465417948936248
50.81352854708597	0.5909864239726441	0.010778026649541804	0.04465417948936248
51.05545823206345	0.593593962410925	0.010778152504967673	0.04465417948936248
51.297387917040936	0.5962015313771527	0.010778278851078708	0.04465417948936248
51.539317602018414	0.5988091309905914	0.010778405687936877	0.04465417948936248
51.7812472869959	0.6014167613705046	0.010778533015604148	0.04465417948936248
52.02317697197338	0.6040244226361562	0.010778660834142488	0.04465417948936248
52.26510665695086	0.6066321149068099	0.01077878914361387	0.04465417948936248
52.50703634192835	0.6092398383017295	0.010778917944080259	0.04465417948936248
52.74896602690583	0.6118475929401784	0.010779047235603627	0.04465417948936248
52.99089571188331	0.6144553789414209	0.01077917701824594	0.04465417948936248
53.2328253968608	0.6170631964247204	0.01077930729206917	0.04465417948936248
53.474755081838275	0.6196710455093408	0.010779438057135281	0.04465417948936248
53.71668476681576	0.6222789263145458	0.010779569313506248	0.04465417948936248
53.958614451793245	0.6248868389595992	0.010779701061244035	0.04465417948936248
54.20054413677073	0.6274947835637648	0.010779833300410612	0.04465417948936248
54.44247382174821	0.6301027602463061	0.010779966031067949	0.04465417948936248
54.684403506725694	0.632710769126487	0.010780099253278014	0.04465417948936248
54.92633319170317	0.6353188103235714	0.010780232967102775	0.04465417948936248
55.16826287668066	0.6379268839568231	0.010780367172604204	0.04465417948936248
55.41019256165814	0.6405349901455054	0.010780501869844266	0.04465417948936248
55.65212224663562	0.6431431290088825	0.010780637058884933	0.04465417948936248
55.894051931613106	0.645751300666218	0.010780772739788171	0.04465417948936248
56.135981616590584	0.6483595052367757	0.01078090891261595	0.04465417948936248
56.37791130156807	0.6509677428398192	0.010781045577430239	0.04465417948936248
56.61984098654555	0.6535760135946125	0.010781182734293007	0.04465417948936248
56.86177067152303	0.6561843176204191	0.010781320383266223	0.04465417948936248
57.10370035650052	0.6587926550365031	0.010781458524411855	0.04465417948936248
57.345630041478	0.6614010259621277	0.010781597157791872	0.04465417948936248
57.58755972645548	0.6640094305165571	0.010781736283468244	0.04465417948936248
57.82948941143297	0.6666178688190552	0.010781875901502938	0.04465417948936248
58.071419096410445	0.6692263409888852	0.010782016011957924	0.04465417948936248
58.31334878138793	0.6718348471453113	0.010782156614895172	0.04465417948936248
58.555278466365415	0.6744433874075972	0.010782297710376648	0.04465417948936248
58.7972081513429	0.6770519618950064	0.010782439298464324	0.04465417948936248
59.03913783632038	0.679660570726803	0.010782581379220165	0.04465417948936248
59.281067521297864	0.6822692140222504	0.010782723952706144	0.04465417948936248
59.52299720627534	0.6848778919006125	0.010782867018984225	0.04465417948936248
59.76492689125283	0.6874866044811532	0.010783010578116382	0.04465417948936248
60.00685657623031	0.6900953518831361	0.010783154630164582	0.04465417948936248
60.24878626120779	0.6927041342258251	0.010783299175190792	0.04465417948936248
60.490715946185276	0.6953129516284837	0.010783444213256981	0.04465417948936248
60.732645631162754	0.6979218042103759	0.010783589744425122	0.04465417948936248
60.97457531614024	0.7005306920907652	0.010783735768757179	0.04465417948936248
61.216505001117724	0.7031396153889158	0.010783882286315122	0.04465417948936248
61.4584346860952	0.705748574224091	0.010784029297160921	0.04465417948936248
61.70036437107269	0.7083575687155547	0.010784176801356545	0.04465417948936248
61.94229405605018	0.7109665989825709	0.01078432479896396	0.04465417948936248
62.18422374102765	0.7135756651444028	0.01078447329004514	0.04465417948936248
62.42615342600514	0.7161847673203148	0.010784622274662049	0.04465417948936248
62.668083110982614	0.71879390562957	0.010784771752876659	0.04465417948936248
62.91001279596011	0.7214030801914327	0.010784921724750936	0.04465417948936248
63.15194248093758	0.7240122911251664	0.01078507219034685	0.04465417948936248
63.39387216591507	0.7266215385500351	0.010785223149726372	0.04465417948936248
63.63580185089254	0.7292308225853021	0.010785374602951469	0.04465417948936248
63.87773153587003	0.7318401433502315	0.010785526550084109	0.04465417948936248
64.11966122084752	0.7344495009640872	0.010785678991186261	0.04465417948936248
64.361590905825	0.7370588955461325	0.010785831926319895	0.04465417948936248
64.60352059080247	0.7396683272156315	0.010785985355546979	0.04465417948936248
64.84545027577995	0.7422777960918476	0.010786139278929482	0.04465417948936248
65.08737996075745	0.7448873022940451	0.010786293696529373	0.04465417948936248
65.32930964573492	0.7474968459414872	0.010786448608408623	0.04465417948936248
65.5712393307124	0.7501064271534381	0.010786604014629195	0.04465417948936248
65.8131690156899	0.7527160460491613	0.010786759915253064	0.04465417948936248
66.05509870066737	0.7553257027479205	0.010786916310342195	0.04465417948936248
66.29702838564486	0.7579353973689799	0.01078707319995856	0.04465417948936248
66.53895807062233	0.7605451300316026	0.010787230584164125	0.04465417948936248
66.78088775559982	0.7631549008550528	0.01078738846302086	0.04465417948936248
67.02281744057731	0.7657647099585941	0.010787546836590733	0.04465417948936248
67.26474712555479	0.7683745574614902	0.010787705704935714	0.04465417948936248
67.50667681053227	0.7709844434830051	0.01078786506811777	0.04465417948936248
67.74860649550975	0.7735943681424023	0.010788024926198873	0.04465417948936248
67.99053618048724	0.7762043315589457	0.010788185279240988	0.04465417948936248
68.23246586546472	0.7788143338518989	0.010788346127306088	0.04465417948936248
68.4743955504422	0.7814243751405261	0.010788507470456139	0.04465417948936248
68.71632523541969	0.7840344555440905	0.01078866930875311	0.04465417948936248
68.95825492039717	0.7866445751818559	0.01078883164225897	0.04465417948936248
69.20018460537466	0.7892547341730864	0.01078899447103569	0.04465417948936248
69.44211429035212	0.7918649326370457	0.010789157795145235	0.04465417948936248
69.68404397532962	0.7944751706929973	0.010789321614649577	0.04465417948936248
69.9259736603071	0.7970854484602049	0.010789485929610683	0.04465417948936248
70.16790334528457	0.7996957660579329	0.010789650740090523	0.04465417948936248
70.40983303026206	0.8023061236054444	0.010789816046151065	0.04465417948936248
70.65176271523954	0.8049165212220033	0.010789981847854279	0.04465417948936248
70.89369240021703	0.8075269590268734	0.010790148145262132	0.04465417948936248
71.1356220851945	0.8101374371393183	0.010790314938436593	0.04465417948936248
71.37755177017199	0.8127479556786023	0.010790482227439632	0.04465417948936248
71.61948145514947	0.8153585147639886	0.010790650012333218	0.04465417948936248
71.86141114012696	0.8179691145147411	0.01079081829317932	0.04465417948936248
72.10334082510444	0.8205797550501237	0.010790987070039906	0.04465417948936248
72.34527051008192	0.8231904364893999	0.010791156342976945	0.04465417948936248
72.58720019505941	0.8258011589518338	0.010791326112052404	0.04465417948936248
72.82912988003689	0.8284119225566886	0.010791496377328257	0.04465417948936248
73.07105956501437	0.8310227274232286	0.010791667138866467	0.04465417948936248
73.31298924999186	0.8336335736707176	0.010791838396729005	0.04465417948936248
73.55491893496934	0.8362444614184189	0.010792010150977843	0.04465417948936248
73.79684861994683	0.8388553907855963	0.010792182401674944	0.04465417948936248
74.03877830492429	0.8414663618915139	0.010792355148882282	0.04465417948936248
74.28070798990179	0.8440773748554353	0.010792528392661822	0.04465417948936248
74.52263767487926	0.8466884297966242	0.010792702133075534	0.04465417948936248
74.76456735985674	0.8492995268343445	0.01079287637018539	0.04465417948936248
75.00649704483423	0.8519106660878598	0.010793051104053354	0.04465417948936248
75.24842672981171	0.8545218476764338	0.010793226334741397	0.04465417948936248
75.4903564147892	0.8571330717193306	0.010793402062311488	0.04465417948936248
75.73228609976667	0.8597443383358133	0.010793578286825598	0.04465417948936248
75.97421578474416	0.8623556476451465	0.01079375500834569	0.04465417948936248
76.21614546972164	0.8649669997665932	0.010793932226933738	0.04465417948936248
76.45807515469913	0.8675783948194176	0.01079410994265171	0.04465417948936248
76.70000483967661	0.8701898329228834	0.010794288155561573	0.04465417948936248
76.94193452465409	0.8728013141962542	0.010794466865725298	0.04465417948936248
77.18386420963158	0.8754128387587938	0.01079464607320485	0.04465417948936248
77.42579389460906	0.878024406729766	0.010794825778062202	0.04465417948936248
77.66772357958654	0.8806360182284347	0.010795005980359323	0.04465417948936248
77.90965326456403	0.8832476733740636	0.010795186680158178	0.04465417948936248
78.1515829495415	0.8858593722859159	0.010795367877520739	0.04465417948936248
78.393512634519	0.8884711150832563	0.010795549572508974	0.04465417948936248
78.63544231949646	0.8910829018853478	0.01079573176518485	0.04465417948936248
78.87737200447395	0.8936947328114545	0.01079591445561034	0.04465417948936248
79.11930168945143	0.89630660798084	0.010796097643847409	0.04465417948936248
79.36123137442891	0.8989185275127684	0.010796281329958026	0.04465417948936248
79.6031610594064	0.901530491526503	0.010796465514004162	0.04465417948936248
79.84509074438388	0.9041425001413076	0.010796650196047785	0.04465417948936248
80.08702042936137	0.9067545534764463	0.010796835376150865	0.04465417948936248
80.32895011433884	0.9093666516511826	0.010797021054375367	0.04465417948936248
80.57087979931633	0.9119787947847804	0.010797207230783264	0.04465417948936248
80.81280948429381	0.9145909829965032	0.010797393905436523	0.04465417948936248
81.0547391692713	0.9172032164056151	0.010797581078397112	0.04465417948936248
81.29666885424878	0.9198154951313795	0.010797768749727002	0.04465417948936248
81.53859853922626	0.9224278192930604	0.01079795691948816	0.04465417948936248
81.78052822420375	0.9250401890099216	0.010798145587742556	0.04465417948936248
82.02245790918123	0.9276526044012265	0.010798334754552158	0.04465417948936248
82.2643875941587	0.9302650655862393	0.010798524419978936	0.04465417948936248
82.5063172791362	0.9328775726842236	0.010798714584084858	0.04465417948936248
82.74824696411368	0.9354901258144429	0.010798905246931893	0.04465417948936248
82.99017664909117	0.9381027250961613	0.010799096408582008	0.04465417948936248
83.23210633406863	0.9407153706486423	0.010799288069097175	0.04465417948936248
83.47403601904612	0.9433280625911499	0.01079948022853936	0.04465417948936248
83.7159657040236	0.9459408010429475	0.010799672886970533	0.04465417948936248
83.95789538900108	0.9485535861232994	0.010799866044452665	0.04465417948936248
84.19982507397857	0.951166417951469	0.010800059701047722	0.04465417948936248
84.44175475895605	0.9537792966467197	0.010800253856817673	0.04465417948936248
84.68368444393354	0.9563922223283161	0.010800448511824488	0.04465417948936248
84.92561412891101	0.9590051951155212	0.010800643666130136	0.04465417948936248
85.1675438138885	0.9616182151275993	0.010800839319796585	0.04465417948936248
85.40947349886598	0.9642313240402164	0.010801035640774741	0.04465417948936248
85.65140318384347	0.9668444902128668	0.0108012324995564	0.04465417948936248
85.89333286882095	0.9694577033625669	0.010801429854004964	0.04465417948936248
86.13526255379843	0.9720709636135915	0.010801627704166494	0.04465417948936248
86.37719223877592	0.9746842710902156	0.01080182605008706	0.04465417948936248
86.6191219237534	0.9772976259167141	0.010802024891812723	0.04465417948936248
86.86105160873088	0.9799110282173622	0.010802224229389552	0.04465417948936248
87.10298129370837	0.9825244781164345	0.01080242406286361	0.04465417948936248
87.34491097868585	0.985137975738206	0.010802624392280963	0.04465417948936248
87.58684066366334	0.9877515212069519	0.010802825217687675	0.04465417948936248
87.8287703486408	0.9903651146469468	0.010803026539129812	0.04465417948936248
88.0707000336183	0.9929787561824659	0.01080322835665344	0.04465417948936248
88.31262971859577	0.9955924459377838	0.010803430670304622	0.04465417948936248
88.55455940357325	0.9982061840371759	0.010803633480129424	0.04465417948936248
88.79648908855074	1.000819970604917	0.010803836786173913	0.04465417948936248
89.03841877352822	1.0034338057652816	0.010804040588484151	0.04465417948936248
89.28034845850571	1.0060476896425452	0.010804244887106207	0.04465417948936248
89.52227814348318	1.0086616223609823	0.010804449682086142	0.04465417948936248
89.76420782846067	1.0112756040448683	0.010804654973470024	0.04465417948936248
90.00613751343815	1.0138896348184776	0.010804860761303919	0.04465417948936248
90.24806719841564	1.0165037148060858	0.010805067045633887	0.04465417948936248
90.48999688339312	1.0191178441319673	0.010805273826506	0.04465417948936248
90.7319265683706	1.0217320229203972	0.010805481103966319	0.04465417948936248
90.97385625334809	1.0243462512956505	0.010805688878060908	0.04465417948936248
91.21578593832557	1.0269605293820019	0.010805897148835836	0.04465417948936248
91.45771562330305	1.0295748573037267	0.010806105916337166	0.04465417948936248
91.69964530828052	1.0321892351850994	0.010806315180610964	0.04465417948936248
91.94157499325802	1.0348036631503954	0.010806524941703293	0.04465417948936248
92.18350467823551	1.0374181413238894	0.010806735199660222	0.04465417948936248
92.42543436321297	1.0400326698298565	0.010806945954527813	0.04465417948936248
92.66736404819046	1.0426472487925713	0.010807157206352133	0.04465417948936248
92.90929373316794	1.045261878336309	0.010807368955179244	0.04465417948936248
93.15122341814542	1.0478765585853447	0.010807581201055216	0.04465417948936248
93.39315310312291	1.0504912896639529	0.01080779394402611	0.04465417948936248
93.63508278810039	1.0531060716964087	0.010808007184137994	0.04465417948936248
93.87701247307788	1.055720904806987	0.01080822092143693	0.04465417948936248
94.11894215805535	1.0583357891199632	0.010808435155968988	0.04465417948936248
94.36087184303284	1.0609507247596117	0.010808649887780228	0.04465417948936248
94.60280152801032	1.0635657118502075	0.010808865116916718	0.04465417948936248
94.84473121298781	1.0661807505160257	0.010809080843424523	0.04465417948936248
95.08666089796529	1.0687958408813414	0.010809297067349708	0.04465417948936248
95.32859058294277	1.071410983070429	0.010809513788738338	0.04465417948936248
95.57052026792026	1.074026177207564	0.010809731007636478	0.04465417948936248
95.81244995289774	1.076641423417021	0.010809948724090194	0.04465417948936248
96.05437963787521	1.079256721823075	0.010810166938145549	0.04465417948936248
96.2963093228527	1.081872072550001	0.010810385649848611	0.04465417948936248
96.53823900783019	1.084487475722074	0.010810604859245442	0.04465417948936248
96.78016869280768	1.087102931463569	0.010810824566382111	0.04465417948936248
97.02209837778514	1.0897184398987605	0.01081104477130468	0.04465417948936248
97.26402806276263	1.0923340011519238	0.010811265474059216	0.04465417948936248
97.50595774774011	1.0949496153473337	0.010811486674691782	0.04465417948936248
97.7478874327176	1.0975652826092652	0.010811708373248446	0.04465417948936248
97.98981711769508	1.1001810030619934	0.010811930569775271	0.04465417948936248
98.23174680267256	1.102796776829793	0.010812153264318322	0.04465417948936248
98.47367648765005	1.105412604036939	0.010812376456923668	0.04465417948936248
98.71560617262752	1.1080284848077064	0.010812600147637368	0.04465417948936248
98.95753585760501	1.11064441926637	0.010812824336505492	0.04465417948936248
99.19946554258249	1.1132604075372048	0.010813049023574104	0.04465417948936248
99.44139522755998	1.115876449744486	0.010813274208889268	0.04465417948936248
99.68332491253746	1.1184925460124882	0.010813499892497051	0.04465417948936248
99.92525459751494	1.1211086964654864	0.010813726074443517	0.04465417948936248
100.16718428249243	1.1237249012277557	0.010813952754774729	0.04465417948936248
100.4091139674699	1.1263411604235707	0.010814179933536757	0.04465417948936248
100.65104365244738	1.1289574741772066	0.01081440761077566	0.04465417948936248
100.89297333742486	1.1315738426129383	0.01081463578653751	0.04465417948936248
101.13490302240236	1.134190265855041	0.010814864460868368	0.04465417948936248
101.37683270737985	1.1368067440277891	0.010815093633814301	0.04465417948936248
101.61876239235731	1.1394232772554578	0.010815323305421372	0.04465417948936248
101.8606920773348	1.1420398656623223	0.010815553475735649	0.04465417948936248
102.10262176231228	1.1446565093726568	0.010815784144803194	0.04465417948936248
102.34455144728977	1.147273208510737	0.010816015312670074	0.04465417948936248
102.58648113226724	1.1498899632008377	0.010816246979382355	0.04465417948936248
102.82841081724473	1.1525067735672336	0.010816479144986098	0.04465417948936248
103.07034050222222	1.1551236397342	0.010816711809527374	0.04465417948936248
103.31227018719969	1.157740561826011	0.010816944973052245	0.04465417948936248
103.55419987217718	1.1603575399669426	0.010817178635606776	0.04465417948936248
103.79612955715466	1.162974574281269	0.010817412797237032	0.04465417948936248
104.03805924213215	1.1655916648932654	0.01081764745798908	0.04465417948936248
104.27998892710963	1.168208811927207	0.010817882617908984	0.04465417948936248
104.5219186120871	1.170826015507368	0.010818118277042809	0.04465417948936248
104.7638482970646	1.1734432757580242	0.01081835443543662	0.04465417948936248
105.00577798204208	1.17606059280345	0.010818591093136484	0.04465417948936248
105.24770766701955	1.1786779667679204	0.010818828250188463	0.04465417948936248
105.48963735199703	1.1812953977757104	0.010819065906638625	0.04465417948936248
105.73156703697452	1.183912885951095	0.010819304062533033	0.04465417948936248
105.97349672195202	1.1865304314183494	0.010819542717917753	0.04465417948936248
106.21542640692948	1.1891480343017478	0.01081978187283885	0.04465417948936248
106.45735609190697	1.1917656947255657	0.010820021527342391	0.04465417948936248
106.69928577688445	1.194383412814078	0.010820261681474439	0.04465417948936248
106.94121546186194	1.1970011886915595	0.01082050233528106	0.04465417948936248
107.18314514683941	1.1996190224822851	0.01082074348880832	0.04465417948936248
107.4250748318169	1.2022369143105298	0.010820985142102281	0.04465417948936248
107.66700451679439	1.2048548643005688	0.010821227295209011	0.04465417948936248
107.90893420177186	1.2074728725766766	0.010821469948174576	0.04465417948936248
108.15086388674935	1.2100909392631283	0.010821713101045039	0.04465417948936248
108.39279357172683	1.212709064484199	0.010821956753866465	0.04465417948936248
108.63472325670432	1.2153272483641633	0.01082220090668492	0.04465417948936248
108.8766529416818	1.2179454910272967	0.01082244555954647	0.04465417948936248
109.11858262665928	1.2205637925978734	0.010822690712497179	0.04465417948936248
109.36051231163677	1.223182153200169	0.01082293636558311	0.04465417948936248
109.60244199661425	1.225800572958458	0.010823182518850335	0.04465417948936248
109.84437168159172	1.2284190519970155	0.010823429172344912	0.04465417948936248
110.0863013665692	1.2310375904401165	0.01082367632611291	0.04465417948936248
110.3282310515467	1.2336561884120358	0.010823923980200392	0.04465417948936248
110.57016073652419	1.2362748460370487	0.010824172134653426	0.04465417948936248
110.81209042150165	1.2388935634394294	0.010824420789518074	0.04465417948936248
111.05402010647914	1.2415123407434536	0.010824669944840404	0.04465417948936248
111.29594979145662	1.244131178073396	0.010824919600666479	0.04465417948936248
111.53787947643411	1.246750075553531	0.010825169757042364	0.04465417948936248
111.77980916141158	1.2493690333081342	0.010825420414014126	0.04465417948936248
112.02173884638907	1.2519880514614807	0.01082567157162783	0.04465417948936248
112.26366853136656	1.254607130137845	0.01082592322992954	0.04465417948936248
112.50559821634403	1.2572262694615017	0.01082617538896532	0.04465417948936248
112.74752790132152	1.2598454695567265	0.010826428048781239	0.04465417948936248
112.989457586299	1.2624647305477938	0.010826681209423358	0.04465417948936248
113.23138727127649	1.2650840525589788	0.010826934870937745	0.04465417948936248
113.47331695625397	1.2677034357145565	0.010827189033370465	0.04465417948936248
113.71524664123145	1.2703228801388016	0.010827443696767582	0.04465417948936248
113.95717632620894	1.272942385955989	0.010827698861175163	0.04465417948936248
114.19910601118642	1.275561953290394	0.01082795452663927	0.04465417948936248
114.4410356961639	1.2781815822662912	0.01082821069320597	0.04465417948936248
114.68296538114137	1.2808012730079557	0.010828467360921327	0.04465417948936248
114.92489506611886	1.283421025639662	0.01082872452983141	0.04465417948936248
115.16682475109636	1.2860408402856862	0.010828982199982278	0.04465417948936248
115.40875443607382	1.288660717070302	0.010829240371420003	0.04465417948936248
115.65068412105131	1.291280656117785	0.010829499044190644	0.04465417948936248
115.89261380602879	1.2939006575524097	0.01082975821834027	0.04465417948936248
116.13454349100628	1.2965207214984513	0.010830017893914945	0.04465417948936248
116.37647317598375	1.299140848080185	0.010830278070960734	0.04465417948936248
116.61840286096124	1.301761037421885	0.010830538749523704	0.04465417948936248
116.86033254593873	1.3043812896478273	0.010830799929649916	0.04465417948936248
117.1022622309162	1.307001604882286	0.01083106161138544	0.04465417948936248
117.34419191589369	1.3096219832495362	0.010831323794776337	0.04465417948936248
117.58612160087117	1.3122424248738527	0.010831586479868675	0.04465417948936248
117.82805128584866	1.314862929879511	0.01083184966670852	0.04465417948936248
118.06998097082614	1.3174834983907857	0.010832113355341932	0.04465417948936248
118.31191065580362	1.3201041305319514	0.010832377545814982	0.04465417948936248
118.55384034078111	1.3227248264272835	0.01083264223817373	0.04465417948936248
118.79577002575859	1.3253455862010568	0.010832907432464248	0.04465417948936248
119.03769971073606	1.3279664099775463	0.010833173128732594	0.04465417948936248
119.27962939571354	1.330587297881027	0.010833439327024836	0.04465417948936248
119.52155908069103	1.3332082500357734	0.01083370602738704	0.04465417948936248
119.76348876566853	1.3358292665660612	0.010833973229865271	0.04465417948936248
120.00541845064599	1.3384503475961642	0.010834240934505595	0.04465417948936248
120.24734813562348	1.3410714932503587	0.010834509141354073	0.04465417948936248
120.48927782060096	1.3436927036529185	0.010834777850456775	0.04465417948936248
120.73120750557845	1.3463139789281193	0.010835047061859764	0.04465417948936248
120.97313719055592	1.3489353192002356	0.010835316775609104	0.04465417948936248
121.21506687553341	1.3515567245935425	0.010835586991750863	0.04465417948936248
121.4569965605109	1.354178195232315	0.010835857710331104	0.04465417948936248
121.69892624548837	1.356799731240828	0.010836128931395893	0.04465417948936248
121.94085593046586	1.3594213327433562	0.010836400654991295	0.04465417948936248
122.18278561544335	1.362042999864175	0.010836672881163375	0.04465417948936248
122.42471530042084	1.364664732727559	0.010836945609958197	0.04465417948936248
122.66664498539829	1.367286531457783	0.01083721884142183	0.04465417948936248
122.90857467037578	1.369908396179122	0.010837492575600335	0.04465417948936248
123.15050435535328	1.3725303270158515	0.01083776681253978	0.04465417948936248
123.39243404033077	1.3751523240922459	0.010838041552286229	0.04465417948936248
123.63436372530825	1.3777743875325803	0.010838316794885746	0.04465417948936248
123.87629341028574	1.3803965174611297	0.010838592540384398	0.04465417948936248
124.1182230952632	1.3830187140021684	0.010838868788828249	0.04465417948936248
124.3601527802407	1.3856409772799723	0.010839145540263365	0.04465417948936248
124.60208246521817	1.388263307418816	0.01083942279473581	0.04465417948936248
124.84401215019567	1.390885704542974	0.01083970055229165	0.04465417948936248
125.08594183517316	1.3935081687767221	0.010839978812976951	0.04465417948936248
125.32787152015062	1.3961307002443342	0.010840257576837778	0.04465417948936248
125.5698012051281	1.398753299070086	0.010840536843920195	0.04465417948936248
125.8117308901056	1.4013759653782523	0.010840816614270266	0.04465417948936248
126.05366057508309	1.4039986992931077	0.01084109688793406	0.04465417948936248
126.29559026006056	1.4066215009389276	0.010841377664957639	0.04465417948936248
126.53751994503803	1.4092443704399864	0.01084165894538707	0.04465417948936248
126.77944963001552	1.4118673079205595	0.010841940729268416	0.04465417948936248
127.02137931499301	1.4144903135049218	0.010842223016647744	0.04465417948936248
127.26330899997049	1.417113387317348	0.010842505807571118	0.04465417948936248
127.50523868494798	1.4197365294821134	0.010842789102084603	0.04465417948936248
127.74716836992545	1.4223597401234922	0.010843072900234266	0.04465417948936248
127.98909805490294	1.4249830193657602	0.010843357202066172	0.04465417948936248
128.23102773988043	1.4276063673331922	0.010843642007626384	0.04465417948936248
128.47295742485792	1.4302297841500626	0.01084392731696097	0.04465417948936248
128.71488710983536	1.4328532699406464	0.010844213130115991	0.04465417948936248
128.95681679481285	1.4354768248292193	0.010844499447137517	0.04465417948936248
129.19874647979034	1.4381004489400557	0.01084478626807161	0.04465417948936248
129.44067616476784	1.4407241423974304	0.010845073592964336	0.04465417948936248
129.68260584974533	1.4433479053256186	0.01084536142186176	0.04465417948936248
129.9245355347228	1.4459717378488948	0.01084564975480995	0.04465417948936248
130.16646521970029	1.4485956400915345	0.010845938591854965	0.04465417948936248
130.40839490467775	1.4512196121778127	0.010846227933042876	0.04465417948936248
130.65032458965524	1.4538436542320037	0.010846517778419745	0.04465417948936248
130.89225427463273	1.4564677663783832	0.010846808128031639	0.04465417948936248
131.1341839596102	1.459091948741225	0.010847098981924621	0.04465417948936248
131.3761136445877	1.4617162014448053	0.010847390340144756	0.04465417948936248
131.61804332956518	1.4643405246133985	0.010847682202738114	0.04465417948936248
131.85997301454267	1.4669649183712798	0.010847974569750755	0.04465417948936248
132.10190269952017	1.4695893828427233	0.010848267441228746	0.04465417948936248
132.3438323844976	1.4722139181520046	0.010848560817218151	0.04465417948936248
132.5857620694751	1.474838524423399	0.010848854697765038	0.04465417948936248
132.8276917544526	1.4774632017811808	0.010849149082915469	0.04465417948936248
133.06962143943008	1.4800879503496254	0.01084944397271551	0.04465417948936248
133.31155112440754	1.4827127702530067	0.010849739367211229	0.04465417948936248
133.55348080938504	1.485337661615601	0.010850035266448689	0.04465417948936248
133.79541049436253	1.4879626245616826	0.010850331670473954	0.04465417948936248
134.03734017934002	1.4905876592155265	0.01085062857933309	0.04465417948936248
134.27926986431748	1.4932127657014076	0.010850925993072162	0.04465417948936248
134.52119954929495	1.4958379441436005	0.010851223911737234	0.04465417948936248
134.76312923427244	1.4984631946663811	0.010851522335374376	0.04465417948936248
135.00505891924993	1.5010885173940234	0.010851821264029648	0.04465417948936248
135.24698860422743	1.5037139124508028	0.010852120697749117	0.04465417948936248
135.48891828920492	1.5063393799609939	0.010852420636578848	0.04465417948936248
135.73084797418238	1.508964920048872	0.010852721080564908	0.04465417948936248
135.97277765915985	1.511590532838712	0.01085302202975336	0.04465417948936248
136.21470734413734	1.5142162184547887	0.01085332348419027	0.04465417948936248
136.45663702911483	1.516841977021377	0.0108536254439217	0.04465417948936248
136.69856671409232	1.519467808662752	0.01085392790899372	0.04465417948936248
136.9404963990698	1.5220937135031885	0.010854230879452394	0.04465417948936248
137.18242608404728	1.5247196916669612	0.010854534355343785	0.04465417948936248
137.42435576902477	1.5273457432783455	0.01085483833671396	0.04465417948936248
137.66628545400226	1.5299718684616164	0.010855142823608985	0.04465417948936248
137.9082151389797	1.5325980673410482	0.010855447816074922	0.04465417948936248
138.1501448239572	1.5352243400409165	0.010855753314157838	0.04465417948936248
138.39207450893468	1.537850686685496	0.010856059317903798	0.04465417948936248
138.63400419391218	1.5404771073990615	0.010856365827358869	0.04465417948936248
138.87593387888967	1.5431036023058882	0.010856672842569113	0.04465417948936248
139.11786356386713	1.5457301715302503	0.010856980363580597	0.04465417948936248
139.35979324884462	1.548356815196424	0.010857288390439385	0.04465417948936248
139.6017229338221	1.5509835334286834	0.010857596923191545	0.04465417948936248
139.84365261879958	1.5536103263513037	0.010857905961883138	0.04465417948936248
140.08558230377707	1.5562371940885595	0.010858215506560232	0.04465417948936248
140.32751198875454	1.558864136764726	0.010858525557268892	0.04465417948936248
140.56944167373203	1.5614911545040782	0.010858836114055182	0.04465417948936248
140.81137135870952	1.564118247430891	0.01085914717696517	0.04465417948936248
141.05330104368701	1.5667454156694394	0.010859458746044916	0.04465417948936248
141.29523072866448	1.5693726593439976	0.010859770821340488	0.04465417948936248
141.53716041364194	1.5719999785788414	0.010860083402897954	0.04465417948936248
141.77909009861943	1.574627373498246	0.010860396490763374	0.04465417948936248
142.02101978359693	1.5772548442264855	0.010860710084982817	0.04465417948936248
142.26294946857442	1.5798823908878354	0.010861024185602346	0.04465417948936248
142.50487915355188	1.58251001360657	0.010861338792668027	0.04465417948936248
142.74680883852938	1.5851377125069648	0.010861653906225927	0.04465417948936248
142.98873852350687	1.587765487713295	0.010861969526322107	0.04465417948936248
143.23066820848436	1.5903933393498346	0.010862285653002634	0.04465417948936248
143.47259789346182	1.5930212675408595	0.010862602286313574	0.04465417948936248
143.7145275784393	1.5956492724106437	0.010862919426300993	0.04465417948936248
143.95645726341678	1.598277354083463	0.010863237073010954	0.04465417948936248
144.19838694839427	1.600905512683592	0.010863555226489524	0.04465417948936248
144.44031663337176	1.6035337483353054	0.010863873886782767	0.04465417948936248
144.68224631834926	1.6061620611628786	0.010864193053936747	0.04465417948936248
144.92417600332672	1.6087904512905862	0.010864512727997532	0.04465417948936248
145.16610568830419	1.6114189188427033	0.010864832909011185	0.04465417948936248
145.40803537328168	1.6140474639435047	0.010865153597023773	0.04465417948936248
145.64996505825917	1.6166760867172654	0.010865474792081359	0.04465417948936248
145.89189474323663	1.61930478728826	0.01086579649423001	0.04465417948936248
146.13382442821413	1.6219335657807643	0.01086611870351579	0.04465417948936248
146.37575411319162	1.6245624223190525	0.010866441419984765	0.04465417948936248
146.6176837981691	1.6271913570274	0.010866764643682999	0.04465417948936248
146.8596134831466	1.6298203700300813	0.010867088374656558	0.04465417948936248
147.10154316812404	1.6324494614513714	0.010867412612951507	0.04465417948936248
147.34347285310153	1.6350786314155457	0.010867737358613912	0.04465417948936248
147.58540253807902	1.6377078800468785	0.010868062611689835	0.04465417948936248
147.82733222305652	1.6403372074696452	0.010868388372225346	0.04465417948936248
148.069261908034	1.6429666138081207	0.010868714640266508	0.04465417948936248
148.31119159301147	1.6455960991865792	0.010869041415859385	0.04465417948936248
148.55312127798896	1.648225663729297	0.010869368699050043	0.04465417948936248
148.79505096296643	1.650855307560548	0.010869696489884546	0.04465417948936248
149.03698064794392	1.6534850308046076	0.010870024788408962	0.04465417948936248
149.2789103329214	1.6561148335857505	0.010870353594669355	0.04465417948936248
149.52084001789888	1.6587447160282516	0.010870682908711788	0.04465417948936248
149.76276970287637	1.661374678256386	0.010871012730582328	0.04465417948936248
150.00469938785386	1.6640047203944288	0.01087134306032704	0.04465417948936248
150.24662907283135	1.6666348425666546	0.010871673897991992	0.04465417948936248
150.48855875780882	1.669265044897338	0.010872005243623244	0.04465417948936248
150.73048844278628	1.671895327510755	0.010872337097266862	0.04465417948936248
150.97241812776377	1.67452569053118	0.010872669458968915	0.04465417948936248
151.21434781274127	1.6771561340828876	0.010873002328775465	0.04465417948936248
151.45627749771876	1.679786658290153	0.010873335706732578	0.04465417948936248
151.69820718269622	1.6824172632772512	0.010873669592886319	0.04465417948936248
151.94013686767371	1.6850479491684571	0.010874003987282754	0.04465417948936248
152.1820665526512	1.6876787160880458	0.010874338889967947	0.04465417948936248
152.4239962376287	1.6903095641602919	0.010874674300987965	0.04465417948936248
152.66592592260616	1.6929404935094707	0.01087501022038887	0.04465417948936248
152.90785560758363	1.6955715042598567	0.01087534664821673	0.04465417948936248
153.14978529256112	1.698202596535725	0.010875683584517608	0.04465417948936248
153.3917149775386	1.700833770461351	0.010876021029337572	0.04465417948936248
153.6336446625161	1.703465026161009	0.010876358982722684	0.04465417948936248
153.8755743474936	1.7060963637589746	0.010876697444719011	0.04465417948936248
154.11750403247106	1.7087277833795216	0.010877036415372618	0.04465417948936248
154.35943371744852	1.711359285146926	0.01087737589472957	0.04465417948936248
154.60136340242602	1.7139908691854626	0.010877715882835932	0.04465417948936248
154.8432930874035	1.7166225356194063	0.01087805637973777	0.04465417948936248
155.08522277238097	1.7192542845730312	0.010878397385481148	0.04465417948936248
155.32715245735847	1.7218861161706132	0.010878738900112131	0.04465417948936248
155.56908214233596	1.7245180305364274	0.010879080923676785	0.04465417948936248
155.81101182731345	1.7271500277947482	0.010879423456221176	0.04465417948936248
156.05294151229094	1.7297821080698503	0.010879766497791368	0.04465417948936248
156.29487119726838	1.732414271486009	0.010880110048433426	0.04465417948936248
156.53680088224587	1.7350465181674992	0.010880454108193414	0.04465417948936248
156.77873056722336	1.737678848238596	0.010880798677117401	0.04465417948936248
157.02066025220086	1.7403112618235743	0.010881143755251448	0.04465417948936248
157.26258993717835	1.742943759046709	0.010881489342641623	0.04465417948936248
157.5045196221558	1.7455763400322744	0.010881835439333989	0.04465417948936248
157.7464493071333	1.7482090049045464	0.010882182045374613	0.04465417948936248
157.9883789921108	1.7508417537877996	0.010882529160809559	0.04465417948936248
158.23030867708826	1.753474586806309	0.010882876785684894	0.04465417948936248
158.47223836206575	1.7561075040843492	0.01088322492004668	0.04465417948936248
158.71416804704322	1.7587405057461951	0.010883573563940985	0.04465417948936248
158.9560977320207	1.7613735919161222	0.010883922717413872	0.04465417948936248
159.1980274169982	1.764006762718405	0.010884272380511407	0.04465417948936248
159.4399571019757	1.766640018277319	0.010884622553279657	0.04465417948936248
159.68188678695316	1.769273358717138	0.010884973235764685	0.04465417948936248
159.92381647193062	1.7719067841621383	0.010885324428012556	0.04465417948936248
160.1657461569081	1.7745402947365938	0.010885676130069338	0.04465417948936248
160.4076758418856	1.77717389056478	0.010886028341981092	0.04465417948936248
160.6496055268631	1.7798075717709716	0.010886381063793886	0.04465417948936248
160.89153521184056	1.7824413384794435	0.010886734295553783	0.04465417948936248
161.13346489681805	1.7850751908144709	0.010887088037306852	0.04465417948936248
161.37539458179555	1.7877091289003284	0.010887442289099153	0.04465417948936248
161.61732426677304	1.7903431528612912	0.010887797050976757	0.04465417948936248
161.8592539517505	1.7929772628216343	0.010888152322985723	0.04465417948936248
162.10118363672797	1.7956114589056322	0.010888508105172121	0.04465417948936248
162.34311332170546	1.7982457412375603	0.010888864397582014	0.04465417948936248
162.58504300668295	1.8008801099416933	0.010889221200261468	0.04465417948936248
162.82697269166044	1.8035145651423066	0.010889578513256547	0.04465417948936248
163.06890237663794	1.806149106963674	0.010889936336613318	0.04465417948936248
163.3108320616154	1.8087837355300715	0.010890294670377844	0.04465417948936248
163.55276174659286	1.8114184509657738	0.01089065351459619	0.04465417948936248
163.79469143157036	1.8140532533950557	0.010891012869314425	0.04465417948936248
164.03662111654785	1.8166881429421924	0.01089137273457861	0.04465417948936248
164.2785508015253	1.8193231197314579	0.010891733110434813	0.04465417948936248
164.5204804865028	1.8219581838871286	0.010892093996929097	0.04465417948936248
164.7624101714803	1.8245933355334785	0.010892455394107527	0.04465417948936248
165.0043398564578	1.8272285747947827	0.01089281730201617	0.04465417948936248
165.24626954143528	1.8298639017953164	0.01089317972070109	0.04465417948936248
165.48819922641272	1.8324993166593537	0.010893542650208353	0.04465417948936248
165.7301289113902	1.8351348195111707	0.010893906090584025	0.04465417948936248
165.9720585963677	1.8377704104750419	0.010894270041874168	0.04465417948936248
166.2139882813452	1.840406089675242	0.01089463450412485	0.04465417948936248
166.4559179663227	1.843041857236046	0.010894999477382135	0.04465417948936248
166.69784765130015	1.8456777132817286	0.010895364961692086	0.04465417948936248
166.93977733627764	1.8483136579365653	0.010895730957100773	0.04465417948936248
167.18170702125514	1.850949691324831	0.010896097463654258	0.04465417948936248
167.4236367062326	1.8535858135708003	0.010896464481398607	0.04465417948936248
167.6655663912101	1.8562220247987482	0.010896832010379885	0.04465417948936248
167.90749607618756	1.8588583251329496	0.010897200050644157	0.04465417948936248
168.14942576116505	1.8614947146976797	0.010897568602237489	0.04465417948936248
168.39135544614254	1.8641311936172134	0.010897937665205944	0.04465417948936248
168.63328513112003	1.8667677620158252	0.010898307239595591	0.04465417948936248
168.8752148160975	1.8694044200177902	0.01089867732545249	0.04465417948936248
169.11714450107496	1.8720411677473838	0.01089904792282271	0.04465417948936248
169.35907418605245	1.8746780053288807	0.010899419031752317	0.04465417948936248
169.60100387102995	1.8773149328865557	0.010899790652287373	0.04465417948936248
169.84293355600744	1.8799519505446838	0.010900162784473944	0.04465417948936248
170.0848632409849	1.8825890584275395	0.010900535428358095	0.04465417948936248
170.3267929259624	1.885226256659399	0.010900908583985893	0.04465417948936248
170.5687226109399	1.8878635453645356	0.010901282251403402	0.04465417948936248
170.81065229591738	1.8905009246672255	0.010901656430656687	0.04465417948936248
171.05258198089484	1.8931383946917433	0.010902031121791812	0.04465417948936248
171.2945116658723	1.8957759555623634	0.010902406324854844	0.04465417948936248
171.5364413508498	1.8984136074033615	0.010902782039891848	0.04465417948936248
171.7783710358273	1.9010513503390118	0.01090315826694889	0.04465417948936248
172.02030072080478	1.9036891844935901	0.010903535006072032	0.04465417948936248
172.26223040578228	1.9063271099913708	0.010903912257307342	0.04465417948936248
172.50416009075974	1.9089651269566286	0.010904290020700884	0.04465417948936248
172.7460897757372	1.9116032355136392	0.010904668296298724	0.04465417948936248
172.9880194607147	1.9142414357866768	0.010905047084146927	0.04465417948936248
173.2299491456922	1.916879727900017	0.010905426384291556	0.04465417948936248
173.47187883066965	1.9195181119779336	0.010905806196778679	0.04465417948936248
173.71380851564714	1.922156588144703	0.01090618652165436	0.04465417948936248
173.95573820062464	1.924795156524599	0.010906567358964664	0.04465417948936248
174.19766788560213	1.9274338172418974	0.010906948708755658	0.04465417948936248
174.43959757057962	1.9300725704208725	0.010907330571073404	0.04465417948936248
174.68152725555706	1.9327114161857994	0.010907712945963969	0.04465417948936248
174.92345694053455	1.9353503546609532	0.010908095833473417	0.04465417948936248
175.16538662551204	1.9379893859706088	0.010908479233647815	0.04465417948936248
175.40731631048953	1.940628510239041	0.010908863146533228	0.04465417948936248
175.64924599546703	1.9432677275905248	0.010909247572175719	0.04465417948936248
175.8911756804445	1.945907038149335	0.010909632510621355	0.04465417948936248
176.13310536542198	1.948546442039747	0.0109100179619162	0.04465417948936248
176.37503505039948	1.9511859393860351	0.010910403926106323	0.04465417948936248
176.61696473537694	1.9538255303124747	0.010910790403237782	0.04465417948936248
176.8588944203544	1.9564652149433406	0.010911177393356649	0.04465417948936248
177.1008241053319	1.959104993402908	0.010911564896508985	0.04465417948936248
177.3427537903094	1.9617448658154513	0.010911952912740858	0.04465417948936248
177.58468347528688	1.9643848323052455	0.01091234144209833	0.04465417948936248
177.82661316026437	1.9670248929965661	0.010912730484627469	0.04465417948936248
178.06854284524184	1.9696650480136875	0.010913120040374338	0.04465417948936248
178.3104725302193	1.972305297480885	0.010913510109385004	0.04465417948936248
178.5524022151968	1.9749456415224333	0.01091390069170553	0.04465417948936248
178.79433190017429	1.9775860802626073	0.010914291787381984	0.04465417948936248
179.03626158515178	1.9802266138256823	0.01091468339646043	0.04465417948936248
179.27819127012924	1.9828672423359326	0.010915075518986933	0.04465417948936248
179.52012095510673	1.9855079659176338	0.010915468155007556	0.04465417948936248
179.76205064008423	1.9881487846950605	0.010915861304568368	0.04465417948936248
180.00398032506172	1.9907896987924878	0.010916254967715432	0.04465417948936248
180.24591001003918	1.9934307083341904	0.010916649144494812	0.04465417948936248
180.48783969501665	1.996071813444443	0.010917043834952577	0.04465417948936248
180.72976937999414	1.9987130142475213	0.010917439039134788	0.04465417948936248
180.97169906497163	2.0013543108676997	0.010917834757087514	0.04465417948936248
181.21362874994912	2.003995703429254	0.010918230988856817	0.04465417948936248
181.4555584349266	2.006637192056457	0.010918627734488763	0.04465417948936248
181.69748811990408	2.009278776873586	0.010919024994029419	0.04465417948936248
181.93941780488154	2.011920458004915	0.010919422767524847	0.04465417948936248
182.18134748985904	2.0145622355747186	0.010919821055021114	0.04465417948936248
182.42327717483653	2.017204109707273	0.010920219856564285	0.04465417948936248
182.665206859814	2.0198460805268508	0.010920619172200425	0.04465417948936248
182.90713654479148	2.022488148157729	0.0109210190019756	0.04465417948936248
183.14906622976898	2.025130312724182	0.010921419345935875	0.04465417948936248
183.39099591474647	2.0277725743504846	0.010921820204127314	0.04465417948936248
183.63292559972396	2.030414933160912	0.010922221576595984	0.04465417948936248
183.8748552847014	2.033057389279738	0.010922623463387947	0.04465417948936248
184.1167849696789	2.035699942831239	0.01092302586454927	0.04465417948936248
184.35871465465638	2.0383425939396895	0.01092342878012602	0.04465417948936248
184.60064433963387	2.040985342729365	0.010923832210164259	0.04465417948936248
184.84257402461137	2.0436281893245383	0.010924236154710054	0.04465417948936248
185.08450370958883	2.046271133849486	0.010924640613809471	0.04465417948936248
185.32643339456632	2.0489141764284837	0.010925045587508573	0.04465417948936248
185.56836307954381	2.0515573171858055	0.010925451075853427	0.04465417948936248
185.81029276452128	2.0542005562457257	0.010925857078890096	0.04465417948936248
186.05222244949874	2.0568438937325197	0.010926263596664647	0.04465417948936248
186.29415213447624	2.0594873297704632	0.010926670629223144	0.04465417948936248
186.53608181945373	2.06213086448383	0.010927078176611654	0.04465417948936248
186.77801150443122	2.064774497996896	0.01092748623887624	0.04465417948936248
187.0199411894087	2.067418230433935	0.010927894816062968	0.04465417948936248
187.26187087438618	2.070062061919223	0.010928303908217904	0.04465417948936248
187.50380055936364	2.072705992577035	0.010928713515387111	0.04465417948936248
187.74573024434113	2.075350022531645	0.010929123637616658	0.04465417948936248
187.98765992931862	2.0779941519073284	0.010929534274952605	0.04465417948936248
188.22958961429612	2.0806383808283604	0.010929945427441022	0.04465417948936248
188.47151929927358	2.0832827094190156	0.010930357095127971	0.04465417948936248
188.71344898425107	2.0859271378035693	0.01093076927805952	0.04465417948936248
188.95537866922857	2.088571666106296	0.01093118197628173	0.04465417948936248
189.19730835420606	2.0912162944514705	0.01093159518984067	0.04465417948936248
189.43923803918352	2.0938610229633685	0.010932008918782403	0.04465417948936248
189.68116772416099	2.0965058517662643	0.010932423163152995	0.04465417948936248
189.92309740913848	2.0991507809844334	0.010932837922998512	0.04465417948936248
190.16502709411597	2.10179581074215	0.010933253198365018	0.04465417948936248
190.40695677909346	2.1044409411636895	0.010933668989298578	0.04465417948936248
190.64888646407093	2.107086172373327	0.010934085295845258	0.04465417948936248
190.89081614904842	2.109731504495337	0.010934502118051121	0.04465417948936248
191.1327458340259	2.1123769376539947	0.010934919455962236	0.04465417948936248
191.37467551900338	2.115022471973575	0.010935337309624666	0.04465417948936248
191.61660520398087	2.1176681075783526	0.010935755679084475	0.04465417948936248
191.85853488895833	2.120313844592603	0.01093617456438773	0.04465417948936248
192.10046457393582	2.1229596831406004	0.010936593965580495	0.04465417948936248
192.34239425891332	2.1256056233466207	0.010937013882708835	0.04465417948936248
192.5843239438908	2.128251665334938	0.010937434315818818	0.04465417948936248
192.8262536288683	2.130897809229827	0.010937855264956506	0.04465417948936248
193.06818331384574	2.1335440551555633	0.010938276730167966	0.04465417948936248
193.31011299882323	2.136190403236422	0.01093869871149926	0.04465417948936248
193.55204268380072	2.1388368535966777	0.010939121208996459	0.04465417948936248
193.7939723687782	2.1414834063606056	0.010939544222705622	0.04465417948936248
194.0359020537557	2.14413006165248	0.010939967752672818	0.04465417948936248
194.27783173873317	2.1467768195965755	0.010940391798944111	0.04465417948936248
194.51976142371066	2.149423680317169	0.010940816361565566	0.04465417948936248
194.76169110868815	2.1520706439385338	0.010941241440583248	0.04465417948936248
195.00362079366562	2.1547177105849453	0.010941667036043223	0.04465417948936248
195.24555047864308	2.157364880380678	0.010942093147991556	0.04465417948936248
195.48748016362057	2.1600121534500074	0.010942519776474311	0.04465417948936248
195.72940984859807	2.1626595299172084	0.010942946921537555	0.04465417948936248
195.97133953357556	2.165307009906556	0.01094337458322735	0.04465417948936248
196.21326921855305	2.167954593542325	0.010943802761589766	0.04465417948936248
196.45519890353052	2.1706022809487893	0.010944231456670865	0.04465417948936248
196.69712858850798	2.1732500722502257	0.010944660668516711	0.04465417948936248
196.93905827348547	2.175897967570908	0.010945090397173372	0.04465417948936248
197.18098795846296	2.1785459670351117	0.010945520642686913	0.04465417948936248
197.42291764344046	2.181194070767111	0.010945951405103396	0.04465417948936248
197.66484732841792	2.183842278891181	0.010946382684468889	0.04465417948936248
197.9067770133954	2.186490591531598	0.010946814480829457	0.04465417948936248
198.1487066983729	2.1891390088126346	0.010947246794231164	0.04465417948936248
198.3906363833504	2.1917875308585675	0.010947679624720078	0.04465417948936248
198.63256606832786	2.1944361577936715	0.01094811297234226	0.04465417948936248
198.87449575330533	2.19708488974222	0.010948546837143776	0.04465417948936248
199.11642543828282	2.19973372682849	0.010948981219170694	0.04465417948936248
199.3583551232603	2.202382669176756	0.010949416118469078	0.04465417948936248
199.6002848082378	2.205031716911291	0.010949851535084992	0.04465417948936248
199.84221449321527	2.2076808701563726	0.0109502874690645	0.04465417948936248
200.08414417819276	2.210330129036274	0.010950723920453672	0.04465417948936248
200.32607386317025	2.212979493675271	0.010951160889298569	0.04465417948936248
200.56800354814771	2.215628964197638	0.010951598375645256	0.04465417948936248
200.8099332331252	2.218278540727651	0.0109520363795398	0.04465417948936248
201.05186291810267	2.220928223389582	0.010952474901028266	0.04465417948936248
201.29379260308016	2.2235780123077102	0.01095291394015672	0.04465417948936248
201.53572228805766	2.226227907606307	0.010953353496971224	0.04465417948936248
201.77765197303515	2.2288779094096496	0.010953793571517847	0.04465417948936248
202.01958165801264	2.2315280178420114	0.01095423416384265	0.04465417948936248
202.26151134299008	2.2341782330276683	0.010954675273991701	0.04465417948936248
202.50344102796757	2.236828555090895	0.010955116902011066	0.04465417948936248
202.74537071294506	2.2394789841559657	0.010955559047946808	0.04465417948936248
202.98730039792255	2.2421295203471567	0.010956001711844993	0.04465417948936248
203.22923008290002	2.244780163788742	0.010956444893751686	0.04465417948936248
203.4711597678775	2.2474309146049967	0.010956888593712952	0.04465417948936248
203.713089452855	2.250081772920196	0.010957332811774858	0.04465417948936248
203.9550191378325	2.2527327388586142	0.010957777547983466	0.04465417948936248
204.19694882280996	2.255383812544527	0.010958222802384843	0.04465417948936248
204.43887850778742	2.258034994102209	0.010958668575025053	0.04465417948936248
204.6808081927649	2.2606862836559354	0.010959114865950163	0.04465417948936248
204.9227378777424	2.263337681329981	0.010959561675206238	0.04465417948936248
205.1646675627199	2.26598918724862	0.010960009002839341	0.04465417948936248
205.4065972476974	2.2686408015361286	0.01096045684889554	0.04465417948936248
205.64852693267486	2.27129252431678	0.010960905213420897	0.04465417948936248
205.89045661765232	2.2739443557148515	0.01096135409646148	0.04465417948936248
206.1323863026298	2.276596295854616	0.010961803498063354	0.04465417948936248
206.3743159876073	2.27924834486035	0.010962253418272581	0.04465417948936248
206.6162456725848	2.2819005028563275	0.01096270385713523	0.04465417948936248
206.85817535756226	2.2845527699668233	0.010963154814697363	0.04465417948936248
207.10010504253975	2.2872051463161123	0.010963606291005049	0.04465417948936248
207.34203472751724	2.28985763202847	0.010964058286104349	0.04465417948936248
207.58396441249474	2.2925102272281714	0.01096451080004133	0.04465417948936248
207.82589409747217	2.2951629320394904	0.010964963832862058	0.04465417948936248
208.06782378244966	2.2978157465867035	0.010965417384612597	0.04465417948936248
208.30975346742716	2.3004686709940847	0.010965871455339013	0.04465417948936248
208.55168315240465	2.303121705385909	0.010966326045087372	0.04465417948936248
208.79361283738214	2.3057748498864514	0.010966781153903735	0.04465417948936248
209.0355425223596	2.308428104619987	0.010967236781834172	0.04465417948936248
209.2774722073371	2.311081469710791	0.010967692928924746	0.04465417948936248
209.5194018923146	2.3137349452831373	0.010968149595221521	0.04465417948936248
209.76133157729205	2.316388531461301	0.010968606780770565	0.04465417948936248
210.00326126226955	2.3190422283695584	0.01096906448561794	0.04465417948936248
210.245190947247	2.321696036132183	0.010969522709809715	0.04465417948936248
210.4871206322245	2.32434995487345	0.010969981453391951	0.04465417948936248
210.729050317202	2.327003984717635	0.010970440716410717	0.04465417948936248
210.9709800021795	2.3296581257890123	0.010970900498912075	0.04465417948936248
211.21290968715698	2.3323123782118573	0.010971360800942092	0.04465417948936248
211.45483937213442	2.334966742110445	0.010971821622546833	0.04465417948936248
211.6967690571119	2.33762121760905	0.010972282963772362	0.04465417948936248
211.9386987420894	2.340275804831947	0.010972744824664746	0.04465417948936248
212.1806284270669	2.3429305039034114	0.010973207205270048	0.04465417948936248
212.42255811204436	2.3455853149477175	0.010973670105634336	0.04465417948936248
212.66448779702185	2.348240238089141	0.010974133525803672	0.04465417948936248
212.90641748199934	2.3508952734519566	0.010974597465824123	0.04465417948936248
213.14834716697683	2.353550421160439	0.010975061925741754	0.04465417948936248
213.3902768519543	2.356205681338864	0.01097552690560263	0.04465417948936248
213.63220653693176	2.3588610541115056	0.010975992405452816	0.04465417948936248
213.87413622190925	2.361516539602639	0.010976458425338377	0.04465417948936248
214.11606590688675	2.3641721379365386	0.01097692496530538	0.04465417948936248
214.35799559186424	2.3668278492374806	0.010977392025399886	0.04465417948936248
214.59992527684173	2.3694836736297384	0.010977859605667965	0.04465417948936248
214.8418549618192	2.3721396112375883	0.010978327706155679	0.04465417948936248
215.0837846467967	2.3747956621853046	0.010978796326909094	0.04465417948936248
215.32571433177415	2.377451826597162	0.010979265467974276	0.04465417948936248
215.56764401675164	2.3801081045974364	0.010979735129397289	0.04465417948936248
215.80957370172914	2.3827644963104015	0.010980205311224199	0.04465417948936248
216.0515033867066	2.3854210018603332	0.01098067601350107	0.04465417948936248
216.2934330716841	2.3880776213715063	0.01098114723627397	0.04465417948936248
216.53536275666158	2.3907343549681954	0.010981618979588959	0.04465417948936248
216.77729244163908	2.3933912027746755	0.010982091243492106	0.04465417948936248
217.0192221266165	2.3960481649152205	0.010982564028029477	0.04465417948936248
217.261151811594	2.398705241514108	0.010983037333247134	0.04465417948936248
217.5030814965715	2.4013624326956107	0.010983511159191146	0.04465417948936248
217.745011181549	2.404019738584004	0.010983985505907574	0.04465417948936248
217.98694086652648	2.4066771593035634	0.010984460373442485	0.04465417948936248
218.22887055150395	2.4093346949785635	0.010984935761841945	0.04465417948936248
218.47080023648144	2.411992345733279	0.010985411671152018	0.04465417948936248
218.71272992145893	2.4146501116919854	0.01098588810141877	0.04465417948936248
218.9546596064364	2.417307992978957	0.010986365052688267	0.04465417948936248
219.1965892914139	2.4199659897184693	0.010986842525006571	0.04465417948936248
219.43851897639135	2.422624102034796	0.01098732051841975	0.04465417948936248
219.68044866136884	2.425282330052214	0.010987799032973868	0.04465417948936248
219.92237834634633	2.427940673894997	0.01098827806871499	0.04465417948936248
220.16430803132383	2.43059913368742	0.010988757625689181	0.04465417948936248
220.40623771630132	2.433257709553759	0.010989237703942509	0.04465417948936248
220.64816740127876	2.435916401618287	0.010989718303521035	0.04465417948936248
220.89009708625625	2.438575210005281	0.010990199424470826	0.04465417948936248
221.13202677123374	2.4412341348390143	0.010990681066837949	0.04465417948936248
221.37395645621123	2.4438931762437623	0.010991163230668465	0.04465417948936248
221.6158861411887	2.4465523343438	0.010991645916008442	0.04465417948936248
221.8578158261662	2.4492116092634024	0.010992129122903947	0.04465417948936248
222.09974551114368	2.451871001126845	0.01099261285140104	0.04465417948936248
222.34167519612117	2.454530510058402	0.010993097101545791	0.04465417948936248
222.58360488109864	2.4571901361823487	0.010993581873384263	0.04465417948936248
222.8255345660761	2.4598498796229604	0.01099406716696252	0.04465417948936248
223.0674642510536	2.462509740504511	0.010994552982326631	0.04465417948936248
223.30939393603109	2.465169718951276	0.010995039319522656	0.04465417948936248
223.55132362100858	2.46782981508753	0.010995526178596664	0.04465417948936248
223.79325330598607	2.4704900290375487	0.01099601355959472	0.04465417948936248
224.03518299096353	2.4731503609256063	0.010996501462562886	0.04465417948936248
224.27711267594103	2.475810810875978	0.01099698988754723	0.04465417948936248
224.5190423609185	2.478471379012939	0.01099747883459382	0.04465417948936248
224.76097204589598	2.481132065460764	0.010997968303748714	0.04465417948936248
225.00290173087348	2.483792870343728	0.01099845829505798	0.04465417948936248
225.24483141585094	2.4864537937861053	0.010998948808567686	0.04465417948936248
225.48676110082843	2.489114835912172	0.010999439844323895	0.04465417948936248
225.72869078580592	2.4917759968462025	0.010999931402372673	0.04465417948936248
225.97062047078342	2.4944372767124716	0.011000423482760084	0.04465417948936248
226.21255015576085	2.497098675635254	0.011000916085532192	0.04465417948936248
226.45447984073834	2.499760193738825	0.011001409210735065	0.04465417948936248
226.69640952571584	2.5024218311474598	0.011001902858414767	0.04465417948936248
226.93833921069333	2.505083587985433	0.011002397028617364	0.04465417948936248
227.18026889567082	2.50774546437702	0.01100289172138892	0.04465417948936248
227.42219858064828	2.510407460446495	0.0110033869367755	0.04465417948936248
227.66412826562578	2.513069576318133	0.01100388267482317	0.04465417948936248
227.90605795060327	2.5157318121162096	0.011004378935577994	0.04465417948936248
228.14798763558073	2.518394167964999	0.01100487571908604	0.04465417948936248
228.38991732055823	2.5210566439887767	0.011005373025393369	0.04465417948936248
228.6318470055357	2.5237192403118165	0.01100587085454605	0.04465417948936248
228.87377669051318	2.526381957058395	0.011006369206590145	0.04465417948936248
229.11570637549067	2.5290447943527865	0.011006868081571721	0.04465417948936248
229.35763606046817	2.531707752319266	0.011007367479536843	0.04465417948936248
229.59956574544566	2.534370831082108	0.011007867400531576	0.04465417948936248
229.8414954304231	2.5370340307655876	0.011008367844601985	0.04465417948936248
230.0834251154006	2.53969735149398	0.011008868811794135	0.04465417948936248
230.32535480037808	2.54236079339156	0.011009370302154093	0.04465417948936248
230.56728448535557	2.5450243565826023	0.01100987231572792	0.04465417948936248
230.80921417033304	2.547688041191382	0.011010374852561686	0.04465417948936248
231.05114385531053	2.5503518473421742	0.011010877912701453	0.04465417948936248
231.29307354028802	2.553015775159254	0.011011381496193287	0.04465417948936248
231.5350032252655	2.555679824766896	0.011011885603083254	0.04465417948936248
231.77693291024298	2.5583439962893753	0.011012390233417418	0.04465417948936248
232.01886259522044	2.5610082898509665	0.011012895387241844	0.04465417948936248
232.26079228019793	2.5636727055759447	0.011013401064602598	0.04465417948936248
232.50272196517543	2.5663372435885847	0.011013907265545747	0.04465417948936248
232.74465165015292	2.569001904013162	0.011014413990117352	0.04465417948936248
232.9865813351304	2.571666686973952	0.01101492123836348	0.04465417948936248
233.22851102010787	2.574331592595227	0.011015429010330197	0.04465417948936248
233.47044070508537	2.576996621001265	0.011015937306063569	0.04465417948936248
233.71237039006283	2.579661772316339	0.011016446125609657	0.04465417948936248
233.95430007504032	2.5823270466647257	0.01101695546901453	0.04465417948936248
234.19622976001781	2.584992444170698	0.011017465336324254	0.04465417948936248
234.43815944499528	2.5876579649585327	0.01101797572758489	0.04465417948936248
234.68008912997277	2.5903236091525033	0.011018486642842506	0.04465417948936248
234.92201881495026	2.5929893768768855	0.011018998082143166	0.04465417948936248
235.16394849992776	2.595655268255954	0.011019510045532937	0.04465417948936248
235.4058781849052	2.5983212834139833	0.011020022533057882	0.04465417948936248
235.64780786988268	2.600987422475249	0.011020535544764067	0.04465417948936248
235.88973755486018	2.603653685564026	0.011021049080697558	0.04465417948936248
236.13166723983767	2.606320072804589	0.011021563140904418	0.04465417948936248
236.37359692481516	2.6089865843212134	0.011022077725430715	0.04465417948936248
236.61552660979262	2.611653220238174	0.011022592834322512	0.04465417948936248
236.85745629477012	2.614319980679745	0.011023108467625876	0.04465417948936248
237.0993859797476	2.616986865770202	0.01102362462538687	0.04465417948936248
237.34131566472507	2.6196538756338192	0.01102414130765156	0.04465417948936248
237.58324534970257	2.622321010394873	0.011024658514466011	0.04465417948936248
237.82517503468003	2.6249882701776364	0.01102517624587629	0.04465417948936248
238.06710471965752	2.627655655106386	0.01102569450192846	0.04465417948936248
238.309034404635	2.6303231653053962	0.011026213282668586	0.04465417948936248
238.5509640896125	2.632990800898942	0.011026732588142735	0.04465417948936248
238.79289377458997	2.6356585620112982	0.011027252418396971	0.04465417948936248
239.03482345956743	2.6383264487667395	0.01102777277347736	0.04465417948936248
239.27675314454493	2.640994461289541	0.011028293653429966	0.04465417948936248
239.51868282952242	2.643662599703978	0.011028815058300855	0.04465417948936248
239.7606125144999	2.646330864134325	0.011029336988136091	0.04465417948936248
240.00254219947738	2.6489992547048566	0.011029859442981741	0.04465417948936248
240.24447188445487	2.6516677715398487	0.011030382422883869	0.04465417948936248
240.48640156943236	2.654336414763576	0.01103090592788854	0.04465417948936248
240.72833125440985	2.657005184500313	0.011031429958041818	0.04465417948936248
240.97026093938732	2.6596740808743347	0.011031954513389772	0.04465417948936248
241.21219062436478	2.662343104009917	0.011032479593978465	0.04465417948936248
241.45412030934227	2.665012254031333	0.01103300519985396	0.04465417948936248
241.69604999431976	2.667681531062859	0.011033531331062326	0.04465417948936248
241.93797967929726	2.67035093522877	0.011034057987649625	0.04465417948936248
242.17990936427475	2.67302046665334	0.011034585169661925	0.04465417948936248
242.4218390492522	2.675690125460844	0.011035112877145287	0.04465417948936248
242.6637687342297	2.678359911775558	0.01103564111014578	0.04465417948936248
242.90569841920717	2.6810298257217564	0.011036169868709469	0.04465417948936248
243.14762810418466	2.683699867423714	0.011036699152882417	0.04465417948936248
243.38955778916213	2.686370037005706	0.011037228962710692	0.04465417948936248
243.63148747413962	2.689040334592007	0.011037759298240355	0.04465417948936248
