x	chi	dchidx	s0
0.00020143278750197995	0.0	1.5841673468786652	1.5841673468786652
0.019833056513229058	0.031099768734292314	1.5841661182671951	1.5841673468786652
0.039464680238956135	0.06219949234006804	1.5841627526301136	1.5841673468786652
0.05909630396468321	0.09329912894492802	1.5841572549854788	1.5841673468786652
0.0787279276904103	0.12439863669731745	1.5841496259231727	1.5841673468786652
0.09835955141613738	0.15549797366086096	1.5841398652717327	1.5841673468786652
0.11799117514186445	0.186597097781607	1.5841279730068072	1.5841673468786652
0.13762279886759152	0.21769596727419194	1.584113949033177	1.5841673468786652
0.15725442259331862	0.24879454035647575	1.5840977932242175	1.5841673468786652
0.1768860463190457	0.2798927752357714	1.584079505433909	1.5841673468786652
0.19651767004477277	0.3109906301088451	1.5840590854968384	1.5841673468786652
0.21614929377049985	0.3420880631619161	1.584036533228198	1.5841673468786652
0.23578091749622693	0.37318503257065694	1.5840118484237868	1.5841673468786652
0.255412541221954	0.40428149650019307	1.583985030860009	1.5841673468786652
0.275044164947681	0.43537741310510336	1.5839560802938752	1.5841673468786652
0.2946757886734081	0.46647274052941934	1.5839249964630018	1.5841673468786652
0.3143074123991352	0.4975674369066265	1.5838917790856109	1.5841673468786652
0.3339390361248623	0.5286614603596624	1.583856427860531	1.5841673468786652
0.3535706598505894	0.5597547690009188	1.5838189424671965	1.5841673468786652
0.3732022835763164	0.5908473209322395	1.583779322565647	1.5841673468786652
0.39283390730204354	0.6219390742449223	1.583737567796529	1.5841673468786652
0.4124655310277706	0.653029987019718	1.5836936777810946	1.5841673468786652
0.4320971547534977	0.6841200173268301	1.5836476521212015	1.5841673468786652
0.4517287784792247	0.7152091232259157	1.583599490399314	1.5841673468786652
0.47136040220495184	0.7462972627660848	1.5835491921785014	1.5841673468786652
0.4909920259306789	0.7773843939859004	1.58349675700244	1.5841673468786652
0.510623649656406	0.8084704749133791	1.5834421843954116	1.5841673468786652
0.5302552733821331	0.83955546356599	1.5833854738623034	1.5841673468786652
0.5498868971078601	0.8706393179506556	1.5833266248886093	1.5841673468786652
0.5695185208335872	0.9017219960637523	1.583265636940429	1.5841673468786652
0.5891501445593142	0.9328034558911085	1.583202509464468	1.5841673468786652
0.6087817682850414	0.9638836554080058	1.5831372418880374	1.5841673468786652
0.6284133920107684	0.9949625525791799	1.583069833619055	1.5841673468786652
0.6480450157364955	1.0260401053588184	1.5830002840460438	1.5841673468786652
0.6676766394622227	1.0571162716905638	1.5829285925381333	1.5841673468786652
0.6873082631879497	1.0881910095075094	1.5828547584450587	1.5841673468786652
0.7069398869136767	1.1192642767322036	1.5827787810971612	1.5841673468786652
0.7265715106394038	1.1503360312766466	1.5827006598053877	1.5841673468786652
0.7462031343651309	1.1814062310422926	1.5826203938612915	1.5841673468786652
0.765834758090858	1.212474833920049	1.5825379825370314	1.5841673468786652
0.7854663818165851	1.2435417977902752	1.5824534250853723	1.5841673468786652
0.8050980055423121	1.2746070805227854	1.5823667207396852	1.5841673468786652
0.8247296292680393	1.3056706399768452	1.582277868713947	1.5841673468786652
0.8443612529937663	1.3367326704995148	1.5821868745917638	1.5841673468786652
0.8639928767194934	1.367796372408367	1.5820936530181062	1.5841673468786652
0.8836245004452205	1.3988622106600463	1.5819976902224813	1.5841673468786652
0.9032561241709475	1.4299294917845897	1.581898447894987	1.5841673468786652
0.9228877478966746	1.4609975541613518	1.581795444565227	1.5841673468786652
0.9425193716224017	1.492065768019003	1.58168825560231	1.5841673468786652
0.9621509953481288	1.5231335354355309	1.5815765132148496	1.5841673468786652
0.9817826190738559	1.5542002903382393	1.5814599064509651	1.5841673468786652
1.001414242799583	1.5852654985037486	1.5813381811982807	1.5841673468786652
1.0210458665253102	1.616328657557997	1.5812111401839262	1.5841673468786652
1.0406774902510372	1.6473892969762374	1.581078642974536	1.5841673468786652
1.0603091139767642	1.6784469780830413	1.5809406059762505	1.5841673468786652
1.0799407377024912	1.709501294052296	1.5807970024347149	1.5841673468786652
1.0995723614282182	1.740551869907205	1.5806478624350795	1.5841673468786652
1.1192039851539453	1.7715983625202893	1.5804932729019998	1.5841673468786652
1.1388356088796725	1.8026404606133866	1.580333377599637	1.5841673468786652
1.1584672326053995	1.83367788475765	1.5801683771316573	1.5841673468786652
1.1780988563311265	1.8647103873735507	1.5799985289412317	1.5841673468786652
1.1977304800568538	1.8957377527308763	1.5798241473110373	1.5841673468786652
1.2173621037825808	1.9267597969487302	1.5796456033632555	1.5841673468786652
1.236993727508308	1.957776367995534	1.5794633250595738	1.5841673468786652
1.2566253512340348	1.9887873456890235	1.5792777972011838	1.5841673468786652
1.2762569749597619	2.0197926416962533	1.5790895614287834	1.5841673468786652
1.2958885986854891	2.050792199533595	1.5788992162225755	1.5841673468786652
1.3155202224112161	2.0817859945667347	1.578707416902268	1.5841673468786652
1.3351518461369434	2.112774034010677	1.5785148756270735	1.5841673468786652
1.3547834698626704	2.1437563569297424	1.5783223613957111	1.5841673468786652
1.3744150935883974	2.1747330342375673	1.5781307000464042	1.5841673468786652
1.3940467173141247	2.2057041686971073	1.5779407742568816	1.5841673468786652
1.4136783410398515	2.236669894920632	1.5777535235443774	1.5841673468786652
1.4333099647655785	2.267630379369728	1.577569944265631	1.5841673468786652
1.4529415884913057	2.298585820355301	1.5773910896168868	1.5841673468786652
1.4725732122170327	2.3295364480375707	1.5772180696338947	1.5841673468786652
1.4922048359427598	2.3604825244260734	1.5770520511919097	1.5841673468786652
1.511836459668487	2.391424343379665	1.576894258005692	1.5841673468786652
1.531468083394214	2.422362230606515	1.5767459706295066	1.5841673468786652
1.5510997071199413	2.45329654366411	1.576608526457125	1.5841673468786652
1.5707313308456683	2.484227671959255	1.5764833197218224	1.5841673468786652
1.590362954571395	2.5151560367480705	1.5763718014963803	1.5841673468786652
1.6099945782971223	2.546082091135993	1.5762754796930851	1.5841673468786652
1.6296262020228494	2.577006320077777	1.576195919063728	1.5841673468786652
1.6492578257485766	2.6079292403774934	1.576134741199606	1.5841673468786652
1.6688894494743036	2.6388514006885284	1.5760936245315214	1.5841673468786652
1.6885210732000306	2.669773381513587	1.576074304329781	1.5841673468786652
1.7081526969257579	2.700695795204689	1.5760785727041975	1.5841673468786652
1.727784320651485	2.7316192859631716	1.5761082786040888	1.5841673468786652
1.7474159443772117	2.7625445298396887	1.5761653278182775	1.5841673468786652
1.767047568102939	2.793472234734212	1.5762516829750919	1.5841673468786652
1.786679191828666	2.8244031403960275	1.5763693635423655	1.5841673468786652
1.806310815554393	2.8553380184237387	1.5765204458274367	1.5841673468786652
1.8259424392801202	2.886277672265267	1.5767070629771494	1.5841673468786652
1.8455740630058473	2.9172229372178506	1.576931404977853	1.5841673468786652
1.8652056867315745	2.948174680428041	1.577195718655401	1.5841673468786652
1.8848373104573015	2.9791338008917103	1.577502307675154	1.5841673468786652
1.9044689341830283	3.010101229454045	1.5778535325419758	1.5841673468786652
1.9241005579087556	3.0410779288095497	1.578251810600237	1.5841673468786652
1.9437321816344826	3.072064893502044	1.5786996160338125	1.5841673468786652
1.9438028479942278	3.0721764545174906	1.5787013201533027	1.5841673468786652
1.9438735143539727	3.0722880156533607	1.5787030243345346	1.5841673468786652
1.9439441807137179	3.0723995769096595	1.5787047285775089	1.5841673468786652
1.9440148470734628	3.0725111382863908	1.5787064328822256	1.5841673468786652
1.9440855134332078	3.072622699783559	1.5787081372486849	1.5841673468786652
1.944156179792953	3.0727342614011692	1.578709841676887	1.5841673468786652
1.9442268461526981	3.072845823139225	1.5787115461668322	1.5841673468786652
1.944297512512443	3.0729573849977307	1.5787132507185204	1.5841673468786652
1.9443681788721883	3.0730689469766914	1.5787149553319522	1.5841673468786652
1.9444388452319332	3.073180509076111	1.5787166600071276	1.5841673468786652
1.9445095115916784	3.0732920712959935	1.5787183647440468	1.5841673468786652
1.9445801779514233	3.0734036336363433	1.57872006954271	1.5841673468786652
1.9446508443111683	3.073515196097166	1.5787217744031175	1.5841673468786652
1.9447215106709135	3.073626758678465	1.5787234793252694	1.5841673468786652
1.9447921770306587	3.0737383213802443	1.5787251843091659	1.5841673468786652
1.9448628433904036	3.073849884202509	1.5787268893548074	1.5841673468786652
1.9449335097501488	3.073961447145263	1.5787285944621938	1.5841673468786652
1.9450041761098937	3.0740730102085116	1.5787302996313255	1.5841673468786652
1.9450748424696387	3.0741845733922575	1.5787320048622027	1.5841673468786652
1.9451455088293839	3.074296136696507	1.5787337101548256	1.5841673468786652
1.9452161751891288	3.0744077001212626	1.5787354155091944	1.5841673468786652
1.945286841548874	3.0745192636665304	1.5787371209253092	1.5841673468786652
1.9453575079086192	3.0746308273323137	1.5787388264031703	1.5841673468786652
1.9454281742683641	3.074742391118617	1.5787405319427779	1.5841673468786652
1.9454988406281093	3.0748539550254446	1.5787422375441322	1.5841673468786652
1.9455695069878542	3.0749655190528014	1.5787439432072334	1.5841673468786652
1.9456401733475992	3.075077083200691	1.5787456489320817	1.5841673468786652
1.9457108397073444	3.0751886474691186	1.5787473547186772	1.5841673468786652
1.9457815060670893	3.0753002118580883	1.5787490605670202	1.5841673468786652
1.9458521724268345	3.0754117763676043	1.578750766477111	1.5841673468786652
1.9459228387865797	3.075523340997671	1.5787524724489497	1.5841673468786652
1.9459935051463246	3.075634905748293	1.5787541784825365	1.5841673468786652
1.9460641715060698	3.075746470619474	1.5787558845778717	1.5841673468786652
1.9461348378658145	3.0758580356112186	1.5787575907349554	1.5841673468786652
1.9462055042255597	3.075969600723532	1.5787592969537878	1.5841673468786652
1.9462761705853049	3.076081165956418	1.578761003234369	1.5841673468786652
1.9463468369450498	3.076192731309881	1.5787627095766996	1.5841673468786652
1.946417503304795	3.076304296783925	1.5787644159807794	1.5841673468786652
1.9464881696645402	3.0764158623785547	1.578766122446609	1.5841673468786652
1.9465588360242851	3.0765274280937747	1.578767828974188	1.5841673468786652
1.94662950238403	3.076638993929589	1.5787695355635172	1.5841673468786652
1.946700168743775	3.076750559886002	1.5787712422145963	1.5841673468786652
1.9467708351035202	3.0768621259630184	1.578772948927426	1.5841673468786652
1.9468415014632654	3.0769736921606428	1.5787746557020061	1.5841673468786652
1.9469121678230104	3.0770852584788786	1.5787763625383373	1.5841673468786652
1.9469828341827555	3.077196824917731	1.578778069436419	1.5841673468786652
1.9470535005425007	3.0773083914772035	1.5787797763962523	1.5841673468786652
1.9471241669022457	3.0774199581573014	1.5787814834178369	1.5841673468786652
1.9471948332619906	3.0775315249580286	1.5787831905011729	1.5841673468786652
1.9472654996217356	3.07764309187939	1.5787848976462608	1.5841673468786652
1.9473361659814807	3.077754658921389	1.5787866048531007	1.5841673468786652
1.947406832341226	3.077866226084031	1.578788312121693	1.5841673468786652
1.9474774987009709	3.0779777933673196	1.5787900194520375	1.5841673468786652
1.947548165060716	3.07808936077126	1.5787917268441347	1.5841673468786652
1.9476188314204612	3.0782009282958556	1.5787934342979846	1.5841673468786652
1.947689497780206	3.078312495941111	1.5787951418135875	1.5841673468786652
1.9477601641399511	3.0784240637070313	1.578796849390944	1.5841673468786652
1.947830830499696	3.07853563159362	1.5787985570300536	1.5841673468786652
1.9479014968594413	3.078647199600882	1.5788002647309167	1.5841673468786652
1.9479721632191864	3.0787587677288215	1.5788019724935338	1.5841673468786652
1.9480428295789314	3.078870335977443	1.578803680317905	1.5841673468786652
1.9481134959386766	3.0789819043467506	1.5788053882040305	1.5841673468786652
1.9481841622984217	3.0790934728367487	1.5788070961519103	1.5841673468786652
1.9482548286581665	3.079205041447442	1.578808804161545	1.5841673468786652
1.9483254950179116	3.0793166101788345	1.5788105122329343	1.5841673468786652
1.9483961613776566	3.079428179030931	1.5788122203660786	1.5841673468786652
1.9484668277374018	3.0795397480037354	1.5788139285609784	1.5841673468786652
1.948537494097147	3.0796513170972526	1.5788156368176336	1.5841673468786652
1.948608160456892	3.0797628863114865	1.5788173451360445	1.5841673468786652
1.948678826816637	3.0798744556464412	1.5788190535162112	1.5841673468786652
1.948749493176382	3.0799860251021216	1.578820761958134	1.5841673468786652
1.948820159536127	3.0800975946785325	1.5788224704618132	1.5841673468786652
1.9488908258958721	3.0802091643756775	1.5788241790272488	1.5841673468786652
1.948961492255617	3.080320734193561	1.5788258876544412	1.5841673468786652
1.9490321586153623	3.080432304132188	1.5788275963433904	1.5841673468786652
1.9491028249751075	3.0805438741915623	1.578829305094097	1.5841673468786652
1.9491734913348524	3.0806554443716885	1.5788310139065604	1.5841673468786652
1.9492441576945976	3.0807670146725705	1.5788327227807817	1.5841673468786652
1.9493148240543425	3.080878585094213	1.5788344317167606	1.5841673468786652
1.9493854904140875	3.080990155636621	1.5788361407144973	1.5841673468786652
1.9494561567738327	3.081101726299798	1.5788378497739923	1.5841673468786652
1.9495268231335776	3.0812132970837487	1.5788395588952455	1.5841673468786652
1.9495974894933228	3.0813248679884775	1.5788412680782575	1.5841673468786652
1.949668155853068	3.081436439013989	1.578842977323028	1.5841673468786652
1.949738822212813	3.081548010160287	1.5788446866295576	1.5841673468786652
1.9498094885725579	3.081659581427376	1.5788463959978463	1.5841673468786652
1.949880154932303	3.0817711528152607	1.5788481054278942	1.5841673468786652
1.949950821292048	3.0818827243239455	1.5788498149197019	1.5841673468786652
1.9500214876517932	3.0819942959534345	1.578851524473269	1.5841673468786652
1.9500921540115381	3.0821058677037323	1.5788532340885963	1.5841673468786652
1.9501628203712833	3.082217439574843	1.578854943765684	1.5841673468786652
1.9502334867310285	3.082329011566771	1.5788566535045319	1.5841673468786652
1.9503041530907734	3.082440583679521	1.5788583633051403	1.5841673468786652
1.9503748194505184	3.082552155913097	1.5788600731675095	1.5841673468786652
1.9504454858102636	3.0826637282675033	1.5788617830916396	1.5841673468786652
1.9505161521700085	3.0827753007427448	1.5788634930775312	1.5841673468786652
1.9505868185297537	3.0828868733388255	1.578865203125184	1.5841673468786652
1.9506574848894986	3.08299844605575	1.5788669132345983	1.5841673468786652
1.9507281512492438	3.0831100188935223	1.5788686234057745	1.5841673468786652
1.950798817608989	3.083221591852147	1.5788703336387129	1.5841673468786652
1.9508694839687337	3.083333164931628	1.5788720439334132	1.5841673468786652
1.950940150328479	3.0834447381319707	1.578873754289876	1.5841673468786652
1.951010816688224	3.083556311453179	1.5788754647081016	1.5841673468786652
1.951081483047969	3.083667884895257	1.57887717518809	1.5841673468786652
1.9511521494077142	3.083779458458209	1.5788788857298413	1.5841673468786652
1.9512228157674592	3.0838910321420396	1.5788805963333559	1.5841673468786652
1.9512934821272043	3.0840026059467536	1.5788823069986337	1.5841673468786652
1.9513641484869495	3.084114179872355	1.5788840177256755	1.5841673468786652
1.9514348148466942	3.0842257539188473	1.578885728514481	1.5841673468786652
1.9515054812064394	3.0843373280862365	1.5788874393650507	1.5841673468786652
1.9515761475661846	3.084448902374526	1.5788891502773845	1.5841673468786652
1.9516468139259295	3.0845604767837203	1.5788908612514827	1.5841673468786652
1.9517174802856747	3.0846720513138237	1.5788925722873457	1.5841673468786652
1.9517881466454197	3.0847836259648407	1.5788942833849735	1.5841673468786652
1.9518588130051648	3.0848952007367756	1.5788959945443664	1.5841673468786652
1.9519294793649098	3.085006775629633	1.5788977057655247	1.5841673468786652
1.9520001457246547	3.0851183506434166	1.5788994170484483	1.5841673468786652
1.9520708120844	3.085229925778132	1.5789011283931376	1.5841673468786652
1.952141478444145	3.0853415010337826	1.578902839799593	1.5841673468786652
1.95221214480389	3.085453076410373	1.5789045512678144	1.5841673468786652
1.9522828111636352	3.0855646519079074	1.5789062627978019	1.5841673468786652
1.9523534775233802	3.0856762275263905	1.578907974389556	1.5841673468786652
1.9524241438831254	3.0857878032658266	1.578909686043077	1.5841673468786652
1.9524948102428703	3.0858993791262197	1.5789113977583646	1.5841673468786652
1.9525654766026153	3.0860109551075747	1.5789131095354196	1.5841673468786652
1.9526361429623604	3.0861225312098957	1.5789148213742419	1.5841673468786652
1.9527068093221056	3.086234107433187	1.5789165332748316	1.5841673468786652
1.9527774756818506	3.0863456837774534	1.578918245237189	1.5841673468786652
1.9528481420415957	3.0864572602426987	1.5789199572613144	1.5841673468786652
1.9529188084013407	3.0865688368289277	1.578921669347208	1.5841673468786652
1.9529894747610856	3.0866804135361443	1.5789233814948698	1.5841673468786652
1.9530601411208308	3.0867919903643535	1.5789250937043002	1.5841673468786652
1.9531308074805758	3.086903567313559	1.5789268059754995	1.5841673468786652
1.953201473840321	3.087015144383766	1.5789285183084676	1.5841673468786652
1.9532721402000661	3.087126721574978	1.578930230703205	1.5841673468786652
1.953342806559811	3.0872382988872	1.5789319431597117	1.5841673468786652
1.9534134729195562	3.0873498763204363	1.5789336556779878	1.5841673468786652
1.953484139279301	3.0874614538746905	1.5789353682580338	1.5841673468786652
1.9535548056390462	3.087573031549968	1.57893708089985	1.5841673468786652
1.9536254719987913	3.0876846093462724	1.578938793603436	1.5841673468786652
1.9536961383585363	3.087796187263609	1.5789405063687927	1.5841673468786652
1.9537668047182815	3.0879077653019813	1.5789422191959197	1.5841673468786652
1.9538374710780266	3.088019343461394	1.5789439320848178	1.5841673468786652
1.9539081374377716	3.0881309217418513	1.5789456450354866	1.5841673468786652
1.9539788037975168	3.088242500143358	1.5789473580479267	1.5841673468786652
1.9540494701572615	3.0883540786659176	1.5789490711221383	1.5841673468786652
1.9541201365170067	3.0884656573095355	1.5789507842581216	1.5841673468786652
1.9541908028767518	3.088577236074215	1.5789524974558766	1.5841673468786652
1.9542614692364968	3.088688814959962	1.5789542107154035	1.5841673468786652
1.954332135596242	3.0888003939667796	1.5789559240367028	1.5841673468786652
1.9544028019559871	3.088911973094673	1.5789576374197745	1.5841673468786652
1.954473468315732	3.089023552343645	1.5789593508646187	1.5841673468786652
1.954544134675477	3.089135131713702	1.578961064371236	1.5841673468786652
1.954614801035222	3.0892467112048467	1.578962777939626	1.5841673468786652
1.9546854673949672	3.089358290817085	1.5789644915697896	1.5841673468786652
1.9547561337547124	3.08946987055042	1.5789662052617264	1.5841673468786652
1.9548268001144573	3.089581450404857	1.5789679190154369	1.5841673468786652
1.9548974664742025	3.0896930303803996	1.5789696328309213	1.5841673468786652
1.9549681328339477	3.089804610477053	1.5789713467081796	1.5841673468786652
1.9550387991936926	3.0899161906948205	1.5789730606472123	1.5841673468786652
1.9551094655534376	3.0900277710337067	1.5789747746480196	1.5841673468786652
1.9551801319131825	3.090139351493717	1.5789764887106015	1.5841673468786652
1.9552507982729277	3.0902509320748552	1.5789782028349582	1.5841673468786652
1.9553214646326729	3.090362512777125	1.57897991702109	1.5841673468786652
1.9553921309924178	3.0904740936005317	1.578981631268997	1.5841673468786652
1.955462797352163	3.0905856745450797	1.5789833455786797	1.5841673468786652
1.9555334637119082	3.0906972556107726	1.578985059950138	1.5841673468786652
1.955604130071653	3.0908088367976148	1.5789867743833723	1.5841673468786652
1.955674796431398	3.090920418105611	1.5789884888783825	1.5841673468786652
1.955745462791143	3.091031999534766	1.5789902034351693	1.5841673468786652
1.9558161291508882	3.091143581085084	1.5789919180537324	1.5841673468786652
1.9558867955106334	3.091255162756569	1.5789936327340721	1.5841673468786652
1.9559574618703783	3.091366744549225	1.578995347476189	1.5841673468786652
1.9560281282301235	3.0914783264630574	1.5789970622800829	1.5841673468786652
1.9560987945898687	3.09158990849807	1.578998777145754	1.5841673468786652
1.9561694609496134	3.091701490654267	1.579000492073203	1.5841673468786652
1.9562401273093586	3.0918130729316533	1.5790022070624294	1.5841673468786652
1.9563107936691035	3.091924655330233	1.579003922113434	1.5841673468786652
1.9563814600288487	3.09203623785001	1.5790056372262165	1.5841673468786652
1.956452126388594	3.0921478204909896	1.5790073524007775	1.5841673468786652
1.9565227927483388	3.092259403253175	1.5790090676371171	1.5841673468786652
1.956593459108084	3.0923709861365722	1.5790107829352353	1.5841673468786652
1.956664125467829	3.0924825691411835	1.5790124982951326	1.5841673468786652
1.956734791827574	3.092594152267015	1.579014213716809	1.5841673468786652
1.956805458187319	3.092705735514071	1.5790159292002648	1.5841673468786652
1.956876124547064	3.092817318882355	1.5790176447455002	1.5841673468786652
1.9569467909068092	3.0929289023718716	1.5790193603525153	1.5841673468786652
1.9570174572665544	3.093040485982625	1.5790210760213104	1.5841673468786652
1.9570881236262994	3.09315206971462	1.5790227917518858	1.5841673468786652
1.9571587899860445	3.0932636535678615	1.5790245075442415	1.5841673468786652
1.9572294563457893	3.093375237542352	1.5790262233983778	1.5841673468786652
1.9573001227055344	3.093486821638098	1.579027939314295	1.5841673468786652
1.9573707890652796	3.093598405855103	1.5790296552919931	1.5841673468786652
1.9574414554250246	3.093709990193371	1.5790313713314725	1.5841673468786652
1.9575121217847697	3.0938215746529067	1.5790330874327332	1.5841673468786652
1.957582788144515	3.0939331592337145	1.5790348035957757	1.5841673468786652
1.9576534545042599	3.0940447439357985	1.5790365198205998	1.5841673468786652
1.9577241208640048	3.0941563287591634	1.5790382361072062	1.5841673468786652
1.9577947872237498	3.094267913703814	1.5790399524555947	1.5841673468786652
1.957865453583495	3.0943794987697535	1.5790416688657656	1.5841673468786652
1.9579361199432401	3.0944910839569872	1.579043385337719	1.5841673468786652
1.958006786302985	3.094602669265519	1.5790451018714555	1.5841673468786652
1.9580774526627303	3.094714254695354	1.579046818466975	1.5841673468786652
1.9581481190224754	3.0948258402464957	1.5790485351242778	1.5841673468786652
1.9582187853822202	3.0949374259189484	1.579050251843364	1.5841673468786652
1.9582894517419653	3.0950490117127174	1.5790519686242337	1.5841673468786652
1.9583601181017103	3.0951605976278063	1.5790536854668875	1.5841673468786652
1.9584307844614555	3.09527218366422	1.5790554023713252	1.5841673468786652
1.9585014508212006	3.0953837698219626	1.5790571193375473	1.5841673468786652
1.9585721171809456	3.095495356101038	1.5790588363655538	1.5841673468786652
1.9586427835406908	3.0956069425014516	1.579060553455345	1.5841673468786652
1.958713449900436	3.095718529023207	1.5790622706069213	1.5841673468786652
1.9587841162601807	3.0958301156663084	1.5790639878202823	1.5841673468786652
1.9588547826199258	3.095941702430761	1.5790657050954289	1.5841673468786652
1.9589254489796708	3.096053289316569	1.579067422432361	1.5841673468786652
1.958996115339416	3.0961648763237357	1.5790691398310788	1.5841673468786652
1.9590667816991612	3.096276463452267	1.5790708572915824	1.5841673468786652
1.959137448058906	3.096388050702166	1.579072574813872	1.5841673468786652
1.9592081144186513	3.096499638073438	1.5790742923979482	1.5841673468786652
1.9592787807783962	3.0966112255660865	1.5790760100438108	1.5841673468786652
1.9593494471381412	3.0967228131801168	1.57907772775146	1.5841673468786652
1.9594201134978864	3.0968344009155326	1.5790794455208963	1.5841673468786652
1.9594907798576313	3.096945988772339	1.5790811633521198	1.5841673468786652
1.9595614462173765	3.0970575767505393	1.5790828812451305	1.5841673468786652
1.9596321125771217	3.097169164850139	1.5790845991999287	1.5841673468786652
1.9597027789368666	3.0972807530711415	1.5790863172165148	1.5841673468786652
1.9597734452966118	3.0973923414135514	1.5790880352948888	1.5841673468786652
1.9598441116563567	3.0975039298773734	1.579089753435051	1.5841673468786652
1.9599147780161017	3.0976155184626117	1.5790914716370015	1.5841673468786652
1.9599854443758469	3.097727107169271	1.5790931899007405	1.5841673468786652
1.9600561107355918	3.097838695997355	1.5790949082262684	1.5841673468786652
1.960126777095337	3.0979502849468687	1.579096626613585	1.5841673468786652
1.9601974434550822	3.0980618740178163	1.5790983450626912	1.5841673468786652
1.9602681098148271	3.0981734632102023	1.5791000635735866	1.5841673468786652
1.960338776174572	3.09828505252403	1.5791017821462716	1.5841673468786652
1.9604094425343173	3.0983966419593054	1.5791035007807463	1.5841673468786652
1.9604801088940622	3.0985082315160315	1.579105219477011	1.5841673468786652
1.9605507752538074	3.0986198211942138	1.579106938235066	1.5841673468786652
1.9606214416135523	3.098731410993856	1.5791086570549113	1.5841673468786652
1.9606921079732975	3.098843000914963	1.5791103759365475	1.5841673468786652
1.9607627743330427	3.098954590957538	1.5791120948799742	1.5841673468786652
1.9608334406927876	3.0990661811215867	1.579113813885192	1.5841673468786652
1.9609041070525326	3.0991777714071125	1.579115532952201	1.5841673468786652
1.9609747734122778	3.0992893618141206	1.5791172520810015	1.5841673468786652
1.9610454397720227	3.0994009523426147	1.5791189712715936	1.5841673468786652
1.961116106131768	3.0995125429926	1.5791206905239774	1.5841673468786652
1.9611867724915129	3.0996241337640797	1.5791224098381536	1.5841673468786652
1.961257438851258	3.099735724657059	1.5791241292141216	1.5841673468786652
1.9613281052110032	3.0998473156715423	1.5791258486518824	1.5841673468786652
1.961398771570748	3.099958906807533	1.5791275681514356	1.5841673468786652
1.961469437930493	3.100070498065037	1.5791292877127818	1.5841673468786652
1.9615401042902383	3.1001820894440577	1.579131007335921	1.5841673468786652
1.9616107706499832	3.1002936809445996	1.5791327270208535	1.5841673468786652
1.9616814370097284	3.1004052725666673	1.5791344467675794	1.5841673468786652
1.9617521033694734	3.1005168643102645	1.5791361665760992	1.5841673468786652
1.9618227697292185	3.1006284561753965	1.5791378864464127	1.5841673468786652
1.9618934360889637	3.1007400481620673	1.5791396063785204	1.5841673468786652
1.9619641024487084	3.100851640270281	1.579141326372422	1.5841673468786652
1.9620347688084536	3.100963232500042	1.5791430464281186	1.5841673468786652
1.9621054351681988	3.101074824851355	1.5791447665456095	1.5841673468786652
1.9621761015279438	3.1011864173242243	1.5791464867248957	1.5841673468786652
1.962246767887689	3.1012980099186542	1.5791482069659766	1.5841673468786652
1.9623174342474339	3.101409602634649	1.579149927268853	1.5841673468786652
1.962388100607179	3.1015211954722135	1.579151647633525	1.5841673468786652
1.962458766966924	3.101632788431351	1.5791533680599925	1.5841673468786652
1.962529433326669	3.101744381512067	1.5791550885482561	1.5841673468786652
1.9626000996864141	3.1018559747143652	1.5791568090983157	1.5841673468786652
1.9626707660461593	3.101967568038251	1.5791585297101718	1.5841673468786652
1.9627414324059043	3.102079161483727	1.5791602503838242	1.5841673468786652
1.9628120987656494	3.1021907550507994	1.5791619711192735	1.5841673468786652
1.9628827651253944	3.1023023487394714	1.5791636919165197	1.5841673468786652
1.9629534314851396	3.1024139425497474	1.579165412775563	1.5841673468786652
1.9630240978448845	3.1025255364816324	1.5791671336964037	1.5841673468786652
1.9630947642046295	3.1026371305351303	1.5791688546790421	1.5841673468786652
1.9631654305643746	3.102748724710246	1.579170575723478	1.5841673468786652
1.9632360969241198	3.1028603190069832	1.579172296829712	1.5841673468786652
1.9633067632838648	3.1029719134253466	1.5791740179977443	1.5841673468786652
1.96337742964361	3.1030835079653407	1.5791757392275747	1.5841673468786652
1.963448096003355	3.1031951026269695	1.5791774605192037	1.5841673468786652
1.9635187623630999	3.1033066974102375	1.5791791818726317	1.5841673468786652
1.963589428722845	3.1034182923151494	1.5791809032878585	1.5841673468786652
1.96366009508259	3.1035298873417094	1.5791826247648846	1.5841673468786652
1.9637307614423352	3.103641482489922	1.57918434630371	1.5841673468786652
1.9638014278020803	3.103753077759791	1.579186067904335	1.5841673468786652
1.9638720941618253	3.103864673151321	1.5791877895667599	1.5841673468786652
1.9639427605215705	3.1039762686645167	1.5791895112909848	1.5841673468786652
1.9640134268813154	3.1040878642993825	1.57919123307701	1.5841673468786652
1.9640840932410604	3.104199460055922	1.5791929549248354	1.5841673468786652
1.9641547596008055	3.1043110559341405	1.5791946768344614	1.5841673468786652
1.9642254259605505	3.1044226519340423	1.5791963988058884	1.5841673468786652
1.9642960923202957	3.1045342480556313	1.5791981208391164	1.5841673468786652
1.9643667586800408	3.1046458442989118	1.5791998429341454	1.5841673468786652
1.9644374250397858	3.1047574406638887	1.579201565090976	1.5841673468786652
1.964508091399531	3.104869037150566	1.5792032873096082	1.5841673468786652
1.9645787577592757	3.104980633758948	1.5792050095900425	1.5841673468786652
1.9646494241190209	3.105092230489039	1.5792067319322787	1.5841673468786652
1.964720090478766	3.105203827340844	1.579208454336317	1.5841673468786652
1.964790756838511	3.1053154243143672	1.5792101768021578	1.5841673468786652
1.9648614231982562	3.1054270214096125	1.5792118993298014	1.5841673468786652
1.9649320895580014	3.1055386186265843	1.5792136219192479	1.5841673468786652
1.9650027559177463	3.1056502159652877	1.5792153445704973	1.5841673468786652
1.9650734222774913	3.1057618134257257	1.57921706728355	1.5841673468786652
1.9651440886372362	3.1058734110079045	1.5792187900584063	1.5841673468786652
1.9652147549969814	3.105985008711827	1.579220512895066	1.5841673468786652
1.9652854213567266	3.1060966065374984	1.57922223579353	1.5841673468786652
1.9653560877164715	3.1062082044849224	1.5792239587537977	1.5841673468786652
1.9654267540762167	3.106319802554104	1.5792256817758699	1.5841673468786652
1.9654974204359619	3.106431400745047	1.5792274048597466	1.5841673468786652
1.9655680867957068	3.1065429990577567	1.579229128005428	1.5841673468786652
1.9656387531554518	3.106654597492236	1.5792308512129143	1.5841673468786652
1.9657094195151967	3.1067661960484902	1.5792325744822058	1.5841673468786652
1.965780085874942	3.106877794726524	1.5792342978133025	1.5841673468786652
1.965850752234687	3.1069893935263413	1.5792360212062047	1.5841673468786652
1.965921418594432	3.1071009924479465	1.5792377446609127	1.5841673468786652
1.9659920849541772	3.107212591491344	1.5792394681774264	1.5841673468786652
1.9660627513139224	3.1073241906565383	1.5792411917557465	1.5841673468786652
1.9661334176736671	3.107435789943533	1.579242915395873	1.5841673468786652
1.9662040840334123	3.1075473893523338	1.5792446390978059	1.5841673468786652
1.9662747503931572	3.1076589888829442	1.5792463628615454	1.5841673468786652
1.9663454167529024	3.107770588535369	1.5792480866870922	1.5841673468786652
1.9664160831126476	3.107882188309612	1.579249810574446	1.5841673468786652
1.9664867494723925	3.1079937882056776	1.5792515345236071	1.5841673468786652
1.9665574158321377	3.108105388223571	1.5792532585345758	1.5841673468786652
1.966628082191883	3.108216988363296	1.579254982607352	1.5841673468786652
1.9666987485516276	3.1083285886248566	1.5792567067419365	1.5841673468786652
1.9667694149113728	3.108440189008258	1.5792584309383293	1.5841673468786652
1.9668400812711178	3.108551789513504	1.5792601551965302	1.5841673468786652
1.966910747630863	3.1086633901405993	1.5792618795165398	1.5841673468786652
1.966981413990608	3.108774990889548	1.5792636038983583	1.5841673468786652
1.967052080350353	3.1088865917603545	1.5792653283419855	1.5841673468786652
1.9671227467100982	3.1089981927530235	1.5792670528474222	1.5841673468786652
1.9671934130698432	3.1091097938675585	1.579268777414668	1.5841673468786652
1.9672640794295881	3.109221395103965	1.5792705020437237	1.5841673468786652
1.9673347457893333	3.1093329964622467	1.5792722267345891	1.5841673468786652
1.9674054121490783	3.1094445979424084	1.5792739514872645	1.5841673468786652
1.9674760785088234	3.109556199544454	1.5792756763017501	1.5841673468786652
1.9675467448685686	3.109667801268388	1.5792774011780462	1.5841673468786652
1.9676174112283136	3.109779403114215	1.579279126116153	1.5841673468786652
1.9676880775880587	3.109891005081939	1.5792808511160703	1.5841673468786652
1.9677587439478037	3.1100026071715647	1.5792825761777989	1.5841673468786652
1.9678294103075487	3.1101142093830965	1.5792843013013387	1.5841673468786652
1.9679000766672938	3.1102258117165382	1.57928602648669	1.5841673468786652
1.9679707430270388	3.1103374141718954	1.5792877517338528	1.5841673468786652
1.968041409386784	3.110449016749171	1.5792894770428276	1.5841673468786652
1.9681120757465291	3.1105606194483704	1.5792912024136143	1.5841673468786652
1.968182742106274	3.1106722222694976	1.5792929278462136	1.5841673468786652
1.968253408466019	3.1107838252125566	1.579294653340625	1.5841673468786652
1.9683240748257642	3.1108954282775523	1.5792963788968493	1.5841673468786652
1.9683947411855092	3.111007031464489	1.5792981045148864	1.5841673468786652
1.9684654075452543	3.111118634773371	1.5792998301947365	1.5841673468786652
1.9685360739049993	3.111230238204203	1.5793015559363999	1.5841673468786652
1.9686067402647445	3.111341841756989	1.5793032817398769	1.5841673468786652
1.9686774066244896	3.1114534454317333	1.5793050076051676	1.5841673468786652
1.9687480729842346	3.11156504922844	1.579306733532272	1.5841673468786652
1.9688187393439796	3.1116766531471143	1.5793084595211906	1.5841673468786652
1.9688894057037247	3.11178825718776	1.5793101855719236	1.5841673468786652
1.9689600720634697	3.111899861350382	1.579311911684471	1.5841673468786652
1.9690307384232149	3.1120114656349838	1.5793136378588333	1.5841673468786652
1.9691014047829598	3.1121230700415703	1.5793153640950102	1.5841673468786652
1.969172071142705	3.112234674570146	1.5793170903930025	1.5841673468786652
1.9692427375024502	3.112346279220715	1.57931881675281	1.5841673468786652
1.9693134038621949	3.1124578839932817	1.579320543174433	1.5841673468786652
1.96938407022194	3.1125694888878503	1.579322269657872	1.5841673468786652
1.9694547365816852	3.112681093904426	1.5793239962031265	1.5841673468786652
1.9695254029414302	3.1127926990430126	1.5793257228101973	1.5841673468786652
1.9695960693011754	3.112904304303614	1.5793274494790848	1.5841673468786652
1.9696667356609203	3.113015909686235	1.5793291762097885	1.5841673468786652
1.9697374020206655	3.1131275151908806	1.579330903002309	1.5841673468786652
1.9698080683804104	3.113239120817554	1.5793326298566466	1.5841673468786652
1.9698787347401554	3.11335072656626	1.579334356772801	1.5841673468786652
1.9699494010999006	3.1134623324370034	1.5793360837507733	1.5841673468786652
1.9700200674596458	3.1135739384297887	1.579337810790563	1.5841673468786652
1.9700907338193907	3.1136855445446194	1.5793395378921702	1.5841673468786652
1.9701614001791359	3.1137971507815005	1.5793412650555956	1.5841673468786652
1.9702320665388808	3.113908757140436	1.579342992280839	1.5841673468786652
1.970302732898626	3.1140203636214308	1.5793447195679011	1.5841673468786652
1.970373399258371	3.1141319702244883	1.5793464469167815	1.5841673468786652
1.970444065618116	3.114243576949614	1.5793481743274809	1.5841673468786652
1.970514731977861	3.1143551837968118	1.5793499017999992	1.5841673468786652
1.9705853983376063	3.114466790766086	1.5793516293343368	1.5841673468786652
1.9706560646973512	3.114578397857441	1.5793533569304938	1.5841673468786652
1.9707267310570964	3.1146900050708815	1.5793550845884705	1.5841673468786652
1.9707973974168413	3.1148016124064113	1.5793568123082669	1.5841673468786652
1.9708680637765863	3.114913219864035	1.5793585400898833	1.5841673468786652
1.9709387301363315	3.115024827443757	1.5793602679333199	1.5841673468786652
1.9710093964960764	3.115136435145582	1.579361995838577	1.5841673468786652
1.9710800628558216	3.1152480429695135	1.5793637238056548	1.5841673468786652
1.9711507292155668	3.1153596509155568	1.5793654518345532	1.5841673468786652
1.9712213955753117	3.115471258983716	1.5793671799252729	1.5841673468786652
1.971292061935057	3.115582867173995	1.579368908077814	1.5841673468786652
1.9713627282948019	3.115694475486399	1.5793706362921762	1.5841673468786652
1.9714333946545468	3.1158060839209316	1.5793723645683602	1.5841673468786652
1.971504061014292	3.1159176924775975	1.579374092906366	1.5841673468786652
1.971574727374037	3.1160293011564013	1.579375821306194	1.5841673468786652
1.9716453937337821	3.116140909957347	1.5793775497678442	1.5841673468786652
1.971716060093527	3.1162525188804393	1.5793792782913167	1.5841673468786652
1.9717867264532722	3.1163641279256824	1.579381006876612	1.5841673468786652
1.9718573928130174	3.1164757370930802	1.5793827355237304	1.5841673468786652
1.9719280591727621	3.1165873463826377	1.5793844642326718	1.5841673468786652
1.9719987255325073	3.116698955794359	1.5793861930034363	1.5841673468786652
1.9720693918922525	3.1168105653282487	1.5793879218360245	1.5841673468786652
1.9721400582519975	3.1169221749843112	1.5793896507304364	1.5841673468786652
1.9722107246117426	3.1170337847625507	1.579391379686672	1.5841673468786652
1.9722813909714876	3.1171453946629715	1.579393108704732	1.5841673468786652
1.9723520573312328	3.117257004685578	1.579394837784616	1.5841673468786652
1.972422723690978	3.117368614830375	1.5793965669263248	1.5841673468786652
1.9724933900507227	3.1174802250973657	1.5793982961298583	1.5841673468786652
1.9725640564104678	3.1175918354865555	1.5794000253952165	1.5841673468786652
1.972634722770213	3.117703445997949	1.5794017547224	1.5841673468786652
1.972705389129958	3.11781505663155	1.5794034841114089	1.5841673468786652
1.9727760554897031	3.117926667387363	1.5794052135622432	1.5841673468786652
1.972846721849448	3.118038278265392	1.5794069430749031	1.5841673468786652
1.9729173882091933	3.118149889265642	1.5794086726493892	1.5841673468786652
1.9729880545689382	3.1182615003881167	1.5794104022857014	1.5841673468786652
1.9730587209286832	3.1183731116328213	1.57941213198384	1.5841673468786652
1.9731293872884283	3.1184847229997597	1.5794138617438052	1.5841673468786652
1.9732000536481735	3.1185963344889363	1.579415591565597	1.5841673468786652
1.9732707200079185	3.1187079461003555	1.5794173214492158	1.5841673468786652
1.9733413863676637	3.1188195578340214	1.5794190513946618	1.5841673468786652
1.9734120527274086	3.118931169689939	1.5794207814019352	1.5841673468786652
1.9734827190871538	3.119042781668112	1.5794225114710363	1.5841673468786652
1.9735533854468987	3.119154393768545	1.579424241601965	1.5841673468786652
1.9736240518066437	3.1192660059912427	1.5794259717947219	1.5841673468786652
1.9736947181663889	3.119377618336209	1.5794277020493068	1.5841673468786652
1.973765384526134	3.119489230803449	1.57942943236572	1.5841673468786652
1.973836050885879	3.1196008433929663	1.5794311627439621	1.5841673468786652
1.9739067172456242	3.1197124561047653	1.579432893184033	1.5841673468786652
1.9739773836053691	3.1198240689388506	1.5794346236859327	1.5841673468786652
1.974048049965114	3.1199356818952264	1.5794363542496617	1.5841673468786652
1.9741187163248592	3.1200472949738978	1.57943808487522	1.5841673468786652
1.9741893826846042	3.120158908174868	1.5794398155626082	1.5841673468786652
1.9742600490443494	3.120270521498143	1.579441546311826	1.5841673468786652
1.9743307154040945	3.1203821349437253	1.579443277122874	1.5841673468786652
1.9744013817638395	3.1204937485116204	1.5794450079957523	1.5841673468786652
1.9744720481235847	3.1206053622018324	1.5794467389304607	1.5841673468786652
1.9745427144833296	3.1207169760143656	1.5794484699270002	1.5841673468786652
1.9746133808430746	3.1208285899492245	1.5794502009853701	1.5841673468786652
1.9746840472028198	3.120940204006413	1.5794519321055713	1.5841673468786652
1.9747547135625647	3.121051818185937	1.5794536632876037	1.5841673468786652
1.9748253799223099	3.1211634324877986	1.5794553945314678	1.5841673468786652
1.974896046282055	3.121275046912004	1.5794571258371632	1.5841673468786652
1.9749667126418	3.1213866614585566	1.5794588572046906	1.5841673468786652
1.9750373790015452	3.1214982761274612	1.5794605886340503	1.5841673468786652
1.97510804536129	3.1216098909187218	1.579462320125242	1.5841673468786652
1.975178711721035	3.1217215058323435	1.5794640516782663	1.5841673468786652
1.9752493780807803	3.12183312086833	1.5794657832931231	1.5841673468786652
1.9753200444405252	3.121944736026686	1.5794675149698132	1.5841673468786652
1.9753907108002704	3.1220563513074153	1.579469246708336	1.5841673468786652
1.9754613771600156	3.122167966710523	1.5794709785086924	1.5841673468786652
1.9755320435197605	3.1222795822360134	1.579472710370882	1.5841673468786652
1.9756027098795057	3.1223911978838905	1.5794744422949056	1.5841673468786652
1.9756733762392504	3.122502813654158	1.579476174280763	1.5841673468786652
1.9757440425989956	3.122614429546822	1.5794779063284545	1.5841673468786652
1.9758147089587408	3.122726045561886	1.5794796384379803	1.5841673468786652
1.9758853753184857	3.122837661699354	1.579481370609341	1.5841673468786652
1.975956041678231	3.122949277959231	1.579483102842536	1.5841673468786652
1.976026708037976	3.123060894341521	1.579484835137566	1.5841673468786652
1.976097374397721	3.1231725108462283	1.5794865674944312	1.5841673468786652
1.976168040757466	3.123284127473357	1.5794882999131317	1.5841673468786652
1.976238707117211	3.1233957442229126	1.5794900323936678	1.5841673468786652
1.9763093734769561	3.123507361094899	1.5794917649360396	1.5841673468786652
1.9763800398367013	3.1236189780893198	1.5794934975402475	1.5841673468786652
1.9764507061964462	3.12373059520618	1.5794952302062915	1.5841673468786652
1.9765213725561914	3.1238422124454837	1.5794969629341717	1.5841673468786652
1.9765920389159366	3.123953829807236	1.5794986957238888	1.5841673468786652
1.9766627052756813	3.1240654472914398	1.5795004285754424	1.5841673468786652
1.9767333716354265	3.124177064898101	1.5795021614888332	1.5841673468786652
1.9768040379951715	3.1242886826272236	1.579503894464061	1.5841673468786652
1.9768747043549166	3.1244003004788117	1.579505627501126	1.5841673468786652
1.9769453707146618	3.1245119184528694	1.579507360600029	1.5841673468786652
1.9770160370744068	3.1246235365494015	1.5795090937607696	1.5841673468786652
1.977086703434152	3.1247351547684126	1.5795108269833482	1.5841673468786652
1.9771573697938971	3.124846773109906	1.579512560267765	1.5841673468786652
1.9772280361536418	3.124958391573887	1.5795142936140205	1.5841673468786652
1.977298702513387	3.12507001016036	1.5795160270221142	1.5841673468786652
1.977369368873132	3.1251816288693295	1.579517760492047	1.5841673468786652
1.9774400352328771	3.125293247700799	1.5795194940238186	1.5841673468786652
1.9775107015926223	3.1254048666547734	1.5795212276174295	1.5841673468786652
1.9775813679523673	3.125516485731257	1.57952296127288	1.5841673468786652
1.9776520343121125	3.125628104930255	1.57952469499017	1.5841673468786652
1.9777227006718574	3.12573972425177	1.5795264287692998	1.5841673468786652
1.9777933670316024	3.1258513436958077	1.5795281626102697	1.5841673468786652
1.9778640333913475	3.1259629632623724	1.57952989651308	1.5841673468786652
1.9779346997510925	3.126074582951468	1.5795316304777305	1.5841673468786652
1.9780053661108377	3.1261862027630993	1.5795333645042218	1.5841673468786652
1.9780760324705828	3.1262978226972704	1.5795350985925538	1.5841673468786652
1.9781466988303278	3.1264094427539857	1.579536832742727	1.5841673468786652
1.978217365190073	3.1265210629332496	1.5795385669547415	1.5841673468786652
1.978288031549818	3.126632683235066	1.5795403012285973	1.5841673468786652
1.9783586979095629	3.1267443036594402	1.579542035564295	1.5841673468786652
1.978429364269308	3.1268559242063763	1.5795437699618344	1.5841673468786652
1.978500030629053	3.1269675448758782	1.579545504421216	1.5841673468786652
1.9785706969887982	3.1270791656679506	1.5795472389424399	1.5841673468786652
1.9786413633485433	3.127190786582598	1.5795489735255064	1.5841673468786652
1.9787120297082883	3.127302407619825	1.5795507081704154	1.5841673468786652
1.9787826960680333	3.1274140287796346	1.5795524428771675	1.5841673468786652
1.9788533624277784	3.1275256500620325	1.5795541776457624	1.5841673468786652
1.9789240287875234	3.127637271467023	1.5795559124762009	1.5841673468786652
1.9789946951472686	3.12774889299461	1.5795576473684827	1.5841673468786652
1.9790653615070135	3.127860514644798	1.5795593823226084	1.5841673468786652
1.9791360278667587	3.1279721364175916	1.579561117338578	1.5841673468786652
1.9792066942265039	3.1280837583129952	1.5795628524163916	1.5841673468786652
1.9792773605862488	3.1281953803310127	1.5795645875560496	1.5841673468786652
1.9793480269459938	3.1283070024716486	1.5795663227575523	1.5841673468786652
1.979418693305739	3.1284186247349077	1.5795680580208995	1.5841673468786652
1.979489359665484	3.128530247120794	1.5795697933460917	1.5841673468786652
1.979560026025229	3.128641869629312	1.5795715287331291	1.5841673468786652
1.979630692384974	3.1287534922604663	1.579573264182012	1.5841673468786652
1.9797013587447192	3.1288651150142606	1.5795749996927402	1.5841673468786652
1.9797720251044644	3.1289767378907	1.5795767352653143	1.5841673468786652
1.979842691464209	3.129088360889788	1.5795784708997345	1.5841673468786652
1.9799133578239543	3.12919998401153	1.5795802065960005	1.5841673468786652
1.9799840241836995	3.12931160725593	1.579581942354113	1.5841673468786652
1.9800546905434444	3.129423230622992	1.5795836781740724	1.5841673468786652
1.9801253569031896	3.1295348541127206	1.5795854140558783	1.5841673468786652
1.9801960232629345	3.1296464777251205	1.5795871499995313	1.5841673468786652
1.9802666896226797	3.1297581014601956	1.5795888860050316	1.5841673468786652
1.9803373559824247	3.1298697253179504	1.579590622072379	1.5841673468786652
1.9804080223421696	3.1299813492983892	1.5795923582015743	1.5841673468786652
1.9804786887019148	3.130092973401517	1.5795940943926172	1.5841673468786652
1.98054935506166	3.1302045976273374	1.579595830645508	1.5841673468786652
1.980620021421405	3.130316221975855	1.5795975669602473	1.5841673468786652
1.98069068778115	3.1304278464470743	1.579599303336835	1.5841673468786652
1.980761354140895	3.1305394710409997	1.579601039775271	1.5841673468786652
1.9808320205006402	3.130651095757635	1.5796027762755562	1.5841673468786652
1.9809026868603852	3.130762720596985	1.5796045128376903	1.5841673468786652
1.9809733532201301	3.1308743455590546	1.5796062494616736	1.5841673468786652
1.9810440195798753	3.130985970643848	1.5796079861475065	1.5841673468786652
1.9811146859396205	3.1310975958513683	1.5796097228951889	1.5841673468786652
1.9811853522993654	3.1312092211816216	1.579611459704721	1.5841673468786652
1.9812560186591106	3.131320846634611	1.5796131965761036	1.5841673468786652
1.9813266850188556	3.1314324722103417	1.5796149335093361	1.5841673468786652
1.9813973513786005	3.1315440979088174	1.579616670504419	1.5841673468786652
1.9814680177383457	3.131655723730043	1.5796184075613529	1.5841673468786652
1.9815386840980906	3.1317673496740226	1.5796201446801375	1.5841673468786652
1.9816093504578358	3.1318789757407606	1.579621881860773	1.5841673468786652
1.981680016817581	3.1319906019302617	1.57962361910326	1.5841673468786652
1.981750683177326	3.13210222824253	1.5796253564075984	1.5841673468786652
1.9818213495370711	3.1322138546775693	1.5796270937737886	1.5841673468786652
1.981892015896816	3.132325481235385	1.5796288312018305	1.5841673468786652
1.981962682256561	3.1324371079159805	1.5796305686917247	1.5841673468786652
1.9820333486163062	3.1325487347193612	1.579632306243471	1.5841673468786652
1.9821040149760512	3.132660361645531	1.57963404385707	1.5841673468786652
1.9821746813357963	3.1327719886944942	1.5796357815325215	1.5841673468786652
1.9822453476955415	3.132883615866255	1.5796375192698262	1.5841673468786652
1.9823160140552865	3.132995243160818	1.579639257068984	1.5841673468786652
1.9823866804150316	3.1331068705781875	1.5796409949299948	1.5841673468786652
1.9824573467747764	3.1332184981183677	1.5796427328528593	1.5841673468786652
1.9825280131345215	3.1333301257813635	1.5796444708375774	1.5841673468786652
1.9825986794942667	3.1334417535671792	1.5796462088841496	1.5841673468786652
1.9826693458540117	3.1335533814758185	1.579647946992576	1.5841673468786652
1.9827400122137568	3.133665009507286	1.5796496851628568	1.5841673468786652
1.982810678573502	3.133776637661587	1.5796514233949919	1.5841673468786652
1.982881344933247	3.1338882659387246	1.5796531616889817	1.5841673468786652
1.9829520112929921	3.133999894338704	1.5796549000448268	1.5841673468786652
1.9830226776527369	3.134111522861529	1.5796566384625268	1.5841673468786652
1.983093344012482	3.134223151507204	1.5796583769420822	1.5841673468786652
1.9831640103722272	3.134334780275734	1.5796601154834933	1.5841673468786652
1.9832346767319722	3.1344464091671234	1.57966185408676	1.5841673468786652
1.9833053430917174	3.134558038181376	1.5796635927518827	1.5841673468786652
1.9833760094514625	3.134669667318496	1.5796653314788618	1.5841673468786652
1.9834466758112075	3.1347812965784883	1.5796670702676971	1.5841673468786652
1.9835173421709524	3.1348929259613567	1.579668809118389	1.5841673468786652
1.9835880085306974	3.1350045554671064	1.5796705480309376	1.5841673468786652
1.9836586748904426	3.135116185095741	1.5796722870053435	1.5841673468786652
1.9837293412501877	3.1352278148472656	1.5796740260416064	1.5841673468786652
1.9838000076099327	3.135339444721684	1.5796757651397266	1.5841673468786652
1.9838706739696779	3.1354510747190005	1.5796775042997047	1.5841673468786652
1.983941340329423	3.13556270483922	1.5796792435215403	1.5841673468786652
1.984012006689168	3.1356743350823466	1.5796809828052343	1.5841673468786652
1.984082673048913	3.1357859654483846	1.579682722150786	1.5841673468786652
1.984153339408658	3.135897595937338	1.5796844615581966	1.5841673468786652
1.984224005768403	3.1360092265492123	1.5796862010274657	1.5841673468786652
1.9842946721281483	3.136120857284011	1.5796879405585935	1.5841673468786652
1.9843653384878932	3.1362324881417383	1.5796896801515805	1.5841673468786652
1.9844360048476384	3.1363441191223993	1.5796914198064267	1.5841673468786652
1.9845066712073836	3.136455750225998	1.5796931595231325	1.5841673468786652
1.9845773375671283	3.1365673814525383	1.5796948993016977	1.5841673468786652
1.9846480039268735	3.136679012802025	1.5796966391421228	1.5841673468786652
1.9847186702866184	3.136790644274463	1.5796983790444081	1.5841673468786652
1.9847893366463636	3.1369022758698564	1.5797001190085536	1.5841673468786652
1.9848600030061088	3.1370139075882086	1.5797018590345595	1.5841673468786652
1.9849306693658537	3.137125539429525	1.5797035991224262	1.5841673468786652
1.985001335725599	3.13723717139381	1.5797053392721538	1.5841673468786652
1.985072002085344	3.1373488034810677	1.5797070794837424	1.5841673468786652
1.9851426684450888	3.1374604356913016	1.5797088197571922	1.5841673468786652
1.985213334804834	3.1375720680245176	1.5797105600925037	1.5841673468786652
1.985284001164579	3.137683700480719	1.5797123004896767	1.5841673468786652
1.985354667524324	3.1377953330599113	1.5797140409487118	1.5841673468786652
1.9854253338840693	3.1379069657620975	1.5797157814696088	1.5841673468786652
1.9854960002438142	3.138018598587283	1.5797175220523683	1.5841673468786652
1.9855666666035594	3.1381302315354715	1.5797192626969903	1.5841673468786652
1.9856373329633041	3.138241864606667	1.5797210034034748	1.5841673468786652
1.9857079993230493	3.138353497800875	1.5797227441718225	1.5841673468786652
1.9857786656827945	3.1384651311181	1.579724485002033	1.5841673468786652
1.9858493320425394	3.138576764558345	1.5797262258941072	1.5841673468786652
1.9859199984022846	3.138688398121616	1.5797279668480446	1.5841673468786652
1.9859906647620298	3.1388000318079157	1.579729707863846	1.5841673468786652
1.9860613311217747	3.138911665617249	1.5797314489415113	1.5841673468786652
1.98613199748152	3.1390232995496214	1.5797331900810407	1.5841673468786652
1.9862026638412646	3.1391349336050354	1.5797349312824345	1.5841673468786652
1.9862733302010098	3.139246567783497	1.5797366725456927	1.5841673468786652
1.986343996560755	3.13935820208501	1.579738413870816	1.5841673468786652
1.9864146629205	3.139469836509579	1.5797401552578039	1.5841673468786652
1.9864853292802451	3.1395814710572076	1.5797418967066572	1.5841673468786652
1.9865559956399903	3.139693105727901	1.5797436382173757	1.5841673468786652
1.9866266619997353	3.139804740521663	1.5797453797899599	1.5841673468786652
1.9866973283594802	3.139916375438498	1.5797471214244099	1.5841673468786652
1.9867679947192252	3.140028010478411	1.5797488631207257	1.5841673468786652
1.9868386610789703	3.1401396456414057	1.5797506048789078	1.5841673468786652
1.9869093274387155	3.1402512809274867	1.5797523466989565	1.5841673468786652
1.9869799937984605	3.1403629163366586	1.5797540885808716	1.5841673468786652
1.9870506601582056	3.140474551868926	1.5797558305246535	1.5841673468786652
1.9871213265179508	3.140586187524292	1.5797575725303024	1.5841673468786652
1.9871919928776958	3.1406978233027623	1.5797593145978186	1.5841673468786652
1.9872626592374407	3.1408094592043403	1.5797610567272022	1.5841673468786652
1.9873333255971857	3.1409210952290314	1.5797627989184533	1.5841673468786652
1.9874039919569308	3.141032731376839	1.5797645411715724	1.5841673468786652
1.987474658316676	3.1411443676477684	1.5797662834865596	1.5841673468786652
1.987545324676421	3.141256004041823	1.5797680258634148	1.5841673468786652
1.9876159910361662	3.1413676405590083	1.5797697683021386	1.5841673468786652
1.9876866573959113	3.1414792771993274	1.5797715108027308	1.5841673468786652
1.987757323755656	3.1415909139627853	1.579773253365192	1.5841673468786652
1.9878279901154012	3.1417025508493865	1.5797749959895224	1.5841673468786652
1.9878986564751462	3.1418141878591355	1.579776738675722	1.5841673468786652
1.9879693228348914	3.141925824992036	1.579778481423791	1.5841673468786652
1.9880399891946365	3.142037462248093	1.5797802242337295	1.5841673468786652
1.9881106555543815	3.1421490996273107	1.579781967105538	1.5841673468786652
1.9881813219141267	3.142260737129693	1.5797837100392167	1.5841673468786652
1.9882519882738716	3.142372374755245	1.5797854530347655	1.5841673468786652
1.9883226546336166	3.142484012503971	1.579787196092185	1.5841673468786652
1.9883933209933617	3.1425956503758745	1.579788939211475	1.5841673468786652
1.9884639873531067	3.142707288370961	1.579790682392636	1.5841673468786652
1.9885346537128519	3.1428189264892343	1.579792425635668	1.5841673468786652
1.988605320072597	3.142930564730699	1.5797941689405712	1.5841673468786652
1.988675986432342	3.143042203095359	1.5797959123073462	1.5841673468786652
1.9887466527920872	3.1431538415832194	1.5797976557359927	1.5841673468786652
1.9888173191518321	3.1432654801942834	1.5797993992265111	1.5841673468786652
1.988887985511577	3.143377118928557	1.5798011427789016	1.5841673468786652
1.9889586518713223	3.1434887577860433	1.5798028863931646	1.5841673468786652
1.9890293182310672	3.143600396766747	1.5798046300693	1.5841673468786652
1.9890999845908124	3.1437120358706725	1.579806373807308	1.5841673468786652
1.9891706509505576	3.1438236750978246	1.5798081176071892	1.5841673468786652
1.9892413173103025	3.143935314448207	1.5798098614689433	1.5841673468786652
1.9893119836700475	3.144046953921824	1.579811605392571	1.5841673468786652
1.9893826500297926	3.1441585935186813	1.5798133493780722	1.5841673468786652
1.9894533163895376	3.1442702332387817	1.579815093425447	1.5841673468786652
1.9895239827492828	3.1443818730821302	1.5798168375346957	1.5841673468786652
1.9895946491090277	3.1444935130487313	1.5798185817058188	1.5841673468786652
1.989665315468773	3.1446051531385892	1.579820325938816	1.5841673468786652
1.989735981828518	3.144716793351708	1.5798220702336878	1.5841673468786652
1.989806648188263	3.144828433688093	1.5798238145904346	1.5841673468786652
1.989877314548008	3.144940074147747	1.5798255590090562	1.5841673468786652
1.9899479809077532	3.145051714730676	1.5798273034895531	1.5841673468786652
1.990018647267498	3.1451633554368836	1.5798290480319253	1.5841673468786652
1.9900893136272433	3.1452749962663744	1.579830792636173	1.5841673468786652
1.9901599799869882	3.1453866372191523	1.5798325373022966	1.5841673468786652
1.9902306463467334	3.1454982782952223	1.5798342820302962	1.5841673468786652
1.9903013127064786	3.1456099194945883	1.579836026820172	1.5841673468786652
1.9903719790662233	3.145721560817255	1.5798377716719243	1.5841673468786652
1.9904426454259685	3.1458332022632263	1.579839516585553	1.5841673468786652
1.9905133117857137	3.145944843832507	1.5798412615610586	1.5841673468786652
1.9905839781454586	3.1460564855251016	1.5798430065984412	1.5841673468786652
1.9906546445052038	3.146168127341014	1.5798447516977012	1.5841673468786652
1.9907253108649487	3.1462797692802487	1.5798464968588384	1.5841673468786652
1.990795977224694	3.1463914113428104	1.5798482420818534	1.5841673468786652
1.990866643584439	3.1465030535287033	1.5798499873667462	1.5841673468786652
1.9909373099441838	3.1466146958379313	1.5798517327135169	1.5841673468786652
1.991007976303929	3.1467263382704993	1.579853478122166	1.5841673468786652
1.9910786426636742	3.1468379808264118	1.5798552235926935	1.5841673468786652
1.9911493090234191	3.146949623505673	1.5798569691250997	1.5841673468786652
1.9912199753831643	3.147061266308287	1.5798587147193848	1.5841673468786652
1.9912906417429093	3.1471729092342584	1.5798604603755488	1.5841673468786652
1.9913613081026544	3.1472845522835917	1.579862206093592	1.5841673468786652
1.9914319744623994	3.147396195456291	1.579863951873515	1.5841673468786652
1.9915026408221443	3.1475078387523605	1.5798656977153174	1.5841673468786652
1.9915733071818895	3.1476194821718053	1.5798674436189997	1.5841673468786652
1.9916439735416347	3.147731125714629	1.5798691895845622	1.5841673468786652
1.9917146399013796	3.1478427693808366	1.5798709356120049	1.5841673468786652
1.9917853062611248	3.147954413170432	1.579872681701328	1.5841673468786652
1.9918559726208698	3.14806605708342	1.579874427852532	1.5841673468786652
1.9919266389806147	3.148177701119804	1.5798761740656169	1.5841673468786652
1.99199730534036	3.14828934527959	1.5798779203405828	1.5841673468786652
1.9920679717001049	3.1484009895627807	1.57987966667743	1.5841673468786652
1.99213863805985	3.1485126339693816	1.5798814130761587	1.5841673468786652
1.9922093044195952	3.1486242784993967	1.579883159536769	1.5841673468786652
1.9922799707793402	3.1487359231528305	1.5798849060592615	1.5841673468786652
1.9923506371390853	3.1488475679296872	1.5798866526436361	1.5841673468786652
1.9924213034988303	3.1489592128299715	1.5798883992898929	1.5841673468786652
1.9924919698585752	3.149070857853687	1.5798901459980323	1.5841673468786652
1.9925626362183204	3.1491825030008385	1.5798918927680543	1.5841673468786652
1.9926333025780654	3.1492941482714305	1.5798936395999594	1.5841673468786652
1.9927039689378105	3.149405793665468	1.5798953864937477	1.5841673468786652
1.9927746352975557	3.149517439182954	1.5798971334494192	1.5841673468786652
1.9928453016573007	3.1496290848238937	1.5798988804669742	1.5841673468786652
1.9929159680170458	3.149740730588291	1.5799006275464131	1.5841673468786652
1.9929866343767906	3.149852376476151	1.5799023746877359	1.5841673468786652
1.9930573007365358	3.1499640224874774	1.5799041218909429	1.5841673468786652
1.993127967096281	3.150075668622275	1.5799058691560344	1.5841673468786652
1.9931986334560259	3.150187314880548	1.5799076164830104	1.5841673468786652
1.993269299815771	3.150298961262301	1.579909363871871	1.5841673468786652
1.9933399661755162	3.150410607767538	1.5799111113226167	1.5841673468786652
1.9934106325352612	3.1505222543962637	1.5799128588352476	1.5841673468786652
1.9934812988950064	3.150633901148482	1.579914606409764	1.5841673468786652
1.993551965254751	3.1507455480241973	1.5799163540461658	1.5841673468786652
1.9936226316144963	3.150857195023415	1.5799181017444535	1.5841673468786652
1.9936932979742414	3.1509688421461384	1.5799198495046272	1.5841673468786652
1.9937639643339864	3.151080489392372	1.5799215973266871	1.5841673468786652
1.9938346306937316	3.1511921367621203	1.5799233452106336	1.5841673468786652
1.9939052970534767	3.151303784255388	1.5799250931564666	1.5841673468786652
1.9939759634132217	3.151415431872179	1.5799268411641862	1.5841673468786652
1.9940466297729667	3.1515270796124977	1.579928589233793	1.5841673468786652
1.9941172961327116	3.151638727476349	1.579930337365287	1.5841673468786652
1.9941879624924568	3.151750375463737	1.5799320855586685	1.5841673468786652
1.994258628852202	3.1518620235746657	1.5799338338139377	1.5841673468786652
1.994329295211947	3.15197367180914	1.5799355821310948	1.5841673468786652
1.994399961571692	3.152085320167164	1.5799373305101396	1.5841673468786652
1.9944706279314373	3.152196968648742	1.579939078951073	1.5841673468786652
1.9945412942911822	3.1523086172538783	1.5799408274538946	1.5841673468786652
1.9946119606509272	3.1524202659825775	1.579942576018605	1.5841673468786652
1.9946826270106721	3.152531914834844	1.5799443246452043	1.5841673468786652
1.9947532933704173	3.152643563810682	1.5799460733336927	1.5841673468786652
1.9948239597301625	3.152755212910096	1.5799478220840701	1.5841673468786652
1.9948946260899074	3.1528668621330906	1.5799495708963374	1.5841673468786652
1.9949652924496526	3.15297851147967	1.5799513197704942	1.5841673468786652
1.9950359588093978	3.153090160949838	1.5799530687065408	1.5841673468786652
1.9951066251691425	3.1532018105435995	1.5799548177044775	1.5841673468786652
1.9951772915288877	3.153313460260959	1.5799565667643045	1.5841673468786652
1.9952479578886326	3.1534251101019204	1.579958315886022	1.5841673468786652
1.9953186242483778	3.1535367600664888	1.5799600650696304	1.5841673468786652
1.995389290608123	3.153648410154668	1.5799618143151295	1.5841673468786652
1.995459956967868	3.1537600603664626	1.5799635636225198	1.5841673468786652
1.995530623327613	3.1538717107018766	1.5799653129918014	1.5841673468786652
1.9956012896873583	3.1539833611609147	1.5799670624229745	1.5841673468786652
1.995671956047103	3.154095011743581	1.5799688119160393	1.5841673468786652
1.9957426224068482	3.1542066624498806	1.579970561470996	1.5841673468786652
1.9958132887665931	3.154318313279817	1.579972311087845	1.5841673468786652
1.9958839551263383	3.1544299642333953	1.5799740607665862	1.5841673468786652
1.9959546214860835	3.1545416153106194	1.5799758105072201	1.5841673468786652
1.9960252878458284	3.1546532665114935	1.5799775603097466	1.5841673468786652
1.9960959542055736	3.1547649178360224	1.5799793101741662	1.5841673468786652
1.9961666205653186	3.1548765692842102	1.5799810601004787	1.5841673468786652
1.9962372869250635	3.154988220856062	1.5799828100886848	1.5841673468786652
1.9963079532848087	3.1550998725515806	1.5799845601387843	1.5841673468786652
1.9963786196445537	3.155211524370772	1.5799863102507776	1.5841673468786652
1.9964492860042988	3.15532317631364	1.579988060424665	1.5841673468786652
1.996519952364044	3.1554348283801885	1.5799898106604464	1.5841673468786652
1.996590618723789	3.1555464805704223	1.5799915609581223	1.5841673468786652
1.9966612850835341	3.155658132884346	1.579993311317693	1.5841673468786652
1.996731951443279	3.1557697853219633	1.579995061739158	1.5841673468786652
1.996802617803024	3.1558814378832794	1.5799968122225183	1.5841673468786652
1.9968732841627692	3.155993090568298	1.5799985627677737	1.5841673468786652
1.9969439505225142	3.1561047433770235	1.5800003133749247	1.5841673468786652
1.9970146168822593	3.156216396309461	1.5800020640439711	1.5841673468786652
1.9970852832420045	3.156328049365614	1.5800038147749134	1.5841673468786652
1.9971559496017495	3.1564397025454873	1.5800055655677516	1.5841673468786652
1.9972266159614944	3.1565513558490848	1.5800073164224862	1.5841673468786652
1.9972972823212396	3.1566630092764116	1.5800090673391172	1.5841673468786652
1.9973679486809846	3.156774662827472	1.5800108183176447	1.5841673468786652
1.9974386150407297	3.1568863165022703	1.580012569358069	1.5841673468786652
1.9975092814004747	3.15699797030081	1.5800143204603907	1.5841673468786652
1.9975799477602199	3.1571096242230965	1.5800160716246092	1.5841673468786652
1.997650614119965	3.157221278269134	1.5800178228507253	1.5841673468786652
1.99772128047971	3.1573329324389263	1.5800195741387393	1.5841673468786652
1.997791946839455	3.157444586732478	1.5800213254886508	1.5841673468786652
1.9978626131992	3.1575562411497944	1.5800230769004606	1.5841673468786652
1.997933279558945	3.157667895690879	1.5800248283741685	1.5841673468786652
1.9980039459186902	3.1577795503557358	1.580026579909775	1.5841673468786652
1.9980746122784352	3.1578912051443697	1.58002833150728	1.5841673468786652
1.9981452786381804	3.1580028600567855	1.580030083166684	1.5841673468786652
1.9982159449979255	3.158114515092987	1.5800318348879872	1.5841673468786652
1.9982866113576703	3.158226170252978	1.5800335866711894	1.5841673468786652
1.9983572777174154	3.158337825536764	1.5800353385162913	1.5841673468786652
1.9984279440771606	3.158449480944349	1.5800370904232928	1.5841673468786652
1.9984986104369056	3.158561136475737	1.5800388423921943	1.5841673468786652
1.9985692767966508	3.158672792130933	1.5800405944229958	1.5841673468786652
1.9986399431563957	3.158784447909941	1.5800423465156976	1.5841673468786652
1.9987106095161409	3.1588961038127654	1.5800440986703	1.5841673468786652
1.998781275875886	3.159007759839411	1.580045850886803	1.5841673468786652
1.9988519422356308	3.1591194159898808	1.5800476031652069	1.5841673468786652
1.998922608595376	3.1592310722641805	1.580049355505512	1.5841673468786652
1.9989932749551211	3.159342728662314	1.5800511079077184	1.5841673468786652
1.999063941314866	3.159454385184286	1.5800528603718265	1.5841673468786652
1.9991346076746113	3.1595660418301006	1.580054612897836	1.5841673468786652
1.9992052740343562	3.1596776985997623	1.5800563654857478	1.5841673468786652
1.9992759403941014	3.159789355493275	1.5800581181355615	1.5841673468786652
1.9993466067538463	3.1599010125106437	1.5800598708472777	1.5841673468786652
1.9994172731135913	3.1600126696518727	1.5800616236208964	1.5841673468786652
1.9994879394733365	3.160124326916966	1.5800633764564178	1.5841673468786652
1.9995586058330816	3.1602359843059284	1.5800651293538421	1.5841673468786652
1.9996292721928266	3.1603476418187637	1.5800668823131698	1.5841673468786652
1.9996999385525718	3.1604592994554768	1.5800686353344007	1.5841673468786652
1.9997706049123167	3.160570957216072	1.5800703884175353	1.5841673468786652
1.9998412712720617	3.160682615100553	1.5800721415625736	1.5841673468786652
1.9999119376318069	3.160794273108925	1.5800738947695159	1.5841673468786652
1.9999826039915518	3.1609059312411922	1.5800756480383622	1.5841673468786652
2.0000532703512968	3.161017589497359	1.5800774013691132	1.5841673468786652
2.000123936711042	3.1611292478774295	1.5800791547617685	1.5841673468786652
2.000194603070787	3.1612409063814084	1.580080908216329	1.5841673468786652
2.0002652694305323	3.1613525650092997	1.580082661732794	1.5841673468786652
2.0003359357902775	3.161464223761108	1.5800844153111646	1.5841673468786652
2.000406602150022	3.161575882636837	1.5800861689514405	1.5841673468786652
2.0004772685097674	3.1616875416364927	1.580087922653622	1.5841673468786652
2.0005479348695125	3.1617992007600777	1.5800896764177093	1.5841673468786652
2.0006186012292573	3.161910860007598	1.5800914302437026	1.5841673468786652
2.0006892675890025	3.1620225193790565	1.5800931841316022	1.5841673468786652
2.0007599339487476	3.1621341788744584	1.5800949380814082	1.5841673468786652
2.000830600308493	3.1622458384938077	1.580096692093121	1.5841673468786652
2.0009012666682375	3.1623574982371085	1.5800984461667404	1.5841673468786652
2.0009719330279827	3.1624691581043662	1.580100200302267	1.5841673468786652
2.001042599387728	3.1625808180955843	1.5801019544997008	1.5841673468786652
2.001113265747473	3.1626924782107677	1.580103708759042	1.5841673468786652
2.001183932107218	3.1628041384499204	1.5801054630802909	1.5841673468786652
2.001254598466963	3.1629157988130467	1.5801072174634476	1.5841673468786652
2.001325264826708	3.1630274593001517	1.5801089719085126	1.5841673468786652
2.0013959311864533	3.163139119911239	1.5801107264154857	1.5841673468786652
2.001466597546198	3.1632507806463126	1.5801124809843672	1.5841673468786652
2.001537263905943	3.163362441505378	1.5801142356151576	1.5841673468786652
2.0016079302656884	3.163474102488439	1.5801159903078568	1.5841673468786652
2.0016785966254336	3.1635857635955	1.580117745062465	1.5841673468786652
2.0017492629851783	3.1636974248265655	1.5801194998789825	1.5841673468786652
2.0018199293449235	3.1638090861816397	1.5801212547574095	1.5841673468786652
2.0018905957046687	3.163920747660727	1.5801230096977463	1.5841673468786652
2.0019612620644134	3.1640324092638314	1.580124764699993	1.5841673468786652
2.0020319284241586	3.1641440709909583	1.5801265197641499	1.5841673468786652
2.0021025947839037	3.1642557328421113	1.5801282748902168	1.5841673468786652
2.002173261143649	3.164367394817295	1.5801300300781944	1.5841673468786652
2.002243927503394	3.1644790569165133	1.5801317853280827	1.5841673468786652
2.002314593863139	3.1645907191397713	1.580133540639882	1.5841673468786652
2.002385260222884	3.1647023814870727	1.5801352960135924	1.5841673468786652
2.002455926582629	3.1648140439584225	1.5801370514492141	1.5841673468786652
2.002526592942374	3.1649257065538245	1.5801388069467475	1.5841673468786652
2.002597259302119	3.165037369273284	1.5801405625061924	1.5841673468786652
2.0026679256618642	3.165149032116804	1.5801423181275496	1.5841673468786652
2.0027385920216094	3.16526069508439	1.5801440738108186	1.5841673468786652
2.0028092583813546	3.165372358176046	1.580145829556	1.5841673468786652
2.0028799247410993	3.165484021391776	1.5801475853630942	1.5841673468786652
2.0029505911008445	3.165595684731585	1.580149341232101	1.5841673468786652
2.0030212574605897	3.1657073481954767	1.5801510971630208	1.5841673468786652
2.0030919238203344	3.165819011783456	1.5801528531558537	1.5841673468786652
2.0031625901800796	3.1659306754955274	1.5801546092106	1.5841673468786652
2.0032332565398248	3.1660423393316948	1.58015636532726	1.5841673468786652
2.00330392289957	3.166154003291963	1.5801581215058338	1.5841673468786652
2.003374589259315	3.1662656673763356	1.5801598777463215	1.5841673468786652
2.00344525561906	3.166377331584818	1.5801616340487232	1.5841673468786652
2.003515921978805	3.1664889959174136	1.5801633904130397	1.5841673468786652
2.00358658833855	3.1666006603741277	1.5801651468392706	1.5841673468786652
2.003657254698295	3.1667123249549642	1.5801669033274162	1.5841673468786652
2.00372792105804	3.1668239896599273	1.580168659877477	1.5841673468786652
2.0037985874177853	3.1669356544890217	1.580170416489453	1.5841673468786652
2.0038692537775304	3.1670473194422515	1.5801721731633442	1.5841673468786652
2.0039399201372756	3.1671589845196215	1.5801739298991513	1.5841673468786652
2.0040105864970204	3.167270649721136	1.5801756866968741	1.5841673468786652
2.0040812528567655	3.1673823150467983	1.580177443556513	1.5841673468786652
2.0041519192165107	3.167493980496614	1.5801792004780681	1.5841673468786652
2.0042225855762554	3.1676056460705873	1.5801809574615397	1.5841673468786652
2.0042932519360006	3.167717311768722	1.580182714506928	1.5841673468786652
2.004363918295746	3.1678289775910233	1.580184471614233	1.5841673468786652
2.004434584655491	3.167940643537495	1.5801862287834552	1.5841673468786652
2.004505251015236	3.1680523096081417	1.5801879860145944	1.5841673468786652
2.004575917374981	3.168163975802967	1.5801897433076513	1.5841673468786652
2.004646583734726	3.1682756421219764	1.580191500662626	1.5841673468786652
2.004717250094471	3.168387308565174	1.5801932580795182	1.5841673468786652
2.004787916454216	3.1684989751325636	1.5801950155583286	1.5841673468786652
2.004858582813961	3.1686106418241504	1.5801967730990574	1.5841673468786652
2.0049292491737063	3.168722308639938	1.5801985307017048	1.5841673468786652
2.0049999155334515	3.168833975579931	1.5802002883662707	1.5841673468786652
2.0050705818931966	3.168945642644134	1.5802020460927555	1.5841673468786652
2.0051412482529414	3.1690573098325507	1.5802038038811594	1.5841673468786652
2.0052119146126866	3.1691689771451865	1.5802055617314825	1.5841673468786652
2.0052825809724317	3.1692806445820456	1.5802073196437254	1.5841673468786652
2.0053532473321765	3.1693923121431316	1.5802090776178879	1.5841673468786652
2.0054239136919216	3.1695039798284497	1.5802108356539701	1.5841673468786652
2.005494580051667	3.1696156476380035	1.5802125937519726	1.5841673468786652
2.005565246411412	3.169727315571798	1.5802143519118954	1.5841673468786652
2.0056359127711567	3.169838983629837	1.5802161101337389	1.5841673468786652
2.005706579130902	3.169950651812125	1.580217868417503	1.5841673468786652
2.005777245490647	3.1700623201186673	1.5802196267631878	1.5841673468786652
2.0058479118503922	3.1701739885494673	1.580221385170794	1.5841673468786652
2.005918578210137	3.1702856571045297	1.5802231436403216	1.5841673468786652
2.005989244569882	3.170397325783859	1.5802249021717707	1.5841673468786652
2.0060599109296273	3.170508994587459	1.5802266607651414	1.5841673468786652
2.0061305772893725	3.1706206635153342	1.5802284194204341	1.5841673468786652
2.0062012436491172	3.170732332567489	1.580230178137649	1.5841673468786652
2.0062719100088624	3.1708440017439288	1.5802319369167865	1.5841673468786652
2.0063425763686076	3.170955671044657	1.5802336957578464	1.5841673468786652
2.0064132427283528	3.171067340469678	1.580235454660829	1.5841673468786652
2.0064839090880975	3.1711790100189963	1.5802372136257345	1.5841673468786652
2.0065545754478427	3.171290679692616	1.5802389726525634	1.5841673468786652
2.006625241807588	3.171402349490542	1.5802407317413156	1.5841673468786652
2.0066959081673326	3.171514019412778	1.5802424908919914	1.5841673468786652
2.0067665745270777	3.1716256894593293	1.580244250104591	1.5841673468786652
2.006837240886823	3.1717373596301996	1.5802460093791146	1.5841673468786652
2.006907907246568	3.171849029925393	1.5802477687155625	1.5841673468786652
2.0069785736063133	3.1719607003449153	1.5802495281139348	1.5841673468786652
2.007049239966058	3.172072370888769	1.5802512875742316	1.5841673468786652
2.007119906325803	3.1721840415569598	1.5802530470964533	1.5841673468786652
2.0071905726855483	3.1722957123494915	1.5802548066806	1.5841673468786652
2.007261239045293	3.172407383266368	1.5802565663266719	1.5841673468786652
2.0073319054050383	3.1725190543075947	1.5802583260346692	1.5841673468786652
2.0074025717647834	3.1726307254731756	1.580260085804592	1.5841673468786652
2.0074732381245286	3.172742396763115	1.580261845636441	1.5841673468786652
2.0075439044842738	3.1728540681774176	1.580263605530216	1.5841673468786652
2.0076145708440185	3.172965739716087	1.580265365485917	1.5841673468786652
2.0076852372037637	3.1730774113791282	1.5802671255035445	1.5841673468786652
2.0077559035635084	3.173189083166545	1.5802688855830989	1.5841673468786652
2.0078265699232536	3.1733007550783423	1.5802706457245799	1.5841673468786652
2.0078972362829988	3.1734124271145245	1.580272405927988	1.5841673468786652
2.007967902642744	3.1735240992750957	1.5802741661933235	1.5841673468786652
2.008038569002489	3.1736357715600607	1.5802759265205863	1.5841673468786652
2.0081092353622343	3.173747443969423	1.580277686909777	1.5841673468786652
2.008179901721979	3.173859116503188	1.5802794473608954	1.5841673468786652
2.008250568081724	3.1739707891613596	1.5802812078739419	1.5841673468786652
2.008321234441469	3.1740824619439416	1.5802829684489168	1.5841673468786652
2.008391900801214	3.1741941348509393	1.5802847290858202	1.5841673468786652
2.0084625671609593	3.1743058078823565	1.5802864897846522	1.5841673468786652
2.0085332335207045	3.174417481038198	1.5802882505454132	1.5841673468786652
2.0086038998804496	3.174529154318468	1.5802900113681033	1.5841673468786652
2.008674566240195	3.174640827723171	1.5802917722527225	1.5841673468786652
2.0087452325999395	3.174752501252311	1.5802935331992716	1.5841673468786652
2.0088158989596847	3.174864174905892	1.5802952942077502	1.5841673468786652
2.0088865653194294	3.1749758486839195	1.5802970552781588	1.5841673468786652
2.0089572316791746	3.1750875225863973	1.5802988164104974	1.5841673468786652
2.00902789803892	3.1751991966133297	1.5803005776047663	1.5841673468786652
2.009098564398665	3.175310870764721	1.5803023388609658	1.5841673468786652
2.00916923075841	3.175422545040576	1.5803041001790963	1.5841673468786652
2.0092398971181553	3.1755342194408986	1.5803058615591574	1.5841673468786652
2.0093105634779	3.1756458939656933	1.58030762300115	1.5841673468786652
2.009381229837645	3.1757575686149644	1.5803093845050735	1.5841673468786652
2.00945189619739	3.175869243388717	1.580311146070929	1.5841673468786652
2.009522562557135	3.175980918286954	1.580312907698716	1.5841673468786652
2.0095932289168803	3.1760925933096815	1.5803146693884351	1.5841673468786652
2.0096638952766255	3.1762042684569027	1.5803164311400861	1.5841673468786652
2.0097345616363707	3.176315943728622	1.5803181929536698	1.5841673468786652
2.009805227996116	3.1764276191248446	1.580319954829186	1.5841673468786652
2.0098758943558606	3.1765392946455737	1.580321716766635	1.5841673468786652
2.0099465607156057	3.176650970290815	1.580323478766017	1.5841673468786652
2.0100172270753505	3.176762646060572	1.580325240827332	1.5841673468786652
2.0100878934350956	3.176874321954849	1.5803270029505807	1.5841673468786652
2.010158559794841	3.1769859979736506	1.5803287651357627	1.5841673468786652
2.010229226154586	3.1770976741169816	1.5803305273828787	1.5841673468786652
2.010299892514331	3.1772093503848455	1.5803322896919287	1.5841673468786652
2.0103705588740763	3.1773210267772476	1.580334052062913	1.5841673468786652
2.010441225233821	3.1774327032941914	1.5803358144958315	1.5841673468786652
2.0105118915935662	3.1775443799356817	1.5803375769906847	1.5841673468786652
2.010582557953311	3.177656056701723	1.5803393395474727	1.5841673468786652
2.010653224313056	3.1777677335923196	1.580341102166196	1.5841673468786652
2.0107238906728013	3.177879410607476	1.5803428648468543	1.5841673468786652
2.0107945570325465	3.1779910877471957	1.580344627589448	1.5841673468786652
2.0108652233922917	3.1781027650114844	1.5803463903939774	1.5841673468786652
2.0109358897520364	3.1782144424003453	1.5803481532604426	1.5841673468786652
2.0110065561117816	3.1783261199137836	1.5803499161888441	1.5841673468786652
2.0110772224715268	3.178437797551803	1.5803516791791816	1.5841673468786652
2.0111478888312715	3.1785494753144086	1.5803534422314558	1.5841673468786652
2.0112185551910167	3.1786611532016043	1.5803552053456664	1.5841673468786652
2.011289221550762	3.178772831213395	1.580356968521814	1.5841673468786652
2.011359887910507	3.178884509349784	1.5803587317598986	1.5841673468786652
2.011430554270252	3.1789961876107764	1.5803604950599206	1.5841673468786652
2.011501220629997	3.1791078659963765	1.5803622584218802	1.5841673468786652
2.011571886989742	3.179219544506589	1.5803640218457773	1.5841673468786652
2.0116425533494873	3.1793312231414177	1.5803657853316122	1.5841673468786652
2.011713219709232	3.179442901900867	1.5803675488793854	1.5841673468786652
2.011783886068977	3.179554580784942	1.5803693124890967	1.5841673468786652
2.0118545524287224	3.1796662597936463	1.5803710761607468	1.5841673468786652
2.0119252187884675	3.1797779389269842	1.5803728398943353	1.5841673468786652
2.0119958851482123	3.1798896181849603	1.580374603689863	1.5841673468786652
2.0120665515079574	3.1800012975675793	1.5803763675473295	1.5841673468786652
2.0121372178677026	3.1801129770748457	1.5803781314667356	1.5841673468786652
2.012207884227448	3.180224656706763	1.580379895448081	1.5841673468786652
2.0122785505871925	3.180336336463337	1.5803816594913662	1.5841673468786652
2.0123492169469377	3.1804480163445703	1.5803834235965915	1.5841673468786652
2.012419883306683	3.180559696350468	1.580385187763757	1.5841673468786652
2.0124905496664276	3.1806713764810346	1.5803869519928624	1.5841673468786652
2.0125612160261728	3.1807830567362747	1.5803887162839088	1.5841673468786652
2.012631882385918	3.1808947371161924	1.5803904806368958	1.5841673468786652
2.012702548745663	3.181006417620792	1.5803922450518235	1.5841673468786652
2.0127732151054083	3.1811180982500784	1.5803940095286928	1.5841673468786652
2.012843881465153	3.1812297790040556	1.5803957740675032	1.5841673468786652
2.012914547824898	3.1813414598827277	1.5803975386682552	1.5841673468786652
2.0129852141846434	3.1814531408860987	1.580399303330949	1.5841673468786652
2.013055880544388	3.181564822014174	1.580401068055585	1.5841673468786652
2.0131265469041333	3.181676503266958	1.5804028328421629	1.5841673468786652
2.0131972132638785	3.181788184644454	1.580404597690683	1.5841673468786652
2.0132678796236236	3.1818998661466673	1.580406362601146	1.5841673468786652
2.013338545983369	3.1820115477736017	1.5804081275735518	1.5841673468786652
2.0134092123431135	3.182123229525262	1.5804098926079007	1.5841673468786652
2.0134798787028587	3.1822349114016526	1.5804116577041925	1.5841673468786652
2.013550545062604	3.182346593402777	1.5804134228624278	1.5841673468786652
2.0136212114223486	3.182458275528641	1.580415188082607	1.5841673468786652
2.013691877782094	3.1825699577792474	1.5804169533647296	1.5841673468786652
2.013762544141839	3.182681640154602	1.5804187187087964	1.5841673468786652
2.013833210501584	3.1827933226547085	1.5804204841148075	1.5841673468786652
2.0139038768613293	3.1829050052795713	1.580422249582763	1.5841673468786652
2.013974543221074	3.183016688029195	1.580424015112663	1.5841673468786652
2.0140452095808192	3.183128370903583	1.580425780704508	1.5841673468786652
2.0141158759405644	3.183240053902741	1.580427546358298	1.5841673468786652
2.014186542300309	3.1833517370266726	1.5804293120740331	1.5841673468786652
2.0142572086600543	3.1834634202753826	1.5804310778517139	1.5841673468786652
2.0143278750197995	3.183575103648875	1.5804328436913402	1.5841673468786652
