x	chi	dchidx	s0
0.0017240334272705872	0.0	0.05033891692797806	0.05033891692797806
0.02134027734855556	0.0009874318218003745	0.05033483990718256	0.05033891692797806
0.04095652126984053	0.0019747156486974926	0.050323827915761704	0.05033891692797806
0.060572765191125505	0.0029617154426907896	0.050305880957997436	0.05033891692797806
0.08018900911241048	0.0039482951657970385	0.05028099903428635	0.05033891692797806
0.09980525303369545	0.004934318780031402	0.050249182144783855	0.05033891692797806
0.11942149695498042	0.0059196502474074325	0.05021043028940413	0.05033891692797806
0.1390377408762654	0.006904153529937072	0.05016474346782017	0.05033891692797806
0.15865398479755036	0.007887692589621013	0.05011212167956714	0.05033891692797806
0.17827022871883533	0.008870131387160984	0.0500525649384548	0.05033891692797806
0.1978864726401203	0.009851333883983425	0.04998607325214885	0.05033891692797806
0.21750271656140527	0.01083116404253934	0.04991264661719139	0.05033891692797806
0.23711896048269024	0.01180948582522355	0.04983228503015772	0.05033891692797806
0.2567352044039752	0.012786163194374686	0.049744988487656246	0.05033891692797806
0.27635144832526015	0.013761060112275205	0.04965075698632856	0.05033891692797806
0.2959676922465451	0.01473404054115136	0.04954959052284939	0.05033891692797806
0.3155839361678301	0.015704968443173237	0.04944148909392664	0.05033891692797806
0.33520018008911506	0.016673707780454725	0.04932645269630135	0.05033891692797806
0.3548164240104001	0.017640122515053536	0.049204481326747714	0.05033891692797806
0.37443266793168506	0.018604076608971183	0.04907557498207309	0.05033891692797806
0.39404891185297003	0.019565434024153013	0.04893973365911799	0.05033891692797806
0.413665155774255	0.02052405872248817	0.04879695735475606	0.05033891692797806
0.43328139969553997	0.021479814665809626	0.04864724606589412	0.05033891692797806
0.45289764361682494	0.022432565815894156	0.04849059978947216	0.05033891692797806
0.4725138875381099	0.023382176134462355	0.048327018522463266	0.05033891692797806
0.4921301314593949	0.024328509583178646	0.04815650226187374	0.05033891692797806
0.5117463753806798	0.025271430123651226	0.04797905100474301	0.05033891692797806
0.5313626193019648	0.026210801717432168	0.047794664748143666	0.05033891692797806
0.5509788632232497	0.02714648832601731	0.04760334348918144	0.05033891692797806
0.5705951071445348	0.028078353910846312	0.047405087224995215	0.05033891692797806
0.5902113510658197	0.02900626243330267	0.04719989595275706	0.05033891692797806
0.6098275949871047	0.029930077854713685	0.046987769669672164	0.05033891692797806
0.6294438389083896	0.03084966413635045	0.046768708372978876	0.05033891692797806
0.6490600828296746	0.031764885239427915	0.04654271205994872	0.05033891692797806
0.6686763267509596	0.03267560512510481	0.04630978072788636	0.05033891692797806
0.6882925706722445	0.03358168775448369	0.0460699143741296	0.05033891692797806
0.7079088145935295	0.03448299708861094	0.045823112996049416	0.05033891692797806
0.7275250585148144	0.03537939708847672	0.04556937659104994	0.05033891692797806
0.7471413024360994	0.03627075171501506	0.04530870515656845	0.05033891692797806
0.7667575463573844	0.03715692492910375	0.04504109869007538	0.05033891692797806
0.7863737902786694	0.03803778069156444	0.04476655718907432	0.05033891692797806
0.8059900341999543	0.03891318296316257	0.044485080651101995	0.05033891692797806
0.8256062781212393	0.03978299570460739	0.04419666907372832	0.05033891692797806
0.8452225220425242	0.04064708287655197	0.043901322454556344	0.05033891692797806
0.8648387659638093	0.04150530843959323	0.04359904079122227	0.05033891692797806
0.8844550098850942	0.04235753635427183	0.043289824081395444	0.05033891692797806
0.9040712538063792	0.04320363058107232	0.042973672322778385	0.05033891692797806
0.9236874977276641	0.04404345508042302	0.04265058551310676	0.05033891692797806
0.9433037416489491	0.04487687381269608	0.0423205636501494	0.05033891692797806
0.9629199855702341	0.045703750738207455	0.041983606731708256	0.05033891692797806
0.9825362294915191	0.04652394981721693	0.04163971475561848	0.05033891692797806
1.002152473412804	0.04733733500992809	0.04128888771974834	0.05033891692797806
1.021768717334089	0.04814377027648835	0.040931125621999284	0.05033891692797806
1.041384961255374	0.04894311957698893	0.040566428460305885	0.05033891692797806
1.0610012051766589	0.04973524687146484	0.0401947962326359	0.05033891692797806
1.0806174490979439	0.050520016119894956	0.03981622893699023	0.05033891692797806
1.100233693019229	0.05129729128220195	0.039430726571402924	0.05033891692797806
1.1198499369405137	0.05206693631825227	0.03903828913394118	0.05033891692797806
1.1394661808617987	0.05282881518785624	0.038638916622705376	0.05033891692797806
1.1590824247830838	0.05358279185076794	0.03823260903582901	0.05033891692797806
1.1786986687043688	0.054328730266685325	0.037819366371478765	0.05033891692797806
1.1983149126256536	0.0550664943952501	0.03739918862785445	0.05033891692797806
1.2179311565469386	0.05579594819604784	0.03697207580318905	0.05033891692797806
1.2375474004682236	0.056516955628607896	0.0365380278957487	0.05033891692797806
1.2571636443895087	0.05722938065240347	0.03609704490383268	0.05033891692797806
1.2767798883107935	0.057933087226851546	0.03564912682577342	0.05033891692797806
1.2963961322320785	0.05862793931131293	0.03519427365993653	0.05033891692797806
1.3160123761533635	0.05931380086509225	0.03473248540472075	0.05033891692797806
1.3356286200746486	0.059990535847437965	0.03426376205855797	0.05033891692797806
1.3552448639959336	0.06065800821754231	0.03378810361991326	0.05033891692797806
1.3748611079172186	0.061316081934541355	0.03330551008728483	0.05033891692797806
1.3944773518385034	0.061964620957514996	0.03281598145920403	0.05033891692797806
1.4140935957597884	0.0626034892454869	0.032319517734235394	0.05033891692797806
1.4337098396810735	0.06323255075742462	0.03181611891097658	0.05033891692797806
1.4533260836023585	0.06385166945223948	0.03130578498805844	0.05033891692797806
1.4729423275236433	0.0644607092887866	0.03078851596414491	0.05033891692797806
1.4925585714449283	0.06505953422586494	0.03026431183793315	0.05033891692797806
1.5121748153662133	0.06564800822221732	0.02973317260815345	0.05033891692797806
1.5317910592874984	0.06622599523653026	0.02919509827356924	0.05033891692797806
1.5514073032087832	0.0667933592274342	0.028650088832977122	0.05033891692797806
1.5710235471300682	0.0673499641556697	0.028098144272384506	0.05033891692797806
1.5906397910513532	0.06789567398390241	0.02753926456471738	0.05033891692797806
1.6102560349726383	0.06843035267065713	0.026973449705952557	0.05033891692797806
1.629872278893923	0.0689538641742886	0.026400699692690845	0.05033891692797806
1.649488522815208	0.06946607245308557	0.025821014521555302	0.05033891692797806
1.669104766736493	0.06996684146527063	0.025234394189191243	0.05033891692797806
1.6887210106577781	0.07045603516900029	0.02464083869226624	0.05033891692797806
1.708337254579063	0.07093351752236499	0.024040348027470113	0.05033891692797806
1.727953498500348	0.07139915248338904	0.023432922191514945	0.05033891692797806
1.747569742421633	0.07185280401003073	0.02281856118113506	0.05033891692797806
1.7671859863429178	0.0722943360601822	0.022197264993087048	0.05033891692797806
1.7868022302642028	0.07272361259166948	0.02156903362414975	0.05033891692797806
1.8064184741854878	0.07314049756225258	0.02093386707112426	0.05033891692797806
1.8260347181067729	0.07354485492962617	0.02029176533083458	0.05033891692797806
1.8456509620280577	0.07393654865144393	0.01964272840014904	0.05033891692797806
1.8652672059493427	0.07431544268529669	0.01898675627597192	0.05033891692797806
1.8848834498706277	0.07468140098870778	0.018323848955239298	0.05033891692797806
1.9044996937919128	0.07503428751914042	0.017654006434924364	0.05033891692797806
1.9241159377131976	0.07537401589355561	0.016976224647712496	0.05033891692797806
1.9437321816344826	0.07570030109062528	0.016399759602747487	0.05033891692797806
2.114362422420693	0.07849860431389333	0.016399833228916534	0.05033891692797806
2.2849926632069035	0.08129691908302353	0.016399905362992795	0.05033891692797806
2.455622903993114	0.08409524533731233	0.016399976104698018	0.05033891692797806
2.6262531447793243	0.08689358301605621	0.016400045553753937	0.05033891692797806
2.796883385565535	0.0896919320585516	0.016400113809882304	0.05033891692797806
2.967513626351745	0.09249029240409495	0.01640018097280486	0.05033891692797806
3.138143867137956	0.09528866399198273	0.01640024714224335	0.05033891692797806
3.3087741079241666	0.09808704676151138	0.01640031241791951	0.05033891692797806
3.4794043487103767	0.10088544065197735	0.016400376899555095	0.05033891692797806
3.650034589496587	0.1036838456026771	0.016400440686871836	0.05033891692797806
3.8206648302827975	0.10648226155290708	0.016400503879591483	0.05033891692797806
3.9912950710690085	0.10928068844196373	0.016400566577435778	0.05033891692797806
4.161925311855218	0.11207912620914354	0.016400628880126465	0.05033891692797806
4.332555552641429	0.11487757479374291	0.016400690887385286	0.05033891692797806
4.503185793427639	0.11767603413505831	0.016400752698933985	0.05033891692797806
4.67381603421385	0.12047450417238623	0.016400814414494303	0.05033891692797806
4.8444462750000605	0.12327298484502305	0.01640087613378799	0.05033891692797806
5.01507651578627	0.1260714760922653	0.016400937956536778	0.05033891692797806
5.185706756572482	0.1288699778534094	0.016400999982462423	0.05033891692797806
5.356336997358692	0.13166849006775178	0.016401062311286657	0.05033891692797806
5.526967238144902	0.13446701402861824	0.01640112421322486	0.05033891692797806
5.697597478931113	0.13726555071808583	0.016401185039505276	0.05033891692797806
5.868227719717324	0.14006409749381973	0.01640124642186192	0.05033891692797806
6.038857960503534	0.1428626544645825	0.01640130836166588	0.05033891692797806
6.209488201289744	0.14566122173913673	0.016401370860288245	0.05033891692797806
6.380118442075954	0.14845979942624496	0.016401433919100098	0.05033891692797806
6.5507486828621655	0.1512583876346698	0.016401497539472534	0.05033891692797806
6.721378923648376	0.15405698647317376	0.016401561722776636	0.05033891692797806
6.892009164434586	0.1568555960505194	0.016401626470383495	0.05033891692797806
7.062639405220796	0.15965421647546935	0.0164016917836642	0.05033891692797806
7.233269646007008	0.16245284785678613	0.016401757663989838	0.05033891692797806
7.4038998867932175	0.16525149030323227	0.016401824112731497	0.05033891692797806
7.574530127579428	0.1680501439235704	0.01640189113126027	0.05033891692797806
7.745160368365638	0.17084880882656303	0.016401958720947237	0.05033891692797806
7.915790609151849	0.17364748512097278	0.016402026883163494	0.05033891692797806
8.08642084993806	0.17644617291556214	0.016402095619280122	0.05033891692797806
8.25705109072427	0.1792448723190937	0.01640216493066822	0.05033891692797806
8.427681331510481	0.18204358344033006	0.016402234818698867	0.05033891692797806
8.59831157229669	0.18484230638803376	0.016402305284743155	0.05033891692797806
8.768941813082902	0.18764104127096734	0.01640237633017217	0.05033891692797806
8.939572053869112	0.1904397881978934	0.016402447956357005	0.05033891692797806
9.110202294655322	0.19323854727757447	0.016402520164668748	0.05033891692797806
9.280832535441533	0.19603731861877316	0.01640259295647848	0.05033891692797806
9.451462776227743	0.19883610233025195	0.016402666333157297	0.05033891692797806
9.622093017013954	0.20163489852077351	0.016402740296076287	0.05033891692797806
9.792723257800164	0.20443370729910032	0.016402814846606533	0.05033891692797806
9.963353498586375	0.207232528773995	0.016402889986119128	0.05033891692797806
10.133983739372585	0.21003136305422007	0.016402965715985162	0.05033891692797806
10.304613980158795	0.2128302102485381	0.016403042037575716	0.05033891692797806
10.475244220945005	0.21562907046571167	0.016403118952261885	0.05033891692797806
10.645874461731216	0.21842794381450337	0.016403196461414755	0.05033891692797806
10.816504702517426	0.2212268304036757	0.016403274566405415	0.05033891692797806
10.987134943303637	0.22402573034199125	0.016403353268604953	0.05033891692797806
11.157765184089849	0.2268246437382126	0.01640343256938446	0.05033891692797806
11.328395424876057	0.22962357070110226	0.01640351247011502	0.05033891692797806
11.499025665662268	0.23242251133942288	0.016403592972167723	0.05033891692797806
11.669655906448478	0.23522146576193692	0.016403674076913656	0.05033891692797806
11.84028614723469	0.23802043407740708	0.016403755785723912	0.05033891692797806
12.0109163880209	0.2408194163945958	0.016403838099969575	0.05033891692797806
12.181546628807109	0.24361841282226568	0.016403921021021735	0.05033891692797806
12.35217686959332	0.24641742346917928	0.01640400455025148	0.05033891692797806
12.522807110379532	0.24921644844409924	0.0164040886890299	0.05033891692797806
12.693437351165741	0.252015487855788	0.01640417343872808	0.05033891692797806
12.864067591951953	0.25481454181300817	0.016404258800717112	0.05033891692797806
13.034697832738164	0.25761361042452235	0.016404344776368082	0.05033891692797806
13.205328073524372	0.26041269379909304	0.01640443136705208	0.05033891692797806
13.375958314310584	0.2632117920454829	0.016404518574140194	0.05033891692797806
13.546588555096793	0.26601090527245436	0.01640460639900351	0.05033891692797806
13.717218795883005	0.2688100335887701	0.016404694843013122	0.05033891692797806
13.887849036669216	0.27160917710319266	0.01640478390754011	0.05033891692797806
14.058479277455424	0.27440833592448455	0.016404873593955573	0.05033891692797806
14.229109518241636	0.2772075101614083	0.01640496390363059	0.05033891692797806
14.399739759027847	0.2800066999227267	0.01640505483793625	0.05033891692797806
14.570369999814057	0.28280590531720207	0.01640514639824365	0.05033891692797806
14.741000240600268	0.28560512645359704	0.01640523858592387	0.05033891692797806
14.91163048138648	0.2884043634406742	0.016405331402348	0.05033891692797806
15.082260722172688	0.29120361638719605	0.016405424848887133	0.05033891692797806
15.2528909629589	0.2940028854019253	0.016405518926912353	0.05033891692797806
15.423521203745109	0.29680217059362435	0.016405613637794747	0.05033891692797806
15.59415144453132	0.2996014720710558	0.016405708982905408	0.05033891692797806
15.764781685317532	0.30240078994298236	0.016405804963615423	0.05033891692797806
15.93541192610374	0.3052001243181664	0.016405901581295877	0.05033891692797806
16.106042166889953	0.30799947530537064	0.016405998837317862	0.05033891692797806
16.27667240767616	0.3107988430133575	0.016406096733052464	0.05033891692797806
16.447302648462372	0.3135982275508896	0.016406195269870777	0.05033891692797806
16.617932889248582	0.3163976290267295	0.01640629444914388	0.05033891692797806
16.78856313003479	0.3191970475496398	0.01640639427224287	0.05033891692797806
16.959193370821005	0.3219964832283831	0.01640649474053883	0.05033891692797806
17.129823611607215	0.32479593617172176	0.016406595855402852	0.05033891692797806
17.300453852393424	0.32759540648841856	0.01640669761820602	0.05033891692797806
17.471084093179634	0.33039489428723606	0.016406800030319427	0.05033891692797806
17.641714333965847	0.33319439967693665	0.01640690309311416	0.05033891692797806
17.812344574752057	0.33599392276628304	0.016407006807961304	0.05033891692797806
17.982974815538267	0.3387934636640378	0.01640711117623195	0.05033891692797806
18.153605056324476	0.3415930224789634	0.016407216199297192	0.05033891692797806
18.324235297110686	0.34439259931982236	0.016407321878528107	0.05033891692797806
18.4948655378969	0.3471921942953774	0.016407428215295793	0.05033891692797806
18.66549577868311	0.3499918075143911	0.016407535210971335	0.05033891692797806
18.83612601946932	0.3527914390856257	0.01640764286692582	0.05033891692797806
19.00675626025553	0.3555910891178442	0.016407751184530337	0.05033891692797806
19.177386501041738	0.3583907577198089	0.016407860165155976	0.05033891692797806
19.34801674182795	0.3611904450002824	0.016407969810173825	0.05033891692797806
19.51864698261416	0.36399015106802735	0.01640808012095497	0.05033891692797806
19.68927722340037	0.36678987603180624	0.0164081910988705	0.05033891692797806
19.859907464186584	0.36958962000038154	0.01640830274529151	0.05033891692797806
20.03053770497279	0.372389383082516	0.016408415061589077	0.05033891692797806
20.201167945759003	0.37518916538697217	0.0164085280491343	0.05033891692797806
20.371798186545213	0.37798896702251245	0.01640864170929826	0.05033891692797806
20.542428427331423	0.3807887880978995	0.016408756043452048	0.05033891692797806
20.713058668117633	0.3835886287218959	0.016408871052966754	0.05033891692797806
20.883688908903842	0.3863884890032643	0.016408986739213465	0.05033891692797806
21.054319149690055	0.3891883690507669	0.016409103103563267	0.05033891692797806
21.224949390476265	0.3919882689731668	0.016409220147387254	0.05033891692797806
21.395579631262475	0.3947881888792261	0.016409337872056506	0.05033891692797806
21.566209872048685	0.3975881288777076	0.016409456278942122	0.05033891692797806
21.736840112834894	0.4003880890773738	0.01640957536941518	0.05033891692797806
21.907470353621104	0.4031880695869873	0.01640969514484678	0.05033891692797806
22.078100594407317	0.40598807051531066	0.016409815606607998	0.05033891692797806
22.248730835193527	0.4087880919711063	0.01640993675606993	0.05033891692797806
22.419361075979737	0.411588134063137	0.01641005859460366	0.05033891692797806
22.58999131676595	0.4143881969001653	0.01641018112358028	0.05033891692797806
22.76062155755216	0.4171882824704004	0.016410304261144436	0.05033891692797806
22.93125179833837	0.4199883952227674	0.016410427809969073	0.05033891692797806
23.101882039124582	0.42278852892517815	0.016410552047512142	0.05033891692797806
23.27251227991079	0.42558868369714464	0.016410676973824773	0.05033891692797806
23.443142520697	0.4283888596581791	0.016410802588958086	0.05033891692797806
23.61377276148321	0.4311890569277936	0.016410928892963195	0.05033891692797806
23.78440300226942	0.43398927562550005	0.016411055885891226	0.05033891692797806
23.95503324305563	0.4367895158708107	0.016411183567793298	0.05033891692797806
24.125663483841844	0.43958977778323777	0.016411311938720533	0.05033891692797806
24.296293724628054	0.4423900614822931	0.01641144099872405	0.05033891692797806
24.466923965414264	0.4451903670874888	0.01641157074785497	0.05033891692797806
24.637554206200477	0.44799069471833725	0.016411701186164415	0.05033891692797806
24.808184446986687	0.45079104449435015	0.016411832313703505	0.05033891692797806
24.978814687772893	0.4535914165350398	0.01641196413052336	0.05033891692797806
25.149444928559102	0.4563918109599183	0.0164120966366751	0.05033891692797806
25.320075169345316	0.4591922278884978	0.016412229832209847	0.05033891692797806
25.490705410131525	0.46199266744029016	0.01641236371717872	0.05033891692797806
25.661335650917735	0.46479312973480763	0.01641249829163284	0.05033891692797806
25.83196589170395	0.46759361489156237	0.01641263355562333	0.05033891692797806
26.002596132490158	0.47039412303006634	0.01641276950920131	0.05033891692797806
26.173226373276368	0.47319465426983165	0.0164129061524179	0.05033891692797806
26.34385661406258	0.47599520873037043	0.01641304348532422	0.05033891692797806
26.51448685484879	0.47879578653119476	0.01641318150797139	0.05033891692797806
26.685117095634997	0.4815963877918167	0.016413320220410532	0.05033891692797806
26.855747336421214	0.4843970126317484	0.016413459622692764	0.05033891692797806
27.02637757720742	0.4871976611705019	0.016413599714869213	0.05033891692797806
27.19700781799363	0.4899983335275893	0.016413740496990993	0.05033891692797806
27.367638058779843	0.49279902982252277	0.01641388196910923	0.05033891692797806
27.538268299566052	0.4955997501748143	0.01641402413127504	0.05033891692797806
27.708898540352262	0.4984004947039759	0.016414166983539542	0.05033891692797806
27.879528781138475	0.50120126352952	0.01641431052595386	0.05033891692797806
28.050159021924685	0.5040020567709582	0.016414454758569123	0.05033891692797806
28.220789262710895	0.506802874547803	0.016414599681436437	0.05033891692797806
28.3914195034971	0.5096037169795663	0.01641474529460693	0.05033891692797806
28.562049744283318	0.5124045841857604	0.016414891598131722	0.05033891692797806
28.732679985069524	0.5152054762858971	0.016415038592061934	0.05033891692797806
28.903310225855734	0.5180063933994885	0.016415186276448685	0.05033891692797806
29.073940466641947	0.520807335646047	0.016415334651343094	0.05033891692797806
29.244570707428156	0.5236083031450844	0.016415483716796287	0.05033891692797806
29.415200948214366	0.526409296016113	0.016415633472859383	0.05033891692797806
29.58583118900058	0.5292103143786447	0.0164157839195835	0.05033891692797806
29.75646142978679	0.5320113583521917	0.01641593505701976	0.05033891692797806
29.927091670573	0.534812428056266	0.016416086885219283	0.05033891692797806
30.097721911359212	0.53761352361038	0.016416239404233195	0.05033891692797806
30.26835215214542	0.5404146451340454	0.016416392614112606	0.05033891692797806
30.438982392931628	0.5432157927467743	0.016416546514908644	0.05033891692797806
30.609612633717838	0.5460169665680791	0.01641670110667243	0.05033891692797806
30.78024287450405	0.5488181667174716	0.016416856389455083	0.05033891692797806
30.95087311529026	0.5516193933144642	0.016417012363307722	0.05033891692797806
31.12150335607647	0.5544206464785686	0.016417169028281473	0.05033891692797806
31.292133596862683	0.5572219263292972	0.016417326384427448	0.05033891692797806
31.462763837648893	0.5600232329861621	0.016417484431796775	0.05033891692797806
31.633394078435103	0.5628245665686751	0.016417643170440574	0.05033891692797806
31.804024319221316	0.5656259271963486	0.01641780260040996	0.05033891692797806
31.974654560007526	0.5684273149886945	0.01641796272175606	0.05033891692797806
32.14528480079373	0.5712287300652249	0.01641812353452999	0.05033891692797806
32.31591504157995	0.5740301725454521	0.016418285038782874	0.05033891692797806
32.48654528236616	0.5768316425488879	0.01641844723456583	0.05033891692797806
32.65717552315237	0.5796331401950445	0.016418610121929984	0.05033891692797806
32.82780576393858	0.582434665603434	0.01641877370092645	0.05033891692797806
32.99843600472479	0.5852362188935687	0.01641893797160635	0.05033891692797806
33.169066245511	0.5880378001849603	0.016419102934020807	0.05033891692797806
33.33969648629721	0.5908394095971212	0.01641926858822094	0.05033891692797806
33.51032672708342	0.5936410472495635	0.016419434934257873	0.05033891692797806
33.680956967869626	0.5964427132617989	0.01641960197218272	0.05033891692797806
33.851587208655836	0.5992444077533399	0.016419769702046606	0.05033891692797806
34.02221744944205	0.6020461308436984	0.016419938123900652	0.05033891692797806
34.19284769022826	0.6048478826523866	0.016420107237795977	0.05033891692797806
34.36347793101447	0.6076496632989166	0.016420277043783703	0.05033891692797806
34.53410817180068	0.6104514729028003	0.01642044754191495	0.05033891692797806
34.70473841258689	0.61325331158355	0.01642061873224084	0.05033891692797806
34.8753686533731	0.6160551794606777	0.01642079061481249	0.05033891692797806
35.04599889415931	0.6188570766536955	0.016420963189681025	0.05033891692797806
35.21662913494552	0.6216590032821154	0.016421136456897564	0.05033891692797806
35.38725937573173	0.6244609594654498	0.016421310416513225	0.05033891692797806
35.55788961651795	0.6272629453232104	0.01642148506857913	0.05033891692797806
35.72851985730416	0.6300649609749095	0.016421660413146404	0.05033891692797806
35.89915009809037	0.6328670065400591	0.016421836450266163	0.05033891692797806
36.069780338876576	0.6356690821381715	0.016422013179989526	0.05033891692797806
36.240410579662786	0.6384711878887586	0.01642219060236762	0.05033891692797806
36.411040820448996	0.6412733239113324	0.01642236871745156	0.05033891692797806
36.581671061235205	0.6440754903254052	0.01642254752529247	0.05033891692797806
36.752301302021415	0.6468776872504891	0.016422727025941466	0.05033891692797806
36.922931542807625	0.649679914806096	0.016422907219449674	0.05033891692797806
37.093561783593834	0.6524821731117381	0.016423088105868216	0.05033891692797806
37.26419202438005	0.6552844622869276	0.016423269685248206	0.05033891692797806
37.43482226516626	0.6580867824511764	0.016423451957640767	0.05033891692797806
37.60545250595247	0.6608891337239966	0.016423634923097022	0.05033891692797806
37.77608274673868	0.6636915162249004	0.01642381858166809	0.05033891692797806
37.94671298752489	0.6664939300733999	0.016424002933405093	0.05033891692797806
38.1173432283111	0.6692963753890071	0.016424187978359147	0.05033891692797806
38.28797346909732	0.6720988522912341	0.016424373716581377	0.05033891692797806
38.45860370988352	0.6749013608995931	0.016424560148122904	0.05033891692797806
38.62923395066973	0.6777039013335961	0.016424747273034848	0.05033891692797806
38.799864191455946	0.6805064737127553	0.016424935091368328	0.05033891692797806
38.970494432242155	0.6833090781565825	0.016425123603174465	0.05033891692797806
39.141124673028365	0.6861117147845901	0.016425312808504382	0.05033891692797806
39.311754913814575	0.6889143837162899	0.016425502707409195	0.05033891692797806
39.482385154600784	0.6917170850711944	0.016425693299940033	0.05033891692797806
39.653015395386994	0.6945198189688154	0.016425884586148007	0.05033891692797806
39.823645636173204	0.6973225855286651	0.01642607656608424	0.05033891692797806
39.99427587695942	0.7001253848702556	0.016426269239799857	0.05033891692797806
40.16490611774562	0.7029282171130987	0.01642646260734598	0.05033891692797806
40.33553635853183	0.7057310823767069	0.016426656668773718	0.05033891692797806
40.50616659931805	0.708533980780592	0.016426851424134203	0.05033891692797806
40.67679684010426	0.7113369124442663	0.016427046873478554	0.05033891692797806
40.84742708089047	0.7141398774872418	0.016427243016857888	0.05033891692797806
41.01805732167668	0.7169428760290306	0.016427439854323326	0.05033891692797806
41.18868756246289	0.7197459081891447	0.01642763738592599	0.05033891692797806
41.3593178032491	0.7225489740870963	0.016427835611717	0.05033891692797806
41.52994804403531	0.7253520738423975	0.01642803453174748	0.05033891692797806
41.700578284821525	0.7281552075745604	0.01642823414606855	0.05033891692797806
41.87120852560773	0.730958375403097	0.016428434454731324	0.05033891692797806
42.04183876639394	0.7337615774475195	0.016428635457786927	0.05033891692797806
42.212469007180154	0.7365648138273397	0.01642883715528648	0.05033891692797806
42.38309924796636	0.7393680846620702	0.016429039547281105	0.05033891692797806
42.55372948875257	0.7421713900712227	0.016429242633821922	0.05033891692797806
42.72435972953878	0.7449747301743095	0.01642944641496005	0.05033891692797806
42.89498997032499	0.7477781050908424	0.01642965089074661	0.05033891692797806
43.0656202111112	0.7505815149403338	0.01642985606123272	0.05033891692797806
43.23625045189742	0.7533849598422957	0.016430061926469505	0.05033891692797806
43.40688069268363	0.75618843991624	0.016430268486508085	0.05033891692797806
43.57751093346983	0.7589919552816791	0.01643047574139958	0.05033891692797806
43.74814117425604	0.761795506058125	0.016430683691195113	0.05033891692797806
43.91877141504225	0.7645990923650896	0.016430892335945798	0.05033891692797806
44.08940165582846	0.7674027143220852	0.01643110167570276	0.05033891692797806
44.26003189661468	0.7702063720486239	0.01643131171051712	0.05033891692797806
44.43066213740089	0.7730100656642176	0.01643152244044	0.05033891692797806
44.6012923781871	0.7758137952883786	0.01643173386552252	0.05033891692797806
44.771922618973306	0.7786175610406187	0.016431945985815797	0.05033891692797806
44.942552859759516	0.7814213630404503	0.016432158801370954	0.05033891692797806
45.11318310054573	0.7842252014073856	0.01643237231223911	0.05033891692797806
45.28381334133194	0.7870290762609362	0.01643258651847139	0.05033891692797806
45.45444358211815	0.7898329877206145	0.016432801420118912	0.05033891692797806
45.62507382290436	0.7926369359059326	0.016433017017232796	0.05033891692797806
45.79570406369057	0.7954409209364026	0.01643323330986416	0.05033891692797806
45.96633430447678	0.7982449429315364	0.01643345029806413	0.05033891692797806
46.13696454526299	0.8010490020108463	0.016433667981883827	0.05033891692797806
46.30759478604921	0.8038530982938444	0.016433886361374366	0.05033891692797806
46.47822502683542	0.8066572319000427	0.016434105436586872	0.05033891692797806
46.64885526762163	0.8094614029489531	0.016434325207572466	0.05033891692797806
46.81948550840783	0.8122656115600879	0.016434545674382264	0.05033891692797806
46.99011574919404	0.8150698578529594	0.01643476683706739	0.05033891692797806
47.16074598998025	0.8178741419470793	0.016434988695678967	0.05033891692797806
47.33137623076647	0.82067846396196	0.01643521125026811	0.05033891692797806
47.502006471552676	0.8234828240171133	0.016435434500885943	0.05033891692797806
47.672636712338885	0.8262872222320514	0.016435658447583587	0.05033891692797806
47.843266953125095	0.8290916587262867	0.016435883090412162	0.05033891692797806
48.013897193911305	0.8318961336193309	0.016436108429422787	0.05033891692797806
48.184527434697515	0.8347006470306961	0.016436334464666587	0.05033891692797806
48.355157675483724	0.8375051990798946	0.016436561196194677	0.05033891692797806
48.52578791626994	0.8403097898864385	0.01643678862405818	0.05033891692797806
48.69641815705615	0.8431144195698397	0.01643701674830822	0.05033891692797806
48.86704839784236	0.8459190882496104	0.016437245568995913	0.05033891692797806
49.03767863862857	0.8487237960452626	0.01643747508617238	0.05033891692797806
49.20830887941478	0.8515285430763085	0.016437705299888746	0.05033891692797806
49.37893912020099	0.8543333294622601	0.016437936210196125	0.05033891692797806
49.549569360987206	0.8571381553226298	0.016438167817145643	0.05033891692797806
49.720199601773416	0.8599430207769293	0.01643840012078842	0.05033891692797806
49.890829842559626	0.8627479259446708	0.016438633121175574	0.05033891692797806
50.061460083345835	0.8655528709453664	0.01643886681835823	0.05033891692797806
50.23209032413204	0.8683578558985281	0.0164391012123875	0.05033891692797806
50.40272056491825	0.8711628809236682	0.016439336303314515	0.05033891692797806
50.57335080570447	0.8739679461402989	0.01643957209119039	0.05033891692797806
50.74398104649068	0.876773051667932	0.016439808576066247	0.05033891692797806
50.914611287276884	0.8795781976260795	0.016440045757993207	0.05033891692797806
51.085241528063094	0.8823833841342538	0.01644028363702239	0.05033891692797806
51.2558717688493	0.8851886113119667	0.016440522213204915	0.05033891692797806
51.42650200963551	0.8879938792787306	0.016440761486591904	0.05033891692797806
51.59713225042172	0.8907991881540573	0.01644100145723448	0.05033891692797806
51.76776249120794	0.8936045380574594	0.016441242125183757	0.05033891692797806
51.93839273199415	0.8964099291084483	0.016441483490490866	0.05033891692797806
52.10902297278036	0.8992153614265366	0.01644172555320692	0.05033891692797806
52.27965321356657	0.902020835131236	0.01644196831338304	0.05033891692797806
52.45028345435278	0.9048263503420588	0.016442211771070348	0.05033891692797806
52.62091369513899	0.9076319071785172	0.016442455926319967	0.05033891692797806
52.791543935925205	0.9104375057601233	0.016442700779183014	0.05033891692797806
52.962174176711414	0.9132431462063888	0.01644294632971061	0.05033891692797806
53.132804417497624	0.9160488286368262	0.016443192577953878	0.05033891692797806
53.303434658283834	0.9188545531709473	0.016443439523963935	0.05033891692797806
53.474064899070044	0.9216603199282645	0.016443687167791907	0.05033891692797806
53.644695139856246	0.9244661290282898	0.016443935509488913	0.05033891692797806
53.81532538064247	0.9272719805905354	0.016444184549106067	0.05033891692797806
53.98595562142868	0.9300778747345129	0.0164444342866945	0.05033891692797806
54.15658586221489	0.9328838115797347	0.016444684722305324	0.05033891692797806
54.32721610300109	0.9356897912457129	0.016444935855989662	0.05033891692797806
54.4978463437873	0.9384958138519597	0.01644518768779864	0.05033891692797806
54.66847658457351	0.9413018795179868	0.016445440217783373	0.05033891692797806
54.83910682535972	0.9441079883633068	0.01644569344599498	0.05033891692797806
55.00973706614594	0.946914140507432	0.016445947372484587	0.05033891692797806
55.18036730693215	0.9497203360698736	0.016446201997303313	0.05033891692797806
55.35099754771836	0.9525265751701442	0.01644645732050228	0.05033891692797806
55.52162778850457	0.9553328579277556	0.0164467133421326	0.05033891692797806
55.69225802929078	0.9581391844622202	0.016446970062245405	0.05033891692797806
55.862888270076986	0.9609455548930501	0.01644722748089181	0.05033891692797806
56.0335185108632	0.9637519693397576	0.016447485598122938	0.05033891692797806
56.20414875164941	0.9665584279218542	0.016447744413989905	0.05033891692797806
56.37477899243562	0.9693649307588523	0.01644800392854384	0.05033891692797806
56.54540923322183	0.9721714779702642	0.016448264141835853	0.05033891692797806
56.71603947400804	0.9749780696756016	0.01644852505391707	0.05033891692797806
56.88666971479425	0.9777847059943767	0.016448786664838615	0.05033891692797806
57.057299955580454	0.9805913870461018	0.016449048974651603	0.05033891692797806
57.22793019636668	0.9833981129502889	0.01644931198340716	0.05033891692797806
57.39856043715289	0.9862048838264499	0.0164495756911564	0.05033891692797806
57.56919067793909	0.9890116997940972	0.01644984009795045	0.05033891692797806
57.7398209187253	0.9918185609727423	0.016450105203840427	0.05033891692797806
57.91045115951151	0.9946254674818982	0.016450371008877453	0.05033891692797806
58.08108140029772	0.9974324194410762	0.016450637513112647	0.05033891692797806
58.251711641083936	1.0002394169697888	0.01645090471659713	0.05033891692797806
58.422341881870146	1.0030464601875482	0.016451172619382025	0.05033891692797806
58.592972122656356	1.0058535492138658	0.01645144122151845	0.05033891692797806
58.763602363442565	1.0086606841682546	0.01645171052305753	0.05033891692797806
58.934232604228775	1.0114678651702258	0.016451980524050377	0.05033891692797806
59.104862845014985	1.0142750923392925	0.01645225122454812	0.05033891692797806
59.275493085801195	1.017082365794966	0.016452522624601878	0.05033891692797806
59.44612332658741	1.0198896856567587	0.01645279472426277	0.05033891692797806
59.61675356737362	1.0226970520441825	0.016453067523581916	0.05033891692797806
59.78738380815983	1.0255044650767495	0.016453341022610438	0.05033891692797806
59.95801404894604	1.028311924873972	0.016453615221399456	0.05033891692797806
60.12864428973225	1.0311194315553622	0.01645389012000009	0.05033891692797806
60.29927453051846	1.0339269852404318	0.016454165718463462	0.05033891692797806
60.46990477130468	1.0367345860486934	0.01645444201684069	0.05033891692797806
60.640535012090886	1.0395422340996583	0.0164547190151829	0.05033891692797806
60.811165252877096	1.0423499295128393	0.01645499671354121	0.05033891692797806
60.9817954936633	1.045157672407748	0.016455275111966736	0.05033891692797806
61.15242573444951	1.0479654629038972	0.016455554210510606	0.05033891692797806
61.32305597523572	1.0507733011207983	0.016455834009223937	0.05033891692797806
61.49368621602194	1.0535811871779637	0.016456114508157847	0.05033891692797806
61.664316456808145	1.0563891211949052	0.01645639570736346	0.05033891692797806
61.834946697594354	1.0591971032911354	0.0164566776068919	0.05033891692797806
62.005576938380564	1.062005133586166	0.016456960206794283	0.05033891692797806
62.176207179166774	1.064813212199509	0.01645724350712173	0.05033891692797806
62.34683741995298	1.0676213392506768	0.01645752750792536	0.05033891692797806
62.51746766073919	1.0704295148591814	0.0164578122092563	0.05033891692797806
62.68809790152541	1.073237739144535	0.01645809761116566	0.05033891692797806
62.85872814231162	1.0760460122262494	0.016458383713704575	0.05033891692797806
63.02935838309783	1.0788543342238368	0.01645867051692415	0.05033891692797806
63.19998862388404	1.0816627052568095	0.01645895802087552	0.05033891692797806
63.37061886467025	1.0844711254446793	0.016459246225609795	0.05033891692797806
63.54124910545646	1.0872795949069582	0.0164595351311781	0.05033891692797806
63.711879346242675	1.090088113763159	0.016459824737631558	0.05033891692797806
63.882509587028885	1.092896682132793	0.016460115045021283	0.05033891692797806
64.05313982781509	1.0957053001353727	0.0164604060533984	0.05033891692797806
64.2237700686013	1.09851396789041	0.01646069776281403	0.05033891692797806
64.3944003093875	1.101322685517417	0.016460990173319295	0.05033891692797806
64.56503055017372	1.104131453135906	0.016461283284965312	0.05033891692797806
64.73566079095994	1.1069402708653893	0.016461577097803205	0.05033891692797806
64.90629103174615	1.1097491388253782	0.016461871611884088	0.05033891692797806
65.07692127253236	1.1125580571353852	0.016462166827259088	0.05033891692797806
65.24755151331857	1.1153670259149224	0.016462462743979327	0.05033891692797806
65.41818175410478	1.1181760452835023	0.01646275936209592	0.05033891692797806
65.58881199489099	1.1209851153606363	0.016463056681659993	0.05033891692797806
65.75944223567718	1.1237942362658369	0.01646335470272266	0.05033891692797806
65.93007247646341	1.126603408118616	0.016463653425335047	0.05033891692797806
66.10070271724962	1.129412631038486	0.016463952849548272	0.05033891692797806
66.27133295803583	1.1322219051449587	0.01646425297541346	0.05033891692797806
66.44196319882204	1.1350312305575463	0.016464553802981726	0.05033891692797806
66.61259343960825	1.1378406073957605	0.016464855332304195	0.05033891692797806
66.78322368039446	1.1406500357791143	0.016465157563431986	0.05033891692797806
66.95385392118067	1.143459515827119	0.01646546049641622	0.05033891692797806
67.12448416196688	1.1462690476592867	0.016465764131308014	0.05033891692797806
67.29511440275309	1.1490786313951302	0.01646606846815849	0.05033891692797806
67.4657446435393	1.1518882671541608	0.016466373507018774	0.05033891692797806
67.6363748843255	1.1546979550558911	0.016466679247939982	0.05033891692797806
67.80700512511171	1.1575076952198327	0.016466985690973237	0.05033891692797806
67.97763536589792	1.1603174877654983	0.016467292836169656	0.05033891692797806
68.14826560668415	1.1631273328123997	0.016467600683580365	0.05033891692797806
68.31889584747036	1.1659372304800486	0.01646790923325648	0.05033891692797806
68.48952608825657	1.168747180887958	0.016468218485249122	0.05033891692797806
68.66015632904278	1.1715571841556387	0.016468528439609414	0.05033891692797806
68.83078656982899	1.174367240402604	0.016468839096388473	0.05033891692797806
69.0014168106152	1.1771773497483655	0.016469150455637425	0.05033891692797806
69.1720470514014	1.1799875123124355	0.016469462517407385	0.05033891692797806
69.34267729218762	1.1827977282143258	0.01646977528174948	0.05033891692797806
69.51330753297383	1.1856079975735483	0.016470088748714824	0.05033891692797806
69.68393777376004	1.188418320509616	0.01647040291835454	0.05033891692797806
69.85456801454625	1.1912286971420398	0.016470717790719753	0.05033891692797806
70.02519825533246	1.1940391275903328	0.016471033365861577	0.05033891692797806
70.19582849611866	1.1968496119740064	0.016471349643831137	0.05033891692797806
70.36645873690487	1.1996601504125732	0.01647166662467955	0.05033891692797806
70.53708897769108	1.202470743025545	0.016471984308457942	0.05033891692797806
70.7077192184773	1.2052813899324337	0.01647230269521743	0.05033891692797806
70.8783494592635	1.208092091252752	0.01647262178500913	0.05033891692797806
71.04897970004971	1.210902847106011	0.016472941577884172	0.05033891692797806
71.21960994083592	1.2137136576117242	0.016473262073893675	0.05033891692797806
71.39024018162215	1.2165245228894028	0.016473583273088753	0.05033891692797806
71.56087042240836	1.2193354430585586	0.016473905175520533	0.05033891692797806
71.73150066319457	1.2221464182387045	0.01647422778124013	0.05033891692797806
71.90213090398078	1.2249574485493515	0.01647455109029867	0.05033891692797806
72.07276114476699	1.227768534110013	0.016474875102747272	0.05033891692797806
72.2433913855532	1.2305796750402003	0.016475199818637053	0.05033891692797806
72.4140216263394	1.2333908714594257	0.01647552523801914	0.05033891692797806
72.58465186712561	1.2362021234872014	0.016475851360944652	0.05033891692797806
72.75528210791182	1.239013431243039	0.016476178187464705	0.05033891692797806
72.92591234869803	1.2418247948464514	0.016476505717630423	0.05033891692797806
73.09654258948424	1.2446362144169496	0.01647683395149293	0.05033891692797806
73.26717283027045	1.2474476900740468	0.01647716288910334	0.05033891692797806
73.43780307105666	1.2502592219372541	0.016477492530512776	0.05033891692797806
73.60843331184289	1.2530708101260848	0.01647782287577236	0.05033891692797806
73.77906355262908	1.25588245476005	0.016478153924933212	0.05033891692797806
73.94969379341529	1.2586941559586617	0.016478485678046453	0.05033891692797806
74.1203240342015	1.2615059138414328	0.016478818135163203	0.05033891692797806
74.29095427498771	1.2643177285278746	0.016479151296334583	0.05033891692797806
74.46158451577392	1.2671296001374999	0.016479485161611712	0.05033891692797806
74.63221475656015	1.2699415287898204	0.016479819731045717	0.05033891692797806
74.80284499734636	1.2727535146043483	0.01648015500468771	0.05033891692797806
74.97347523813256	1.2755655577005955	0.016480490982588816	0.05033891692797806
75.14410547891877	1.2783776581980741	0.016480827664800152	0.05033891692797806
75.31473571970498	1.2811898162162965	0.016481165051372846	0.05033891692797806
75.4853659604912	1.2840020318747742	0.016481503142358012	0.05033891692797806
75.6559962012774	1.2868143052930203	0.016481841937806774	0.05033891692797806
75.82662644206361	1.289626636590546	0.016482181437770253	0.05033891692797806
75.99725668284982	1.2924390258868634	0.016482521642299568	0.05033891692797806
76.16788692363603	1.2952514733014853	0.016482862551445838	0.05033891692797806
76.33851716442224	1.298063978953923	0.016483204165260185	0.05033891692797806
76.50914740520845	1.3008765429636893	0.016483546483793732	0.05033891692797806
76.67977764599466	1.3036891654502956	0.016483889507097598	0.05033891692797806
76.85040788678089	1.3065018465332547	0.0164842332352229	0.05033891692797806
77.0210381275671	1.309314586332078	0.016484577668220767	0.05033891692797806
77.19166836835329	1.312127384966278	0.01648492280614231	0.05033891692797806
77.3622986091395	1.314940242555367	0.01648526864903866	0.05033891692797806
77.53292884992571	1.317753159218856	0.01648561519696093	0.05033891692797806
77.70355909071192	1.3205661350762585	0.01648596244996024	0.05033891692797806
77.87418933149814	1.3233791702470863	0.016486310408087713	0.05033891692797806
78.04481957228435	1.3261922648508504	0.016486659071394474	0.05033891692797806
78.21544981307056	1.3290054190070641	0.016487008439931637	0.05033891692797806
78.38608005385677	1.3318186328352388	0.016487358513750324	0.05033891692797806
78.55671029464298	1.334631906454887	0.01648770929290166	0.05033891692797806
78.72734053542919	1.3374452399855206	0.01648806077743676	0.05033891692797806
78.8979707762154	1.3402586335466518	0.01648841296740675	0.05033891692797806
79.06860101700161	1.3430720872577926	0.016488765862862746	0.05033891692797806
79.23923125778782	1.345885601238455	0.01648911946385587	0.05033891692797806
79.40986149857403	1.3486991756081512	0.016489473770437243	0.05033891692797806
79.58049173936024	1.3515128104863932	0.016489828782657985	0.05033891692797806
79.75112198014645	1.3543265059926934	0.01649018450056922	0.05033891692797806
79.92175222093266	1.3571402622465634	0.016490540924222065	0.05033891692797806
80.09238246171888	1.359954079367516	0.01649089805366764	0.05033891692797806
80.2630127025051	1.3627679574750626	0.016491255888957067	0.05033891692797806
80.43364294329129	1.3655818966887154	0.01649161443014147	0.05033891692797806
80.6042731840775	1.3683958971279868	0.016491973677271964	0.05033891692797806
80.77490342486371	1.3712099589123887	0.01649233363039967	0.05033891692797806
80.94553366564992	1.3740240821614331	0.016492694289575716	0.05033891692797806
81.11616390643613	1.3768382669946322	0.016493055654851214	0.05033891692797806
81.28679414722235	1.3796525135314983	0.016493417726277288	0.05033891692797806
81.45742438800856	1.3824668218915432	0.01649378050390506	0.05033891692797806
81.62805462879477	1.385281192194279	0.016494143987785648	0.05033891692797806
81.79868486958098	1.388095624559218	0.016494508177970175	0.05033891692797806
81.96931511036719	1.3909101191058721	0.016494873074509763	0.05033891692797806
82.1399453511534	1.3937246759537534	0.016495238677455525	0.05033891692797806
82.31057559193961	1.3965392952223743	0.016495604986858592	0.05033891692797806
82.48120583272582	1.3993539770312462	0.016495972002770077	0.05033891692797806
82.65183607351203	1.4021687214998821	0.016496339725241102	0.05033891692797806
82.82246631429824	1.4049835287477932	0.01649670815432279	0.05033891692797806
82.99309655508445	1.4077983988944922	0.01649707729006626	0.05033891692797806
83.16372679587066	1.410613332059491	0.016497447132522637	0.05033891692797806
83.33435703665688	1.4134283283623017	0.016497817681743035	0.05033891692797806
83.50498727744309	1.4162433879224365	0.016498188937778574	0.05033891692797806
83.6756175182293	1.419058510859407	0.016498560900680383	0.05033891692797806
83.8462477590155	1.421873697292726	0.016498933570499575	0.05033891692797806
84.01687799980171	1.424688947341905	0.016499306947287275	0.05033891692797806
84.18750824058792	1.4275042611264568	0.0164996810310946	0.05033891692797806
84.35813848137413	1.4303196387658925	0.016500055821972674	0.05033891692797806
84.52876872216035	1.433135080379725	0.016500431319972614	0.05033891692797806
84.69939896294656	1.4359505860874662	0.016500807525145544	0.05033891692797806
84.87002920373277	1.4387661560086278	0.016501184437542584	0.05033891692797806
85.04065944451898	1.4415817902627224	0.016501562057214855	0.05033891692797806
85.21128968530519	1.4443974889692621	0.016501940384213477	0.05033891692797806
85.3819199260914	1.4472132522477585	0.016502319418589567	0.05033891692797806
85.55255016687761	1.450029080217724	0.016502699160394253	0.05033891692797806
85.72318040766382	1.4528449729986705	0.016503079609678648	0.05033891692797806
85.89381064845003	1.4556609307101107	0.01650346076649388	0.05033891692797806
86.06444088923624	1.458476953471556	0.016503842630891063	0.05033891692797806
86.23507113002245	1.461293041402519	0.016504225202921323	0.05033891692797806
86.40570137080864	1.4641091946225109	0.016504608482635776	0.05033891692797806
86.57633161159487	1.466925413251045	0.016504992470085546	0.05033891692797806
86.74696185238109	1.4697416974076327	0.016505377165321754	0.05033891692797806
86.91759209316729	1.472558047211786	0.01650576256839552	0.05033891692797806
87.08822233395351	1.4753744627830174	0.016506148679357957	0.05033891692797806
87.2588525747397	1.4781909442408387	0.0165065354982602	0.05033891692797806
87.42948281552592	1.4810074917047622	0.01650692302515336	0.05033891692797806
87.60011305631213	1.4838241052942995	0.016507311260088555	0.05033891692797806
87.77074329709833	1.4866407851289636	0.016507700203116916	0.05033891692797806
87.94137353788456	1.4894575313282656	0.016508089854289556	0.05033891692797806
88.11200377867075	1.492274344011718	0.016508480213657598	0.05033891692797806
88.28263401945698	1.4950912423496345	0.01650887140016649	0.05033891692797806
88.45326426024317	1.4979082112788271	0.01650926331839014	0.05033891692797806
88.6238945010294	1.500725246721833	0.01650965594210621	0.05033891692797806
88.7945247418156	1.503542348802457	0.01651004927138291	0.05033891692797806
88.96515498260182	1.5063595176445057	0.01651044330628846	0.05033891692797806
89.13578522338801	1.5091767533717837	0.01651083804689106	0.05033891692797806
89.30641546417424	1.5119940561080978	0.016511233493258927	0.05033891692797806
89.47704570496045	1.5148114259772527	0.01651162964546027	0.05033891692797806
89.64767594574664	1.5176288631030543	0.016512026503563298	0.05033891692797806
89.81830618653287	1.5204463676093087	0.01651242406763622	0.05033891692797806
89.98893642731906	1.5232639396198207	0.016512822337747254	0.05033891692797806
90.15956666810528	1.5260815792583966	0.016513221313964606	0.05033891692797806
90.33019690889148	1.5288992866488418	0.016513620996356483	0.05033891692797806
90.5008271496777	1.531717061914962	0.016514021384991105	0.05033891692797806
90.67145739046391	1.5345349051805632	0.016514422479936675	0.05033891692797806
90.84208763125012	1.53735281656945	0.016514824281261407	0.05033891692797806
91.01271787203633	1.5401707962054294	0.01651522678903351	0.05033891692797806
91.18334811282254	1.5429888442123059	0.016515630003321194	0.05033891692797806
91.35397835360875	1.5458069607138858	0.016516033924192673	0.05033891692797806
91.52460859439498	1.5486251458339746	0.016516438551716157	0.05033891692797806
91.69523883518117	1.5514433996963777	0.016516843885959857	0.05033891692797806
91.8658690759674	1.5542617224249011	0.01651724992699198	0.05033891692797806
92.03649931675359	1.5570801141433501	0.01651765667488074	0.05033891692797806
92.20712955753982	1.5598985749755307	0.016518064129694345	0.05033891692797806
92.37775979832601	1.5627171050452482	0.016518472291501007	0.05033891692797806
92.54839003911223	1.5655357044763087	0.01651888116036894	0.05033891692797806
92.71902027989844	1.5683543733925176	0.016519290736366352	0.05033891692797806
92.88965052068464	1.5711731119176802	0.01651970101956145	0.05033891692797806
93.06028076147086	1.5739919201756025	0.01652011201002245	0.05033891692797806
93.23091100225706	1.5768107982900899	0.016520523707817564	0.05033891692797806
93.40154124304328	1.5796297463849487	0.016520936113014997	0.05033891692797806
93.57217148382948	1.5824487645839835	0.016521349225682963	0.05033891692797806
93.7428017246157	1.585267853011001	0.01652176304588967	0.05033891692797806
93.91343196540193	1.5880870117898063	0.016522177573703334	0.05033891692797806
94.08406220618812	1.5909062410442047	0.01652259280919216	0.05033891692797806
94.25469244697433	1.5937255408980027	0.01652300875242436	0.05033891692797806
94.42532268776054	1.5965449114750052	0.01652342540346815	0.05033891692797806
94.59595292854675	1.5993643528990182	0.016523842762391733	0.05033891692797806
94.76658316933296	1.6021838652938472	0.016524260829263327	0.05033891692797806
94.93721341011917	1.6050034487832983	0.016524679604151136	0.05033891692797806
95.1078436509054	1.6078231034911765	0.016525099087123372	0.05033891692797806
95.27847389169159	1.6106428295412876	0.016525519278248253	0.05033891692797806
95.44910413247781	1.6134626270574375	0.01652594017759398	0.05033891692797806
95.61973437326401	1.6162824961634314	0.016526361785228767	0.05033891692797806
95.79036461405023	1.6191024369830755	0.01652678410122083	0.05033891692797806
95.96099485483644	1.6219224496401754	0.01652720712563837	0.05033891692797806
96.13162509562265	1.624742534258536	0.016527630858549604	0.05033891692797806
96.30225533640886	1.6275626909619638	0.016528055300022743	0.05033891692797806
96.47288557719506	1.6303829198742636	0.016528480450125997	0.05033891692797806
96.64351581798128	1.6332032211192422	0.016528906308927574	0.05033891692797806
96.81414605876748	1.6360235948207043	0.01652933287649569	0.05033891692797806
96.9847762995537	1.6388440411024559	0.01652976015289855	0.05033891692797806
97.15540654033992	1.6416645600883026	0.016530188138204366	0.05033891692797806
97.32603678112612	1.6444851519020498	0.01653061683248135	0.05033891692797806
97.49666702191233	1.6473058166675036	0.016531046235797712	0.05033891692797806
97.66729726269854	1.6501265545084691	0.016531476348221667	0.05033891692797806
97.83792750348475	1.6529473655487528	0.016531907169821416	0.05033891692797806
98.00855774427096	1.655768249912159	0.01653233870066518	0.05033891692797806
98.17918798505717	1.6585892077224949	0.016532770940821163	0.05033891692797806
98.34981822584339	1.6614102391035652	0.01653320389035758	0.05033891692797806
98.52044846662959	1.6642313441791754	0.016533637549342638	0.05033891692797806
98.69107870741581	1.667052523073132	0.01653407191784455	0.05033891692797806
98.86170894820201	1.6698737759092395	0.016534506995931526	0.05033891692797806
99.03233918898823	1.6726951028113044	0.016534942783671777	0.05033891692797806
99.20296942977444	1.6755165039031323	0.01653537928113351	0.05033891692797806
99.37359967056065	1.6783379793085285	0.016535816488384945	0.05033891692797806
99.54422991134686	1.6811595291512986	0.016536254405494284	0.05033891692797806
99.71486015213306	1.6839811535552485	0.01653669303252974	0.05033891692797806
99.88549039291928	1.686802852644184	0.016537132369559525	0.05033891692797806
100.05612063370548	1.6896246265419101	0.01653757241665185	0.05033891692797806
100.2267508744917	1.6924464753722332	0.016538013173874922	0.05033891692797806
100.39738111527792	1.6952683992589586	0.016538454641296958	0.05033891692797806
100.56801135606412	1.6980903983258917	0.01653889681898616	0.05033891692797806
100.73864159685033	1.7009124726968388	0.01653933970701075	0.05033891692797806
100.90927183763654	1.7037346224956045	0.016539783305438926	0.05033891692797806
101.07990207842275	1.7065568478459956	0.01654022761433891	0.05033891692797806
101.25053231920896	1.7093791488718169	0.016540672633778907	0.05033891692797806
101.42116255999517	1.7122015256968743	0.016541118363827125	0.05033891692797806
101.59179280078139	1.715023978444974	0.01654156480455178	0.05033891692797806
101.76242304156759	1.7178465072399205	0.016542011956021084	0.05033891692797806
101.93305328235381	1.7206691122055207	0.016542459818303244	0.05033891692797806
102.10368352314	1.7234917934655791	0.01654290839146647	0.05033891692797806
102.27431376392623	1.7263145511439022	0.016543357675578973	0.05033891692797806
102.44494400471244	1.7291373853642953	0.016543807670708965	0.05033891692797806
102.61557424549865	1.7319602962505638	0.016544258376924657	0.05033891692797806
102.78620448628486	1.7347832839265138	0.016544709794294257	0.05033891692797806
102.95683472707107	1.7376063485159505	0.016545161922885982	0.05033891692797806
103.12746496785728	1.7404294901426802	0.016545614762768036	0.05033891692797806
103.29809520864347	1.7432527089305077	0.016546068314008632	0.05033891692797806
103.4687254494297	1.7460760050032396	0.016546522576675982	0.05033891692797806
103.63935569021592	1.7488993784846807	0.016546977550838293	0.05033891692797806
103.80998593100212	1.751722829498637	0.016547433236563783	0.05033891692797806
103.98061617178834	1.754546358168914	0.016547889633920655	0.05033891692797806
104.15124641257454	1.7573699646193175	0.016548346742977123	0.05033891692797806
104.32187665336075	1.7601936489736532	0.016548804563801398	0.05033891692797806
104.49250689414696	1.7630174113557262	0.016549263096461687	0.05033891692797806
104.66313713493317	1.7658412518893432	0.016549722341026207	0.05033891692797806
104.83376737571939	1.768665170698309	0.016550182297563165	0.05033891692797806
105.00439761650559	1.7714891679064293	0.016550642966140772	0.05033891692797806
105.17502785729181	1.77431324363751	0.01655110434682724	0.05033891692797806
105.345658098078	1.7771373980153564	0.016551566439690777	0.05033891692797806
105.51628833886423	1.779961631163775	0.016552029244799597	0.05033891692797806
105.68691857965044	1.7827859432065705	0.01655249276222191	0.05033891692797806
105.85754882043665	1.7856103342675487	0.016552956992025924	0.05033891692797806
106.02817906122286	1.7884348044705156	0.01655342193427985	0.05033891692797806
106.19880930200907	1.7912593539392765	0.0165538875890519	0.05033891692797806
106.36943954279528	1.7940839827976376	0.01655435395641029	0.05033891692797806
106.54006978358147	1.7969086911694037	0.01655482103642322	0.05033891692797806
106.7107000243677	1.7997334791783812	0.016555288829158906	0.05033891692797806
106.88133026515392	1.8025583469483755	0.01655575733468556	0.05033891692797806
107.05196050594012	1.8053832946031918	0.016556226553071395	0.05033891692797806
107.22259074672634	1.8082083222666363	0.016556696484384615	0.05033891692797806
107.39322098751254	1.8110334300625144	0.016557167128693435	0.05033891692797806
107.56385122829874	1.8138586181146321	0.016557638486066065	0.05033891692797806
107.73448146908495	1.8166838865467945	0.016558110556570714	0.05033891692797806
107.90511170987116	1.8195092354828075	0.016558583340275594	0.05033891692797806
108.07574195065739	1.822334665046477	0.01655905683724892	0.05033891692797806
108.24637219144358	1.8251601753616078	0.016559531047558893	0.05033891692797806
108.41700243222981	1.8279857665520067	0.01656000597127373	0.05033891692797806
108.587632673016	1.8308114387414784	0.016560481608461644	0.05033891692797806
108.75826291380223	1.8336371920538292	0.016560957959190842	0.05033891692797806
108.92889315458842	1.836463026612864	0.016561435023529532	0.05033891692797806
109.09952339537465	1.8392889425423895	0.016561912801545932	0.05033891692797806
109.27015363616086	1.8421149399662107	0.016562391293308245	0.05033891692797806
109.44078387694707	1.8449410190081328	0.016562870498884687	0.05033891692797806
109.61141411773328	1.8477671797919624	0.01656335041834347	0.05033891692797806
109.78204435851947	1.8505934224415042	0.016563831051752798	0.05033891692797806
109.9526745993057	1.8534197470805647	0.016564312399180887	0.05033891692797806
110.12330484009192	1.856246153832949	0.016564794460695947	0.05033891692797806
110.29393508087811	1.8590726428224627	0.016565277236366187	0.05033891692797806
110.46456532166434	1.861899214172912	0.01656576072625982	0.05033891692797806
110.63519556245053	1.864725868008102	0.01656624493044505	0.05033891692797806
110.80582580323676	1.8675526044518387	0.0165667298489901	0.05033891692797806
110.97645604402295	1.8703794236279272	0.016567215481963167	0.05033891692797806
111.14708628480916	1.8732063256601739	0.016567701829432475	0.05033891692797806
111.31771652559539	1.876033310672384	0.016568188891466225	0.05033891692797806
111.48834676638158	1.8788603787883629	0.01656867666813263	0.05033891692797806
111.6589770071678	1.881687530131917	0.0165691651594999	0.05033891692797806
111.829607247954	1.884514764826851	0.01656965436563625	0.05033891692797806
112.00023748874023	1.8873420829969714	0.016570144286609887	0.05033891692797806
112.17086772952642	1.8901694847660833	0.016570634922489023	0.05033891692797806
112.34149797031264	1.8929969702579927	0.01657112627334187	0.05033891692797806
112.51212821109885	1.895824539596505	0.016571618339236635	0.05033891692797806
112.68275845188506	1.8986521929054256	0.01657211112024153	0.05033891692797806
112.85338869267127	1.901479930308561	0.016572604616424767	0.05033891692797806
113.02401893345748	1.9043077519297158	0.016573098827854557	0.05033891692797806
113.1946491742437	1.9071356578926963	0.016573593754599106	0.05033891692797806
113.36527941502992	1.9099636483213083	0.016574089396726634	0.05033891692797806
113.53590965581611	1.9127917233393565	0.016574585754305343	0.05033891692797806
113.70653989660234	1.9156198830706477	0.016575082827403446	0.05033891692797806
113.87717013738853	1.9184481276389864	0.01657558061608916	0.05033891692797806
114.04780037817476	1.9212764571681795	0.016576079120430683	0.05033891692797806
114.21843061896095	1.9241048717820315	0.016576578340496237	0.05033891692797806
114.38906085974716	1.9269333716043489	0.01657707827635403	0.05033891692797806
114.55969110053339	1.929761956758937	0.016577578928072267	0.05033891692797806
114.73032134131958	1.932590627369601	0.016578080295719166	0.05033891692797806
114.9009515821058	1.9354193835601472	0.016578582379362935	0.05033891692797806
115.071581822892	1.9382482254543811	0.016579085179071782	0.05033891692797806
115.24221206367822	1.9410771531761082	0.01657958869491392	0.05033891692797806
115.41284230446442	1.943906166849134	0.016580092926957564	0.05033891692797806
115.58347254525064	1.9467352665972646	0.016580597875270917	0.05033891692797806
115.75410278603685	1.9495644525443054	0.016581103539922197	0.05033891692797806
115.92473302682306	1.952393724814062	0.01658160992097961	0.05033891692797806
116.09536326760927	1.95522308353034	0.016582117018511363	0.05033891692797806
116.26599350839548	1.9580525288169448	0.016582624832585675	0.05033891692797806
116.43662374918169	1.9608820607976827	0.016583133363270754	0.05033891692797806
116.60725398996789	1.9637116795963587	0.016583642610634806	0.05033891692797806
116.77788423075411	1.9665413853367792	0.01658415257474605	0.05033891692797806
116.94851447154034	1.9693711781427492	0.016584663255672687	0.05033891692797806
117.11914471232653	1.9722010581380744	0.01658517465348294	0.05033891692797806
117.28977495311275	1.9750310254465608	0.016585686768245005	0.05033891692797806
117.46040519389895	1.9778610801920136	0.016586199600027104	0.05033891692797806
117.63103543468517	1.9806912224982387	0.016586713148897446	0.05033891692797806
117.80166567547138	1.9835214524890419	0.016587227414924237	0.05033891692797806
117.97229591625758	1.9863517702882283	0.01658774239817569	0.05033891692797806
118.1429261570438	1.9891821760196042	0.016588258098720016	0.05033891692797806
118.31355639783	1.9920126698069747	0.016588774516625427	0.05033891692797806
118.48418663861622	1.994843251774146	0.01658929165196013	0.05033891692797806
118.65481687940242	1.997673922044923	0.01658980950479234	0.05033891692797806
118.82544712018864	2.000504680743112	0.01659032807519027	0.05033891692797806
118.99607736097485	2.003335527992518	0.01659084736322212	0.05033891692797806
119.16670760176106	2.0061664639169474	0.016591367368956108	0.05033891692797806
119.33733784254727	2.0089974886402056	0.016591888092460448	0.05033891692797806
119.50796808333348	2.011828602286098	0.016592409533803344	0.05033891692797806
119.67859832411969	2.0146598049784306	0.01659293169305301	0.05033891692797806
119.8492285649059	2.0174910968410082	0.016593454570277655	0.05033891692797806
120.01985880569211	2.0203224779976376	0.016593978165545493	0.05033891692797806
120.19048904647833	2.0231539485721237	0.01659450247892473	0.05033891692797806
120.36111928726453	2.0259855086882723	0.01659502751048358	0.05033891692797806
120.53174952805075	2.0288171584698893	0.016595553260290254	0.05033891692797806
120.70237976883695	2.0316488980407796	0.016596079728412958	0.05033891692797806
120.87301000962317	2.03448072752475	0.01659660691491991	0.05033891692797806
121.04364025040938	2.0373126470456056	0.016597134819879313	0.05033891692797806
121.21427049119558	2.0401446567271515	0.016597663443359386	0.05033891692797806
121.3849007319818	2.042976756693194	0.016598192785428335	0.05033891692797806
121.555530972768	2.0458089470675382	0.01659872284615437	0.05033891692797806
121.72616121355422	2.0486412279739907	0.0165992536256057	0.05033891692797806
121.89679145434042	2.051473599536356	0.01659978512385054	0.05033891692797806
122.06742169512664	2.0543060618784406	0.016600317340957103	0.05033891692797806
122.23805193591285	2.05713861512405	0.01660085027699359	0.05033891692797806
122.40868217669906	2.059971259396989	0.016601383932028223	0.05033891692797806
122.57931241748527	2.0628039948210644	0.016601918306129202	0.05033891692797806
122.74994265827148	2.0656368215200813	0.016602453399364746	0.05033891692797806
122.92057289905769	2.0684697396178455	0.016602989211803063	0.05033891692797806
123.0912031398439	2.0713027492381624	0.01660352574351236	0.05033891692797806
123.26183338063011	2.0741358505048377	0.016604062994560857	0.05033891692797806
123.43246362141633	2.0769690435416774	0.016604600965016755	0.05033891692797806
123.60309386220253	2.0798023284724865	0.016605139654948267	0.05033891692797806
123.77372410298875	2.082635705421071	0.016605679064423607	0.05033891692797806
123.94435434377495	2.085469174511237	0.016606219193510983	0.05033891692797806
124.11498458456117	2.0883027358667894	0.016606760042278606	0.05033891692797806
124.28561482534738	2.0911363896115343	0.01660730161079469	0.05033891692797806
124.45624506613358	2.093970135869277	0.01660784389912744	0.05033891692797806
124.6268753069198	2.096803974763823	0.01660838690734507	0.05033891692797806
124.797505547706	2.0996379064189785	0.016608930635515794	0.05033891692797806
124.96813578849222	2.1024719309585493	0.016609475083707814	0.05033891692797806
125.13876602927841	2.1053060485063404	0.01661002025198935	0.05033891692797806
125.30939627006464	2.1081402591861576	0.016610566140428606	0.05033891692797806
125.48002651085086	2.1109745631218066	0.016611112749093795	0.05033891692797806
125.65065675163706	2.113808960437093	0.016611660078053127	0.05033891692797806
125.82128699242327	2.116643451255823	0.016612208127374815	0.05033891692797806
125.99191723320948	2.1194780357018015	0.01661275689712707	0.05033891692797806
126.16254747399569	2.1223127138988347	0.016613306387378096	0.05033891692797806
126.3331777147819	2.1251474859707273	0.016613856598196114	0.05033891692797806
126.5038079555681	2.127982352041286	0.016614407529649326	0.05033891692797806
126.67443819635433	2.1308173122343166	0.016614959181805947	0.05033891692797806
126.84506843714053	2.1336523666736236	0.016615511554734185	0.05033891692797806
127.01569867792675	2.136487515483013	0.016616064648502255	0.05033891692797806
127.18632891871295	2.1393227587862906	0.016616618463178363	0.05033891692797806
127.35695915949917	2.142158096707263	0.016617172998830726	0.05033891692797806
127.52758940028538	2.144993529369734	0.016617728255527545	0.05033891692797806
127.69821964107159	2.1478290568975105	0.016618284233337038	0.05033891692797806
127.8688498818578	2.150664679414398	0.016618840932327416	0.05033891692797806
128.039480122644	2.153500397044202	0.016619398352566886	0.05033891692797806
128.21011036343023	2.1563362099107284	0.01661995649412366	0.05033891692797806
128.3807406042164	2.159172118137782	0.01662051535706595	0.05033891692797806
128.55137084500262	2.162008121849169	0.016621074941461964	0.05033891692797806
128.72200108578886	2.1648442211686953	0.016621635247379918	0.05033891692797806
128.89263132657504	2.1676804162201666	0.016622196274888014	0.05033891692797806
129.06326156736128	2.170516707127388	0.01662275802405447	0.05033891692797806
129.23389180814746	2.173353094014165	0.016623320494947497	0.05033891692797806
129.4045220489337	2.1761895770043043	0.016623883687635302	0.05033891692797806
129.57515228971988	2.17902615622161	0.016624447602186093	0.05033891692797806
129.74578253050612	2.1818628317898896	0.01662501223866809	0.05033891692797806
129.91641277129233	2.1846996038329474	0.016625577597149496	0.05033891692797806
130.08704301207854	2.1875364724745894	0.016626143677698522	0.05033891692797806
130.25767325286475	2.1903734378386215	0.016626710480383385	0.05033891692797806
130.42830349365096	2.193210500048848	0.01662727800527229	0.05033891692797806
130.59893373443717	2.1960476592290767	0.016627846252433447	0.05033891692797806
130.76956397522335	2.198884915503112	0.016628415221935068	0.05033891692797806
130.9401942160096	2.2017222689947595	0.016628984913845367	0.05033891692797806
131.1108244567958	2.2045597198278255	0.016629555328232553	0.05033891692797806
131.281454697582	2.207397268126115	0.016630126465164832	0.05033891692797806
131.45208493836822	2.2102349140134336	0.01663069832471042	0.05033891692797806
131.62271517915443	2.213072657613587	0.01663127090693753	0.05033891692797806
131.79334541994064	2.2159104990503815	0.016631844211914368	0.05033891692797806
131.96397566072685	2.218748438447623	0.01663241823970914	0.05033891692797806
132.13460590151305	2.221586475929115	0.016632992990390068	0.05033891692797806
132.30523614229926	2.2244246116186654	0.016633568464025358	0.05033891692797806
132.47586638308547	2.2272628456400785	0.016634144660683216	0.05033891692797806
132.64649662387168	2.230101178117161	0.016634721580431857	0.05033891692797806
132.8171268646579	2.2329396091737177	0.016635299223339492	0.05033891692797806
132.9877571054441	2.2357781389335543	0.01663587758947433	0.05033891692797806
133.1583873462303	2.2386167675204773	0.016636456678904586	0.05033891692797806
133.32901758701652	2.241455495058291	0.016637036491698464	0.05033891692797806
133.49964782780273	2.2442943216708025	0.016637617027924177	0.05033891692797806
133.67027806858894	2.247133247481816	0.01663819828764994	0.05033891692797806
133.84090830937515	2.249972272615138	0.016638780270943957	0.05033891692797806
134.01153855016136	2.2528113971945745	0.016639362977874446	0.05033891692797806
134.18216879094757	2.2556506213439302	0.01663994640850961	0.05033891692797806
134.3527990317338	2.2584899451870113	0.016640530562917664	0.05033891692797806
134.52342927252	2.2613293688476235	0.01664111544116682	0.05033891692797806
134.69405951330623	2.264168892449572	0.016641701043325286	0.05033891692797806
134.8646897540924	2.267008516116663	0.016642287369461276	0.05033891692797806
135.03531999487865	2.269848239972702	0.016642874419642996	0.05033891692797806
135.20595023566486	2.2726880641414944	0.016643462193938658	0.05033891692797806
135.37658047645104	2.2755279887468456	0.016644050692416475	0.05033891692797806
135.54721071723728	2.2783680139125617	0.016644639915144654	0.05033891692797806
135.71784095802346	2.281208139762448	0.016645229862191413	0.05033891692797806
135.8884711988097	2.284048366420311	0.016645820533624952	0.05033891692797806
136.05910143959588	2.2868886940099546	0.01664641192951349	0.05033891692797806
136.22973168038212	2.289729122655187	0.016647004049925238	0.05033891692797806
136.40036192116833	2.292569652479812	0.0166475968949284	0.05033891692797806
136.57099216195454	2.2954102836076347	0.016648190464591192	0.05033891692797806
136.74162240274075	2.2982510161624625	0.01664878475898182	0.05033891692797806
136.91225264352695	2.3010918502681	0.016649379778168504	0.05033891692797806
137.08288288431316	2.303932786048353	0.016649975522219446	0.05033891692797806
137.25351312509937	2.3067738236270277	0.01665057199120286	0.05033891692797806
137.42414336588558	2.309614963127929	0.016651169185186953	0.05033891692797806
137.5947736066718	2.312456204674863	0.01665176710423994	0.05033891692797806
137.765403847458	2.3152975483916345	0.016652365748430036	0.05033891692797806
137.9360340882442	2.3181389944020507	0.01665296511782544	0.05033891692797806
138.10666432903042	2.3209805428299153	0.01665356521249437	0.05033891692797806
138.27729456981663	2.3238221937990358	0.016654166032505035	0.05033891692797806
138.44792481060284	2.3266639474332163	0.01665476757792565	0.05033891692797806
138.61855505138905	2.329505803856264	0.016655369848824417	0.05033891692797806
138.78918529217526	2.3323477631919833	0.016655972845269554	0.05033891692797806
138.95981553296147	2.3351898255641803	0.01665657656732927	0.05033891692797806
139.13044577374768	2.3380319910966607	0.016657181015071774	0.05033891692797806
139.3010760145339	2.3408742599132295	0.01665778618856528	0.05033891692797806
139.4717062553201	2.3437166321376934	0.01665839208787799	0.05033891692797806
139.64233649610634	2.3465591078938575	0.01665899871307813	0.05033891692797806
139.81296673689252	2.349401687305527	0.016659606064233896	0.05033891692797806
139.98359697767873	2.352244370496509	0.016660214141413505	0.05033891692797806
140.15422721846494	2.355087157590607	0.01666082294468517	0.05033891692797806
140.32485745925115	2.3579300487116286	0.016661432474117097	0.05033891692797806
140.49548770003736	2.360773043983378	0.016662042729777497	0.05033891692797806
140.66611794082357	2.363616143529662	0.016662653711734584	0.05033891692797806
140.8367481816098	2.3664593474742857	0.01666326542005657	0.05033891692797806
141.007378422396	2.3693026559410546	0.01666387785481166	0.05033891692797806
141.17800866318223	2.3721460690537746	0.016664491016068067	0.05033891692797806
141.3486389039684	2.374989586936251	0.016665104903894	0.05033891692797806
141.51926914475465	2.37783320971229	0.016665719518357675	0.05033891692797806
141.68989938554083	2.3806769375056964	0.016666334859527298	0.05033891692797806
141.86052962632706	2.383520770440277	0.016666950927471082	0.05033891692797806
142.03115986711327	2.386364708639837	0.016667567722257238	0.05033891692797806
142.20179010789946	2.389208752228181	0.016668185243953977	0.05033891692797806
142.3724203486857	2.3920529013291163	0.016668803492629506	0.05033891692797806
142.54305058947187	2.394897156066447	0.016669422468352037	0.05033891692797806
142.7136808302581	2.3977415165639804	0.016670042171189784	0.05033891692797806
142.88431107104432	2.400585982945521	0.016670662601210952	0.05033891692797806
143.05494131183053	2.4034305553348743	0.016671283758483757	0.05033891692797806
143.22557155261674	2.4062752338558466	0.01667190564307641	0.05033891692797806
143.39620179340295	2.409120018632243	0.016672528255057117	0.05033891692797806
143.56683203418916	2.41196490978787	0.016673151594494093	0.05033891692797806
143.73746227497537	2.414809907446532	0.016673775661455545	0.05033891692797806
143.90809251576158	2.4176550117320357	0.016674400456009687	0.05033891692797806
144.0787227565478	2.4205002227681867	0.016675025978224726	0.05033891692797806
144.249352997334	2.4233455406787896	0.01667565222816888	0.05033891692797806
144.4199832381202	2.426190965587651	0.01667627920591035	0.05033891692797806
144.59061347890642	2.429036497618576	0.016676906911517353	0.05033891692797806
144.76124371969263	2.431882136895371	0.0166775353450581	0.05033891692797806
144.93187396047884	2.4347278835418407	0.0166781645066008	0.05033891692797806
145.10250420126505	2.4375737376817916	0.01667879439621366	0.05033891692797806
145.27313444205126	2.440419699439029	0.016679425013964893	0.05033891692797806
145.44376468283747	2.443265768937358	0.016680056359922715	0.05033891692797806
145.61439492362368	2.446111946300585	0.016680688434155332	0.05033891692797806
145.7850251644099	2.448958231652515	0.016681321236730953	0.05033891692797806
145.9556554051961	2.4518046251169547	0.016681954767717794	0.05033891692797806
146.12628564598234	2.454651126817709	0.01668258902718406	0.05033891692797806
146.29691588676852	2.457497736878583	0.016683224015197968	0.05033891692797806
146.46754612755475	2.4603444554233835	0.016683859731827722	0.05033891692797806
146.63817636834094	2.4631912825759152	0.016684496177141538	0.05033891692797806
146.80880660912715	2.4660382184599845	0.016685133351207623	0.05033891692797806
146.97943684991336	2.4688852631993963	0.01668577125409419	0.05033891692797806
147.15006709069957	2.4717324169179573	0.016686409885869447	0.05033891692797806
147.3206973314858	2.474579679739472	0.01668704924660161	0.05033891692797806
147.49132757227198	2.477427051787746	0.016687689336358884	0.05033891692797806
147.66195781305822	2.480274533186586	0.016688330155209482	0.05033891692797806
147.8325880538444	2.4831221240597974	0.016688971703221613	0.05033891692797806
148.00321829463064	2.4859698245311854	0.016689613980463494	0.05033891692797806
148.17384853541682	2.488817634724555	0.016690256987003327	0.05033891692797806
148.34447877620306	2.4916655547637134	0.016690900722909328	0.05033891692797806
148.51510901698927	2.4945135847724655	0.016691545188249706	0.05033891692797806
148.68573925777548	2.497361724874617	0.016692190383092675	0.05033891692797806
148.8563694985617	2.5002099751939726	0.01669283630750644	0.05033891692797806
149.02699973934787	2.5030583358543392	0.016693482961559217	0.05033891692797806
149.1976299801341	2.5059068069795227	0.016694130345319212	0.05033891692797806
149.36826022092032	2.508755388693327	0.01669477845885464	0.05033891692797806
149.53889046170653	2.5116040811195592	0.01669542730223371	0.05033891692797806
149.70952070249274	2.5144528843820257	0.01669607687552463	0.05033891692797806
149.88015094327895	2.51730179860453	0.016696727178795612	0.05033891692797806
150.05078118406516	2.5201508239108783	0.01669737821211487	0.05033891692797806
150.22141142485137	2.522999960424877	0.016698029975550612	0.05033891692797806
150.39204166563758	2.525849208270332	0.016698682469171052	0.05033891692797806
150.5626719064238	2.5286985675710483	0.016699335693044395	0.05033891692797806
150.73330214721	2.531548038450831	0.016699989647238855	0.05033891692797806
150.9039323879962	2.534397621033487	0.016700644331822643	0.05033891692797806
151.07456262878242	2.537247315442821	0.016701299746863966	0.05033891692797806
151.24519286956863	2.5400971218026394	0.01670195589243104	0.05033891692797806
151.41582311035484	2.5429470402367462	0.016702612768592074	0.05033891692797806
151.58645335114105	2.5457970708689492	0.016703270375415278	0.05033891692797806
151.75708359192726	2.5486472138230534	0.01670392871296886	0.05033891692797806
151.92771383271347	2.5514974692228636	0.01670458778132104	0.05033891692797806
152.09834407349967	2.554347837192186	0.016705247580540015	0.05033891692797806
152.26897431428588	2.557198317854826	0.016705908110694008	0.05033891692797806
152.4396045550721	2.56004891133459	0.01670656937185122	0.05033891692797806
152.6102347958583	2.5628996177552827	0.01670723136407987	0.05033891692797806
152.7808650366445	2.5657504372407107	0.016707894087448164	0.05033891692797806
152.95149527743075	2.5686013699146786	0.016708557542024313	0.05033891692797806
153.12212551821693	2.5714524159009926	0.01670922172787653	0.05033891692797806
153.29275575900314	2.574303575323458	0.016709886645073023	0.05033891692797806
153.46338599978935	2.577154848305881	0.016710552293682002	0.05033891692797806
153.63401624057556	2.580006234972067	0.016711218673771684	0.05033891692797806
153.8046464813618	2.582857735445822	0.01671188578541027	0.05033891692797806
153.97527672214798	2.5857093498509505	0.01671255362866598	0.05033891692797806
154.14590696293422	2.5885610783112596	0.01671322220360702	0.05033891692797806
154.3165372037204	2.591412920950553	0.016713891510301598	0.05033891692797806
154.48716744450664	2.5942648778926394	0.01671456154881793	0.05033891692797806
154.65779768529282	2.5971169492613213	0.016715232319224227	0.05033891692797806
154.82842792607906	2.5999691351804057	0.016715903821588694	0.05033891692797806
154.99905816686527	2.602821435773699	0.016716576055979544	0.05033891692797806
155.16968840765148	2.6056738511650055	0.01671724902246499	0.05033891692797806
155.3403186484377	2.6085263814781317	0.016717922721113245	0.05033891692797806
155.51094888922387	2.6113790268368824	0.016718597151992514	0.05033891692797806
155.6815791300101	2.614231787365064	0.01671927231517101	0.05033891692797806
155.8522093707963	2.617084663186482	0.016719948210716942	0.05033891692797806
156.02283961158253	2.619937654424942	0.016720624838698524	0.05033891692797806
156.19346985236874	2.62279076120425	0.016721302199183965	0.05033891692797806
156.36410009315495	2.6256439836482106	0.016721980292241475	0.05033891692797806
156.53473033394116	2.62849732188063	0.016722659117939263	0.05033891692797806
156.70536057472737	2.6313507760253145	0.016723338676345546	0.05033891692797806
156.87599081551357	2.634204346206069	0.01672401896752853	0.05033891692797806
157.04662105629978	2.6370580325466992	0.016724699991556426	0.05033891692797806
157.217251297086	2.639911835171011	0.016725381748497446	0.05033891692797806
157.3878815378722	2.6427657542028102	0.016726064238419797	0.05033891692797806
157.5585117786584	2.6456197897659015	0.016726747461391692	0.05033891692797806
157.72914201944462	2.6484739419840917	0.016727431417481346	0.05033891692797806
157.89977226023083	2.6513282109811853	0.016728116106756966	0.05033891692797806
158.07040250101704	2.6541825968809896	0.01672880152928676	0.05033891692797806
158.24103274180325	2.6570370998073085	0.016729487685138943	0.05033891692797806
158.41166298258946	2.6598917198839485	0.016730174574381723	0.05033891692797806
158.58229322337567	2.6627464572347153	0.016730862197083314	0.05033891692797806
158.75292346416188	2.665601311983414	0.016731550553311922	0.05033891692797806
158.9235537049481	2.668456284253851	0.01673223964313576	0.05033891692797806
159.0941839457343	2.6713113741698313	0.01673292946662304	0.05033891692797806
159.2648141865205	2.674166581855161	0.01673362002384197	0.05033891692797806
159.43544442730675	2.6770219074336454	0.016734311314860764	0.05033891692797806
159.60607466809293	2.67987735102909	0.01673500333974763	0.05033891692797806
159.77670490887917	2.6827329127653012	0.01673569609857078	0.05033891692797806
159.94733514966535	2.6855885927660834	0.016736389591398428	0.05033891692797806
160.11796539045156	2.688444391155244	0.016737083818298776	0.05033891692797806
160.28859563123777	2.6913003080565865	0.016737778779340042	0.05033891692797806
160.45922587202398	2.694156343593919	0.016738474474590433	0.05033891692797806
160.62985611281022	2.6970124978910452	0.016739170904118163	0.05033891692797806
160.8004863535964	2.6998687710717713	0.01673986806799144	0.05033891692797806
160.97111659438264	2.7027251632599034	0.016740565966278476	0.05033891692797806
161.14174683516882	2.7055816745792463	0.01674126459904748	0.05033891692797806
161.31237707595506	2.708438305153606	0.016741963966366662	0.05033891692797806
161.48300731674126	2.7112950551067887	0.016742664068304238	0.05033891692797806
161.65363755752747	2.714151924562599	0.016743364904928417	0.05033891692797806
161.82426779831368	2.717008913644844	0.016744066476307405	0.05033891692797806
161.9948980390999	2.719866022477328	0.016744768782509415	0.05033891692797806
162.1655282798861	2.722723251183857	0.01674547182360266	0.05033891692797806
162.33615852067229	2.7255805998882368	0.016746175599655348	0.05033891692797806
162.50678876145852	2.728438068714273	0.016746880110735694	0.05033891692797806
162.67741900224473	2.7312956577857714	0.0167475853569119	0.05033891692797806
162.84804924303094	2.7341533672265372	0.01674829133825219	0.05033891692797806
163.01867948381715	2.7370111971603768	0.01674899805482476	0.05033891692797806
163.18930972460336	2.739869147711095	0.01674970550669783	0.05033891692797806
163.35993996538957	2.7427272190024983	0.01675041369393961	0.05033891692797806
163.53057020617578	2.7455854111583915	0.016751122616618305	0.05033891692797806
163.701200446962	2.7484437243025805	0.016751832274802134	0.05033891692797806
163.8718306877482	2.7513021585588717	0.0167525426685593	0.05033891692797806
164.0424609285344	2.754160714051069	0.016753253797958022	0.05033891692797806
164.21309116932062	2.75701939090298	0.0167539656630665	0.05033891692797806
164.38372141010683	2.7598781892384094	0.016754678263952955	0.05033891692797806
164.55435165089304	2.7627371091811628	0.01675539160068559	0.05033891692797806
164.72498189167925	2.7655961508550457	0.01675610567333262	0.05033891692797806
164.89561213246546	2.768455314383864	0.016756820481962257	0.05033891692797806
165.06624237325167	2.771314599891424	0.016757536026642705	0.05033891692797806
165.23687261403788	2.7741740075015295	0.01675825230744218	0.05033891692797806
165.4075028548241	2.777033537337989	0.016758969324428896	0.05033891692797806
165.5781330956103	2.7798931895246053	0.016759687077671056	0.05033891692797806
165.7487633363965	2.7827529641851854	0.016760405567236875	0.05033891692797806
165.91939357718275	2.785612861443535	0.01676112479319456	0.05033891692797806
166.09002381796893	2.788472881423459	0.016761844755612328	0.05033891692797806
166.26065405875516	2.7913330242487646	0.016762565454558384	0.05033891692797806
166.43128429954135	2.7941932900432556	0.016763286890100943	0.05033891692797806
166.60191454032758	2.7970536789307388	0.016764009062308214	0.05033891692797806
166.77254478111377	2.799914191035019	0.016764731971248406	0.05033891692797806
166.94317502189998	2.8027748264799026	0.01676545561698973	0.05033891692797806
167.1138052626862	2.8056355853891954	0.016766179999600398	0.05033891692797806
167.2844355034724	2.8084964678867017	0.016766905119148624	0.05033891692797806
167.45506574425863	2.811357474096229	0.01676763097570261	0.05033891692797806
167.6256959850448	2.8142186041415815	0.016768357569330573	0.05033891692797806
167.79632622583105	2.8170798581465655	0.016769084900100727	0.05033891692797806
167.96695646661726	2.8199412362349863	0.016769812968081273	0.05033891692797806
168.13758670740347	2.82280273853065	0.01677054177334043	0.05033891692797806
168.30821694818968	2.825664365157362	0.016771271315946402	0.05033891692797806
168.4788471889759	2.828526116238927	0.016772001595967406	0.05033891692797806
168.6494774297621	2.8313879918991525	0.01677273261347165	0.05033891692797806
168.8201076705483	2.834249992261843	0.016773464368527346	0.05033891692797806
168.99073791133452	2.8371121174508045	0.0167741968612027	0.05033891692797806
169.16136815212073	2.839974367589843	0.01677493009156593	0.05033891692797806
169.33199839290694	2.842836742802762	0.01677566405968524	0.05033891692797806
169.50262863369315	2.84569924321337	0.016776398765628843	0.05033891692797806
169.67325887447936	2.8485618689454713	0.01677713420946495	0.05033891692797806
169.84388911526557	2.8514246201228715	0.016777870391261773	0.05033891692797806
170.01451935605178	2.854287496869376	0.016778607311087525	0.05033891692797806
170.185149596838	2.8571504993087915	0.016779344969010408	0.05033891692797806
170.3557798376242	2.860013627564923	0.01678008336509864	0.05033891692797806
170.5264100784104	2.8628768817615757	0.01678082249942043	0.05033891692797806
170.69704031919662	2.865740262022556	0.01678156237204399	0.05033891692797806
170.86767055998283	2.8686037684716688	0.016782302983037525	0.05033891692797806
171.03830080076904	2.871467401232721	0.016783044332469254	0.05033891692797806
171.20893104155527	2.874331160429517	0.01678378642040738	0.05033891692797806
171.37956128234146	2.8771950461858626	0.01678452924692012	0.05033891692797806
171.55019152312767	2.880059058625564	0.01678527281207568	0.05033891692797806
171.72082176391388	2.882923197872426	0.016786017115942273	0.05033891692797806
171.89145200470008	2.885787464050255	0.01678676215858811	0.05033891692797806
172.0620822454863	2.8886518572828566	0.016787507940081402	0.05033891692797806
172.2327124862725	2.8915163776940362	0.016788254460490357	0.05033891692797806
172.4033427270587	2.8943810254075997	0.016789001719883186	0.05033891692797806
