x	chi	dchidx	s0
0.00045140691771450856	0.0	0.7452953167198068	0.7452953167198068
0.02008050565222732	0.014629452539867884	0.7452919172386234	0.7452953167198068
0.03970960438674012	0.029258775119485145	0.7452820764594978	0.7452953167198068
0.05933870312125293	0.04388784133352147	0.7452657961874869	0.7452953167198068
0.07896780185576574	0.05851652478206563	0.7452430766051814	0.7452953167198068
0.09859690059027855	0.07314469906668891	0.7452139177878734	0.7452953167198068
0.11822599932479134	0.08777223779044513	0.7451783197035559	0.7452953167198068
0.13785509805930415	0.10239901441527327	0.7451362822624248	0.7452953167198068
0.157484196793817	0.11702490200034878	0.7450878055027382	0.7452953167198068
0.1771132955283298	0.1316497741939063	0.7450328893254776	0.7452953167198068
0.19674239426284262	0.14627350470291925	0.7449715336003654	0.7452953167198068
0.21637149299735542	0.16089596722384703	0.7449037381850322	0.7452953167198068
0.23600059173186821	0.175517035442635	0.7448295029250175	0.7452953167198068
0.25562969046638107	0.1901365830347147	0.7447488276537689	0.7452953167198068
0.27525878920089386	0.20475448366500348	0.7446617121926428	0.7452953167198068
0.29488788793540666	0.2193706109879049	0.7445681563509037	0.7452953167198068
0.31451698666991945	0.2339848386473084	0.7444681599257247	0.7452953167198068
0.33414608540443225	0.24859704027658935	0.7443617227021875	0.7452953167198068
0.35377518413894504	0.26320708949860944	0.744248844453282	0.7452953167198068
0.3734042828734579	0.2778148599257162	0.7441295249399067	0.7452953167198068
0.3930333816079707	0.29242022515974303	0.7440037639108686	0.7452953167198068
0.4126624803424835	0.30702305879200964	0.7438715611028831	0.7452953167198068
0.4322915790769963	0.32162323440332147	0.743732916240574	0.7452953167198068
0.45192067781150913	0.3362206255639702	0.7435878290364736	0.7452953167198068
0.4715497765460219	0.3508151058337333	0.7434362991910226	0.7452953167198068
0.4911788752805348	0.3654065487618748	0.7432783263925703	0.7452953167198068
0.5108079740150475	0.3799948278871438	0.7431139103173744	0.7452953167198068
0.5304370727495603	0.39457981673777626	0.742943050629601	0.7452953167198068
0.5500661714840731	0.40916138883149383	0.7427657469813247	0.7452953167198068
0.5696952702185859	0.42373941767550405	0.7425819990125285	0.7452953167198068
0.5893243689530987	0.4383137767665007	0.7423918063511039	0.7452953167198068
0.6089534676876115	0.45288433959066365	0.7421951686128508	0.7452953167198068
0.6285825664221243	0.4674509796236584	0.7419920854014778	0.7452953167198068
0.6482116651566371	0.4820135703306368	0.7417825563086016	0.7452953167198068
0.6678407638911499	0.49657198516623663	0.7415665809137475	0.7452953167198068
0.6874698626256627	0.5111260975745817	0.7413441587843493	0.7452953167198068
0.7070989613601756	0.5256757809892818	0.7411152894757495	0.7452953167198068
0.7267280600946884	0.5402209088334324	0.7408799725311984	0.7452953167198068
0.7463571588292013	0.5547613545196161	0.7406382074818553	0.7452953167198068
0.7659862575637141	0.5692969914499	0.7403899938467878	0.7452953167198068
0.7856153562982269	0.5838276930158383	0.740135331132972	0.7452953167198068
0.8052444550327397	0.5983533325984705	0.7398742188352924	0.7452953167198068
0.8248735537672525	0.612873783568323	0.7396066564365419	0.7452953167198068
0.8445026525017653	0.6273889192854074	0.739332643407422	0.7452953167198068
0.8641317512362781	0.6418986130992218	0.7390521792065425	0.7452953167198068
0.8837608499707909	0.6564027383487503	0.7387652632804219	0.7452953167198068
0.9033899487053036	0.6709011683624619	0.7384718950634869	0.7452953167198068
0.9230190474398164	0.6853937764583138	0.7381720739780726	0.7452953167198068
0.9426481461743292	0.6998804359437473	0.737865799434423	0.7452953167198068
0.9622772449088421	0.7143610201156907	0.73755307083069	0.7452953167198068
0.9819063436433549	0.7288354022605574	0.7372338875529343	0.7452953167198068
1.0015354423778677	0.7433034556542484	0.736908248975125	0.7452953167198068
1.0211645411123804	0.7577650535621488	0.7365761544591397	0.7452953167198068
1.0407936398468933	0.7722200692391314	0.7362376033547642	0.7452953167198068
1.0604227385814062	0.786668375929554	0.7358925949996931	0.7452953167198068
1.080051837315919	0.8011098468672605	0.7355411287195293	0.7452953167198068
1.0996809360504318	0.8155443552755812	0.735183203827784	0.7452953167198068
1.1193100347849445	0.8299717743673322	0.7348188196258771	0.7452953167198068
1.1389391335194574	0.8443919773448157	0.734447975403137	0.7452953167198068
1.1585682322539703	0.8588048373998195	0.7340706704368002	0.7452953167198068
1.178197330988483	0.8732102277136183	0.7336869039920121	0.7452953167198068
1.197826429722996	0.887608021456972	0.7332966753218261	0.7452953167198068
1.2174555284575086	0.9019980917901268	0.7328999836672043	0.7452953167198068
1.2370846271920215	0.916380311862815	0.7324968282570175	0.7452953167198068
1.2567137259265342	0.9307545548142548	0.7320872083080445	0.7452953167198068
1.276342824661047	0.9451225175008963	0.7316710569280694	0.7452953167198068
1.2959719233955598	0.9594861251832789	0.7312473766013805	0.7452953167198068
1.3156010221300727	0.9738442495681072	0.7308148339298058	0.7452953167198068
1.3352301208645854	0.9881958182976367	0.7303723323795537	0.7452953167198068
1.3548592195990983	1.0025398419935885	0.7299190143412418	0.7452953167198068
1.374488318333611	1.0168754142571486	0.7294542611298978	0.7452953167198068
1.3941174170681239	1.0312017116689682	0.7289776929849582	0.7452953167198068
1.4137465158026365	1.045517993789164	0.7284891690702694	0.7452953167198068
1.4333756145371495	1.0598236031573178	0.7279887874740874	0.7452953167198068
1.4530047132716621	1.074117965292476	0.727476885209077	0.7452953167198068
1.4726338120061753	1.0884005886931507	0.7269540382123135	0.7452953167198068
1.492262910740688	1.1026710648373188	0.7264210613452811	0.7452953167198068
1.5118920094752009	1.1169290681824229	0.7258790083938734	0.7452953167198068
1.5315211082097135	1.13117435616537	0.7253291720683938	0.7452953167198068
1.5511502069442265	1.1454067692025331	0.724773084003555	0.7452953167198068
1.5707793056787391	1.15962623068975	0.7242125147584793	0.7452953167198068
1.590408404413252	1.1738327470023235	0.7236494738166984	0.7452953167198068
1.6100375031477647	1.1880264074950215	0.7230862095861538	0.7452953167198068
1.6296666018822776	1.2022073845020778	0.7225252093991958	0.7452953167198068
1.6492957006167903	1.2163759333371902	0.7219691995125852	0.7452953167198068
1.6689247993513032	1.2305323922935227	0.7214211451074912	0.7452953167198068
1.688553898085816	1.244677182643704	0.7208842502894934	0.7452953167198068
1.7081829968203288	1.258810808639828	0.7203619580885804	0.7452953167198068
1.7278120955548415	1.2729338575134537	0.7198579504591505	0.7452953167198068
1.7474411942893544	1.2870469994756053	0.7193761482800112	0.7452953167198068
1.767070293023867	1.3011509877167726	0.7189207113543797	0.7452953167198068
1.78669939175838	1.3152466584069098	0.7184960384098831	0.7452953167198068
1.8063284904928927	1.329334930695437	0.7181067670985573	0.7452953167198068
1.8259575892274056	1.3434168067112386	0.7177577739968478	0.7452953167198068
1.8455866879619183	1.3574933715626651	0.7174541746056102	0.7452953167198068
1.8652157866964312	1.3715657933375318	0.7172013233501089	0.7452953167198068
1.884844885430944	1.385635323103119	0.7170048135800182	0.7452953167198068
1.904473984165457	1.3997032949061723	0.7168704775694217	0.7452953167198068
1.92410308289997	1.4137711257729022	0.7168043865168126	0.7452953167198068
1.9437321816344826	1.4278403157089847	0.7168128505450935	0.7452953167198068
1.9463050915398985	1.4296846186805796	0.7168191335699682	0.7452953167198068
1.9488780014453146	1.4315289378270346	0.716825424306339	0.7452953167198068
1.9514509113507308	1.4333732731682247	0.716831722754461	0.7452953167198068
1.9540238212561467	1.4352176247240238	0.7168380289145895	0.7452953167198068
1.9565967311615626	1.4370619925143073	0.7168443427869795	0.7452953167198068
1.9591696410669786	1.4389063765589496	0.7168506643718862	0.7452953167198068
1.9617425509723947	1.4407507768778258	0.7168569936695647	0.7452953167198068
1.9643154608778108	1.4425951934908103	0.7168633306802702	0.7452953167198068
1.9668883707832268	1.4444396264177781	0.7168696754042577	0.7452953167198068
1.9694612806886427	1.4462840756786035	0.7168760278417826	0.7452953167198068
1.9720341905940588	1.4481285412931617	0.7168823879930998	0.7452953167198068
1.974607100499475	1.4499730232813275	0.7168887558584646	0.7452953167198068
1.9771800104048909	1.451817521662975	0.716895131438132	0.7452953167198068
1.9797529203103068	1.4536620364579795	0.7169015147323572	0.7452953167198068
1.982325830215723	1.4555065676862153	0.7169079057413953	0.7452953167198068
1.9848987401211389	1.4573511153675578	0.7169143044655016	0.7452953167198068
1.987471650026555	1.4591956795218812	0.7169207109049311	0.7452953167198068
1.990044559931971	1.4610402601690604	0.7169271250599389	0.7452953167198068
1.9926174698373869	1.46288485732897	0.7169335469307804	0.7452953167198068
1.995190379742803	1.4647294710214847	0.7169399765177104	0.7452953167198068
1.9977632896482191	1.4665741012664797	0.7169464138209842	0.7452953167198068
2.0003361995536353	1.4684187480838293	0.716952858840857	0.7452953167198068
2.002909109459051	1.4702634114934081	0.7169593115775839	0.7452953167198068
2.005482019364467	1.4721080915150913	0.7169657720314199	0.7452953167198068
2.008054929269883	1.4739527881687533	0.7169722402026203	0.7452953167198068
2.0106278391752994	1.4757975014742692	0.7169787160914403	0.7452953167198068
2.013200749080715	1.4776422314515132	0.7169851996981348	0.7452953167198068
2.0157736589861313	1.4794869781203606	0.7169916910229591	0.7452953167198068
2.018346568891547	1.4813317415006855	0.7169981900661685	0.7452953167198068
2.020919478796963	1.4831765216123631	0.7170046968280178	0.7452953167198068
2.0234923887023792	1.4850213184752683	0.7170112113087623	0.7452953167198068
2.0260652986077954	1.486866132109275	0.7170177335086573	0.7452953167198068
2.028638208513211	1.488710962534259	0.7170242634279576	0.7452953167198068
2.0312111184186272	1.4905558097700942	0.7170308010669186	0.7452953167198068
2.033784028324043	1.4924006738366558	0.7170373464257954	0.7452953167198068
2.0363569382294595	1.4942455547538185	0.717043899504843	0.7452953167198068
2.038929848134875	1.4960904525414567	0.7170504603043169	0.7452953167198068
2.0415027580402914	1.4979353672194455	0.7170570288244718	0.7452953167198068
2.044075667945707	1.4997802988076594	0.717063605065563	0.7452953167198068
2.0466485778511236	1.5016252473259735	0.7170701890278457	0.7452953167198068
2.0492214877565393	1.503470212794262	0.7170767807115751	0.7452953167198068
2.0517943976619555	1.5053151952324	0.7170833801170062	0.7452953167198068
2.054367307567371	1.507160194660262	0.7170899872443942	0.7452953167198068
2.0569402174727873	1.5090052110977228	0.7170966020939942	0.7452953167198068
2.0595131273782035	1.5108502445646577	0.7171032246660615	0.7452953167198068
2.0620860372836196	1.5126952950809405	0.717109854960851	0.7452953167198068
2.0646589471890353	1.5145403626664464	0.717116492978618	0.7452953167198068
2.0672318570944515	1.51638544734105	0.7171231387196175	0.7452953167198068
2.0698047669998676	1.5182305491246266	0.7171297921841049	0.7452953167198068
2.0723776769052837	1.5200756680370502	0.7171364533723351	0.7452953167198068
2.0749505868106994	1.5219208040981957	0.7171431222845633	0.7452953167198068
2.0775234967161156	1.523765957327938	0.7171497989210448	0.7452953167198068
2.0800964066215317	1.525611127746152	0.7171564832820345	0.7452953167198068
2.082669316526948	1.527456315372712	0.7171631753677877	0.7452953167198068
2.0852422264323636	1.529301520227493	0.7171698751785595	0.7452953167198068
2.0878151363377797	1.5311467423303697	0.7171765827146049	0.7452953167198068
2.0903880462431954	1.532991981701217	0.7171832979761793	0.7452953167198068
2.0929609561486116	1.5348372383599092	0.7171900209635377	0.7452953167198068
2.0955338660540277	1.5366825123263215	0.7171967516769351	0.7452953167198068
2.098106775959444	1.5385278036203283	0.717203490116627	0.7452953167198068
2.1006796858648595	1.5403731122618043	0.7172102362828682	0.7452953167198068
2.1032525957702757	1.5422184382706245	0.717216990175914	0.7452953167198068
2.105825505675692	1.5440637816666636	0.7172237517960195	0.7452953167198068
2.108398415581108	1.5459091424697964	0.7172305211434399	0.7452953167198068
2.1109713254865237	1.5477545206998973	0.7172372982184303	0.7452953167198068
2.11354423539194	1.5495999163768412	0.7172440830212458	0.7452953167198068
2.116117145297356	1.551445329520503	0.7172508755521416	0.7452953167198068
2.118690055202772	1.5532907601507573	0.7172576758113728	0.7452953167198068
2.121262965108188	1.555136208287479	0.7172644837991946	0.7452953167198068
2.123835875013604	1.5569816739505422	0.7172712995158621	0.7452953167198068
2.12640878491902	1.5588271571598225	0.7172781229616304	0.7452953167198068
2.128981694824436	1.5606726579351942	0.7172849541367547	0.7452953167198068
2.131554604729852	1.562518176296532	0.7172917930414902	0.7452953167198068
2.134127514635268	1.5643637122637106	0.7172986396760919	0.7452953167198068
2.136700424540684	1.566209265856605	0.7173054940408149	0.7452953167198068
2.1392733344461	1.5680548370950895	0.7173123561359146	0.7452953167198068
2.141846244351516	1.5699004259990397	0.7173192259616459	0.7452953167198068
2.144419154256932	1.5717460325883292	0.7173261035182641	0.7452953167198068
2.146992064162348	1.5735916568828334	0.7173329888060243	0.7452953167198068
2.149564974067764	1.575437298902427	0.7173398818251815	0.7452953167198068
2.15213788397318	1.5772829586669848	0.7173467825759909	0.7452953167198068
2.1547107938785963	1.5791286361963812	0.7173536910587078	0.7452953167198068
2.157283703784012	1.5809743315104912	0.7173606072735873	0.7452953167198068
2.159856613689428	1.5828200446291893	0.7173675312208844	0.7452953167198068
2.1624295235948443	1.5846657755723506	0.7173744629008543	0.7452953167198068
2.16500243350026	1.5865115243598495	0.7173814023137521	0.7452953167198068
2.167575343405676	1.588357291011561	0.7173883494598331	0.7452953167198068
2.1701482533110923	1.5902030823451023	0.7173953059899463	0.7452953167198068
2.1727211632165084	1.5920488952259082	0.7174022711375306	0.7452953167198068
2.175294073121924	1.5938947259293732	0.7174092439934414	0.7452953167198068
2.1778669830273403	1.5957405744758262	0.7174162245580481	0.7452953167198068
2.1804398929327564	1.597586440885597	0.7174232128317198	0.7452953167198068
2.1830128028381726	1.599432325179015	0.7174302088148261	0.7452953167198068
2.1855857127435883	1.601278227376409	0.7174372125077362	0.7452953167198068
2.1881586226490044	1.6031241474981086	0.7174442239108194	0.7452953167198068
2.1907315325544205	1.6049700855644435	0.7174512430244453	0.7452953167198068
2.1933044424598367	1.6068160415957424	0.717458269848983	0.7452953167198068
2.1958773523652524	1.6086620156123352	0.7174653043848019	0.7452953167198068
2.1984502622706685	1.6105080076345508	0.7174723466322714	0.7452953167198068
2.2010231721760847	1.6123540176827191	0.7174793965917609	0.7452953167198068
2.2035960820815004	1.614200045777169	0.7174864542636397	0.7452953167198068
2.2061689919869165	1.6160460919382298	0.717493519648277	0.7452953167198068
2.2087419018923327	1.6178921561862312	0.7175005927460424	0.7452953167198068
2.2113148117977484	1.6197382385415022	0.7175076735573052	0.7452953167198068
2.2138877217031645	1.6215843390243725	0.7175147620824346	0.7452953167198068
2.2164606316085806	1.623430457655171	0.7175218583218	0.7452953167198068
2.219033541513997	1.6252765944542273	0.7175289622757709	0.7452953167198068
2.2216064514194125	1.6271227494418707	0.7175360739447165	0.7452953167198068
2.2241793613248286	1.6289689226384307	0.7175431933290062	0.7452953167198068
2.2267522712302448	1.6308151140642366	0.7175503204290093	0.7452953167198068
2.229325181135661	1.6326613237396175	0.7175574552450953	0.7452953167198068
2.2318980910410766	1.6345075516849028	0.7175645977776334	0.7452953167198068
2.2344710009464928	1.6363537979204221	0.717571748026993	0.7452953167198068
2.2370439108519085	1.6382000624665045	0.7175789059935433	0.7452953167198068
2.239616820757325	1.6400463453434797	0.717586071677654	0.7452953167198068
2.2421897306627407	1.6418926465716766	0.7175932450796942	0.7452953167198068
2.244762640568157	1.6437389661714246	0.7176004262000333	0.7452953167198068
2.2473355504735726	1.645585304163053	0.7176076150390406	0.7452953167198068
2.2499084603789887	1.6474316605668917	0.7176148115970855	0.7452953167198068
2.252481370284405	1.6492780354032697	0.7176220158745374	0.7452953167198068
2.255054280189821	1.651124428692516	0.7176292278717655	0.7452953167198068
2.2576271900952367	1.6529708404549601	0.7176364475891394	0.7452953167198068
2.260200100000653	1.6548172707109319	0.7176436750270282	0.7452953167198068
2.2627730099060686	1.65666371948076	0.7176509101858014	0.7452953167198068
2.265345919811485	1.6585101867847745	0.7176581530658283	0.7452953167198068
2.267918829716901	1.6603566726433037	0.7176654036674782	0.7452953167198068
2.270491739622317	1.662203177076678	0.7176726619911206	0.7452953167198068
2.273064649527733	1.6640497001052263	0.7176799280371247	0.7452953167198068
2.275637559433149	1.6658962417492775	0.7176872018058599	0.7452953167198068
2.278210469338565	1.667742802029162	0.7176944832976955	0.7452953167198068
2.280783379243981	1.6695893809652085	0.7177017725130009	0.7452953167198068
2.283356289149397	1.6714359785777457	0.7177090694521455	0.7452953167198068
2.2859291990548134	1.6732825948871044	0.7177163741154987	0.7452953167198068
2.288502108960229	1.6751292299136125	0.7177236865034297	0.7452953167198068
2.2910750188656452	1.6769758836776005	0.7177310066163078	0.7452953167198068
2.2936479287710614	1.6788225561993972	0.7177383344545025	0.7452953167198068
2.296220838676477	1.6806692474993317	0.7177456700183832	0.7452953167198068
2.2987937485818932	1.682515957597734	0.7177530133083191	0.7452953167198068
2.301366658487309	1.6843626865149326	0.7177603643246796	0.7452953167198068
2.303939568392725	1.686209434271258	0.7177677230678341	0.7452953167198068
2.306512478298141	1.6880562008870386	0.717775089538152	0.7452953167198068
2.3090853882035574	1.6899029863826036	0.7177824637360024	0.7452953167198068
2.3116582981089735	1.6917497907782832	0.7177898456617549	0.7452953167198068
2.3142312080143896	1.6935966140944063	0.7177972353157787	0.7452953167198068
2.3168041179198053	1.6954434563513021	0.7178046326984432	0.7452953167198068
2.3193770278252215	1.6972903175693002	0.7178120378101178	0.7452953167198068
2.321949937730637	1.6991371977687295	0.7178194506511718	0.7452953167198068
2.3245228476360533	1.7009840969699201	0.7178268712219745	0.7452953167198068
2.3270957575414695	1.702831015193201	0.7178342995228955	0.7452953167198068
2.329668667446885	1.7046779524589009	0.7178417355543039	0.7452953167198068
2.3322415773523018	1.7065249087873502	0.717849179316569	0.7452953167198068
2.3348144872577175	1.7083718841988775	0.7178566308100603	0.7452953167198068
2.3373873971631336	1.7102188787138126	0.7178640900351472	0.7452953167198068
2.3399603070685497	1.7120658923524847	0.717871556992199	0.7452953167198068
2.3425332169739654	1.7139129251352228	0.7178790316815848	0.7452953167198068
2.3451061268793816	1.7157599770823568	0.7178865141036743	0.7452953167198068
2.3476790367847973	1.7176070482142154	0.7178940042588368	0.7452953167198068
2.3502519466902134	1.7194541385511286	0.7179015021474415	0.7452953167198068
2.35282485659563	1.7213012481134258	0.7179090077698578	0.7452953167198068
2.3553977665010457	1.7231483769214353	0.7179165211264551	0.7452953167198068
2.357970676406462	1.7249955249954878	0.7179240422176026	0.7452953167198068
2.3605435863118776	1.7268426923559113	0.71793157104367	0.7452953167198068
2.3631164962172937	1.7286898790230365	0.7179391076050262	0.7452953167198068
2.36568940612271	1.730537085017192	0.7179466519020409	0.7452953167198068
2.3682623160281255	1.7323843103587067	0.7179542039350834	0.7452953167198068
2.3708352259335417	1.734231555067911	0.7179617637045228	0.7452953167198068
2.3734081358389574	1.7360788191651333	0.7179693312107287	0.7452953167198068
2.3759810457443735	1.7379261026707038	0.7179769064540703	0.7452953167198068
2.37855395564979	1.7397734056049512	0.7179844894349171	0.7452953167198068
2.381126865555206	1.741620727988205	0.7179920801536384	0.7452953167198068
2.383699775460622	1.7434680698407947	0.7179996786106034	0.7452953167198068
2.3862726853660376	1.7453154311830492	0.7180072848061817	0.7452953167198068
2.388845595271454	1.7471628120352987	0.7180148987407425	0.7452953167198068
2.39141850517687	1.7490102124178717	0.7180225204146552	0.7452953167198068
2.3939914150822856	1.7508576323510978	0.718030149828289	0.7452953167198068
2.3965643249877018	1.7527050718553068	0.7180377869820136	0.7452953167198068
2.3991372348931175	1.7545525309508272	0.718045431876198	0.7452953167198068
2.401710144798534	1.756400009657989	0.7180530845112116	0.7452953167198068
2.40428305470395	1.7582475079971216	0.7180607448874239	0.7452953167198068
2.406855964609366	1.7600950259885535	0.7180684130052042	0.7452953167198068
2.409428874514782	1.7619425636526151	0.7180760888649218	0.7452953167198068
2.4120017844201977	1.763790121009635	0.7180837724669461	0.7452953167198068
2.414574694325614	1.765637698079943	0.7180914638116465	0.7452953167198068
2.41714760423103	1.7674852948838684	0.7180991628993921	0.7452953167198068
2.4197205141364457	1.76933291144174	0.7181068697305526	0.7452953167198068
2.4222934240418623	1.771180547773888	0.7181145843054971	0.7452953167198068
2.4248663339472785	1.773028203900641	0.7181223066245951	0.7452953167198068
2.427439243852694	1.7748758798423285	0.7181300366882158	0.7452953167198068
2.4300121537581103	1.7767235756192803	0.7181377744967288	0.7452953167198068
2.432585063663526	1.7785712912518252	0.7181455200505031	0.7452953167198068
2.435157973568942	1.780419026760293	0.7181532733499083	0.7452953167198068
2.4377308834743583	1.7822667821650129	0.7181610343953136	0.7452953167198068
2.440303793379774	1.7841145574863138	0.7181688031870886	0.7452953167198068
2.44287670328519	1.7859623527445256	0.7181765797256024	0.7452953167198068
2.4454496131906067	1.7878101679599774	0.7181843640112244	0.7452953167198068
2.4480225230960224	1.7896580031529985	0.7181921560443241	0.7452953167198068
2.4505954330014386	1.7915058583439185	0.7181999558252706	0.7452953167198068
2.4531683429068543	1.7933537335530663	0.7182077633544336	0.7452953167198068
2.4557412528122704	1.795201628800772	0.718215578632182	0.7452953167198068
2.4583141627176865	1.7970495441073642	0.7182234016588855	0.7452953167198068
2.4608870726231022	1.7988974794931722	0.7182312324349134	0.7452953167198068
2.4634599825285184	1.8007454349785261	0.7182390709606349	0.7452953167198068
2.466032892433934	1.8025934105837544	0.7182469172364194	0.7452953167198068
2.4686058023393507	1.8044414063291874	0.7182547712626364	0.7452953167198068
2.471178712244767	1.8062894222351535	0.7182626330396551	0.7452953167198068
2.4737516221501825	1.8081374583219822	0.7182705025678449	0.7452953167198068
2.4763245320555987	1.8099855146100037	0.7182783798475751	0.7452953167198068
2.4788974419610144	1.811833591119546	0.7182862648792152	0.7452953167198068
2.4814703518664305	1.8136816878709396	0.7182941576631343	0.7452953167198068
2.4840432617718466	1.8155298048845137	0.718302058199702	0.7452953167198068
2.4866161716772623	1.8173779421805967	0.7183099664892876	0.7452953167198068
2.4891890815826785	1.819226099779519	0.7183178825322603	0.7452953167198068
2.491761991488094	1.8210742777016093	0.7183258063289895	0.7452953167198068
2.4943349013935108	1.8229224759671974	0.7183337378798447	0.7452953167198068
2.496907811298927	1.8247706945966125	0.718341677185195	0.7452953167198068
2.4994807212043426	1.8266189336101835	0.71834962424541	0.7452953167198068
2.5020536311097588	1.8284671930282403	0.718357579060859	0.7452953167198068
2.5046265410151745	1.830315472871112	0.7183655416319112	0.7452953167198068
2.5071994509205906	1.832163773159128	0.7183735119589362	0.7452953167198068
2.5097723608260067	1.8340120939126179	0.718381490042303	0.7452953167198068
2.5123452707314224	1.8358604351519103	0.7183894758823812	0.7452953167198068
2.514918180636839	1.8377087968973356	0.7183974694795402	0.7452953167198068
2.5174910905422547	1.839557179169222	0.7184054708341492	0.7452953167198068
2.520064000447671	1.8414055819878998	0.7184134799465776	0.7452953167198068
2.522636910353087	1.843254005373698	0.7184214968171948	0.7452953167198068
2.5252098202585027	1.8451024493469457	0.7184295214463701	0.7452953167198068
2.527782730163919	1.8469509139279727	0.7184375538344727	0.7452953167198068
2.5303556400693346	1.8487993991371077	0.7184455939818722	0.7452953167198068
2.5329285499747507	1.850647904994681	0.7184536418889379	0.7452953167198068
2.535501459880167	1.8524964315210208	0.7184616975560391	0.7452953167198068
2.538074369785583	1.8543449787364572	0.7184697609835451	0.7452953167198068
2.540647279690999	1.8561935466613195	0.7184778321718254	0.7452953167198068
2.543220189596415	1.8580421353159369	0.7184859111212492	0.7452953167198068
2.545793099501831	1.8598907447206388	0.7184939978321858	0.7452953167198068
2.548366009407247	1.8617393748957545	0.7185020923050047	0.7452953167198068
2.550938919312663	1.8635880258616129	0.7185101945400754	0.7452953167198068
2.553511829218079	1.8654366976385444	0.7185183045377669	0.7452953167198068
2.5560847391234947	1.8672853902468773	0.7185264222984487	0.7452953167198068
2.558657649028911	1.8691341037069418	0.7185345478224902	0.7452953167198068
2.5612305589343274	1.8709828380390667	0.7185426811102607	0.7452953167198068
2.5638034688397435	1.8728315932635815	0.7185508221621295	0.7452953167198068
2.5663763787451592	1.8746803694008152	0.7185589709784661	0.7452953167198068
2.568949288650575	1.8765291664710972	0.7185671275596397	0.7452953167198068
2.571522198555991	1.8783779844947577	0.7185752919060198	0.7452953167198068
2.574095108461407	1.8802268234921256	0.7185834640179756	0.7452953167198068
2.5766680183668234	1.8820756834835297	0.7185916438958765	0.7452953167198068
2.579240928272239	1.8839245644892997	0.7185998315400919	0.7452953167198068
2.5818138381776556	1.885773466529765	0.718608026950991	0.7452953167198068
2.5843867480830713	1.8876223896252549	0.7186162301289434	0.7452953167198068
2.5869596579884875	1.8894713337960989	0.7186244410743182	0.7452953167198068
2.5895325678939036	1.8913202990626263	0.718632659787485	0.7452953167198068
2.5921054777993193	1.893169285445166	0.718640886268813	0.7452953167198068
2.5946783877047355	1.895018292964048	0.7186491205186715	0.7452953167198068
2.597251297610151	1.896867321639601	0.71865736253743	0.7452953167198068
2.5998242075155673	1.898716371492155	0.7186656123254577	0.7452953167198068
2.6023971174209835	1.900565442542039	0.718673869883124	0.7452953167198068
2.604970027326399	1.9024145348095822	0.7186821352107983	0.7452953167198068
2.6075429372318157	1.9042636483151143	0.7186904083088499	0.7452953167198068
2.6101158471372314	1.9061127830789641	0.7186986891776481	0.7452953167198068
2.6126887570426476	1.9079619391214617	0.7187069778175624	0.7452953167198068
2.6152616669480637	1.909811116462936	0.7187152742289621	0.7452953167198068
2.6178345768534794	1.9116603151237161	0.7187235784122165	0.7452953167198068
2.6204074867588956	1.913509535124132	0.7187318903676949	0.7452953167198068
2.6229803966643113	1.9153587764845121	0.7187402100957668	0.7452953167198068
2.6255533065697274	1.917208039225187	0.7187485375968015	0.7452953167198068
2.628126216475144	1.9190573233664852	0.7187568728711683	0.7452953167198068
2.6306991263805597	1.9209066289287358	0.7187652159192365	0.7452953167198068
2.633272036285976	1.9227559559322691	0.7187735667413756	0.7452953167198068
2.6358449461913915	1.9246053043974134	0.7187819253379548	0.7452953167198068
2.6384178560968077	1.926454674344499	0.7187902917093436	0.7452953167198068
2.640990766002224	1.9283040657938546	0.7187986658559112	0.7452953167198068
2.6435636759076395	1.9301534787658094	0.7188070477780271	0.7452953167198068
2.6461365858130557	1.9320029132806935	0.7188154374760606	0.7452953167198068
2.6487094957184714	1.9338523693588354	0.7188238349503809	0.7452953167198068
2.651282405623888	1.9357018470205654	0.7188322402013576	0.7452953167198068
2.653855315529304	1.9375513462862122	0.7188406532293599	0.7452953167198068
2.65642822543472	1.9394008671761047	0.7188490740347572	0.7452953167198068
2.659001135340136	1.9412504097105734	0.7188575026179187	0.7452953167198068
2.6615740452455516	1.9430999739099466	0.718865938979214	0.7452953167198068
2.6641469551509678	1.9449495597945545	0.7188743831190123	0.7452953167198068
2.666719865056384	1.946799167384726	0.718882835037683	0.7452953167198068
2.6692927749617996	1.94864879670079	0.7188912947355954	0.7452953167198068
2.6718656848672158	1.9504984477630767	0.7188997622131189	0.7452953167198068
2.6744385947726315	1.9523481205919149	0.7189082374706228	0.7452953167198068
2.677011504678048	1.954197815207634	0.7189167205084765	0.7452953167198068
2.679584414583464	1.9560475316305639	0.7189252113270493	0.7452953167198068
2.68215732448888	1.9578972698810329	0.7189337099267107	0.7452953167198068
2.684730234394296	1.9597470299793713	0.7189422163078298	0.7452953167198068
2.6873031442997117	1.9615968119459077	0.7189507304707762	0.7452953167198068
2.689876054205128	1.9634466158009725	0.7189592524159191	0.7452953167198068
2.692448964110544	1.965296441564894	0.7189677821436278	0.7452953167198068
2.6950218740159597	1.9671462892580016	0.7189763196542718	0.7452953167198068
2.6975947839213763	1.9689961589006253	0.7189848649482203	0.7452953167198068
2.700167693826792	1.9708460505130938	0.7189934180258428	0.7452953167198068
2.702740603732208	1.972695964115737	0.7190019788875087	0.7452953167198068
2.7053135136376243	1.9745458997288843	0.7190105475335871	0.7452953167198068
2.7078864235430404	1.9763958573728644	0.7190191239644476	0.7452953167198068
2.710459333448456	1.9782458370680067	0.7190277081804594	0.7452953167198068
2.713032243353872	1.9800958388346408	0.7190363001819917	0.7452953167198068
2.715605153259288	1.9819458626930964	0.7190448999694142	0.7452953167198068
2.718178063164704	1.9837959086637027	0.7190535075430962	0.7452953167198068
2.7207509730701207	1.9856459767667887	0.7190621229034068	0.7452953167198068
2.7233238829755364	1.9874960670226833	0.7190707460507155	0.7452953167198068
2.7258967928809525	1.989346179451717	0.7190793769853917	0.7452953167198068
2.7284697027863682	1.9911963140742182	0.7190880157078046	0.7452953167198068
2.7310426126917844	1.9930464709105171	0.7190966622183237	0.7452953167198068
2.7336155225972005	1.9948966499809424	0.7191053165173183	0.7452953167198068
2.7361884325026162	1.9967468513058233	0.7191139786051577	0.7452953167198068
2.7387613424080324	1.99859707490549	0.7191226484822114	0.7452953167198068
2.741334252313448	2.0004473208002707	0.7191313261488486	0.7452953167198068
2.7439071622188647	2.002297589010496	0.7191400116054386	0.7452953167198068
2.746480072124281	2.004147879556494	0.7191487048523509	0.7452953167198068
2.7490529820296965	2.005998192458595	0.7191574058899548	0.7452953167198068
2.7516258919351126	2.007848527737128	0.7191661147186197	0.7452953167198068
2.7541988018405283	2.009698885412422	0.7191748313387148	0.7452953167198068
2.7567717117459445	2.0115492655048066	0.7191835557506097	0.7452953167198068
2.7593446216513606	2.0133996680346113	0.7191922879546734	0.7452953167198068
2.7619175315567763	2.0152500930221655	0.7192010279512756	0.7452953167198068
2.7644904414621925	2.017100540487798	0.7192097757407854	0.7452953167198068
2.7670633513676086	2.018951010451839	0.7192185313235723	0.7452953167198068
2.7696362612730248	2.0208015029346176	0.7192272947000056	0.7452953167198068
2.772209171178441	2.0226520179564624	0.7192360658704546	0.7452953167198068
2.7747820810838566	2.0245025555377034	0.7192448448352888	0.7452953167198068
2.7773549909892727	2.02635311569867	0.7192536315948774	0.7452953167198068
2.7799279008946884	2.028203698459691	0.7192624261495898	0.7452953167198068
2.7825008108001046	2.0300543038410965	0.7192712284997954	0.7452953167198068
2.7850737207055207	2.0319049318632154	0.7192800386458634	0.7452953167198068
2.7876466306109364	2.0337555825463767	0.7192888565881633	0.7452953167198068
2.790219540516353	2.0356062559109103	0.7192976823270645	0.7452953167198068
2.7927924504217687	2.0374569519771453	0.7193065158629361	0.7452953167198068
2.795365360327185	2.039307670765411	0.7193153571961477	0.7452953167198068
2.797938270232601	2.0411584122960376	0.7193242063270685	0.7452953167198068
2.8005111801380167	2.043009176589353	0.7193330632560679	0.7452953167198068
2.803084090043433	2.044859963665688	0.7193419279835154	0.7452953167198068
2.8056569999488485	2.04671077354537	0.7193508005097801	0.7452953167198068
2.8082299098542647	2.0485616062487306	0.7193596808352314	0.7452953167198068
2.8108028197596813	2.050412461796098	0.7193685689602388	0.7452953167198068
2.813375729665097	2.052263340207801	0.7193774648851715	0.7452953167198068
2.815948639570513	2.0541142415041698	0.719386368610399	0.7452953167198068
2.818521549475929	2.0559651657055333	0.7193952801362904	0.7452953167198068
2.821094459381345	2.0578161128322217	0.7194041994632153	0.7452953167198068
2.823667369286761	2.059667082904564	0.719413126591543	0.7452953167198068
2.826240279192177	2.061518075942888	0.7194220615216428	0.7452953167198068
2.828813189097593	2.063369091967525	0.7194310042538841	0.7452953167198068
2.8313860990030086	2.0652201309988034	0.7194399547886361	0.7452953167198068
2.833959008908425	2.067071193057053	0.7194489131262682	0.7452953167198068
2.8365319188138414	2.068922278162603	0.71945787926715	0.7452953167198068
2.8391048287192575	2.070773386335783	0.7194668532116506	0.7452953167198068
2.841677738624673	2.072624517596921	0.7194758349601394	0.7452953167198068
2.844250648530089	2.074475671966348	0.7194848245129858	0.7452953167198068
2.846823558435505	2.0763268494643925	0.7194938218705591	0.7452953167198068
2.849396468340921	2.0781780501113842	0.7195028270332287	0.7452953167198068
2.8519693782463373	2.0800292739276522	0.7195118400013638	0.7452953167198068
2.854542288151753	2.0818805209335256	0.719520860775334	0.7452953167198068
2.8571151980571696	2.0837317911493347	0.7195298893555083	0.7452953167198068
2.8596881079625853	2.0855830845954078	0.7195389257422564	0.7452953167198068
2.8622610178680015	2.0874344012920747	0.7195479699359476	0.7452953167198068
2.8648339277734176	2.089285741259665	0.7195570219369511	0.7452953167198068
2.8674068376788333	2.0911371045185074	0.7195660817456363	0.7452953167198068
2.8699797475842495	2.092988491088932	0.7195751493623727	0.7452953167198068
2.872552657489665	2.0948399009912673	0.7195842247875294	0.7452953167198068
2.8751255673950813	2.0966913342458433	0.7195933080214758	0.7452953167198068
2.8776984773004974	2.098542790872989	0.7196023990645815	0.7452953167198068
2.8802713872059136	2.100394270893034	0.7196114979172155	0.7452953167198068
2.8828442971113297	2.1022457743263074	0.7196206045797474	0.7452953167198068
2.8854172070167454	2.1040973011931383	0.7196297190525465	0.7452953167198068
2.8879901169221616	2.1059488515138574	0.7196388413359821	0.7452953167198068
2.8905630268275777	2.1078004253087923	0.7196479714304235	0.7452953167198068
2.8931359367329934	2.109652022598273	0.7196571093362402	0.7452953167198068
2.8957088466384096	2.1115036434026297	0.7196662550538014	0.7452953167198068
2.8982817565438252	2.11335528774219	0.7196754085834767	0.7452953167198068
2.9008546664492414	2.115206955637285	0.7196845699256351	0.7452953167198068
2.903427576354658	2.117058647108243	0.7196937390806463	0.7452953167198068
2.9060004862600737	2.1189103621753933	0.7197029160488793	0.7452953167198068
2.90857339616549	2.120762100859066	0.7197121008307037	0.7452953167198068
2.9111463060709055	2.1226138631795894	0.7197212934264887	0.7452953167198068
2.9137192159763217	2.124465649157294	0.7197304938366038	0.7452953167198068
2.916292125881738	2.1263174588125087	0.7197397020614184	0.7452953167198068
2.9188650357871535	2.128169292165562	0.7197489181013016	0.7452953167198068
2.9214379456925696	2.130021149236785	0.7197581419566228	0.7452953167198068
2.9240108555979853	2.131873030046505	0.7197673736277516	0.7452953167198068
2.926583765503402	2.133724934615053	0.719776613115057	0.7452953167198068
2.929156675408818	2.1355768629627576	0.7197858604189087	0.7452953167198068
2.9317295853142338	2.137428815109948	0.7197951155396758	0.7452953167198068
2.93430249521965	2.1392807910769536	0.7198043784777277	0.7452953167198068
2.9368754051250656	2.1411327908841042	0.7198136492334338	0.7452953167198068
2.9394483150304818	2.1429848145517294	0.7198229278071635	0.7452953167198068
2.942021224935898	2.1448368621001577	0.7198322141992861	0.7452953167198068
2.9445941348413136	2.1466889335497186	0.7198415084101708	0.7452953167198068
2.9471670447467297	2.148541028920741	0.7198508104401872	0.7452953167198068
2.949739954652146	2.150393148233556	0.7198601202897045	0.7452953167198068
2.952312864557562	2.1522452915084913	0.7198694379590921	0.7452953167198068
2.954885774462978	2.154097458765877	0.7198787634487193	0.7452953167198068
2.957458684368394	2.1559496500260416	0.7198880967589555	0.7452953167198068
2.96003159427381	2.1578018653093154	0.71989743789017	0.7452953167198068
2.9626045041792257	2.159654104636027	0.7199067868427322	0.7452953167198068
2.965177414084642	2.1615063680265068	0.7199161436170115	0.7452953167198068
2.967750323990058	2.1633586555010833	0.7199255082133772	0.7452953167198068
2.9703232338954737	2.1652109670800854	0.7199348806321986	0.7452953167198068
2.9728961438008903	2.167063302783844	0.7199442608738451	0.7452953167198068
2.975469053706306	2.1689156626326866	0.719953648938686	0.7452953167198068
2.978041963611722	2.170768046646944	0.7199630448270907	0.7452953167198068
2.9806148735171383	2.1726204548469448	0.7199724485394285	0.7452953167198068
2.9831877834225544	2.1744728872530183	0.7199818600760689	0.7452953167198068
2.98576069332797	2.1763253438854946	0.7199912794373811	0.7452953167198068
2.988333603233386	2.1781778247647017	0.7200007066237345	0.7452953167198068
2.990906513138802	2.1800303299109705	0.7200101416354984	0.7452953167198068
2.9934794230442185	2.1818828593446296	0.7200195844730423	0.7452953167198068
2.9960523329496347	2.183735413086008	0.7200290351367353	0.7452953167198068
2.9986252428550504	2.1855879911554354	0.7200384936269469	0.7452953167198068
3.0011981527604665	2.1874405935732417	0.7200479599440466	0.7452953167198068
3.0037710626658822	2.1892932203597546	0.7200574340884034	0.7452953167198068
3.0063439725712984	2.1911458715353054	0.720066916060387	0.7452953167198068
3.0089168824767145	2.1929985471202222	0.7200764058603665	0.7452953167198068
3.01148979238213	2.1948512471348347	0.7200859034887114	0.7452953167198068
3.0140627022875464	2.1967039715994723	0.7200954089457909	0.7452953167198068
3.016635612192962	2.1985567205344645	0.7201049222319746	0.7452953167198068
3.0192085220983786	2.2004094939601404	0.7201144433476316	0.7452953167198068
3.021781432003795	2.2022622918968295	0.7201239722931314	0.7452953167198068
3.0243543419092105	2.2041151143648605	0.7201335090688433	0.7452953167198068
3.0269272518146266	2.2059679613845637	0.7201430536751366	0.7452953167198068
3.0295001617200423	2.2078208329762674	0.7201526061123807	0.7452953167198068
3.0320730716254585	2.2096737291603024	0.720162166380945	0.7452953167198068
3.0346459815308746	2.211526649956997	0.7201717344811989	0.7452953167198068
3.0372188914362903	2.2133795953866806	0.7201813104135114	0.7452953167198068
3.039791801341707	2.215232565469683	0.7201908941782523	0.7452953167198068
3.0423647112471226	2.2170855602263324	0.7202004857757907	0.7452953167198068
3.0449376211525387	2.21893857967696	0.720210085206496	0.7452953167198068
3.047510531057955	2.2207916238418934	0.7202196924707375	0.7452953167198068
3.0500834409633706	2.2226446927414627	0.7202293075688847	0.7452953167198068
3.0526563508687867	2.2244977863959976	0.7202389305013067	0.7452953167198068
3.0552292607742024	2.2263509048258268	0.7202485612683732	0.7452953167198068
3.0578021706796186	2.22820404805128	0.7202581998704533	0.7452953167198068
3.0603750805850347	2.2300572160926864	0.7202678463079163	0.7452953167198068
3.0629479904904504	2.2319104089703754	0.7202775005811317	0.7452953167198068
3.065520900395867	2.2337636267046763	0.7202871626904689	0.7452953167198068
3.0680938103012827	2.235616869315918	0.7202968326362971	0.7452953167198068
3.070666720206699	2.2374701368244314	0.7203065104189856	0.7452953167198068
3.073239630112115	2.239323429250544	0.7203161960389041	0.7452953167198068
3.075812540017531	2.2411767466145864	0.7203258894964215	0.7452953167198068
3.078385449922947	2.2430300889368873	0.7203355907919075	0.7452953167198068
3.0809583598283625	2.2448834562377757	0.7203452999257312	0.7452953167198068
3.0835312697337787	2.246736848537582	0.7203550168982621	0.7452953167198068
3.0861041796391953	2.248590265856635	0.7203647417098695	0.7452953167198068
3.0886770895446114	2.250443708215264	0.7203744743609228	0.7452953167198068
3.091249999450027	2.2522971756337977	0.7203842148517913	0.7452953167198068
3.093822909355443	2.2541506681325663	0.7203939631828443	0.7452953167198068
3.096395819260859	2.2560041857318995	0.7204037193544512	0.7452953167198068
3.098968729166275	2.257857728452126	0.7204134833669815	0.7452953167198068
3.1015416390716912	2.2597112963135753	0.7204232552208044	0.7452953167198068
3.104114548977107	2.2615648893365763	0.7204330349162892	0.7452953167198068
3.1066874588825226	2.2634185075414583	0.7204428224538053	0.7452953167198068
3.109260368787939	2.2652721509485523	0.720452617833722	0.7452953167198068
3.1118332786933554	2.267125819578186	0.7204624210564089	0.7452953167198068
3.1144061885987715	2.268979513450689	0.7204722321222351	0.7452953167198068
3.116979098504187	2.2708332325863907	0.7204820510315699	0.7452953167198068
3.119552008409603	2.2726869770056206	0.720491877784783	0.7452953167198068
3.122124918315019	2.2745407467287078	0.7205017123822433	0.7452953167198068
3.124697828220435	2.276394541775982	0.7205115548243204	0.7452953167198068
3.1272707381258513	2.2782483621677727	0.7205214051113837	0.7452953167198068
3.129843648031267	2.2801022079244087	0.7205312632438025	0.7452953167198068
3.1324165579366827	2.2819560790662194	0.720541129221946	0.7452953167198068
3.1349894678420993	2.2838099756135346	0.7205510030461837	0.7452953167198068
3.1375623777475155	2.2856638975866836	0.720560884716885	0.7452953167198068
3.1401352876529316	2.287517845005995	0.7205707742344191	0.7452953167198068
3.1427081975583473	2.2893718178917988	0.7205806715991554	0.7452953167198068
3.145281107463763	2.291225816264424	0.7205905768114633	0.7452953167198068
3.147854017369179	2.2930798401442005	0.7206004898717122	0.7452953167198068
3.1504269272745953	2.294933889551457	0.7206104107802713	0.7452953167198068
3.152999837180012	2.2967879645065237	0.72062033953751	0.7452953167198068
3.1555727470854276	2.2986420650297283	0.7206302761437977	0.7452953167198068
3.1581456569908433	2.300496191141402	0.7206402205995038	0.7452953167198068
3.1607185668962594	2.3023503428618732	0.7206501729049974	0.7452953167198068
3.1632914768016756	2.3042045202114716	0.7206601330606482	0.7452953167198068
3.1658643867070917	2.3060587232105263	0.7206701010668254	0.7452953167198068
3.1684372966125074	2.3079129518793664	0.7206800769238982	0.7452953167198068
3.171010206517923	2.3097672062383214	0.7206900606322361	0.7452953167198068
3.1735831164233392	2.311621486307721	0.7207000521922085	0.7452953167198068
3.1761560263287554	2.313475792107895	0.7207100516041846	0.7452953167198068
3.178728936234172	2.3153301236591712	0.7207200588685339	0.7452953167198068
3.1813018461395877	2.31718448098188	0.7207300739856256	0.7452953167198068
3.183874756045004	2.3190388640963504	0.7207400969558292	0.7452953167198068
3.1864476659504195	2.3208932730229117	0.7207501277795139	0.7452953167198068
3.1890205758558356	2.322747707781894	0.7207601664570492	0.7452953167198068
3.191593485761252	2.324602168393626	0.7207702129888044	0.7452953167198068
3.1941663956666675	2.326456654878437	0.7207802673751488	0.7452953167198068
3.1967393055720836	2.3283111672566568	0.7207903296164517	0.7452953167198068
3.1993122154774993	2.330165705548614	0.7208003997130826	0.7452953167198068
3.201885125382916	2.332020269774638	0.7208104776654108	0.7452953167198068
3.204458035288332	2.33387485995506	0.7208205634738056	0.7452953167198068
3.2070309451937478	2.335729476110206	0.7208306571386365	0.7452953167198068
3.209603855099164	2.3375841182604082	0.7208407586602726	0.7452953167198068
3.2121767650045796	2.339438786425995	0.7208508680390835	0.7452953167198068
3.2147496749099957	2.341293480627295	0.7208609852754383	0.7452953167198068
3.217322584815412	2.343148200884639	0.7208711103697065	0.7452953167198068
3.219895494720828	2.3450029472183553	0.7208812433222576	0.7452953167198068
3.222468404626244	2.3468577196487734	0.7208913841334607	0.7452953167198068
3.22504131453166	2.3487125181962227	0.7209015328036852	0.7452953167198068
3.227614224437076	2.3505673428810328	0.7209116893333005	0.7452953167198068
3.230187134342492	2.3524221937235326	0.7209218537226759	0.7452953167198068
3.2327600442479083	2.354277070744052	0.7209320259721809	0.7452953167198068
3.235332954153324	2.3561319739629196	0.7209422060821846	0.7452953167198068
3.2379058640587397	2.357986903400465	0.7209523940530567	0.7452953167198068
3.240478773964156	2.3598418590770187	0.7209625898851661	0.7452953167198068
3.243051683869572	2.3616968410129084	0.7209727935788826	0.7452953167198068
3.2456245937749886	2.3635518492284646	0.7209830051345751	0.7452953167198068
3.2481975036804043	2.3654068837440154	0.7209932245526134	0.7452953167198068
3.25077041358582	2.367261944579891	0.7210034518333666	0.7452953167198068
3.253343323491236	2.369117031756421	0.721013686977204	0.7452953167198068
3.2559162333966523	2.3709721452939343	0.7210239299844952	0.7452953167198068
3.2584891433020684	2.3728272852127605	0.7210341808556093	0.7452953167198068
3.261062053207484	2.3746824515332285	0.7210444395909158	0.7452953167198068
3.2636349631129	2.376537644275668	0.7210547061907839	0.7452953167198068
3.266207873018316	2.3783928634604083	0.7210649806555831	0.7452953167198068
3.2687807829237325	2.3802481091077787	0.7210752629856827	0.7452953167198068
3.2713536928291487	2.3821033812381085	0.7210855531814521	0.7452953167198068
3.2739266027345644	2.383958679871727	0.7210958512432605	0.7452953167198068
3.27649951263998	2.385814005028964	0.7211061571714774	0.7452953167198068
3.279072422545396	2.387669356730148	0.7211164709664721	0.7452953167198068
3.2816453324508124	2.389524734995609	0.7211267926286139	0.7452953167198068
3.2842182423562285	2.391380139845676	0.7211371221582723	0.7452953167198068
3.286791152261644	2.393235571300679	0.7211474595558165	0.7452953167198068
3.28936406216706	2.3950910293809464	0.7211578048216158	0.7452953167198068
3.291936972072476	2.396946514106808	0.7211681579560398	0.7452953167198068
3.2945098819778926	2.3988020254985933	0.7211785189594576	0.7452953167198068
3.2970827918833088	2.400657563576632	0.7211888878322388	0.7452953167198068
3.2996557017887245	2.402513128361252	0.7211992645747525	0.7452953167198068
3.30222861169414	2.4043687198727834	0.7212096491873681	0.7452953167198068
3.3048015215995563	2.406224338131557	0.7212200416704551	0.7452953167198068
3.3073744315049725	2.4080799831579	0.7212304420243827	0.7452953167198068
3.3099473414103886	2.409935654972143	0.7212408502495202	0.7452953167198068
3.3125202513158043	2.4117913535946145	0.7212512663462373	0.7452953167198068
3.315093161221221	2.413647079045645	0.721261690314903	0.7452953167198068
3.3176660711266366	2.4155028313455618	0.7212721221558867	0.7452953167198068
3.3202389810320527	2.4173586105146967	0.7212825618695577	0.7452953167198068
3.322811890937469	2.4192144165733778	0.7212930094562857	0.7452953167198068
3.3253848008428846	2.421070249541934	0.7213034649164397	0.7452953167198068
3.3279577107483007	2.422926109440696	0.7213139282503892	0.7452953167198068
3.3305306206537164	2.4247819962899917	0.7213243994585035	0.7452953167198068
3.3331035305591326	2.426637910110151	0.7213348785411519	0.7452953167198068
3.3356764404645487	2.4284938509215044	0.7213453654987038	0.7452953167198068
3.338249350369965	2.430349818744379	0.7213558603315287	0.7452953167198068
3.340822260275381	2.432205813599106	0.7213663630399956	0.7452953167198068
3.3433951701807967	2.434061835506014	0.7213768736244742	0.7452953167198068
3.345968080086213	2.4359178844854323	0.7213873920853336	0.7452953167198068
3.348540989991629	2.4377739605576907	0.7213979184229434	0.7452953167198068
3.351113899897045	2.4396300637431176	0.7214084526376727	0.7452953167198068
3.353686809802461	2.441486194062043	0.7214189947298911	0.7452953167198068
3.3562597197078765	2.4433423515347967	0.7214295446999677	0.7452953167198068
3.3588326296132927	2.4451985361817075	0.7214401025482721	0.7452953167198068
3.3614055395187092	2.4470547480231044	0.7214506682751733	0.7452953167198068
3.3639784494241254	2.4489109870793175	0.721461241881041	0.7452953167198068
3.366551359329541	2.4507672533706755	0.7214718233662444	0.7452953167198068
3.369124269234957	2.4526235469175077	0.7214824127311529	0.7452953167198068
3.371697179140373	2.4544798677401443	0.7214930099761357	0.7452953167198068
3.374270089045789	2.456336215858914	0.7215036151015624	0.7452953167198068
3.376842998951205	2.4581925912941465	0.7215142281078022	0.7452953167198068
3.379415908856621	2.4600489940661703	0.7215248489952244	0.7452953167198068
3.3819888187620366	2.461905424195315	0.7215354777641985	0.7452953167198068
3.384561728667453	2.4637618817019113	0.7215461144150936	0.7452953167198068
3.3871346385728693	2.4656183666062876	0.7215567589482794	0.7452953167198068
3.3897075484782855	2.4674748789287726	0.721567411364125	0.7452953167198068
3.392280458383701	2.469331418689696	0.7215780716629998	0.7452953167198068
3.394853368289117	2.4711879859093875	0.7215887398452733	0.7452953167198068
3.397426278194533	2.4730445806081764	0.7215994159113146	0.7452953167198068
3.399999188099949	2.4749012028063926	0.7216100998614932	0.7452953167198068
3.4025720980053653	2.476757852524364	0.7216207916961784	0.7452953167198068
3.405145007910781	2.478614529782421	0.7216314914157396	0.7452953167198068
3.407717917816197	2.480471234600892	0.721642199020546	0.7452953167198068
3.4102908277216133	2.482327967000108	0.7216529145109672	0.7452953167198068
3.4128637376270294	2.484184727000397	0.7216636378873725	0.7452953167198068
3.4154366475324456	2.486041514622089	0.7216743691501311	0.7452953167198068
3.4180095574378613	2.487898329885512	0.7216851082996124	0.7452953167198068
3.420582467343277	2.4897551728109972	0.7216958553361857	0.7452953167198068
3.423155377248693	2.4916120434188733	0.7217066102602206	0.7452953167198068
3.4257282871541093	2.4934689417294695	0.7217173730720862	0.7452953167198068
3.428301197059526	2.495325867763115	0.7217281437721519	0.7452953167198068
3.4308741069649416	2.4971828215401386	0.7217389223607871	0.7452953167198068
3.4334470168703572	2.499039803080871	0.7217497088383611	0.7452953167198068
3.4360199267757734	2.5008968124056405	0.7217605032052433	0.7452953167198068
3.4385928366811895	2.502753849534777	0.7217713054618031	0.7452953167198068
3.4411657465866057	2.5046109144886097	0.7217821156084097	0.7452953167198068
3.4437386564920214	2.506468007287468	0.7217929336454325	0.7452953167198068
3.446311566397437	2.5083251279516805	0.7218037595732409	0.7452953167198068
3.448884476302853	2.510182276501578	0.7218145933922043	0.7452953167198068
3.45145738620827	2.512039452957489	0.721825435102692	0.7452953167198068
3.454030296113686	2.5138966573397425	0.7218362847050732	0.7452953167198068
3.4566032060191016	2.5157538896686678	0.7218471421997175	0.7452953167198068
3.459176115924518	2.5176111499645955	0.7218580075869941	0.7452953167198068
3.4617490258299335	2.5194684382478534	0.7218688808672724	0.7452953167198068
3.4643219357353496	2.521325754538772	0.7218797620409217	0.7452953167198068
3.4668948456407658	2.52318309885768	0.7218906511083114	0.7452953167198068
3.4694677555461815	2.525040471224907	0.7219015480698108	0.7452953167198068
3.4720406654515976	2.526897871660782	0.7219124529257893	0.7452953167198068
3.4746135753570133	2.528755300185635	0.7219233656766163	0.7452953167198068
3.47718648526243	2.530612756819795	0.721934286322661	0.7452953167198068
3.479759395167846	2.532470241583591	0.721945214864293	0.7452953167198068
3.4823323050732617	2.5343277544973524	0.7219561513018813	0.7452953167198068
3.484905214978678	2.5361852955814093	0.7219670956357955	0.7452953167198068
3.4874781248840936	2.5380428648560898	0.7219780478664048	0.7452953167198068
3.4900510347895097	2.539900462341725	0.7219890079940788	0.7452953167198068
3.492623944694926	2.541758088058643	0.7219999760191866	0.7452953167198068
3.4951968546003425	2.543615742027173	0.7220109519420977	0.7452953167198068
3.497769764505758	2.5454734242676444	0.7220219357631814	0.7452953167198068
3.500342674411174	2.5473311348003875	0.722032927482807	0.7452953167198068
3.50291558431659	2.549188873645731	0.7220439271013439	0.7452953167198068
3.505488494222006	2.551046640824004	0.7220549346191614	0.7452953167198068
3.5080614041274223	2.5529044363555364	0.7220659500366289	0.7452953167198068
3.510634314032838	2.554762260260657	0.7220769733541158	0.7452953167198068
3.5132072239382537	2.5566201125596946	0.7220880045719913	0.7452953167198068
3.51578013384367	2.55847799327298	0.7220990436906249	0.7452953167198068
3.518353043749086	2.5603359024208423	0.722110090710386	0.7452953167198068
3.5209259536545026	2.5621938400236104	0.7221211456316438	0.7452953167198068
3.5234988635599183	2.564051806101613	0.7221322084547676	0.7452953167198068
3.526071773465334	2.56590980067518	0.7221432791801269	0.7452953167198068
3.52864468337075	2.5677678237646413	0.7221543578080909	0.7452953167198068
3.5312175932761662	2.569625875390326	0.7221654443390292	0.7452953167198068
3.5337905031815824	2.571483955572563	0.7221765387733109	0.7452953167198068
3.536363413086998	2.5733420643316816	0.7221876411113055	0.7452953167198068
3.538936322992414	2.5752002016880113	0.7221987513533823	0.7452953167198068
3.54150923289783	2.5770583676618823	0.7222098694999106	0.7452953167198068
3.5440821428032465	2.5789165622736228	0.7222209955512598	0.7452953167198068
3.5466550527086627	2.5807747855435625	0.7222321295077994	0.7452953167198068
3.5492279626140784	2.5826330374920308	0.7222432713698984	0.7452953167198068
3.551800872519494	2.5844913181393565	0.7222544211379265	0.7452953167198068
3.55437378242491	2.58634962750587	0.7222655788122527	0.7452953167198068
3.5569466923303263	2.5882079656119004	0.7222767443932467	0.7452953167198068
3.5595196022357425	2.5900663324777766	0.7222879178812778	0.7452953167198068
3.562092512141158	2.5919247281238276	0.7222990992767151	0.7452953167198068
3.564665422046574	2.593783152570384	0.7223102885799282	0.7452953167198068
3.5672383319519905	2.5956416058377743	0.7223214857912863	0.7452953167198068
3.5698112418574066	2.5975000879463277	0.7223326909111588	0.7452953167198068
3.5723841517628228	2.599358598916374	0.722343903939915	0.7452953167198068
3.5749570616682385	2.6012171387682415	0.7223551248779244	0.7452953167198068
3.577529971573654	2.603075707522261	0.7223663537255562	0.7452953167198068
3.5801028814790703	2.6049343051987615	0.7223775904831798	0.7452953167198068
3.5826757913844864	2.6067929318180716	0.7223888351511647	0.7452953167198068
3.5852487012899026	2.608651587400521	0.72240008772988	0.7452953167198068
3.5878216111953183	2.6105102719664393	0.7224113482196951	0.7452953167198068
3.590394521100735	2.6123689855361563	0.7224226166209795	0.7452953167198068
3.5929674310061506	2.6142277281299995	0.7224338929341024	0.7452953167198068
3.5955403409115667	2.6160864997683007	0.7224451771594332	0.7452953167198068
3.598113250816983	2.617945300471388	0.7224564692973413	0.7452953167198068
3.6006861607223986	2.61980413025959	0.722467769348196	0.7452953167198068
3.6032590706278147	2.6216629891532373	0.7224790773123667	0.7452953167198068
3.6058319805332304	2.6235218771726583	0.7224903931902227	0.7452953167198068
3.6084048904386465	2.6253807943381826	0.7225017169821334	0.7452953167198068
3.610977800344063	2.6272397406701407	0.722513048688468	0.7452953167198068
3.613550710249479	2.6290987161888606	0.722524388309596	0.7452953167198068
3.616123620154895	2.6309577209146724	0.7225357358458868	0.7452953167198068
3.6186965300603107	2.632816754867904	0.7225470912977096	0.7452953167198068
3.621269439965727	2.6346758180688865	0.7225584546654338	0.7452953167198068
3.623842349871143	2.6365349105379488	0.7225698259494288	0.7452953167198068
3.626415259776559	2.6383940322954196	0.7225812051500639	0.7452953167198068
3.628988169681975	2.640253183361629	0.7225925922677084	0.7452953167198068
3.6315610795873905	2.6421123637569055	0.7226039873027318	0.7452953167198068
3.6341339894928066	2.643971573501579	0.7226153902555034	0.7452953167198068
3.6367068993982232	2.645830812615979	0.7226268011263924	0.7452953167198068
3.6392798093036394	2.647690081120435	0.7226382199157684	0.7452953167198068
3.641852719209055	2.649549379035275	0.7226496466240006	0.7452953167198068
3.6444256291144708	2.6514087063808303	0.7226610812514582	0.7452953167198068
3.646998539019887	2.653268063177429	0.7226725237985109	0.7452953167198068
3.649571448925303	2.6551274494454002	0.7226839742655278	0.7452953167198068
3.652144358830719	2.6569868652050745	0.7226954326528783	0.7452953167198068
3.654717268736135	2.65884631047678	0.7227068989609319	0.7452953167198068
3.6572901786415506	2.6607057852808467	0.7227183731900576	0.7452953167198068
3.659863088546967	2.6625652896376035	0.7227298553406252	0.7452953167198068
3.6624359984523833	2.664424823567381	0.7227413454130037	0.7452953167198068
3.6650089083577995	2.6662843870905064	0.7227528434075625	0.7452953167198068
3.667581818263215	2.66814398022731	0.7227643493246712	0.7452953167198068
3.670154728168631	2.670003602998122	0.7227758631646989	0.7452953167198068
3.672727638074047	2.671863255423271	0.722787384928015	0.7452953167198068
3.675300547979463	2.6737229375230873	0.7227989146149889	0.7452953167198068
3.6778734578848793	2.6755826493178985	0.7228104522259899	0.7452953167198068
3.6804463677902954	2.677442390828035	0.7228219977613874	0.7452953167198068
3.683019277695711	2.6793021620738253	0.7228335512215507	0.7452953167198068
3.6855921876011273	2.6811619630756	0.7228451126068492	0.7452953167198068
3.6881650975065434	2.6830217938536878	0.7228566819176523	0.7452953167198068
3.6907380074119596	2.684881654428419	0.7228682591543292	0.7452953167198068
3.6933109173173753	2.686741544820121	0.7228798443172493	0.7452953167198068
3.695883827222791	2.688601465049124	0.7228914374067821	0.7452953167198068
3.698456737128207	2.6904614151357578	0.7229030384232967	0.7452953167198068
3.7010296470336232	2.692321395100352	0.7229146473671626	0.7452953167198068
3.70360255693904	2.694181404963235	0.7229262642387492	0.7452953167198068
3.7061754668444555	2.6960414447447367	0.7229378890384257	0.7452953167198068
3.7087483767498712	2.697901514465186	0.7229495217665616	0.7452953167198068
3.7113212866552874	2.6997616141449132	0.7229611624235261	0.7452953167198068
3.7138941965607035	2.701621743804246	0.7229728110096887	0.7452953167198068
3.7164671064661197	2.7034819034635156	0.7229844675254187	0.7452953167198068
3.7190400163715354	2.7053420931430505	0.7229961319710854	0.7452953167198068
3.721612926276951	2.7072023128631795	0.7230078043470581	0.7452953167198068
3.724185836182367	2.709062562644233	0.7230194846537064	0.7452953167198068
3.726758746087784	2.7109228425065397	0.7230311728913994	0.7452953167198068
3.7293316559932	2.712783152470429	0.7230428690605065	0.7452953167198068
3.7319045658986156	2.7146434925562297	0.7230545731613972	0.7452953167198068
3.7344774758040318	2.716503862784273	0.7230662851944407	0.7452953167198068
3.7370503857094475	2.7183642631748857	0.7230780051600063	0.7452953167198068
3.7396232956148636	2.720224693748399	0.7230897330584635	0.7452953167198068
3.7421962055202798	2.7220851545251423	0.7231014688901816	0.7452953167198068
3.7447691154256955	2.7239456455254434	0.72311321265553	0.7452953167198068
3.7473420253311116	2.725806166769633	0.7231249643548778	0.7452953167198068
3.7499149352365277	2.72766671827804	0.7231367239885946	0.7452953167198068
3.752487845141944	2.729527300070994	0.7231484915570499	0.7452953167198068
3.75506075504736	2.731387912168824	0.7231602670606126	0.7452953167198068
3.7576336649527757	2.7332485545918583	0.7231720504996524	0.7452953167198068
3.760206574858192	2.7351092273604287	0.7231838418745384	0.7452953167198068
3.7627794847636076	2.7369699304948627	0.7231956411856403	0.7452953167198068
3.7653523946690237	2.7388306640154907	0.7232074484333272	0.7452953167198068
3.76792530457444	2.7406914279426413	0.7232192636179684	0.7452953167198068
3.7704982144798564	2.742552222296644	0.7232310867399334	0.7452953167198068
3.773071124385272	2.7444130470978276	0.7232429177995915	0.7452953167198068
3.775644034290688	2.746273902366523	0.723254756797312	0.7452953167198068
3.778216944196104	2.7481347881230582	0.7232666037334643	0.7452953167198068
3.78078985410152	2.749995704387763	0.7232784586084178	0.7452953167198068
3.7833627640069363	2.751856651180967	0.7232903214225418	0.7452953167198068
3.785935673912352	2.753717628522999	0.7233021921762055	0.7452953167198068
3.7885085838177677	2.755578636434188	0.7233140708697786	0.7452953167198068
3.791081493723184	2.757439674934864	0.7233259575036302	0.7452953167198068
3.7936544036286004	2.7593007440453574	0.7233378520781296	0.7452953167198068
3.7962273135340165	2.7611618437859953	0.7233497545936463	0.7452953167198068
3.7988002234394322	2.7630229741771086	0.7233616650505496	0.7452953167198068
3.801373133344848	2.7648841352390257	0.7233735834492089	0.7452953167198068
3.803946043250264	2.766745326992077	0.7233855097899934	0.7452953167198068
3.8065189531556802	2.7686065494565915	0.7233974440732726	0.7452953167198068
3.8090918630610964	2.770467802652898	0.7234093862994158	0.7452953167198068
3.811664772966512	2.7723290866013257	0.7234213364687924	0.7452953167198068
3.8142376828719278	2.7741904013222047	0.7234332945817716	0.7452953167198068
3.816810592777344	2.776051746835864	0.7234452606387229	0.7452953167198068
3.8193835026827605	2.7779131231626337	0.7234572346400157	0.7452953167198068
3.8219564125881766	2.779774530322842	0.7234692165860191	0.7452953167198068
3.8245293224935923	2.7816359683368184	0.7234812064771027	0.7452953167198068
3.827102232399008	2.7834974372248924	0.7234932043136357	0.7452953167198068
3.829675142304424	2.785358937007394	0.7235052100959876	0.7452953167198068
3.8322480522098403	2.7872204677046524	0.7235172238245275	0.7452953167198068
3.8348209621152565	2.789082029336996	0.723529245499625	0.7452953167198068
3.837393872020672	2.790943621924754	0.7235412751216493	0.7452953167198068
3.839966781926088	2.7928052454882577	0.7235533126909699	0.7452953167198068
3.8425396918315045	2.794666900047835	0.7235653582079561	0.7452953167198068
3.8451126017369206	2.7965285856238147	0.7235774116729771	0.7452953167198068
3.8476855116423367	2.7983903022365277	0.7235894730864024	0.7452953167198068
3.8502584215477524	2.8002520499063017	0.7236015424486013	0.7452953167198068
3.852831331453168	2.802113828653467	0.7236136197599431	0.7452953167198068
3.8554042413585843	2.803975638498353	0.7236257050207973	0.7452953167198068
3.8579771512640004	2.8058374794612897	0.7236377982315332	0.7452953167198068
3.8605500611694166	2.8076993515626048	0.72364989939252	0.7452953167198068
3.8631229710748323	2.8095612548226283	0.7236620085041272	0.7452953167198068
3.8656958809802484	2.8114231892616894	0.7236741255667241	0.7452953167198068
3.8682687908856646	2.813285154900119	0.72368625058068	0.7452953167198068
3.8708417007910807	2.8151471517582443	0.7236983835463644	0.7452953167198068
3.873414610696497	2.817009179856396	0.7237105244641466	0.7452953167198068
3.8759875206019125	2.8188712392149022	0.7237226733343959	0.7452953167198068
3.8785604305073287	2.820733329854094	0.7237348301574816	0.7452953167198068
3.8811333404127444	2.8225954517942986	0.7237469949337731	0.7452953167198068
3.8837062503181605	2.824457605055847	0.7237591676636398	0.7452953167198068
3.886279160223577	2.8263197896590686	0.723771348347451	0.7452953167198068
3.888852070128993	2.8281820056242917	0.7237835369855762	0.7452953167198068
3.891424980034409	2.830044252971846	0.7237957335783844	0.7452953167198068
3.8939978899398247	2.831906531722061	0.7238079381262453	0.7452953167198068
3.896570799845241	2.8337688418952665	0.7238201506295282	0.7452953167198068
3.899143709750657	2.8356311835117913	0.7238323710886022	0.7452953167198068
3.9017166196560726	2.8374935565919643	0.723844599503837	0.7452953167198068
3.904289529561489	2.839355961156116	0.7238568358756016	0.7452953167198068
3.9068624394669045	2.8412183972245746	0.7238690802042655	0.7452953167198068
3.909435349372321	2.8430808648176695	0.7238813324901981	0.7452953167198068
3.912008259277737	2.8449433639557316	0.7238935927337689	0.7452953167198068
3.9145811691831534	2.846805894659089	0.7239058609353469	0.7452953167198068
3.917154079088569	2.84866845694807	0.7239181370953016	0.7452953167198068
3.9197269889939848	2.8505310508430055	0.7239304212140025	0.7452953167198068
3.922299898899401	2.8523936763642253	0.7239427132918188	0.7452953167198068
3.924872808804817	2.8542563335320574	0.7239550133291198	0.7452953167198068
3.927445718710233	2.8561190223668316	0.723967321326275	0.7452953167198068
3.930018628615649	2.857981742888877	0.7239796372836536	0.7452953167198068
3.9325915385210646	2.859844495118524	0.723991961201625	0.7452953167198068
3.935164448426481	2.8617072790761005	0.7240042930805587	0.7452953167198068
3.9377373583318973	2.863570094781937	0.7240166329208239	0.7452953167198068
3.9403102682373135	2.865432942256362	0.7240289807227899	0.7452953167198068
3.942883178142729	2.867295821519705	0.7240413364868261	0.7452953167198068
3.945456088048145	2.8691587325922963	0.724053700213302	0.7452953167198068
3.948028997953561	2.871021675494464	0.7240660719025868	0.7452953167198068
3.950601907858977	2.8728846502465384	0.7240784515550498	0.7452953167198068
3.9531748177643937	2.8747476568688484	0.7240908391710604	0.7452953167198068
3.9557477276698094	2.8766106953817223	0.7241032347509881	0.7452953167198068
3.958320637575225	2.8784737658054906	0.7241156382952021	0.7452953167198068
3.9608935474806413	2.8803368681604833	0.7241280498040717	0.7452953167198068
3.9634664573860574	2.8822000024670293	0.7241404692779665	0.7452953167198068
3.9660393672914735	2.884063168745457	0.7241528967172556	0.7452953167198068
3.9686122771968892	2.885926367016096	0.7241653321223084	0.7452953167198068
3.971185187102305	2.8877895972992764	0.7241777754934943	0.7452953167198068
3.973758097007721	2.8896528596153273	0.7241902268311826	0.7452953167198068
3.9763310069131372	2.8915161539845773	0.7242026861357427	0.7452953167198068
3.978903916818554	2.893379480427357	0.7242151534075439	0.7452953167198068
3.9814768267239695	2.895242838963995	0.7242276286469557	0.7452953167198068
3.984049736629385	2.8971062296148196	0.7242401118543472	0.7452953167198068
3.9866226465348014	2.8989696524001625	0.724252603030088	0.7452953167198068
3.9891955564402175	2.9008331073403517	0.7242651021745473	0.7452953167198068
3.9917684663456336	2.9026965944557164	0.7242776092880945	0.7452953167198068
3.9943413762510493	2.9045601137665864	0.7242901243710989	0.7452953167198068
3.996914286156465	2.9064236652932904	0.7243026474239299	0.7452953167198068
3.999487196061881	2.9082872490561584	0.7243151784469568	0.7452953167198068
4.002060105967297	2.9101508650755195	0.724327717440549	0.7452953167198068
4.004633015872714	2.9120145133717035	0.7243402644050759	0.7452953167198068
4.00720592577813	2.9138781939650387	0.7243528193409068	0.7452953167198068
4.009778835683545	2.915741906875855	0.724365382248411	0.7452953167198068
4.012351745588961	2.9176056521244824	0.7243779531279578	0.7452953167198068
4.014924655494378	2.919469429731249	0.7243905319799168	0.7452953167198068
4.017497565399794	2.9213332397164855	0.7244031188046571	0.7452953167198068
4.02007047530521	2.9231970821005198	0.7244157136025482	0.7452953167198068
4.022643385210626	2.925060956903682	0.7244283163739593	0.7452953167198068
4.025216295116041	2.9269248641463017	0.7244409271192599	0.7452953167198068
4.027789205021458	2.9287888038487084	0.7244535458388193	0.7452953167198068
4.030362114926874	2.9306527760312306	0.7244661725330068	0.7452953167198068
4.032935024832289	2.932516780714198	0.7244788072021918	0.7452953167198068
4.035507934737706	2.9343808179179396	0.7244914498467437	0.7452953167198068
4.038080844643122	2.9362448876627854	0.7245041004670318	0.7452953167198068
4.040653754548538	2.9381089899690647	0.7245167590634254	0.7452953167198068
4.043226664453954	2.939973124857107	0.724529425636294	0.7452953167198068
4.04579957435937	2.9418372923472407	0.7245421001860067	0.7452953167198068
4.048372484264786	2.9437014924597955	0.724554782712933	0.7452953167198068
4.050945394170202	2.9455657252151015	0.7245674732174423	0.7452953167198068
4.0535183040756175	2.947429990633487	0.724580171699904	0.7452953167198068
4.056091213981034	2.9492942887352824	0.7245928781606872	0.7452953167198068
4.058664123886451	2.9511586195408164	0.7246055926001614	0.7452953167198068
4.061237033791866	2.9530229830704178	0.7246183150186961	0.7452953167198068
4.063809943697282	2.9548873793444166	0.7246310454166603	0.7452953167198068
4.066382853602698	2.956751808383143	0.7246437837944237	0.7452953167198068
4.068955763508114	2.958616270206925	0.7246565301523555	0.7452953167198068
4.07152867341353	2.9604807648360927	0.724669284490825	0.7452953167198068
4.074101583318946	2.9623452922909745	0.7246820468102017	0.7452953167198068
4.0766744932243615	2.9642098525919005	0.7246948171108547	0.7452953167198068
4.079247403129778	2.9660744457592	0.7247075953931535	0.7452953167198068
4.081820313035195	2.967939071813203	0.7247203816574675	0.7452953167198068
4.08439322294061	2.9698037307742378	0.7247331759041661	0.7452953167198068
4.086966132846026	2.971668422662634	0.7247459781336185	0.7452953167198068
4.089539042751442	2.9735331474987206	0.7247587883461941	0.7452953167198068
4.092111952656858	2.9753979053028274	0.7247716065422622	0.7452953167198068
4.094684862562274	2.977262696095284	0.7247844327221923	0.7452953167198068
4.097257772467691	2.9791275198964193	0.7247972668863536	0.7452953167198068
4.099830682373106	2.980992376726563	0.7248101090351156	0.7452953167198068
4.102403592278522	2.982857266606044	0.7248229591688474	0.7452953167198068
4.104976502183939	2.984722189555192	0.7248358172879186	0.7452953167198068
4.107549412089354	2.9865871455943367	0.7248486833926984	0.7452953167198068
4.110122321994771	2.9884521347438064	0.7248615574835563	0.7452953167198068
4.112695231900187	2.990317157023931	0.7248744395608615	0.7452953167198068
4.115268141805602	2.9921822124550395	0.7248873296249834	0.7452953167198068
4.117841051711018	2.994047301057462	0.7249002276762914	0.7452953167198068
4.120413961616435	2.9959124228515277	0.7249131337151548	0.7452953167198068
4.12298687152185	2.9977775778575655	0.7249260477419429	0.7452953167198068
4.125559781427266	2.9996427660959046	0.7249389697570252	0.7452953167198068
4.128132691332683	3.001507987586875	0.7249518997607709	0.7452953167198068
4.130705601238098	3.003373242350806	0.7249648377535495	0.7452953167198068
4.133278511143515	3.0052385304080262	0.7249777837357302	0.7452953167198068
4.1358514210489306	3.007103851778866	0.7249907377076824	0.7452953167198068
4.138424330954346	3.0089692064836533	0.7250036996697755	0.7452953167198068
4.140997240859762	3.010834594542718	0.7250166696223789	0.7452953167198068
4.1435701507651785	3.012700015976391	0.7250296475658617	0.7452953167198068
4.146143060670594	3.014565470805	0.7250426335005935	0.7452953167198068
4.148715970576011	3.0164309590488747	0.7250556274269435	0.7452953167198068
4.1512888804814265	3.0182964807283437	0.7250686293452813	0.7452953167198068
4.153861790386843	3.020162035863738	0.7250816392559759	0.7452953167198068
4.156434700292259	3.0220276244753856	0.7250946571593968	0.7452953167198068
4.1590076101976745	3.023893246583617	0.7251076830559134	0.7452953167198068
4.161580520103091	3.02575890220876	0.7251207169458951	0.7452953167198068
4.164153430008507	3.0276245913711453	0.7251337588297111	0.7452953167198068
4.1667263399139225	3.0294903140911016	0.7251468087077308	0.7452953167198068
4.169299249819338	3.031356070388958	0.7251598665803237	0.7452953167198068
4.171872159724755	3.0332218602850443	0.7251729324478589	0.7452953167198068
4.174445069630171	3.0350876837996905	0.725186006310706	0.7452953167198068
4.177017979535587	3.0369535409532245	0.7251990881692341	0.7452953167198068
4.179590889441003	3.038819431765977	0.7252121780238127	0.7452953167198068
4.1821637993464185	3.040685356258276	0.7252252758748111	0.7452953167198068
4.184736709251835	3.0425513144504515	0.7252383817225987	0.7452953167198068
4.187309619157251	3.0444173063628335	0.7252514955675448	0.7452953167198068
4.189882529062667	3.0462833320157507	0.7252646174100188	0.7452953167198068
4.192455438968083	3.048149391429532	0.72527774725039	0.7452953167198068
4.195028348873499	3.050015484624507	0.7252908850890278	0.7452953167198068
4.197601258778915	3.0518816116210057	0.7253040309263016	0.7452953167198068
4.200174168684331	3.053747772439357	0.7253171847625806	0.7452953167198068
4.202747078589747	3.05561396709989	0.7253303465982341	0.7452953167198068
4.205319988495163	3.0574801956229347	0.7253435164336318	0.7452953167198068
4.207892898400579	3.05934645802882	0.7253566942691427	0.7452953167198068
4.210465808305995	3.061212754337875	0.7253698801051364	0.7452953167198068
4.213038718211411	3.06307908457043	0.725383073941982	0.7452953167198068
4.215611628116827	3.0649454487468124	0.725396275780049	0.7452953167198068
4.218184538022244	3.0668118468873535	0.7254094856197068	0.7452953167198068
4.220757447927659	3.0686782790123823	0.7254227034613246	0.7452953167198068
4.223330357833075	3.0705447451422274	0.7254359293052719	0.7452953167198068
4.225903267738492	3.0724112452972188	0.7254491631519179	0.7452953167198068
4.228476177643907	3.074277779497685	0.7254624050016321	0.7452953167198068
4.231049087549323	3.0761443477639565	0.7254756548547837	0.7452953167198068
4.2336219974547395	3.0780109501163615	0.7254889127117423	0.7452953167198068
4.236194907360155	3.079877586575231	0.7255021785728769	0.7452953167198068
4.238767817265571	3.081744257160892	0.7255154524385572	0.7452953167198068
4.241340727170987	3.083610961893676	0.7255287343091523	0.7452953167198068
4.243913637076403	3.085477700793911	0.7255420241850317	0.7452953167198068
4.24648654698182	3.0873444738819273	0.7255553220665646	0.7452953167198068
4.2490594568872355	3.089211281178053	0.7255686279541204	0.7452953167198068
4.251632366792651	3.0910781227026183	0.7255819418480686	0.7452953167198068
4.254205276698067	3.0929449984759527	0.7255952637487784	0.7452953167198068
4.2567781866034835	3.0948119085183854	0.7256085936566191	0.7452953167198068
4.259351096508899	3.096678852850246	0.7256219315719602	0.7452953167198068
4.261924006414315	3.0985458314918626	0.725635277495171	0.7452953167198068
4.2644969163197315	3.1004128444635652	0.7256486314266208	0.7452953167198068
4.267069826225148	3.1022798917856846	0.7256619933666791	0.7452953167198068
4.269642736130564	3.1041469734785476	0.725675363315715	0.7452953167198068
4.2722156460359795	3.106014089562486	0.7256887412740981	0.7452953167198068
4.274788555941395	3.107881240057827	0.7257021272421976	0.7452953167198068
4.277361465846812	3.1097484249849012	0.725715521220383	0.7452953167198068
4.2799343757522275	3.111615644364038	0.7257289232090234	0.7452953167198068
4.282507285657643	3.1134828982155662	0.7257423332084884	0.7452953167198068
4.28508019556306	3.115350186559815	0.725755751219147	0.7452953167198068
4.2876531054684754	3.1172175094171144	0.725769177241369	0.7452953167198068
4.290226015373892	3.1190848668077935	0.7257826112755236	0.7452953167198068
4.292798925279308	3.120952258752182	0.7257960533219799	0.7452953167198068
4.295371835184723	3.122819685270608	0.7258095033811076	0.7452953167198068
4.29794474509014	3.124687146383402	0.7258229614532759	0.7452953167198068
4.300517654995556	3.126554642110893	0.725836427538854	0.7452953167198068
4.303090564900971	3.1284221724734103	0.7258499016382116	0.7452953167198068
4.305663474806388	3.1302897374912835	0.7258633837517177	0.7452953167198068
4.308236384711804	3.1321573371848412	0.7258768738797419	0.7452953167198068
4.31080929461722	3.134024971574414	0.7258903720226534	0.7452953167198068
4.313382204522636	3.1358926406803302	0.7259038781808215	0.7452953167198068
4.315955114428052	3.13776034452292	0.7259173923546157	0.7452953167198068
4.318528024333468	3.1396280831225116	0.7259309145444054	0.7452953167198068
4.321100934238884	3.141495856499435	0.7259444447505597	0.7452953167198068
4.3236738441443	3.1433636646740197	0.7259579829734483	0.7452953167198068
4.326246754049715	3.145231507666595	0.7259715292134402	0.7452953167198068
4.328819663955132	3.14709938549749	0.725985083470905	0.7452953167198068
4.3313925738605485	3.148967298187034	0.7259986457462119	0.7452953167198068
4.333965483765964	3.150835245755557	0.7260122160397302	0.7452953167198068
4.33653839367138	3.152703228223387	0.7260257943518295	0.7452953167198068
4.3391113035767965	3.154571245610855	0.726039380682879	0.7452953167198068
4.341684213482212	3.156439297938289	0.726052975033248	0.7452953167198068
4.344257123387628	3.158307385226019	0.7260665774033058	0.7452953167198068
4.346830033293044	3.160175507494374	0.726080187793422	0.7452953167198068
4.34940294319846	3.162043664763684	0.7260938062039658	0.7452953167198068
4.351975853103876	3.1639118570542775	0.7261074326353065	0.7452953167198068
4.354548763009292	3.1657800843864843	0.7261210670878135	0.7452953167198068
4.357121672914708	3.1676483467806333	0.7261347095618562	0.7452953167198068
4.359694582820124	3.1695166442570546	0.7261483600578039	0.7452953167198068
4.3622674927255405	3.1713849768360776	0.726162018576026	0.7452953167198068
4.364840402630956	3.173253344538031	0.7261756851168918	0.7452953167198068
4.367413312536372	3.175121747383244	0.7261893596807706	0.7452953167198068
4.3699862224417885	3.1769901853920466	0.7262030422680319	0.7452953167198068
4.372559132347204	3.1788586585847676	0.7262167328790449	0.7452953167198068
4.37513204225262	3.180727166981737	0.726230431514179	0.7452953167198068
4.3777049521580365	3.1825957106032834	0.7262441381738035	0.7452953167198068
4.380277862063452	3.1844642894697364	0.7262578528582879	0.7452953167198068
4.382850771968869	3.186332903601426	0.7262715755680015	0.7452953167198068
4.385423681874284	3.18820155301868	0.7262853063033136	0.7452953167198068
4.3879965917797	3.1900702377418293	0.7262990450645934	0.7452953167198068
4.390569501685117	3.1919389577912027	0.7263127918522106	0.7452953167198068
4.393142411590532	3.1938077131871294	0.7263265466665343	0.7452953167198068
4.395715321495948	3.195676503949939	0.7263403095079339	0.7452953167198068
4.398288231401364	3.19754533009996	0.7263540803767788	0.7452953167198068
4.40086114130678	3.1994141916575236	0.7263678592734383	0.7452953167198068
4.403434051212197	3.201283088642957	0.7263816461982818	0.7452953167198068
4.406006961117613	3.203152021076591	0.7263954411516785	0.7452953167198068
4.408579871023028	3.205020988978754	0.726409244133998	0.7452953167198068
4.411152780928445	3.2068899923697765	0.7264230551456095	0.7452953167198068
4.413725690833861	3.2087590312699863	0.7264368741868823	0.7452953167198068
4.416298600739276	3.210628105700029	0.7264507012582633	0.7452953167198068
4.418871510644692	3.2124972157025606	0.7264645363659344	0.7452953167198068
4.421444420550109	3.214366361311691	0.7264783795139065	0.7452953167198068
4.424017330455525	3.2162355425481324	0.726492230702643	0.7452953167198068
4.426590240360941	3.218104759432598	0.7265060899326076	0.7452953167198068
4.429163150266357	3.219974011985801	0.7265199572042641	0.7452953167198068
4.431736060171772	3.221843300228454	0.726533832518076	0.7452953167198068
4.434308970077189	3.2237126241812706	0.7265477158745072	0.7452953167198068
4.436881879982605	3.225581983864963	0.7265616072740211	0.7452953167198068
4.43945478988802	3.2274513793002435	0.7265755067170815	0.7452953167198068
4.442027699793437	3.2293208105078266	0.726589414204152	0.7452953167198068
4.444600609698853	3.231190277508424	0.7266033297356964	0.7452953167198068
4.447173519604269	3.23305978032275	0.7266172533121783	0.7452953167198068
4.449746429509685	3.234929318971516	0.7266311849340614	0.7452953167198068
4.452319339415101	3.2367988934754353	0.7266451246018093	0.7452953167198068
4.454892249320517	3.2386685038552216	0.7266590723158857	0.7452953167198068
4.457465159225933	3.240538150131587	0.7266730280767542	0.7452953167198068
4.460038069131349	3.2424078323252448	0.7266869918848785	0.7452953167198068
4.462610979036765	3.2442775504569084	0.7267009637407223	0.7452953167198068
4.465183888942181	3.2461473045472893	0.7267149436447494	0.7452953167198068
4.467756798847597	3.2480170946171016	0.7267289315974232	0.7452953167198068
4.470329708753013	3.2498869206870578	0.7267429275992077	0.7452953167198068
4.472902618658429	3.2517567827778713	0.7267569316505661	0.7452953167198068
4.4754755285638455	3.253626680910255	0.7267709437519625	0.7452953167198068
4.478048438469261	3.2554966151049207	0.7267849639038604	0.7452953167198068
4.480621348374677	3.2573665853825826	0.7267989921067234	0.7452953167198068
4.483194258280093	3.2592365917639534	0.7268130283610152	0.7452953167198068
4.485767168185509	3.2611066342697455	0.7268270726671997	0.7452953167198068
4.488340078090925	3.262976712920672	0.7268411250257402	0.7452953167198068
4.4909129879963405	3.264846827737446	0.7268551854371006	0.7452953167198068
4.493485897901757	3.2667169787407806	0.7268692539017445	0.7452953167198068
4.496058807807174	3.2685871659513883	0.7268833304201355	0.7452953167198068
4.498631717712589	3.270457389389982	0.7268974149927375	0.7452953167198068
4.501204627618005	3.2723276490772752	0.7269115076200139	0.7452953167198068
4.503777537523421	3.2741979450339804	0.7269256083024285	0.7452953167198068
4.506350447428837	3.2760682772808107	0.726939717040445	0.7452953167198068
4.508923357334253	3.277938645838479	0.7269538338345269	0.7452953167198068
4.511496267239669	3.279809050727698	0.7269679586851381	0.7452953167198068
4.514069177145085	3.281679491969181	0.7269820915927421	0.7452953167198068
