x	chi	dchidx	s0
0.0006835865228515694	0.0	0.5278836937306203	0.5278836937306203
0.02031034000882764	0.010360618540151346	0.5278800604815164	0.5278836937306203
0.03993709349480371	0.020721099389226207	0.5278696636643243	0.5278836937306203
0.05956384698077978	0.031081309821614195	0.5278525045071958	0.5278836937306203
0.07919060046675584	0.04144111711588295	0.5278285831337931	0.5278836937306203
0.09881735395273192	0.05180038855149431	0.5277978996101738	0.5278836937306203
0.118444107438708	0.062158991408804216	0.5277604539447905	0.5278836937306203
0.13807086092468407	0.0725167929690628	0.5277162460884917	0.5278836937306203
0.15769761441066013	0.08287366027447009	0.527665276050747	0.5278836937306203
0.1773243678966362	0.09322946034787827	0.5276075438809291	0.5278836937306203
0.19695112138261225	0.10358406053947779	0.5275430494997956	0.5278836937306203
0.21657787486858834	0.11393732819451642	0.5274717928216363	0.5278836937306203
0.23620462835456443	0.12428913065216762	0.5273937737547444	0.5278836937306203
0.2558313818405405	0.13463933524553062	0.5273089922014171	0.5278836937306203
0.2754581353265166	0.14498780930163035	0.5272174480579552	0.5278836937306203
0.2950848888124926	0.15533442014141746	0.5271191412146627	0.5278836937306203
0.3147116422984687	0.16567903507976844	0.527014071555848	0.5278836937306203
0.3343383957844448	0.17602152142548538	0.5269022389598222	0.5278836937306203
0.35396514927042083	0.18636174648129605	0.5267836432989009	0.5278836937306203
0.3735919027563969	0.19669957754385425	0.526658284439403	0.5278836937306203
0.39321865624237295	0.2070348819037391	0.5265261622416507	0.5278836937306203
0.41284540972834904	0.2173675268454558	0.5263872765599704	0.5278836937306203
0.43247216321432513	0.22769737964743503	0.526241627242692	0.5278836937306203
0.45209891670030117	0.23802430758203336	0.5260892141321487	0.5278836937306203
0.4717256701862773	0.24834817791553304	0.5259300370646777	0.5278836937306203
0.49135242367225335	0.25866885790814204	0.5257640958706198	0.5278836937306203
0.5109791771582294	0.26898621481399404	0.5255913903743192	0.5278836937306203
0.5306059306442055	0.2793001158811485	0.525411920394124	0.5278836937306203
0.5502326841301816	0.2896104283515905	0.5252256857423859	0.5278836937306203
0.5698594376161576	0.29991701946123117	0.5250326862254602	0.5278836937306203
0.5894861911021336	0.31021975643990685	0.5248329216437058	0.5278836937306203
0.6091129445881098	0.3205185065113802	0.5246263917914851	0.5278836937306203
0.6287396980740858	0.33081313689333897	0.5244130964571645	0.5278836937306203
0.6483664515600619	0.3411035147973972	0.5241930354231139	0.5278836937306203
0.667993205046038	0.3513895074290943	0.5239662084657066	0.5278836937306203
0.6876199585320141	0.3616709819878957	0.52373261535532	0.5278836937306203
0.70724671201799	0.37194780566719227	0.5234922558563346	0.5278836937306203
0.7268734655039661	0.3822198456543009	0.5232451297271351	0.5278836937306203
0.7465002189899422	0.39248696913046394	0.5229912367201093	0.5278836937306203
0.7661269724759183	0.40274904327084954	0.5227305765816489	0.5278836937306203
0.7857537259618944	0.41300593524455176	0.5224631490521494	0.5278836937306203
0.8053804794478705	0.4232575122145902	0.5221889538660098	0.5278836937306203
0.8250072329338466	0.4335036413379102	0.5219079907516326	0.5278836937306203
0.8446339864198226	0.4437441897653828	0.5216202594314241	0.5278836937306203
0.8642607399057985	0.453979024641805	0.5213257596217942	0.5278836937306203
0.8838874933917746	0.4642080131058995	0.5210244910331564	0.5278836937306203
0.9035142468777506	0.47443102229031436	0.520716453369928	0.5278836937306203
0.9231410003637268	0.4846479193216237	0.5204016463305298	0.5278836937306203
0.9427677538497029	0.49485857132032746	0.5200800696073861	0.5278836937306203
0.962394507335679	0.5050628454008508	0.5197517228869252	0.5278836937306203
0.982021260821655	0.5152606086715451	0.5194166058495787	0.5278836937306203
1.001648014307631	0.5254517282346872	0.5190747181697821	0.5278836937306203
1.0212747677936072	0.5356360711864803	0.5187260595159744	0.5278836937306203
1.0409015212795831	0.545813504617052	0.5183706295505982	0.5278836937306203
1.0605282747655593	0.5559838956104575	0.5180084279300999	0.5278836937306203
1.0801550282515353	0.5661471112446756	0.5176394543049295	0.5278836937306203
1.0997817817375115	0.5763030185916124	0.5172637083195405	0.5278836937306203
1.1194085352234875	0.5864514847170993	0.5168811896123902	0.5278836937306203
1.1390352887094635	0.5965923766808933	0.5164918978159393	0.5278836937306203
1.1586620421954397	0.6067255615366771	0.5160958325566525	0.5278836937306203
1.1782887956814156	0.6168509063320594	0.5156929934549979	0.5278836937306203
1.1979155491673918	0.6269682781085745	0.5152833801254472	0.5278836937306203
1.2175423026533678	0.637077543901682	0.5148669921764759	0.5278836937306203
1.237169056139344	0.6471785707407681	0.5144438292105632	0.5278836937306203
1.25679580962532	0.6572712256491438	0.5140138908241917	0.5278836937306203
1.276422563111296	0.6673553756440466	0.5135771766078477	0.5278836937306203
1.296049316597272	0.6774308877366393	0.5131336861460214	0.5278836937306203
1.3156760700832482	0.6874976289320106	0.5126834190172063	0.5278836937306203
1.3353028235692244	0.697555466229175	0.5122263747938997	0.5278836937306203
1.3549295770552003	0.7076042666210721	0.5117625530426024	0.5278836937306203
1.3745563305411763	0.7176438970945682	0.5112919533238192	0.5278836937306203
1.3941830840271525	0.727674224631131	0.5108145751797994	0.5278836937306203
1.4138098375131285	0.7376951162127475	0.5103304179681788	0.5278836937306203
1.4334365909991045	0.7477064387996618	0.5098394811506999	0.5278836937306203
1.4530633444850807	0.7577080593367678	0.5093417642439801	0.5278836937306203
1.4726900979710569	0.767699844757668	0.5088372667588072	0.5278836937306203
1.4923168514570329	0.777681661984673	0.5083259882001384	0.5278836937306203
1.5119436049430088	0.7876533779288025	0.5078079280671008	0.5278836937306203
1.531570358428985	0.7976148594897842	0.5072830858529915	0.5278836937306203
1.551197111914961	0.8075659735560545	0.5067514610452774	0.5278836937306203
1.570823865400937	0.8175065870047581	0.5062130531255952	0.5278836937306203
1.5904506188869132	0.8274365667017485	0.5056678615697514	0.5278836937306203
1.6100773723728894	0.8373557795015873	0.5051158858477225	0.5278836937306203
1.6297041258588654	0.8472640922475447	0.5045571254236547	0.5278836937306203
1.6493308793448413	0.8571613717715996	0.5039915797558642	0.5278836937306203
1.6689576328308176	0.8670474848944388	0.5034192482968367	0.5278836937306203
1.6885843863167935	0.8769222984254585	0.5028401304932282	0.5278836937306203
1.7082111398027695	0.8867856791627625	0.5022542257858643	0.5278836937306203
1.7278378932887455	0.8966374938931636	0.5016615336097405	0.5278836937306203
1.7474646467747217	0.9064776093921828	0.5010620533940221	0.5278836937306203
1.7670914002606977	0.9163058924240497	0.5004557845620442	0.5278836937306203
1.7867181537466736	0.9261222097417025	0.499842726531312	0.5278836937306203
1.8063449072326498	0.9359264280867874	0.4992228787135002	0.5278836937306203
1.8259716607186263	0.94571841418966	0.49859624051445356	0.5278836937306203
1.8455984142046022	0.9554980347693831	0.49796281133418663	0.5278836937306203
1.8652251676905782	0.9652651565337291	0.4973225905668838	0.5278836937306203
1.8848519211765544	0.9750196461791784	0.4966755776008994	0.5278836937306203
1.9044786746625304	0.9847613703909198	0.49602177181875745	0.5278836937306203
1.9241054281485064	0.9944901958428508	0.4953611725971519	0.5278836937306203
1.9437321816344824	1.0042059891975774	0.4946937793069465	0.5278836937306203
1.9486292117114408	1.006628529764959	0.4946979674753603	0.5278836937306203
1.9535262417883985	1.009051090864371	0.4947021648507431	0.5278836937306203
1.958423271865357	1.0114736725409255	0.49470637143361473	0.5278836937306203
1.963320301942315	1.0138962748397342	0.49471058722449496	0.5278836937306203
1.9682173320192735	1.0163188978059092	0.49471481222390357	0.5278836937306203
1.9731143620962313	1.0187415414845622	0.4947190464323604	0.5278836937306203
1.9780113921731897	1.0211642059208057	0.49472328985038533	0.5278836937306203
1.9829084222501479	1.0235868911597514	0.494727542478498	0.5278836937306203
1.9878054523271058	1.026009597246511	0.49473180431721825	0.5278836937306203
1.992702482404064	1.0284323242261972	0.494736075367066	0.5278836937306203
1.9975995124810224	1.0308550721439214	0.49474035562856084	0.5278836937306203
2.0024965425579806	1.0332778410447956	0.49474464510222277	0.5278836937306203
2.0073935726349386	1.0357006309739318	0.4947489437885714	0.5278836937306203
2.012290602711897	1.0381234419764422	0.4947532516881267	0.5278836937306203
2.017187632788855	1.040546274097439	0.4947575688014084	0.5278836937306203
2.022084662865813	1.0429691273820332	0.49476189512893626	0.5278836937306203
2.0269816929427713	1.0453920018753378	0.49476623067123016	0.5278836937306203
2.0318787230197297	1.0478148976224644	0.4947705754288098	0.5278836937306203
2.0367757530966877	1.0502378146687066	0.4947749294021002	0.5278836937306203
2.0416727831736456	1.0526607530589913	0.4947792925917135	0.5278836937306203
2.046569813250604	1.0550837128384392	0.49478366499816356	0.5278836937306203
2.0514668433275625	1.057506694052207	0.49478804662194553	0.5278836937306203
2.0563638734045204	1.0599296967454517	0.4947924374635544	0.5278836937306203
2.0612609034814784	1.06235272096333	0.49479683752348513	0.5278836937306203
2.066157933558437	1.0647757667509998	0.49480124680223286	0.5278836937306203
2.0710549636353948	1.0671988341536176	0.4948056653002925	0.5278836937306203
2.0759519937123527	1.0696219232163402	0.4948100930181592	0.5278836937306203
2.080849023789311	1.0720450339843253	0.4948145299563279	0.5278836937306203
2.0857460538662695	1.0744681665027294	0.4948189761152937	0.5278836937306203
2.0906430839432275	1.0768913208167097	0.4948234314955515	0.5278836937306203
2.0955401140201855	1.079314496971423	0.4948278960975965	0.5278836937306203
2.100437144097144	1.0817376950120268	0.4948323699219236	0.5278836937306203
2.1053341741741023	1.084160914983678	0.4948368529690278	0.5278836937306203
2.1102312042510603	1.0865841569315333	0.49484134523940426	0.5278836937306203
2.115128234328018	1.0890074209007503	0.4948458467335479	0.5278836937306203
2.1200252644049766	1.0914307069364855	0.4948503574519539	0.5278836937306203
2.124922294481935	1.093854015229541	0.49485487737387024	0.5278836937306203
2.1298193245588926	1.096277345732349	0.4948594065134412	0.5278836937306203
2.134716354635851	1.0987006984270045	0.49486394488036023	0.5278836937306203
2.1396133847128094	1.1011240733589212	0.49486849247506004	0.5278836937306203
2.1445104147897673	1.1035474705735127	0.49487304929797327	0.5278836937306203
2.1494074448667253	1.105970890116193	0.4948776153495325	0.5278836937306203
2.1543044749436837	1.1083943320323757	0.4948821906301704	0.5278836937306203
2.159201505020642	1.1108177963674744	0.4948867751403197	0.5278836937306203
2.1640985350976	1.1132412831669027	0.49489136888041296	0.5278836937306203
2.168995565174558	1.1156647924760745	0.4948959718508828	0.5278836937306203
2.1738925952515165	1.1180883243404036	0.4949005840521619	0.5278836937306203
2.1787896253284744	1.1205118788053032	0.494905205484683	0.5278836937306203
2.183686655405433	1.122935455916188	0.49490983614887857	0.5278836937306203
2.188583685482391	1.1253590557184705	0.4949144760451814	0.5278836937306203
2.193480715559349	1.1277826782575653	0.49491912517402403	0.5278836937306203
2.198377745636307	1.1302063235788855	0.49492378353583916	0.5278836937306203
2.2032747757132656	1.1326299917278453	0.49492845113105943	0.5278836937306203
2.2081718057902235	1.135053682749858	0.4949331279601175	0.5278836937306203
2.2130688358671815	1.1374773966903375	0.494937814023446	0.5278836937306203
2.21796586594414	1.1399011335946978	0.49494250932147754	0.5278836937306203
2.2228628960210983	1.142324893508352	0.49494721385464485	0.5278836937306203
2.2277599260980563	1.1447486764767143	0.49495192762338047	0.5278836937306203
2.2326569561750143	1.1471724825451979	0.4949566506281171	0.5278836937306203
2.2375539862519727	1.1495963117592172	0.49496138286928737	0.5278836937306203
2.242451016328931	1.1520201641641852	0.49496612434732395	0.5278836937306203
2.2473480464058886	1.1544440398055158	0.4949708750626595	0.5278836937306203
2.252245076482847	1.1568679387286231	0.4949756350157266	0.5278836937306203
2.2571421065598054	1.1592918609789207	0.494980404206958	0.5278836937306203
2.2620391366367634	1.1617158066018218	0.4949851826367862	0.5278836937306203
2.2669361667137213	1.1641397756427405	0.49498997030564396	0.5278836937306203
2.2718331967906797	1.1665637681470904	0.49499476721396385	0.5278836937306203
2.276730226867638	1.1689877841602854	0.49499957336217854	0.5278836937306203
2.281627256944596	1.1714118237277387	0.4950043887507207	0.5278836937306203
2.286524287021554	1.1738358868948646	0.495009213380023	0.5278836937306203
2.2914213170985125	1.1762599737070767	0.495014047250518	0.5278836937306203
2.296318347175471	1.1786840842097885	0.4950188903626384	0.5278836937306203
2.301215377252429	1.1811082184484134	0.4950237427168169	0.5278836937306203
2.306112407329387	1.1835323764683658	0.495028604313486	0.5278836937306203
2.3110094374063452	1.185956558315059	0.49503347515307844	0.5278836937306203
2.315906467483303	1.1883807640339066	0.49503835523602685	0.5278836937306203
2.320803497560261	1.1908049936703227	0.4950432445627639	0.5278836937306203
2.3257005276372196	1.1932292472697208	0.4950481431337222	0.5278836937306203
2.330597557714178	1.1956535248775144	0.4950530509493344	0.5278836937306203
2.335494587791136	1.1980778265391174	0.49505796801003316	0.5278836937306203
2.340391617868094	1.2005021522999437	0.49506289431625106	0.5278836937306203
2.3452886479450523	1.2029265022054068	0.49506782986842085	0.5278836937306203
2.3501856780220103	1.20535087630092	0.49507277466697514	0.5278836937306203
2.3550827080989687	1.2077752746318977	0.4950777287123465	0.5278836937306203
2.3599797381759267	1.2101996972437534	0.4950826920049677	0.5278836937306203
2.364876768252885	1.2126241441819006	0.49508766454527126	0.5278836937306203
2.369773798329843	1.215048615491753	0.49509264633368993	0.5278836937306203
2.3746708284068014	1.2174731112187245	0.49509763737065626	0.5278836937306203
2.3795678584837594	1.2198976314082288	0.49510263765660295	0.5278836937306203
2.3844648885607174	1.2223221761056795	0.4951076471919627	0.5278836937306203
2.3893619186376758	1.2247467453564902	0.495112665977168	0.5278836937306203
2.394258948714634	1.227171339206075	0.4951176940126517	0.5278836937306203
2.399155978791592	1.2295959576998472	0.49512273129884626	0.5278836937306203
2.4040530088685506	1.2320206008832206	0.4951277778361844	0.5278836937306203
2.4089500389455085	1.234445268801609	0.4951328336250988	0.5278836937306203
2.413847069022467	1.236869961500426	0.49513789866602204	0.5278836937306203
2.4187440990994244	1.2392946790250852	0.4951429729593868	0.5278836937306203
2.423641129176383	1.2417194214210008	0.4951480565056257	0.5278836937306203
2.4285381592533413	1.244144188733586	0.4951531493051714	0.5278836937306203
2.4334351893302997	1.2465689810082548	0.4951582513584566	0.5278836937306203
2.4383322194072576	1.2489937982904207	0.4951633626659139	0.5278836937306203
2.4432292494842156	1.2514186406254972	0.49516848322797585	0.5278836937306203
2.448126279561174	1.2538435080588985	0.49517361304507523	0.5278836937306203
2.453023309638132	1.256268400636038	0.4951787521176446	0.5278836937306203
2.45792033971509	1.2586933184023297	0.4951839004461167	0.5278836937306203
2.4628173697920483	1.261118261403187	0.4951890580309241	0.5278836937306203
2.4677143998690068	1.2635432296840237	0.4951942248724995	0.5278836937306203
2.4726114299459647	1.2659682232902536	0.49519940097127546	0.5278836937306203
2.4775084600229227	1.2683932422672899	0.49520458632768466	0.5278836937306203
2.482405490099881	1.270818286660547	0.4952097809421598	0.5278836937306203
2.487302520176839	1.2732433565154384	0.49521498481513343	0.5278836937306203
2.4921995502537975	1.2756684518773775	0.49522019794703825	0.5278836937306203
2.4970965803307554	1.2780935727917784	0.49522542033830697	0.5278836937306203
2.501993610407714	1.2805187193040546	0.4952306519893721	0.5278836937306203
2.5068906404846723	1.2829438914596198	0.4952358929006664	0.5278836937306203
2.5117876705616298	1.2853690893038876	0.4952411430726224	0.5278836937306203
2.516684700638588	1.287794312882272	0.49524640250567287	0.5278836937306203
2.521581730715546	1.2902195622401864	0.4952516712002504	0.5278836937306203
2.5264787607925046	1.2926448374230448	0.4952569491567876	0.5278836937306203
2.5313757908694625	1.2950701384762608	0.49526223637571715	0.5278836937306203
2.536272820946421	1.297495465445248	0.49526753285747166	0.5278836937306203
2.5411698510233793	1.29992081837542	0.49527283860248383	0.5278836937306203
2.5460668811003373	1.3023461973121908	0.4952781536111863	0.5278836937306203
2.5509639111772953	1.3047716023009739	0.4952834778840117	0.5278836937306203
2.5558609412542532	1.307197033387183	0.49528881142139264	0.5278836937306203
2.5607579713312116	1.309622490616232	0.49529415422376183	0.5278836937306203
2.56565500140817	1.3120479740335345	0.49529950629155184	0.5278836937306203
2.570552031485128	1.314473483684504	0.4953048676251954	0.5278836937306203
2.5754490615620864	1.3168990196145547	0.4953102382251251	0.5278836937306203
2.5803460916390444	1.3193245818690997	0.4953156180917736	0.5278836937306203
2.585243121716003	1.3217501704935533	0.4953210072255735	0.5278836937306203
2.5901401517929603	1.3241757855333285	0.4953264056269575	0.5278836937306203
2.5950371818699187	1.3266014270338395	0.4953318132963583	0.5278836937306203
2.599934211946877	1.3290270950405	0.4953372302342084	0.5278836937306203
2.6048312420238355	1.3314527895987238	0.4953426564409405	0.5278836937306203
2.6097282721007935	1.3338785107539242	0.4953480919169873	0.5278836937306203
2.6146253021777515	1.336304258551515	0.4953535366627814	0.5278836937306203
2.61952233225471	1.33873003303691	0.4953589906787555	0.5278836937306203
2.6244193623316683	1.3411558342555234	0.4953644539653421	0.5278836937306203
2.629316392408626	1.3435816622527679	0.49536992652297407	0.5278836937306203
2.634213422485584	1.346007517074058	0.4953754083520838	0.5278836937306203
2.6391104525625426	1.3484333987648072	0.49538089945310415	0.5278836937306203
2.6440074826395006	1.350859307370429	0.4953863998264677	0.5278836937306203
2.6489045127164585	1.3532852429363371	0.49539190947260703	0.5278836937306203
2.653801542793417	1.3557112055079457	0.49539742839195483	0.5278836937306203
2.6586985728703754	1.3581371951306678	0.49540295658494377	0.5278836937306203
2.6635956029473333	1.3605632118499176	0.49540849405200643	0.5278836937306203
2.6684926330242913	1.3629892557111087	0.4954140407935755	0.5278836937306203
2.6733896631012497	1.365415326759655	0.49541959681008363	0.5278836937306203
2.678286693178208	1.3678414250409696	0.49542516210196347	0.5278836937306203
2.683183723255166	1.3702675506004667	0.4954307366696476	0.5278836937306203
2.688080753332124	1.3726937034835598	0.49543632051356873	0.5278836937306203
2.6929777834090824	1.3751198837356629	0.4954419136341595	0.5278836937306203
2.6978748134860404	1.377546091402189	0.49544751603185255	0.5278836937306203
2.7027718435629984	1.3799723265285528	0.49545312770708055	0.5278836937306203
2.707668873639957	1.3823985891601673	0.49545874866027606	0.5278836937306203
2.712565903716915	1.3848248793424465	0.4954643788918718	0.5278836937306203
2.717462933793873	1.387251197120804	0.49547001840230037	0.5278836937306203
2.722359963870831	1.3896775425406531	0.4954756671919945	0.5278836937306203
2.7272569939477895	1.3921039156474084	0.4954813252613867	0.5278836937306203
2.7321540240247475	1.3945303164864828	0.4954869926109097	0.5278836937306203
2.737051054101706	1.3969567451032905	0.49549266924099616	0.5278836937306203
2.741948084178664	1.399383201543245	0.4954983551520787	0.5278836937306203
2.7468451142556223	1.4018096858517601	0.49550405034458994	0.5278836937306203
2.7517421443325802	1.4042361980742493	0.49550975481896253	0.5278836937306203
2.7566391744095387	1.4066627382561265	0.49551546857562917	0.5278836937306203
2.7615362044864966	1.4090893064428054	0.49552119161502245	0.5278836937306203
2.7664332345634546	1.4115159026796995	0.495526923937575	0.5278836937306203
2.771330264640413	1.4139425270122228	0.49553266554371955	0.5278836937306203
2.7762272947173714	1.4163691794857887	0.4955384164338887	0.5278836937306203
2.7811243247943294	1.4187958601458113	0.4955441766085151	0.5278836937306203
2.7860213548712873	1.4212225690377036	0.4955499460680313	0.5278836937306203
2.7909183849482457	1.42364930620688	0.4955557248128701	0.5278836937306203
2.795815415025204	1.4260760716987542	0.495561512843464	0.5278836937306203
2.8007124451021617	1.4285028655587393	0.4955673101602458	0.5278836937306203
2.80560947517912	1.4309296878322495	0.495573116763648	0.5278836937306203
2.8105065052560785	1.4333565385646985	0.49557893265410335	0.5278836937306203
2.815403535333037	1.4357834178014999	0.4955847578320444	0.5278836937306203
2.820300565409995	1.4382103255880674	0.49559059229790386	0.5278836937306203
2.825197595486953	1.4406372619698145	0.4955964360521144	0.5278836937306203
2.830094625563911	1.443064226992155	0.4956022890951086	0.5278836937306203
2.834991655640869	1.4454912207005028	0.4956081514273191	0.5278836937306203
2.839888685717827	1.4479182431402715	0.4956140230491786	0.5278836937306203
2.8447857157947856	1.450345294356875	0.49561990396111977	0.5278836937306203
2.849682745871744	1.4527723743957268	0.49562579416357516	0.5278836937306203
2.854579775948702	1.4551994833022406	0.49563169365697746	0.5278836937306203
2.85947680602566	1.4576266211218298	0.4956376024417593	0.5278836937306203
2.8643738361026183	1.4600537878999087	0.49564352051835336	0.5278836937306203
2.8692708661795763	1.4624809836818906	0.4956494478871923	0.5278836937306203
2.8741678962565347	1.4649082085131895	0.49565538454870867	0.5278836937306203
2.8790649263334926	1.4673354624392188	0.4956613305033352	0.5278836937306203
2.883961956410451	1.4697627455053923	0.49566728575150454	0.5278836937306203
2.8888589864874095	1.4721900577571239	0.4956732502936493	0.5278836937306203
2.893756016564367	1.474617399239827	0.49567922413020205	0.5278836937306203
2.8986530466413254	1.4770447699989155	0.4956852072615956	0.5278836937306203
2.9035500767182834	1.479472170079803	0.4956911996882625	0.5278836937306203
2.9084471067952418	1.4818995995279034	0.49569720141063534	0.5278836937306203
2.9133441368721997	1.4843270583886303	0.4957032124291469	0.5278836937306203
2.918241166949158	1.4867545467073973	0.49570923274422973	0.5278836937306203
2.9231381970261165	1.489182064529618	0.49571526235631647	0.5278836937306203
2.9280352271030745	1.4916096119007063	0.49572130126583985	0.5278836937306203
2.9329322571800325	1.4940371888660762	0.49572734947323244	0.5278836937306203
2.9378292872569904	1.4964647954711408	0.49573340697892687	0.5278836937306203
2.942726317333949	1.4988924317613141	0.49573947378335587	0.5278836937306203
2.9476233474109073	1.5013200977820098	0.495745549886952	0.5278836937306203
2.952520377487865	1.5037477935786416	0.49575163529014793	0.5278836937306203
2.9574174075648236	1.5061755191966233	0.49575772999337636	0.5278836937306203
2.9623144376417816	1.5086032746813685	0.49576383399706986	0.5278836937306203
2.96721146771874	1.5110310600782908	0.4957699473016611	0.5278836937306203
2.9721084977956975	1.513458875432804	0.4957760699075827	0.5278836937306203
2.977005527872656	1.5158867207903217	0.4957822018152674	0.5278836937306203
2.9819025579496143	1.518314596196258	0.49578834302514774	0.5278836937306203
2.9867995880265727	1.5207425016960263	0.4957944935376564	0.5278836937306203
2.9916966181035307	1.5231704373350403	0.49580065335322604	0.5278836937306203
2.9965936481804887	1.5255984031587135	0.4958068224722893	0.5278836937306203
3.001490678257447	1.52802639921246	0.4958130008952788	0.5278836937306203
3.006387708334405	1.5304544255416932	0.4958191886226272	0.5278836937306203
3.011284738411363	1.5328824873457862	0.49582538645297425	0.5278836937306203
3.0161817684883214	1.5353105983392723	0.49583159650243447	0.5278836937306203
3.02107879856528	1.537738739489635	0.49583781581593694	0.5278836937306203
3.025975828642238	1.5401669108436615	0.49584404439410246	0.5278836937306203
3.0308728587191958	1.5425951124481398	0.49585028223755195	0.5278836937306203
3.035769888796154	1.5450233443498582	0.49585652934690627	0.5278836937306203
3.040666918873112	1.5474516065956034	0.49586278572278625	0.5278836937306203
3.0455639489500705	1.5498798992321643	0.4958690513658128	0.5278836937306203
3.0504609790270285	1.5523082223063278	0.4958753262766068	0.5278836937306203
3.055358009103987	1.554736575864882	0.49588161045578905	0.5278836937306203
3.0602550391809453	1.5571649599546142	0.4958879039039805	0.5278836937306203
3.0651520692579033	1.5595933746223125	0.495894206621802	0.5278836937306203
3.0700490993348613	1.5620218199147646	0.4959005186098744	0.5278836937306203
3.074946129411819	1.5644502958787583	0.49590683986881856	0.5278836937306203
3.0798431594887776	1.5668788025610811	0.49591317039925537	0.5278836937306203
3.0847401895657356	1.569307340008521	0.4959195102018057	0.5278836937306203
3.089637219642694	1.5717359082678655	0.4959258592770904	0.5278836937306203
3.0945342497196524	1.5741645073859025	0.49593221762573036	0.5278836937306203
3.0994312797966104	1.5765931374094195	0.49593858524834644	0.5278836937306203
3.1043283098735683	1.5790217983852046	0.4959449621455595	0.5278836937306203
3.1092253399505263	1.581450490360045	0.4959513483179904	0.5278836937306203
3.1141223700274847	1.5838792133807291	0.4959577437662601	0.5278836937306203
3.119019400104443	1.5863079674940443	0.4959641484909894	0.5278836937306203
3.123916430181401	1.5887367527467782	0.49597056249279914	0.5278836937306203
3.1288134602583595	1.5911655691857187	0.4959769857723102	0.5278836937306203
3.1337104903353175	1.5935944168576532	0.4959834183301435	0.5278836937306203
3.138607520412276	1.59602329580937	0.49598986016691987	0.5278836937306203
3.1435045504892334	1.5984522060876565	0.49599631128326016	0.5278836937306203
3.148401580566192	1.6008811477393003	0.4960027716797853	0.5278836937306203
3.15329861064315	1.6033101208110896	0.4960092413571161	0.5278836937306203
3.1581956407201086	1.6057391253498117	0.4960157203158735	0.5278836937306203
3.1630926707970666	1.6081681614022547	0.4960222085566783	0.5278836937306203
3.1679897008740245	1.6105972290152057	0.49602870608015137	0.5278836937306203
3.172886730950983	1.613026328235453	0.4960352128869136	0.5278836937306203
3.177783761027941	1.615455459109784	0.4960417289775859	0.5278836937306203
3.182680791104899	1.617884621684987	0.4960482543527891	0.5278836937306203
3.1875778211818573	1.6203138160078492	0.49605478901314404	0.5278836937306203
3.1924748512588157	1.6227430421251585	0.49606133295927163	0.5278836937306203
3.197371881335774	1.6251723000837026	0.49606788619179276	0.5278836937306203
3.2022689114127316	1.627601589930269	0.4960744487113282	0.5278836937306203
3.20716594148969	1.6300309117116458	0.49608102051849895	0.5278836937306203
3.212062971566648	1.6324602654746205	0.49608760161392584	0.5278836937306203
3.2169600016436064	1.6348896512659812	0.4960941919982297	0.5278836937306203
3.2218570317205644	1.6373190691325152	0.49610079167203136	0.5278836937306203
3.2267540617975228	1.6397485191210104	0.49610740063595177	0.5278836937306203
3.231651091874481	1.6421780012782545	0.4961140188906118	0.5278836937306203
3.236548121951439	1.6446075156510351	0.4961206464366323	0.5278836937306203
3.241445152028397	1.6470370622861403	0.4961272832746341	0.5278836937306203
3.246342182105355	1.6494666412303576	0.49613392940523815	0.5278836937306203
3.2512392121823135	1.6518962525304748	0.49614058482906526	0.5278836937306203
3.256136242259272	1.6543258962332796	0.4961472495467363	0.5278836937306203
3.26103327233623	1.6567555723855596	0.4961539235588721	0.5278836937306203
3.2659303024131883	1.6591852810341028	0.49616060686609365	0.5278836937306203
3.2708273324901467	1.6616150222256967	0.49616729946902177	0.5278836937306203
3.275724362567104	1.664044796007129	0.4961740013682773	0.5278836937306203
3.280621392644062	1.6664746024251875	0.49618071256448104	0.5278836937306203
3.2855184227210206	1.66890444152666	0.49618743305825397	0.5278836937306203
3.290415452797979	1.6713343133583345	0.496194162850217	0.5278836937306203
3.295312482874937	1.6737642179669983	0.49620090194099087	0.5278836937306203
3.3002095129518954	1.6761941553994393	0.4962076503311965	0.5278836937306203
3.3051065430288538	1.6786241257024452	0.4962144080214548	0.5278836937306203
3.3100035731058117	1.6810541289228036	0.49622117501238655	0.5278836937306203
3.3149006031827697	1.6834841651073023	0.4962279513046127	0.5278836937306203
3.3197976332597277	1.6859142343027294	0.49623473689875414	0.5278836937306203
3.324694663336686	1.6883443365558723	0.4962415317954316	0.5278836937306203
3.3295916934136445	1.6907744719135187	0.49624833599526613	0.5278836937306203
3.3344887234906024	1.6932046404224563	0.4962551494988785	0.5278836937306203
3.339385753567561	1.6956348421294731	0.49626197230688956	0.5278836937306203
3.344282783644519	1.6980650770813566	0.4962688044199203	0.5278836937306203
3.3491798137214768	1.7004953453248943	0.49627564583859135	0.5278836937306203
3.3540768437984347	1.7029256469068745	0.49628249656352386	0.5278836937306203
3.358973873875393	1.7053559818740847	0.4962893565953385	0.5278836937306203
3.3638709039523516	1.7077863502733126	0.4962962259346562	0.5278836937306203
3.36876793402931	1.710216752151346	0.49630310458209786	0.5278836937306203
3.373664964106268	1.7126471875549725	0.49630999253828434	0.5278836937306203
3.378561994183226	1.7150776565309798	0.4963168898038365	0.5278836937306203
3.383459024260184	1.7175081591261554	0.4963237963793752	0.5278836937306203
3.3883560543371423	1.7199386953872877	0.49633071226552133	0.5278836937306203
3.3932530844141002	1.7223692653611642	0.4963376374628957	0.5278836937306203
3.3981501144910586	1.7247998690945725	0.49634457197211923	0.5278836937306203
3.403047144568017	1.7272305066343003	0.4963515157938128	0.5278836937306203
3.407944174644975	1.7296611780271354	0.4963584689285973	0.5278836937306203
3.412841204721933	1.7320918833198653	0.49636543137709355	0.5278836937306203
3.4177382347988914	1.734522622559278	0.49637240313992237	0.5278836937306203
3.4226352648758493	1.7369533957921612	0.4963793842177047	0.5278836937306203
3.4275322949528078	1.7393842030653028	0.4963863746110615	0.5278836937306203
3.4324293250297657	1.7418150444254903	0.4963933743206134	0.5278836937306203
3.437326355106724	1.7442459199195113	0.49640038334698156	0.5278836937306203
3.4422233851836825	1.746676829594154	0.49640740169078656	0.5278836937306203
3.4471204152606405	1.7491077734962055	0.4964144293526495	0.5278836937306203
3.452017445337599	1.751538751672454	0.4964214663331911	0.5278836937306203
3.4569144754145564	1.753969764169687	0.49642851263303234	0.5278836937306203
3.461811505491515	1.7564008110346925	0.496435568252794	0.5278836937306203
3.466708535568473	1.7588318923142578	0.496442633193097	0.5278836937306203
3.471605565645431	1.7612630080551714	0.4964497074545622	0.5278836937306203
3.4765025957223896	1.7636941583042203	0.49645679103781043	0.5278836937306203
3.481399625799347	1.766125343108192	0.49646388394346264	0.5278836937306203
3.4862966558763056	1.7685565625138753	0.4964709861721396	0.5278836937306203
3.4911936859532635	1.770987816568057	0.4964780977244623	0.5278836937306203
3.496090716030222	1.7734191053175254	0.4964852186010515	0.5278836937306203
3.5009877461071803	1.775850428809068	0.49649234880252807	0.5278836937306203
3.5058847761841383	1.7782817870894725	0.49649948832951296	0.5278836937306203
3.5107818062610967	1.7807131802055265	0.496506637182627	0.5278836937306203
3.515678836338055	1.7831446082040179	0.4965137953624911	0.5278836937306203
3.520575866415013	1.7855760711317346	0.496520962869726	0.5278836937306203
3.5254728964919706	1.7880075690354638	0.49652813970495274	0.5278836937306203
3.530369926568929	1.7904391019619939	0.49653532586879207	0.5278836937306203
3.5352669566458874	1.7928706699581123	0.49654252136186494	0.5278836937306203
3.540163986722846	1.7953022730706065	0.4965497261847921	0.5278836937306203
3.545061016799804	1.7977339113462647	0.49655694033819453	0.5278836937306203
3.5499580468767613	1.800165584831874	0.4965641638226931	0.5278836937306203
3.5548550769537197	1.8025972935742232	0.4965713966389086	0.5278836937306203
3.559752107030678	1.805029037620099	0.49657863878746195	0.5278836937306203
3.564649137107636	1.8074608170162898	0.49658589026897404	0.5278836937306203
3.5695461671845945	1.809892631809583	0.4965931510840657	0.5278836937306203
3.574443197261553	1.812324482046766	0.4966004212333578	0.5278836937306203
3.579340227338511	1.8147563677746272	0.49660770071747123	0.5278836937306203
3.5842372574154693	1.817188289039954	0.4966149895370268	0.5278836937306203
3.5891342874924277	1.8196202458895343	0.4966222876926455	0.5278836937306203
3.594031317569385	1.8220522383701552	0.4966295951849481	0.5278836937306203
3.5989283476463436	1.8244842665286054	0.4966369120145555	0.5278836937306203
3.6038253777233016	1.826916330411672	0.4966442381820886	0.5278836937306203
3.60872240780026	1.8293484300661431	0.4966515736881682	0.5278836937306203
3.6136194378772184	1.831780565538806	0.4966589185334152	0.5278836937306203
3.618516467954176	1.8342127368764485	0.4966662727184505	0.5278836937306203
3.623413498031134	1.8366449441258588	0.49667363624389493	0.5278836937306203
3.6283105281080923	1.8390771873338243	0.4966810091103694	0.5278836937306203
3.6332075581850507	1.8415094665471328	0.49668839131849474	0.5278836937306203
3.638104588262009	1.8439417818125718	0.4966957828688918	0.5278836937306203
3.643001618338967	1.8463741331769294	0.49670318376218153	0.5278836937306203
3.6478986484159255	1.8488065206869932	0.4967105939989847	0.5278836937306203
3.652795678492884	1.8512389443895507	0.4967180135799223	0.5278836937306203
3.657692708569842	1.85367140433139	0.49672544250561507	0.5278836937306203
3.6625897386468003	1.8561039005592987	0.496732880776684	0.5278836937306203
3.667486768723758	1.8585364331200638	0.4967403283937498	0.5278836937306203
3.672383798800716	1.8609690020604743	0.4967477853574335	0.5278836937306203
3.677280828877674	1.8634016074273174	0.49675525166835593	0.5278836937306203
3.6821778589546317	1.8658342492673805	0.49676272732713794	0.5278836937306203
3.68707488903159	1.8682669276274517	0.4967702123344004	0.5278836937306203
3.6919719191085485	1.8706996425543188	0.4967777066907641	0.5278836937306203
3.696868949185507	1.8731323940947693	0.4967852103968501	0.5278836937306203
3.701765979262465	1.8755651822955912	0.4967927234532791	0.5278836937306203
3.7066630093394233	1.8779980072035718	0.49680024586067195	0.5278836937306203
3.7115600394163817	1.8804308688654994	0.49680777761964967	0.5278836937306203
3.7164570694933396	1.882863767328161	0.49681531873083307	0.5278836937306203
3.721354099570298	1.885296702638345	0.496822869194843	0.5278836937306203
3.7262511296472565	1.8877296748428387	0.4968304290123003	0.5278836937306203
3.7311481597242144	1.8901626839884302	0.49683799818382585	0.5278836937306203
3.736045189801172	1.8925957301219065	0.4968455767100406	0.5278836937306203
3.7409422198781304	1.8950288132900563	0.4968531645915653	0.5278836937306203
3.7458392499550888	1.897461933539667	0.49686076182902095	0.5278836937306203
3.7507362800320463	1.8998950909175256	0.4968683684230283	0.5278836937306203
3.7556333101090047	1.902328285470421	0.49687598437420827	0.5278836937306203
3.7605303401859627	1.9047615172451404	0.49688360968318174	0.5278836937306203
3.765427370262921	1.9071947862884717	0.4968912443505696	0.5278836937306203
3.7703244003398795	1.909628092647202	0.49689888837699264	0.5278836937306203
3.7752214304168374	1.9120614363681199	0.49690654176307175	0.5278836937306203
3.780118460493796	1.9144948174980128	0.49691420450942786	0.5278836937306203
3.7850154905707543	1.9169282360836681	0.4969218766166818	0.5278836937306203
3.7899125206477122	1.9193616921718737	0.49692955808545447	0.5278836937306203
3.7948095507246706	1.9217951858094175	0.4969372489163667	0.5278836937306203
3.799706580801629	1.9242287170430874	0.4969449491100394	0.5278836937306203
3.8046036108785866	1.92666228591967	0.49695265866709337	0.5278836937306203
3.809500640955545	1.9290958924859547	0.4969603775881495	0.5278836937306203
3.814397671032503	1.9315295367887284	0.4969681058738287	0.5278836937306203
3.8192947011094613	1.9339632188747788	0.4969758435247518	0.5278836937306203
3.824191731186419	1.9363969387908935	0.4969835905415398	0.5278836937306203
3.8290887612633773	1.9388306965838606	0.49699134692481334	0.5278836937306203
3.8339857913403352	1.9412644923004678	0.4969991126751935	0.5278836937306203
3.8388828214172936	1.9436983259875027	0.49700688779330093	0.5278836937306203
3.843779851494252	1.946132197691753	0.4970146722797567	0.5278836937306203
3.84867688157121	1.9485661074600065	0.49702246613518164	0.5278836937306203
3.8535739116481684	1.9510000553390507	0.49703026936019656	0.5278836937306203
3.858470941725127	1.953434041375674	0.4970380819554223	0.5278836937306203
3.8633679718020852	1.9558680656166634	0.49704590392147985	0.5278836937306203
3.868265001879043	1.9583021281088069	0.49705373525899	0.5278836937306203
3.8731620319560007	1.9607362288988917	0.49706157596857364	0.5278836937306203
3.878059062032959	1.9631703680337065	0.49706942605085164	0.5278836937306203
3.8829560921099175	1.9656045455600388	0.4970772855064448	0.5278836937306203
3.8878531221868755	1.968038761524676	0.4970851543359741	0.5278836937306203
3.892750152263833	1.9704730159744057	0.4970930325400604	0.5278836937306203
3.8976471823407914	1.972907308956016	0.4971009201193245	0.5278836937306203
3.90254421241775	1.975341640516295	0.49710881707438725	0.5278836937306203
3.907441242494708	1.9777760107020295	0.4971167234058696	0.5278836937306203
3.912338272571666	1.9802104195600079	0.4971246391143924	0.5278836937306203
3.9172353026486246	1.9826448671370176	0.4971325642005765	0.5278836937306203
3.922132332725583	1.9850793534798465	0.4971404986650428	0.5278836937306203
3.927029362802541	1.9875138786352824	0.4971484425084121	0.5278836937306203
3.9319263928794994	1.9899484426501128	0.4971563957313053	0.5278836937306203
3.936823422956458	1.9923830455711258	0.49716435833434336	0.5278836937306203
3.9417204530334153	1.9948176874451082	0.49717233031814706	0.5278836937306203
3.9466174831103733	1.9972523683188488	0.49718031168333726	0.5278836937306203
3.9515145131873317	1.999687088239135	0.49718830243053486	0.5278836937306203
3.95641154326429	2.0021218472527544	0.4971963025603607	0.5278836937306203
3.9613085733412476	2.004556645406495	0.4972043120734357	0.5278836937306203
3.9662056034182056	2.006991482747144	0.4972123309703807	0.5278836937306203
3.971102633495164	2.00942635932149	0.49722035925181657	0.5278836937306203
3.9759996635721224	2.0118612751763196	0.4972283969183641	0.5278836937306203
3.980896693649081	2.0142962303584215	0.49723644397064437	0.5278836937306203
3.985793723726039	2.016731224914583	0.49724450040927803	0.5278836937306203
3.990690753802997	2.019166258891592	0.49725256623488606	0.5278836937306203
3.9955877838799556	2.0216013323362363	0.49726064144808935	0.5278836937306203
4.000484813956914	2.0240364452953035	0.49726872604950867	0.5278836937306203
4.005381844033872	2.026471597815581	0.497276820039765	0.5278836937306203
4.0102788741108295	2.028906789943856	0.4972849234194791	0.5278836937306203
4.015175904187788	2.0313420217269185	0.4972930361892719	0.5278836937306203
4.020072934264746	2.0337772932115543	0.4973011583497643	0.5278836937306203
4.024969964341705	2.036212604444551	0.49730928990157713	0.5278836937306203
4.029866994418662	2.0386479554726975	0.49731743084533125	0.5278836937306203
4.03476402449562	2.041083346342781	0.49732558118164755	0.5278836937306203
4.039661054572578	2.0435187771015895	0.49733374091114685	0.5278836937306203
4.044558084649537	2.04595424779591	0.4973419100344501	0.5278836937306203
4.049455114726495	2.0483897584725312	0.4973500885521781	0.5278836937306203
4.054352144803453	2.05082530917824	0.4973582764649518	0.5278836937306203
4.059249174880412	2.0532608999598243	0.497366473773392	0.5278836937306203
4.06414620495737	2.0556965308640724	0.49737468047811956	0.5278836937306203
4.069043235034328	2.0581322019377715	0.49738289657975543	0.5278836937306203
4.073940265111286	2.0605679132277093	0.4973911220789204	0.5278836937306203
4.078837295188245	2.0630036647806738	0.49739935697623533	0.5278836937306203
4.083734325265202	2.065439456643452	0.4974076012723212	0.5278836937306203
4.0886313553421605	2.067875288862833	0.4974158549677987	0.5278836937306203
4.093528385419119	2.070311161485604	0.4974241180632889	0.5278836937306203
4.098425415496076	2.072747074558551	0.4974323905594126	0.5278836937306203
4.103322445573035	2.0751830281284644	0.4974406724567905	0.5278836937306203
4.108219475649993	2.0776190222421307	0.49744896375604375	0.5278836937306203
4.113116505726951	2.080055056946338	0.49745726445779304	0.5278836937306203
4.118013535803909	2.082491132287873	0.4974655745626593	0.5278836937306203
4.122910565880868	2.084927248313525	0.4974738940712633	0.5278836937306203
4.127807595957826	2.0873634050700804	0.49748222298422606	0.5278836937306203
4.132704626034784	2.089799602604328	0.4974905613021684	0.5278836937306203
4.137601656111743	2.0922358409630544	0.4974989090257111	0.5278836937306203
4.1424986861887	2.094672120193048	0.49750726615547514	0.5278836937306203
4.147395716265659	2.0971084403410964	0.4975156326920813	0.5278836937306203
4.152292746342616	2.0995448014539875	0.4975240086361506	0.5278836937306203
4.157189776419575	2.1019812035785086	0.49753239398830373	0.5278836937306203
4.162086806496533	2.104417646761448	0.49754078874916163	0.5278836937306203
4.166983836573491	2.1068541310495927	0.49754919291934524	0.5278836937306203
4.171880866650449	2.109290656489731	0.4975576064994753	0.5278836937306203
4.176777896727407	2.1117272231286512	0.49756602949017276	0.5278836937306203
4.181674926804366	2.1141638310131396	0.4975744618920585	0.5278836937306203
4.186571956881323	2.1166004801899856	0.4975829037057533	0.5278836937306203
4.191468986958282	2.119037170705975	0.49759135493187817	0.5278836937306203
4.19636601703524	2.1214739026078973	0.49759981557105387	0.5278836937306203
4.201263047112199	2.1239106759425392	0.4976082856239013	0.5278836937306203
4.206160077189157	2.126347490756689	0.4976167650910413	0.5278836937306203
4.211057107266115	2.1287843470971337	0.4976252539730948	0.5278836937306203
4.215954137343074	2.131221245010662	0.4976337522706826	0.5278836937306203
4.220851167420031	2.13365818454406	0.4976422599844257	0.5278836937306203
4.225748197496989	2.1360951657441176	0.4976507771149448	0.5278836937306203
4.230645227573947	2.138532188657621	0.4976593036628609	0.5278836937306203
4.235542257650905	2.1409692533313587	0.4976678396287948	0.5278836937306203
4.240439287727863	2.143406359812118	0.49767638501336736	0.5278836937306203
4.245336317804822	2.1458435081466867	0.49768493981719947	0.5278836937306203
4.25023334788178	2.148280698381853	0.497693504040912	0.5278836937306203
4.255130377958738	2.150717930564404	0.49770207768512587	0.5278836937306203
4.260027408035696	2.1531552047411275	0.4977106607504619	0.5278836937306203
4.264924438112654	2.155592520958812	0.4977192532375409	0.5278836937306203
4.269821468189613	2.158029879264244	0.49772785514698387	0.5278836937306203
4.274718498266571	2.1604672797042124	0.4977364664794116	0.5278836937306203
4.2796155283435295	2.1629047223255036	0.4977450872354449	0.5278836937306203
4.284512558420488	2.165342207174907	0.4977537174157048	0.5278836937306203
4.2894095884974455	2.1677797342992084	0.49776235702081206	0.5278836937306203
4.294306618574404	2.1702173037451975	0.4977710060513876	0.5278836937306203
4.299203648651361	2.172654915559661	0.49777966450805217	0.5278836937306203
4.304100678728319	2.175092569789386	0.4977883323914268	0.5278836937306203
4.308997708805277	2.177530266481162	0.49779700970213225	0.5278836937306203
4.313894738882236	2.1799680056817756	0.4978056964407894	0.5278836937306203
4.318791768959194	2.1824057874380145	0.4978143926080192	0.5278836937306203
4.3236887990361526	2.184843611796666	0.4978230982044424	0.5278836937306203
4.328585829113111	2.187281478804519	0.49783181323068004	0.5278836937306203
4.333482859190069	2.189719388508361	0.4978405376873528	0.5278836937306203
4.338379889267027	2.192157340954979	0.4978492715750817	0.5278836937306203
4.343276919343985	2.1945953361911608	0.49785801489448744	0.5278836937306203
4.348173949420944	2.197033374263695	0.4978667676461911	0.5278836937306203
4.353070979497902	2.1994714552193684	0.4978755298308134	0.5278836937306203
4.35796800957486	2.201909579104969	0.4978843014489752	0.5278836937306203
4.362865039651818	2.2043477459672847	0.4978930825012975	0.5278836937306203
4.3677620697287765	2.2067859558531033	0.49790187298840105	0.5278836937306203
4.372659099805734	2.209224208809213	0.49791067291090674	0.5278836937306203
4.3775561298826915	2.2116625048824	0.4979194822694355	0.5278836937306203
4.38245315995965	2.214100844119453	0.4979283010646081	0.5278836937306203
4.387350190036608	2.2165392265671606	0.49793712929704553	0.5278836937306203
4.392247220113567	2.218977652272309	0.4979459669673686	0.5278836937306203
4.397144250190525	2.2214161212816865	0.4979548140761981	0.5278836937306203
4.4020412802674835	2.2238546336420812	0.4979636706241551	0.5278836937306203
4.406938310344442	2.2262931894002804	0.49797253661186025	0.5278836937306203
4.4118353404213995	2.2287317886030724	0.4979814120399345	0.5278836937306203
4.416732370498358	2.231170431297244	0.49799029690899876	0.5278836937306203
4.421629400575316	2.2336091175295834	0.4979991912196739	0.5278836937306203
4.426526430652274	2.2360478473468786	0.49800809497258075	0.5278836937306203
4.431423460729232	2.238486620795917	0.49801700816834016	0.5278836937306203
4.436320490806191	2.240925437923486	0.49802593080757307	0.5278836937306203
4.441217520883149	2.2433642987763744	0.49803486289090027	0.5278836937306203
4.4461145509601065	2.2458032034013686	0.4980438044189427	0.5278836937306203
4.451011581037065	2.2482421518452576	0.4980527553923212	0.5278836937306203
4.4559086111140225	2.2506811441548287	0.49806171581165665	0.5278836937306203
4.460805641190981	2.253120180376869	0.49807068567756985	0.5278836937306203
4.465702671267939	2.255559260558167	0.4980796649906818	0.5278836937306203
4.470599701344898	2.2579983847455103	0.4980886537516132	0.5278836937306203
4.475496731421856	2.260437552985686	0.4980976519609851	0.5278836937306203
4.4803937614988145	2.262876765325483	0.49810665961941825	0.5278836937306203
4.485290791575773	2.265316021811688	0.4981156767275336	0.5278836937306203
4.4901878216527304	2.267755322491089	0.49812470328595193	0.5278836937306203
4.495084851729688	2.2701946674104736	0.49813373929529414	0.5278836937306203
4.499981881806646	2.27263405661663	0.4981427847561812	0.5278836937306203
4.504878911883605	2.2750734901563456	0.49815183966923376	0.5278836937306203
4.509775941960563	2.2775129680764086	0.4981609040350729	0.5278836937306203
4.514672972037521	2.2799524904236055	0.4981699778543194	0.5278836937306203
4.519570002114479	2.2823920572447256	0.49817906112759414	0.5278836937306203
4.5244670321914375	2.2848316685865555	0.498188153855518	0.5278836937306203
4.529364062268395	2.287271324495884	0.49819725603871184	0.5278836937306203
4.5342610923453535	2.2897110250194976	0.49820636767779647	0.5278836937306203
4.539158122422312	2.292150770204185	0.4982154887733929	0.5278836937306203
4.54405515249927	2.294590560096733	0.4982246193261219	0.5278836937306203
4.548952182576229	2.2970303947439303	0.4982337593366043	0.5278836937306203
4.553849212653187	2.299470274192564	0.49824290880546107	0.5278836937306203
4.5587462427301455	2.3019101984894217	0.49825206773331304	0.5278836937306203
4.563643272807103	2.304350167681292	0.49826123612078105	0.5278836937306203
4.5685403028840605	2.3067901818149616	0.498270413968486	0.5278836937306203
4.573437332961019	2.3092302409372194	0.49827960127704873	0.5278836937306203
4.578334363037977	2.311670345094852	0.4982887980470902	0.5278836937306203
4.583231393114935	2.3141104943346473	0.49829800427923115	0.5278836937306203
4.588128423191893	2.3165506887033938	0.49830721997409255	0.5278836937306203
4.593025453268852	2.318990928247879	0.49831644513229517	0.5278836937306203
4.59792248334581	2.3214312130148897	0.49832567975446	0.5278836937306203
4.6028195134227685	2.3238715430512147	0.4983349238412078	0.5278836937306203
4.607716543499726	2.3263119184036416	0.49834417739315956	0.5278836937306203
4.6126135735766844	2.3287523391189575	0.49835344041093604	0.5278836937306203
4.617510603653643	2.331192805243951	0.49836271289515816	0.5278836937306203
4.622407633730601	2.333633316825409	0.49837199484644673	0.5278836937306203
4.62730466380756	2.3360738739101192	0.4983812862654227	0.5278836937306203
4.632201693884518	2.33851447654487	0.4983905871527069	0.5278836937306203
4.637098723961476	2.340955124776449	0.4983998975089202	0.5278836937306203
4.641995754038433	2.3433958186516435	0.4984092173346835	0.5278836937306203
4.6468927841153915	2.3458365582172416	0.49841854663061763	0.5278836937306203
4.651789814192349	2.348277343520031	0.4984278853973435	0.5278836937306203
4.6566868442693075	2.3507181746067993	0.4984372336354819	0.5278836937306203
4.661583874346266	2.353159051524335	0.4984465913456538	0.5278836937306203
4.666480904423224	2.355599974319424	0.49845595852847996	0.5278836937306203
4.671377934500183	2.358040943038856	0.49846533518458136	0.5278836937306203
4.676274964577141	2.3604819577294176	0.4984747213145788	0.5278836937306203
4.681171994654099	2.362923018437897	0.49848411691909317	0.5278836937306203
4.686069024731057	2.365364125211082	0.49849352199874536	0.5278836937306203
4.690966054808015	2.3678052780957595	0.49850293655415623	0.5278836937306203
4.695863084884974	2.3702464771387177	0.49851236058594656	0.5278836937306203
4.700760114961932	2.372687722386745	0.49852179409473735	0.5278836937306203
4.70565714503889	2.375129013886628	0.49853123708114944	0.5278836937306203
4.710554175115848	2.377570351685156	0.49854068954580366	0.5278836937306203
4.715451205192807	2.380011735829115	0.49855015148932086	0.5278836937306203
4.720348235269764	2.3824531663652935	0.498559622912322	0.5278836937306203
4.725245265346722	2.3848946433404796	0.49856910381542785	0.5278836937306203
4.73014229542368	2.38733616680146	0.4985785941992593	0.5278836937306203
4.735039325500638	2.3897777367950237	0.49858809406443727	0.5278836937306203
4.739936355577597	2.392219353367958	0.4985976034115826	0.5278836937306203
4.744833385654555	2.39466101656705	0.4986071222413162	0.5278836937306203
4.749730415731514	2.397102726439088	0.49861665055425886	0.5278836937306203
4.754627445808471	2.39954448303086	0.4986261883510315	0.5278836937306203
4.75952447588543	2.401986286389153	0.498635735632255	0.5278836937306203
4.764421505962388	2.404428136560755	0.49864529239855016	0.5278836937306203
4.769318536039346	2.4068700335924538	0.49865485865053794	0.5278836937306203
4.774215566116304	2.409311977531037	0.4986644343888391	0.5278836937306203
4.779112596193262	2.4117539684232927	0.49867401961407465	0.5278836937306203
4.784009626270221	2.4141960063160086	0.49868361432686537	0.5278836937306203
4.788906656347178	2.4166380912559715	0.49869321852783216	0.5278836937306203
4.793803686424137	2.4190802232899706	0.4987028322175958	0.5278836937306203
4.798700716501094	2.4215224024647926	0.49871245539677733	0.5278836937306203
4.803597746578053	2.4239646288272256	0.4987220880659975	0.5278836937306203
4.808494776655011	2.4264069024240573	0.49873173022587713	0.5278836937306203
4.813391806731969	2.428849223302076	0.49874138187703726	0.5278836937306203
4.818288836808928	2.431291591508068	0.4987510430200986	0.5278836937306203
4.823185866885886	2.4337340070888223	0.4987607136556821	0.5278836937306203
4.828082896962845	2.436176470091126	0.4987703937844086	0.5278836937306203
4.832979927039802	2.438618980561767	0.498780083406899	0.5278836937306203
4.837876957116761	2.441061538547533	0.49878978252377415	0.5278836937306203
4.842773987193718	2.4435041440952117	0.4987994911356549	0.5278836937306203
4.8476710172706765	2.445946797251591	0.49880920924316213	0.5278836937306203
4.852568047347635	2.448389498063459	0.49881893684691675	0.5278836937306203
4.857465077424592	2.450832246577602	0.49882867394753955	0.5278836937306203
4.862362107501551	2.4532750428408097	0.4988384205456515	0.5278836937306203
4.867259137578509	2.4557178868998686	0.49884817664187336	0.5278836937306203
4.872156167655468	2.4581607788015667	0.4988579422368261	0.5278836937306203
4.877053197732425	2.460603718592692	0.49886771733113056	0.5278836937306203
4.881950227809384	2.463046706320031	0.49887750192540753	0.5278836937306203
4.886847257886342	2.4654897420303734	0.498887296020278	0.5278836937306203
4.8917442879633	2.4679328257705055	0.49889709961636275	0.5278836937306203
4.896641318040259	2.4703759575872155	0.49890691271428267	0.5278836937306203
4.901538348117217	2.472819137527291	0.4989167353146587	0.5278836937306203
4.906435378194175	2.47526236563752	0.4989265674181116	0.5278836937306203
4.911332408271132	2.4777056419646897	0.49893640902526226	0.5278836937306203
4.916229438348091	2.4801489665555883	0.4989462601367316	0.5278836937306203
4.921126468425049	2.4825923394570037	0.4989561207531405	0.5278836937306203
4.9260234985020075	2.485035760715723	0.4989659908751098	0.5278836937306203
4.930920528578965	2.487479230378534	0.49897587050326037	0.5278836937306203
4.935817558655923	2.4899227484922255	0.498985759638213	0.5278836937306203
4.940714588732882	2.4923663151035838	0.4989956582805887	0.5278836937306203
4.94561161880984	2.4948099302593976	0.4990055664310083	0.5278836937306203
4.950508648886798	2.4972535940064544	0.4990154840900926	0.5278836937306203
4.955405678963756	2.4996973063915418	0.49902541125846256	0.5278836937306203
4.960302709040715	2.5021410674614475	0.4990353479367389	0.5278836937306203
4.965199739117673	2.504584877262959	0.4990452941255427	0.5278836937306203
4.970096769194631	2.507028735842865	0.4990552498254947	0.5278836937306203
4.97499379927159	2.509472643247952	0.4990652150372158	0.5278836937306203
4.979890829348547	2.5119165995250077	0.4990751897613268	0.5278836937306203
4.984787859425506	2.5143606047208213	0.49908517399844865	0.5278836937306203
4.989684889502463	2.5168046588821795	0.49909516774920226	0.5278836937306203
4.994581919579422	2.51924876205587	0.49910517101420837	0.5278836937306203
4.999478949656379	2.521692914288681	0.4991151837940879	0.5278836937306203
5.004375979733338	2.5241371156273997	0.4991252060894618	0.5278836937306203
5.009273009810296	2.5265813661188146	0.4991352379009509	0.5278836937306203
5.014170039887254	2.529025665809712	0.499145279229176	0.5278836937306203
5.019067069964213	2.531470014746881	0.499155330074758	0.5278836937306203
5.02396410004117	2.5339144129771096	0.4991653904383178	0.5278836937306203
5.028861130118129	2.536358860547184	0.49917546032047627	0.5278836937306203
5.033758160195087	2.538803357503893	0.49918553972185425	0.5278836937306203
5.038655190272046	2.541247903894024	0.49919562864307265	0.5278836937306203
5.043552220349004	2.5436924997643646	0.4992057270847523	0.5278836937306203
5.0484492504259615	2.546137145161703	0.49921583504751404	0.5278836937306203
5.05334628050292	2.548581840132827	0.4992259525319788	0.5278836937306203
5.058243310579878	2.5510265847245233	0.4992360795387675	0.5278836937306203
5.063140340656836	2.5534713789835806	0.49924621606850084	0.5278836937306203
5.068037370733793	2.555916222956786	0.49925636212179986	0.5278836937306203
5.072934400810752	2.5583611166909286	0.4992665176992853	0.5278836937306203
5.07783143088771	2.5608060602327947	0.49927668280157816	0.5278836937306203
5.082728460964669	2.5632510536291724	0.4992868574292992	0.5278836937306203
5.087625491041627	2.5656960969268487	0.4992970415830693	0.5278836937306203
5.092522521118585	2.5681411901726134	0.4993072352635094	0.5278836937306203
5.097419551195544	2.5705863334132526	0.49931743847124027	0.5278836937306203
5.102316581272501	2.573031526695554	0.4993276512068829	0.5278836937306203
5.10721361134946	2.575476770066306	0.49933787347105807	0.5278836937306203
5.112110641426418	2.577922063572297	0.49934810526438667	0.5278836937306203
5.117007671503376	2.580367407260312	0.49935834658748957	0.5278836937306203
5.121904701580334	2.582812801177141	0.49936859744098766	0.5278836937306203
5.1268017316572925	2.5852582453695723	0.49937885782550173	0.5278836937306203
5.131698761734251	2.587703739884392	0.4993891277416528	0.5278836937306203
5.136595791811208	2.590149284768388	0.4993994071900616	0.5278836937306203
5.141492821888166	2.5925948800683485	0.49940969617134906	0.5278836937306203
5.146389851965124	2.595040525831062	0.499419994686136	0.5278836937306203
5.151286882042083	2.5974862221033144	0.4994303027350434	0.5278836937306203
5.156183912119041	2.5999319689318954	0.499440620318692	0.5278836937306203
5.1610809421959996	2.602377766363591	0.4994509474377028	0.5278836937306203
5.165977972272958	2.6048236144451904	0.4994612840926965	0.5278836937306203
5.170875002349916	2.60726951322348	0.49947163028429414	0.5278836937306203
5.175772032426874	2.609715462745249	0.4994819860131165	0.5278836937306203
5.180669062503832	2.6121614630572836	0.4994923512797845	0.5278836937306203
5.185566092580791	2.614607514206372	0.4995027260849189	0.5278836937306203
5.190463122657748	2.6170536162393025	0.49951311042914065	0.5278836937306203
5.195360152734707	2.619499769202863	0.49952350431307063	0.5278836937306203
5.200257182811665	2.6219459731438404	0.4995339077373297	0.5278836937306203
5.205154212888623	2.6243922281090226	0.49954432070253874	0.5278836937306203
5.210051242965581	2.6268385341451976	0.4995547432093186	0.5278836937306203
5.214948273042539	2.629284891299153	0.49956517525829014	0.5278836937306203
5.219845303119497	2.6317312996176767	0.49957561685007423	0.5278836937306203
5.224742333196455	2.634177759147556	0.49958606798529176	0.5278836937306203
5.229639363273414	2.6366242699355795	0.49959652866456356	0.5278836937306203
5.234536393350372	2.639070832028534	0.49960699888851057	0.5278836937306203
5.2394334234273305	2.6415174454732075	0.4996174786577536	0.5278836937306203
5.244330453504289	2.643964110316388	0.49962796797291353	0.5278836937306203
5.249227483581247	2.646410826604863	0.4996384668346112	0.5278836937306203
5.254124513658205	2.6488575943854205	0.4996489752434676	0.5278836937306203
5.259021543735162	2.651304413704848	0.49965949320010344	0.5278836937306203
5.263918573812121	2.6537512846099327	0.4996700207051397	0.5278836937306203
5.268815603889079	2.656198207147463	0.49968055775919723	0.5278836937306203
5.273712633966037	2.6586451813642267	0.4996911043628968	0.5278836937306203
5.278609664042995	2.6610922073070116	0.4997016605168595	0.5278836937306203
5.2835066941199536	2.6635392850226047	0.49971222622170597	0.5278836937306203
5.288403724196912	2.6659864145577945	0.4997228014780572	0.5278836937306203
5.2933007542738695	2.6684335959593692	0.49973338628653396	0.5278836937306203
5.298197784350828	2.6708808292741146	0.49974398064775727	0.5278836937306203
5.303094814427786	2.6733281145488204	0.4997545845623479	0.5278836937306203
5.307991844504745	2.6757754518302734	0.4997651980309267	0.5278836937306203
5.312888874581703	2.678222841165261	0.49977582105411467	0.5278836937306203
5.3177859046586615	2.6806702826005715	0.4997864536325325	0.5278836937306203
5.32268293473562	2.683117776182993	0.4997970957668012	0.5278836937306203
5.3275799648125775	2.6855653219593125	0.49980774745754153	0.5278836937306203
5.332476994889535	2.688012919976318	0.4998184087053745	0.5278836937306203
5.337374024966493	2.690460570280797	0.4998290795109208	0.5278836937306203
5.342271055043451	2.6929082729195377	0.49983975987480145	0.5278836937306203
5.347168085120409	2.6953560279393276	0.49985044979763726	0.5278836937306203
5.352065115197368	2.6978038353869547	0.4998611492800491	0.5278836937306203
5.356962145274326	2.7002516953092064	0.49987185832265785	0.5278836937306203
5.3618591753512845	2.70269960775287	0.49988257692608434	0.5278836937306203
5.366756205428243	2.7051475727647345	0.4998933050909495	0.5278836937306203
5.3716532355052005	2.7075955903915867	0.49990404281787415	0.5278836937306203
5.376550265582159	2.710043660680214	0.4999147901074792	0.5278836937306203
5.381447295659117	2.7124917836774047	0.4999255469603855	0.5278836937306203
5.386344325736075	2.7149399594299464	0.4999363133772139	0.5278836937306203
5.391241355813033	2.7173881879846276	0.4999470893585853	0.5278836937306203
5.396138385889992	2.7198364693882344	0.4999578749051205	0.5278836937306203
5.40103541596695	2.7222848036875558	0.4999686700174405	0.5278836937306203
5.4059324460439075	2.72473319092938	0.4999794746961661	0.5278836937306203
5.410829476120866	2.727181631160493	0.4999902889419181	0.5278836937306203
5.415726506197824	2.7296301244276835	0.5000011127553174	0.5278836937306203
5.420623536274782	2.732078670777739	0.5000119461369851	0.5278836937306203
5.42552056635174	2.7345272702574484	0.5000227890875417	0.5278836937306203
5.430417596428699	2.7369759229135973	0.5000336416076083	0.5278836937306203
5.435314626505657	2.7394246287929755	0.5000445036978057	0.5278836937306203
5.4402116565826155	2.74187338794237	0.5000553753587548	0.5278836937306203
5.445108686659573	2.744322200408567	0.5000662565910765	0.5278836937306203
5.4500057167365314	2.746771066238357	0.5000771473953916	0.5278836937306203
5.454902746813489	2.749219985478525	0.5000880477723209	0.5278836937306203
5.459799776890447	2.751668958175861	0.5000989577224854	0.5278836937306203
5.464696806967406	2.7541179843771513	0.5001098772465059	0.5278836937306203
5.469593837044364	2.756567064129184	0.5001208063450033	0.5278836937306203
5.474490867121323	2.7590161974787475	0.5001317450185986	0.5278836937306203
5.479387897198281	2.7614653844726287	0.5001426932679124	0.5278836937306203
5.4842849272752385	2.7639146251576157	0.5001536510935657	0.5278836937306203
5.489181957352196	2.7663639195804954	0.5001646184961794	0.5278836937306203
5.4940789874291545	2.7688132677880573	0.5001755954763745	0.5278836937306203
5.498976017506113	2.7712626698270872	0.5001865820347715	0.5278836937306203
5.503873047583071	2.7737121257443746	0.5001975781719915	0.5278836937306203
5.50877007766003	2.776161635586706	0.5002085838886555	0.5278836937306203
5.513667107736988	2.7786111994008698	0.5002195991853841	0.5278836937306203
5.518564137813946	2.781060817233653	0.5002306240627984	0.5278836937306203
5.523461167890903	2.783510489131843	0.500241658521519	0.5278836937306203
5.5283581979678615	2.7859602151422296	0.500252702562167	0.5278836937306203
5.53325522804482	2.788409995311599	0.5002637561853632	0.5278836937306203
5.538152258121778	2.790859829686739	0.5002748193917286	0.5278836937306203
5.543049288198737	2.793309718314437	0.5002858921818838	0.5278836937306203
5.547946318275695	2.7957596612414823	0.5002969745564498	0.5278836937306203
5.552843348352654	2.7982096585146605	0.5003080665160475	0.5278836937306203
5.557740378429611	2.8006597101807604	0.5003191680612978	0.5278836937306203
5.562637408506569	2.8031098162865704	0.5003302791928215	0.5278836937306203
5.567534438583527	2.805559976878877	0.5003413999112394	0.5278836937306203
5.572431468660485	2.8080101920044687	0.5003525302171725	0.5278836937306203
5.577328498737444	2.810460461710133	0.5003636701112417	0.5278836937306203
5.582225528814402	2.812910786042658	0.5003748195940677	0.5278836937306203
5.587122558891361	2.815361165048831	0.5003859786662715	0.5278836937306203
5.592019588968319	2.8178115987754393	0.500397147328474	0.5278836937306203
5.596916619045277	2.8202620872692714	0.5004083255812959	0.5278836937306203
5.601813649122234	2.822712630577115	0.5004195134253582	0.5278836937306203
5.6067106791991925	2.8251632287457573	0.5004307108612817	0.5278836937306203
5.611607709276151	2.8276138818219865	0.5004419178896873	0.5278836937306203
5.616504739353109	2.83006458985259	0.500453134511196	0.5278836937306203
5.621401769430068	2.8325153528843554	0.5004643607264284	0.5278836937306203
5.626298799507026	2.8349661709640714	0.5004755965360056	0.5278836937306203
5.631195829583984	2.837417044138525	0.5004868419405484	0.5278836937306203
5.636092859660941	2.8398679724545035	0.5004980969406776	0.5278836937306203
5.6409898897379	2.8423189559587954	0.5005093615370142	0.5278836937306203
5.645886919814858	2.844769994698188	0.5005206357301789	0.5278836937306203
5.650783949891816	2.8472210887194698	0.5005319195207928	0.5278836937306203
5.655680979968775	2.8496722380694273	0.5005432129094766	0.5278836937306203
5.660578010045733	2.8521234427948494	0.5005545158968511	0.5278836937306203
5.665475040122691	2.8545747029425224	0.5005658284835374	0.5278836937306203
5.670372070199649	2.8570260185592353	0.5005771506701561	0.5278836937306203
5.675269100276607	2.859477389691776	0.5005884824573282	0.5278836937306203
5.680166130353565	2.861928816386931	0.5005998238456747	0.5278836937306203
5.6850631604305235	2.864380298691489	0.5006111748358163	0.5278836937306203
5.689960190507482	2.8668318366522376	0.500622535428374	0.5278836937306203
5.69485722058444	2.8692834303159644	0.5006339056239685	0.5278836937306203
5.699754250661398	2.871735079729457	0.5006452854232208	0.5278836937306203
5.704651280738356	2.874186784939503	0.5006566748267517	0.5278836937306203
5.709548310815315	2.8766385459928907	0.5006680738351821	0.5278836937306203
5.714445340892272	2.8790903629364077	0.5006794824491329	0.5278836937306203
5.719342370969231	2.881542235816841	0.5006909006692248	0.5278836937306203
5.724239401046189	2.8839941646809795	0.500702328496079	0.5278836937306203
5.729136431123147	2.88644614957561	0.5007137659303161	0.5278836937306203
5.734033461200105	2.88889819054752	0.500725212972557	0.5278836937306203
5.738930491277063	2.8913502876434984	0.5007366696234227	0.5278836937306203
5.743827521354022	2.8938024409103322	0.5007481358835338	0.5278836937306203
5.74872455143098	2.896254650394809	0.5007596117535116	0.5278836937306203
5.753621581507938	2.898706916143717	0.5007710972339766	0.5278836937306203
5.758518611584896	2.901159238203844	0.5007825923255498	0.5278836937306203
5.7634156416618545	2.903611616621977	0.500794097028852	0.5278836937306203
5.768312671738812	2.906064051444904	0.5008056113445042	0.5278836937306203
5.77320970181577	2.9085165427194135	0.5008171352731272	0.5278836937306203
5.778106731892729	2.9109690904922925	0.5008286688153418	0.5278836937306203
5.783003761969687	2.9134216948103284	0.500840211971769	0.5278836937306203
5.787900792046645	2.9158743557203097	0.5008517647430296	0.5278836937306203
5.792797822123603	2.9183270732690243	0.5008633271297445	0.5278836937306203
5.797694852200562	2.9207798475032587	0.5008748991325345	0.5278836937306203
5.802591882277519	2.9232326784698013	0.5008864807520205	0.5278836937306203
5.8074889123544775	2.9256855662154404	0.5008980719888234	0.5278836937306203
5.812385942431436	2.928138510786963	0.500909672843564	0.5278836937306203
5.817282972508394	2.9305915122311577	0.5009212833168634	0.5278836937306203
5.822180002585353	2.933044570594811	0.5009329034093422	0.5278836937306203
5.82707703266231	2.9354976859247115	0.5009445331216212	0.5278836937306203
5.831974062739269	2.937950858267646	0.5009561724543217	0.5278836937306203
5.836871092816226	2.9404040876704034	0.5009678214080642	0.5278836937306203
5.841768122893185	2.9428573741797712	0.5009794799834696	0.5278836937306203
5.846665152970143	2.9453107178425366	0.5009911481811589	0.5278836937306203
5.851562183047101	2.947764118705488	0.5010028260017528	0.5278836937306203
5.85645921312406	2.9502175768154126	0.5010145134458724	0.5278836937306203
5.861356243201018	2.9526710922190977	0.5010262105141384	0.5278836937306203
5.866253273277976	2.9551246649633325	0.5010379172071717	0.5278836937306203
5.871150303354933	2.957578295094903	0.5010496335255933	0.5278836937306203
5.876047333431892	2.960031982660598	0.5010613594700238	0.5278836937306203
5.88094436350885	2.9624857277072056	0.5010730950410843	0.5278836937306203
5.8858413935858085	2.9649395302815122	0.5010848402393957	0.5278836937306203
5.890738423662767	2.9673933904303067	0.5010965950655786	0.5278836937306203
5.895635453739725	2.969847308200376	0.5011083595202541	0.5278836937306203
5.900532483816683	2.972301283638509	0.5011201336040431	0.5278836937306203
5.90542951389364	2.9747553167914917	0.5011319173175661	0.5278836937306203
5.910326543970599	2.9772094077061135	0.5011437106614445	0.5278836937306203
5.915223574047557	2.979663556429161	0.5011555136362988	0.5278836937306203
5.920120604124516	2.9821177630074223	0.50116732624275	0.5278836937306203
5.925017634201474	2.984572027487686	0.501179148481419	0.5278836937306203
5.929914664278432	2.9870263499167384	0.5011909803529265	0.5278836937306203
5.934811694355391	2.989480730341368	0.5012028218578936	0.5278836937306203
5.939708724432348	2.9919351688083617	0.501214672996941	0.5278836937306203
5.944605754509306	2.9943896653645083	0.5012265337706896	0.5278836937306203
5.949502784586264	2.996844220056596	0.5012384041797604	0.5278836937306203
5.954399814663223	2.999298832931411	0.501250284224774	0.5278836937306203
5.959296844740181	3.001753504035742	0.5012621739063516	0.5278836937306203
5.9641938748171395	3.004208233416376	0.5012740732251139	0.5278836937306203
5.969090904894098	3.0066630211201018	0.5012859821816816	0.5278836937306203
5.973987934971055	3.009117867193706	0.5012979007766759	0.5278836937306203
5.978884965048014	3.0115727716839764	0.5013098290107174	0.5278836937306203
5.983781995124971	3.0140277346377022	0.5013217668844272	0.5278836937306203
5.98867902520193	3.01648275610167	0.501333714398426	0.5278836937306203
5.993576055278888	3.018937836122667	0.5013456715533348	0.5278836937306203
5.998473085355847	3.0213929747474824	0.5013576383497742	0.5278836937306203
6.003370115432805	3.0238481720229027	0.5013696147883654	0.5278836937306203
6.0082671455097625	3.026303427995715	0.501381600869729	0.5278836937306203
6.013164175586721	3.028758742712709	0.5013935965944862	0.5278836937306203
6.018061205663678	3.0312141162206716	0.5014056019632576	0.5278836937306203
6.022958235740637	3.0336695485663903	0.5014176169766641	0.5278836937306203
6.027855265817595	3.0361250397966533	0.5014296416353266	0.5278836937306203
6.032752295894554	3.038580589958248	0.5014416759398659	0.5278836937306203
6.037649325971512	3.0410361990979617	0.501453719890903	0.5278836937306203
6.04254635604847	3.043491867262582	0.5014657734890589	0.5278836937306203
6.047443386125428	3.0459475944988985	0.501477836734954	0.5278836937306203
6.052340416202386	3.0484033808536974	0.5014899096292096	0.5278836937306203
6.057237446279344	3.050859226373766	0.5015019921724464	0.5278836937306203
6.062134476356302	3.0533151311058933	0.5015140843652853	0.5278836937306203
6.067031506433261	3.0557710950968664	0.5015261862083471	0.5278836937306203
6.071928536510219	3.0582271183934724	0.5015382977022528	0.5278836937306203
6.076825566587177	3.0606832010425	0.5015504188476232	0.5278836937306203
6.081722596664135	3.0631393430907368	0.5015625496450792	0.5278836937306203
6.0866196267410935	3.06559554458497	0.5015746900952416	0.5278836937306203
6.091516656818052	3.0680518055719883	0.5015868401987312	0.5278836937306203
6.096413686895009	3.070508126098578	0.5015989999561691	0.5278836937306203
6.101310716971968	3.0729645062115285	0.5016111693681761	0.5278836937306203
6.106207747048926	3.0754209459576263	0.5016233484353728	0.5278836937306203
6.111104777125884	3.077877445383659	0.5016355371583805	0.5278836937306203
6.116001807202842	3.0803340045364154	0.5016477355378197	0.5278836937306203
6.1208988372798006	3.0827906234626825	0.5016599435743115	0.5278836937306203
6.125795867356759	3.0852473022092486	0.5016721612684767	0.5278836937306203
6.130692897433717	3.087704040822901	0.5016843886209362	0.5278836937306203
6.135589927510675	3.0901608393504274	0.5016966256323108	0.5278836937306203
6.140486957587633	3.0926176978386155	0.5017088723032214	0.5278836937306203
6.145383987664592	3.095074616334253	0.5017211286342889	0.5278836937306203
6.150281017741549	3.0975315948841278	0.501733394626134	0.5278836937306203
6.155178047818508	3.0999886335350277	0.5017456702793779	0.5278836937306203
6.160075077895466	3.10244573233374	0.5017579555946411	0.5278836937306203
6.1649721079724245	3.104902891327053	0.5017702505725448	0.5278836937306203
6.169869138049382	3.1073601105617543	0.5017825552137096	0.5278836937306203
6.17476616812634	3.1098173900846318	0.5017948695187565	0.5278836937306203
6.179663198203299	3.112274729942473	0.5018071934883065	0.5278836937306203
6.184560228280256	3.1147321301820647	0.5018195271229802	0.5278836937306203
6.189457258357215	3.117189590850196	0.5018318704233986	0.5278836937306203
6.194354288434173	3.1196471119936544	0.5018442233901825	0.5278836937306203
6.1992513185111315	3.122104693659227	0.501856586023953	0.5278836937306203
6.20414834858809	3.1245623358937022	0.5018689583253307	0.5278836937306203
6.2090453786650475	3.1270200387438676	0.5018813402949366	0.5278836937306203
6.213942408742006	3.129477802256511	0.5018937319333916	0.5278836937306203
6.218839438818963	3.131935626478419	0.5019061332413164	0.5278836937306203
6.223736468895922	3.134393511456381	0.501918544219332	0.5278836937306203
6.22863349897288	3.1368514572371837	0.5019309648680593	0.5278836937306203
6.233530529049839	3.1393094638676153	0.5019433951881191	0.5278836937306203
6.238427559126797	3.1417675313944633	0.5019558351801323	0.5278836937306203
6.243324589203755	3.1442256598645155	0.5019682848447198	0.5278836937306203
6.248221619280713	3.1466838493245595	0.5019807441825023	0.5278836937306203
6.2531186493576705	3.149142099821383	0.5019932131941008	0.5278836937306203
6.258015679434629	3.151600411401774	0.5020056918801363	0.5278836937306203
6.262912709511587	3.1540587841125203	0.5020181802412295	0.5278836937306203
6.267809739588546	3.1565172180004093	0.5020306782780013	0.5278836937306203
6.272706769665504	3.158975713112229	0.5020431859910726	0.5278836937306203
6.2776037997424625	3.161434269494767	0.5020557033810641	0.5278836937306203
6.28250082981942	3.1638928871948107	0.5020682304485969	0.5278836937306203
6.287397859896378	3.1663515662591486	0.5020807671942918	0.5278836937306203
6.292294889973336	3.1688103067345677	0.5020933136187696	0.5278836937306203
6.297191920050294	3.171269108667856	0.5021058697226513	0.5278836937306203
6.302088950127253	3.1737279721058016	0.5021184355065577	0.5278836937306203
6.306985980204211	3.176186897095192	0.5021310109711096	0.5278836937306203
6.31188301028117	3.1786458836828144	0.5021435961169279	0.5278836937306203
6.316780040358128	3.181104931915457	0.5021561909446336	0.5278836937306203
6.3216770704350855	3.183564041839907	0.5021687954548474	0.5278836937306203
6.326574100512043	3.1860232135029536	0.5021814096481902	0.5278836937306203
6.3314711305890015	3.188482446951383	0.502194033525283	0.5278836937306203
6.33636816066596	3.190941742231984	0.5022066670867465	0.5278836937306203
6.341265190742918	3.1934010993915436	0.5022193103332017	0.5278836937306203
6.346162220819877	3.1958605184768496	0.5022319632652694	0.5278836937306203
6.351059250896835	3.1983199995346903	0.5022446258835704	0.5278836937306203
6.355956280973793	3.200779542611852	0.5022572981887258	0.5278836937306203
6.360853311050751	3.2032391477551245	0.5022699801813563	0.5278836937306203
6.3657503411277085	3.205698815011294	0.5022826718620826	0.5278836937306203
6.370647371204667	3.2081585444271488	0.502295373231526	0.5278836937306203
6.375544401281625	3.2106183360494773	0.502308084290307	0.5278836937306203
6.380441431358584	3.2130781899250653	0.5023208050390466	0.5278836937306203
6.385338461435542	3.215538106100702	0.5023335354783658	0.5278836937306203
6.3902354915125	3.217998084623175	0.5023462756088852	0.5278836937306203
6.395132521589458	3.2204581255392717	0.5023590254312259	0.5278836937306203
6.400029551666416	3.2229182288957805	0.5023717849460086	0.5278836937306203
6.404926581743374	3.2253783947394883	0.5023845541538543	0.5278836937306203
6.4098236118203324	3.227838623117183	0.5023973330553838	0.5278836937306203
6.414720641897291	3.230298914075653	0.502410121651218	0.5278836937306203
6.419617671974249	3.2327592676616854	0.5024229199419777	0.5278836937306203
6.424514702051207	3.2352196839220677	0.502435727928284	0.5278836937306203
6.429411732128165	3.237680162903588	0.5024485456107574	0.5278836937306203
6.434308762205124	3.2401407046530344	0.502461372990019	0.5278836937306203
6.439205792282081	3.2426013092171946	0.5024742100666897	0.5278836937306203
6.4441028223590395	3.2450619766428552	0.5024870568413902	0.5278836937306203
6.448999852435998	3.247522706976805	0.5024999133147415	0.5278836937306203
6.453896882512956	3.2499835002658317	0.5025127794873645	0.5278836937306203
6.458793912589914	3.2524443565567225	0.50252565535988	0.5278836937306203
6.463690942666872	3.2549052758962653	0.5025385409329088	0.5278836937306203
6.468587972743831	3.257366258331248	0.502551436207072	0.5278836937306203
6.473485002820789	3.259827303908459	0.5025643411829902	0.5278836937306203
6.478382032897747	3.2622884126746845	0.5025772558612844	0.5278836937306203
6.483279062974705	3.2647495846767134	0.5025901802425755	0.5278836937306203
6.488176093051663	3.2672108199613334	0.5026031143274843	0.5278836937306203
6.493073123128621	3.2696721185753312	0.5026160581166317	0.5278836937306203
6.497970153205579	3.272133480565496	0.5026290116106386	0.5278836937306203
6.502867183282538	3.2745949059786144	0.5026419748101257	0.5278836937306203
6.507764213359496	3.277056394861474	0.5026549477157142	0.5278836937306203
6.512661243436455	3.2795179472608638	0.5026679303280247	0.5278836937306203
6.517558273513412	3.2819795632235707	0.502680922647678	0.5278836937306203
6.5224553035903705	3.2844412427963823	0.5026939246752953	0.5278836937306203
6.527352333667328	3.2869029860260865	0.5027069364114972	0.5278836937306203
6.532249363744286	3.2893647929594714	0.5027199578569047	0.5278836937306203
6.537146393821245	3.2918266636433247	0.5027329890121386	0.5278836937306203
6.542043423898203	3.2942885981244325	0.5027460298778198	0.5278836937306203
6.546940453975162	3.296750596449585	0.5027590804545691	0.5278836937306203
6.551837484052119	3.299212658665569	0.5027721407430075	0.5278836937306203
6.556734514129078	3.3016747848191716	0.5027852107437557	0.5278836937306203
6.561631544206035	3.3041369749571805	0.5027982904574347	0.5278836937306203
6.5665285742829935	3.3065992291263844	0.5028113798846654	0.5278836937306203
6.571425604359952	3.3090615473735703	0.5028244790260686	0.5278836937306203
6.57632263443691	3.3115239297455266	0.5028375878822652	0.5278836937306203
6.581219664513869	3.3139863762890407	0.502850706453876	0.5278836937306203
6.586116694590827	3.3164488870508997	0.5028638347415219	0.5278836937306203
6.591013724667785	3.318911462077892	0.5028769727458238	0.5278836937306203
6.595910754744742	3.3213741014168052	0.5028901204674024	0.5278836937306203
6.600807784821701	3.3238368051144267	0.5029032779068789	0.5278836937306203
6.605704814898659	3.326299573217545	0.502916445064874	0.5278836937306203
6.610601844975617	3.3287624057729475	0.5029296219420085	0.5278836937306203
6.615498875052576	3.3312253028274217	0.5029428085389034	0.5278836937306203
6.620395905129534	3.3336882644277552	0.5029560048561794	0.5278836937306203
6.625292935206493	3.3361512906207365	0.5029692108944576	0.5278836937306203
6.63018996528345	3.3386143814531524	0.5029824266543587	0.5278836937306203
6.635086995360408	3.341077536971791	0.5029956521365034	0.5278836937306203
6.639984025437366	3.34354075722344	0.5030088873415131	0.5278836937306203
6.6448810555143245	3.3460040422548873	0.5030221322700081	0.5278836937306203
6.649778085591283	3.348467392112921	0.5030353869226096	0.5278836937306203
6.654675115668241	3.350930806844328	0.5030486512999384	0.5278836937306203
6.6595721457452	3.353394286495897	0.5030619254026153	0.5278836937306203
6.664469175822157	3.355857831114414	0.5030752092312613	0.5278836937306203
6.669366205899115	3.3583214407466686	0.5030885027864972	0.5278836937306203
6.674263235976073	3.3607851154394477	0.5031018060689438	0.5278836937306203
6.679160266053032	3.363248855239539	0.503115119079222	0.5278836937306203
6.68405729612999	3.3657126601937306	0.5031284418179528	0.5278836937306203
6.688954326206948	3.3681765303488103	0.5031417742857569	0.5278836937306203
6.693851356283907	3.370640465751565	0.5031551164832553	0.5278836937306203
6.698748386360865	3.3731044664487833	0.5031684684110688	0.5278836937306203
6.703645416437823	3.375568532487252	0.5031818300698182	0.5278836937306203
6.70854244651478	3.37803266391376	0.5031952014601245	0.5278836937306203
6.713439476591739	3.3804968607750947	0.5032085825826086	0.5278836937306203
6.718336506668697	3.3829611231180428	0.5032219734378912	0.5278836937306203
6.7232335367456555	3.3854254509893935	0.5032353740265932	0.5278836937306203
6.728130566822614	3.3878898444359336	0.5032487843493356	0.5278836937306203
6.733027596899572	3.390354303504451	0.5032622044067392	0.5278836937306203
6.73792462697653	3.3928188282417335	0.5032756341994249	0.5278836937306203
6.742821657053488	3.395283418694569	0.5032890737280135	0.5278836937306203
6.747718687130446	3.397748074909745	0.5033025229931258	0.5278836937306203
6.752615717207404	3.400212796934049	0.503315981995383	0.5278836937306203
6.757512747284363	3.4026775848142705	0.5033294507354056	0.5278836937306203
6.762409777361321	3.4051424385971947	0.5033429292138145	0.5278836937306203
6.767306807438279	3.40760735832961	0.5033564174312308	0.5278836937306203
6.772203837515237	3.410072344058305	0.5033699153882754	0.5278836937306203
6.777100867592195	3.412537395830067	0.5033834230855688	0.5278836937306203
6.781997897669153	3.4150025136916837	0.5033969405237322	0.5278836937306203
6.786894927746111	3.417467697689943	0.5034104677033863	0.5278836937306203
6.79179195782307	3.4199329478716325	0.503424004625152	0.5278836937306203
6.796688987900028	3.4223982642835398	0.5034375512896503	0.5278836937306203
6.8015860179769865	3.4248636469724527	0.5034511076975019	0.5278836937306203
6.806483048053944	3.427329095985159	0.5034646738493277	0.5278836937306203
6.811380078130902	3.429794611368446	0.5034782497457486	0.5278836937306203
6.816277108207861	3.4322601931691024	0.5034918353873855	0.5278836937306203
6.821174138284818	3.4347258414339152	0.5035054307748593	0.5278836937306203
6.826071168361777	3.4371915562096724	0.5035190359087908	0.5278836937306203
6.830968198438735	3.439657337543162	0.5035326507898009	0.5278836937306203
6.835865228515694	3.4421231854811705	0.5035462754185104	0.5278836937306203
