x	chi	dchidx	s0
0.00024223131557112444	0.0	1.3324406019124302	1.3324406019124302
0.019873442934954067	0.0261574086355608	1.3324384126586015	1.3324406019124302
0.03950465455433701	0.05231473420185735	1.332432141615019	1.3324406019124302
0.05913586617371995	0.07847189663367606	1.3324217926906352	1.3324406019124302
0.07876707779310291	0.10462881587929948	1.332407366361527	1.3324406019124302
0.09839828941248585	0.13078541188051437	1.3323888625829554	1.3324406019124302
0.1180295010318688	0.1569416041561225	1.3323662812049677	1.3324406019124302
0.13766071265125174	0.18309731255380857	1.332339622136735	1.3324406019124302
0.15729192427063468	0.20925245714739021	1.3323088852019536	1.3324406019124302
0.17692313589001762	0.23540695799465883	1.33227407019838	1.3324406019124302
0.19655434750940057	0.26156073513737954	1.332235176897831	1.3324406019124302
0.2161855591287835	0.2877137086012912	1.3321922050461845	1.3324406019124302
0.23581677074816645	0.31386579839610673	1.3321451543633784	1.3324406019124302
0.2554479823675494	0.3400169245155124	1.3320940245434116	1.3324406019124302
0.2750791939869323	0.36616700693716864	1.3320388152543432	1.3324406019124302
0.2947104056063153	0.3923159656227093	1.3319795261382932	1.3324406019124302
0.3143416172256982	0.4184637205177424	1.3319161568114417	1.3324406019124302
0.3339728288450811	0.44461019155184933	1.33184870686403	1.3324406019124302
0.3536040404644641	0.4707552986385857	1.3317771758603592	1.3324406019124302
0.37323525208384706	0.4968989616754803	1.3317015633387914	1.3324406019124302
0.39286646370323	0.5230411005440364	1.3316218688117492	1.3324406019124302
0.4124976753226129	0.5491816351097304	1.3315380917657158	1.3324406019124302
0.43212888694199586	0.5753204852220131	1.3314502316612349	1.3324406019124302
0.45176009856137883	0.6014575707143086	1.3313582879329104	1.3324406019124302
0.47139131018076175	0.6275928114040147	1.3312622599894075	1.3324406019124302
0.49102252180014466	0.6537261270925032	1.3311621472134514	1.3324406019124302
0.5106537334195276	0.67985743756512	1.3310579489618277	1.3324406019124302
0.5302849450389105	0.7059866625911844	1.3309496645653829	1.3324406019124302
0.5499161566582935	0.7321137219239892	1.3308372933290242	1.3324406019124302
0.5695473682776764	0.7582385353008013	1.3307208345317192	1.3324406019124302
0.5891785798970594	0.7843610224428618	1.3306002874264955	1.3324406019124302
0.6088097915164423	0.810481103055385	1.3304756512404423	1.3324406019124302
0.6284410031358253	0.8365986968275588	1.3303469251747082	1.3324406019124302
0.6480722147552082	0.8627137234325457	1.3302141084045034	1.3324406019124302
0.6677034263745911	0.8888261025274811	1.330077200079098	1.3324406019124302
0.6873346379939741	0.9149357537534745	1.3299361993218228	1.3324406019124302
0.7069658496133571	0.9410425967356097	1.3297911052300693	1.3324406019124302
0.7265970612327399	0.9671465510829431	1.329641916875289	1.3324406019124302
0.746228272852123	0.9932475363885063	1.3294886333029952	1.3324406019124302
0.7658594844715059	1.0193454722293034	1.3293312535327604	1.3324406019124302
0.7854906960908888	1.0454402781663128	1.329169776558218	1.3324406019124302
0.8051219077102717	1.0715318737444874	1.3290042013470627	1.3324406019124302
0.8247531193296547	1.0976201784927524	1.3288345268410486	1.3324406019124302
0.8443843309490376	1.1237051119240085	1.3286607519559914	1.3324406019124302
0.8640155425684206	1.149786593535128	1.3284828755817666	1.3324406019124302
0.8836467541878035	1.1758645428069587	1.3283008965823109	1.3324406019124302
0.9032779658071866	1.2019388792043224	1.3281148137956207	1.3324406019124302
0.9229091774265694	1.228009522176013	1.3279246260337538	1.3324406019124302
0.9425403890459524	1.2540763911549015	1.3277303320828326	1.3324406019124302
0.9621716006653352	1.2801417211786832	1.3275319121712803	1.3324406019124302
0.9818028122847182	1.306207242741763	1.3273288640469356	1.3324406019124302
1.0014340239041013	1.3322721505786321	1.327120520277839	1.3324406019124302
1.0210652355234842	1.3583356782486382	1.3269062899502708	1.3324406019124302
1.040696447142867	1.3843970981359888	1.32668565866875	1.3324406019124302
1.06032765876225	1.4104557214497486	1.3264581885560367	1.3324406019124302
1.079958870381633	1.4365108982238404	1.3262235182531297	1.3324406019124302
1.0995900820010158	1.462562017317045	1.3259813629192678	1.3324406019124302
1.119221293620399	1.4886085064130024	1.3257315142319295	1.3324406019124302
1.1388525052397818	1.5146498320202089	1.3254738403868331	1.3324406019124302
1.1584837168591648	1.540685499472021	1.3252082860979366	1.3324406019124302
1.1781149284785477	1.5667150529266511	1.3249348725974375	1.3324406019124302
1.1977461400979306	1.5927380753671714	1.3246536976357732	1.3324406019124302
1.2173773517173136	1.6187541886015118	1.3243649354816205	1.3324406019124302
1.2370085633366965	1.6447630532624598	1.3240688369218963	1.3324406019124302
1.2566397749560794	1.6707643688076612	1.3237657292617568	1.3324406019124302
1.2762709865754625	1.6967578735196205	1.3234560163245985	1.3324406019124302
1.2959021981948453	1.7227433445056994	1.323140178452057	1.3324406019124302
1.3155334098142282	1.748720597698119	1.3228187725040075	1.3324406019124302
1.335164621433611	1.7746894878539567	1.3224924318585658	1.3324406019124302
1.3547958330529943	1.8006499085551497	1.3221618664120862	1.3324406019124302
1.3744270446723772	1.8266017922084923	1.3218278625791637	1.3324406019124302
1.39405825629176	1.8525451100456372	1.3214912832926327	1.3324406019124302
1.413689467911143	1.8784798721230949	1.321153068003567	1.3324406019124302
1.433320679530526	1.9044061273222352	1.3208142326812802	1.3324406019124302
1.4529518911499089	1.9303239633492844	1.3204758698133259	1.3324406019124302
1.4725831027692917	1.9562335067353276	1.320139148405497	1.3324406019124302
1.4922143143886748	1.982134922836309	1.3198053139818267	1.3324406019124302
1.5118455260080579	2.0080284158330293	1.319475688584587	1.3324406019124302
1.5314767376274407	2.033914228731147	1.3191516707742905	1.3324406019124302
1.5511079492468236	2.059792643361182	1.3188347356296888	1.3324406019124302
1.5707391608662065	2.085663980378508	1.3185264347477739	1.3324406019124302
1.5903703724855895	2.1115285992633597	1.3182283962437766	1.3324406019124302
1.6100015841049724	2.137386898320828	1.3179423247511683	1.3324406019124302
1.6296327957243553	2.163239314680865	1.3176700014216598	1.3324406019124302
1.6492640073437381	2.1890863242982768	1.317413283925201	1.3324406019124302
1.6688952189631214	2.214928441952731	1.3171741064499822	1.3324406019124302
1.6885264305825043	2.240766221248751	1.3169544797024335	1.3324406019124302
1.7081576422018871	2.26660025461572	1.316756490907224	1.3324406019124302
1.72778885382127	2.292431173307878	1.3165823038072633	1.3324406019124302
1.747420065440653	2.3182596474043233	1.3164341586636998	1.3324406019124302
1.767051277060036	2.344086385809014	1.3163143722559225	1.3324406019124302
1.7866824886794188	2.369912136250764	1.3162253378815596	1.3324406019124302
1.806313700298802	2.3957376852832475	1.316169525356479	1.3324406019124302
1.825944911918185	2.421563858284994	1.3161494810147885	1.3324406019124302
1.8455761235375678	2.4473915194593934	1.3161678277088353	1.3324406019124302
1.8652073351569507	2.473221571834693	1.3162272648092068	1.3324406019124302
1.8848385467763336	2.499054957263999	1.3163305682047297	1.3324406019124302
1.9044697583957166	2.5248926564252736	1.3164805903024703	1.3324406019124302
1.9241009700150995	2.550735688821339	1.316680260027735	1.3324406019124302
1.9437321816344826	2.5765851127798767	1.3169325828240697	1.3324406019124302
1.9442112416685935	2.577216004188147	1.3169394084388732	1.3324406019124302
1.9446903017027044	2.577846898866527	1.3169462357028383	1.3324406019124302
1.9451693617368153	2.5784777968158092	1.3169530646159922	1.3324406019124302
1.945648421770926	2.5791086980367854	1.3169598951783617	1.3324406019124302
1.946127481805037	2.5797396025302484	1.3169667273899741	1.3324406019124302
1.946606541839148	2.5803705102969907	1.3169735612508562	1.3324406019124302
1.9470856018732587	2.5810014213378034	1.3169803967610352	1.3324406019124302
1.9475646619073697	2.5816323356534805	1.3169872339205382	1.3324406019124302
1.9480437219414803	2.582263253244813	1.3169940727293923	1.3324406019124302
1.9485227819755913	2.582894174112594	1.3170009131876244	1.3324406019124302
1.9490018420097024	2.5835250982576157	1.3170077552952617	1.3324406019124302
1.949480902043813	2.5841560256806697	1.3170145990523314	1.3324406019124302
1.949959962077924	2.584786956382549	1.3170214444588604	1.3324406019124302
1.9504390221120347	2.5854178903640457	1.3170282915148754	1.3324406019124302
1.9509180821461458	2.5860488276259526	1.3170351402204044	1.3324406019124302
1.9513971421802565	2.586679768169061	1.3170419905754736	1.3324406019124302
1.9518762022143674	2.587310711994164	1.3170488425801101	1.3324406019124302
1.9523552622484783	2.587941659102054	1.3170556962343416	1.3324406019124302
1.952834322282589	2.588572609493523	1.3170625515381946	1.3324406019124302
1.9533133823167002	2.589203563169363	1.3170694084916965	1.3324406019124302
1.9537924423508108	2.5898345201303665	1.3170762670948744	1.3324406019124302
1.9542715023849218	2.590465480377327	1.3170831273477548	1.3324406019124302
1.9547505624190329	2.591096443911035	1.3170899892503654	1.3324406019124302
1.9552296224531436	2.5917274107322834	1.3170968528027331	1.3324406019124302
1.9557086824872545	2.592358380841865	1.3171037180048848	1.3324406019124302
1.9561877425213652	2.5929893542405713	1.3171105848568476	1.3324406019124302
1.956666802555476	2.593620330929196	1.3171174533586487	1.3324406019124302
1.9571458625895872	2.5942513109085303	1.317124323510315	1.3324406019124302
1.957624922623698	2.5948822941793663	1.3171311953118738	1.3324406019124302
1.9581039826578088	2.595513280742497	1.3171380687633518	1.3324406019124302
1.9585830426919195	2.5961442705987143	1.3171449438647764	1.3324406019124302
1.9590621027260307	2.5967752637488113	1.3171518206161748	1.3324406019124302
1.9595411627601416	2.5974062601935795	1.3171586990175734	1.3324406019124302
1.9600202227942523	2.598037259933811	1.317165579069	1.3324406019124302
1.9604992828283632	2.598668262970299	1.3171724607704813	1.3324406019124302
1.9609783428624739	2.5992992693038346	1.3171793441220443	1.3324406019124302
1.961457402896585	2.5999302789352114	1.3171862291237162	1.3324406019124302
1.961936462930696	2.6005612918652217	1.3171931157755241	1.3324406019124302
1.9624155229648066	2.601192308094656	1.3172000040774952	1.3324406019124302
1.9628945829989175	2.601823327624309	1.317206894029656	1.3324406019124302
1.9633736430330284	2.6024543504549715	1.3172137856320343	1.3324406019124302
1.9638527030671393	2.6030853765874364	1.3172206788846565	1.3324406019124302
1.96433176310125	2.6037164060224955	1.3172275737875503	1.3324406019124302
1.964810823135361	2.6043474387609415	1.3172344703407421	1.3324406019124302
1.965289883169472	2.604978474803567	1.3172413685442594	1.3324406019124302
1.9657689432035828	2.6056095141511637	1.3172482683981295	1.3324406019124302
1.9662480032376937	2.6062405568045244	1.317255169902379	1.3324406019124302
1.9667270632718044	2.606871602764441	1.3172620730570348	1.3324406019124302
1.9672061233059153	2.607502652031706	1.3172689778621245	1.3324406019124302
1.9676851833400264	2.6081337046071122	1.3172758843176748	1.3324406019124302
1.968164243374137	2.608764760491451	1.3172827924237132	1.3324406019124302
1.968643303408248	2.609395819685515	1.3172897021802663	1.3324406019124302
1.9691223634423587	2.610026882190097	1.3172966135873614	1.3324406019124302
1.9696014234764698	2.610657948005989	1.3173035266450253	1.3324406019124302
1.9700804835105807	2.6112890171339833	1.3173104413532855	1.3324406019124302
1.9705595435446914	2.611920089574872	1.3173173577121686	1.3324406019124302
1.9710386035788023	2.6125511653294478	1.317324275721702	1.3324406019124302
1.971517663612913	2.6131822443985024	1.317331195381913	1.3324406019124302
1.9719967236470242	2.613813326782829	1.3173381166928277	1.3324406019124302
1.972475783681135	2.6144444124832193	1.3173450396544744	1.3324406019124302
1.9729548437152458	2.6150755015004656	1.3173519642668792	1.3324406019124302
1.9734339037493567	2.6157065938353607	1.3173588905300695	1.3324406019124302
1.9739129637834676	2.6163376894886965	1.3173658184440726	1.3324406019124302
1.9743920238175785	2.6169687884612656	1.3173727480089152	1.3324406019124302
1.9748710838516894	2.6175998907538602	1.3173796792246246	1.3324406019124302
1.9753501438858	2.618230996367272	1.3173866120912279	1.3324406019124302
1.9758292039199112	2.618862105302294	1.3173935466087519	1.3324406019124302
1.976308263954022	2.6194932175597185	1.3174004827772239	1.3324406019124302
1.9767873239881328	2.6201243331403377	1.3174074205966708	1.3324406019124302
1.9772663840222435	2.6207554520449436	1.3174143600671198	1.3324406019124302
1.9777454440563544	2.621386574274329	1.317421301188598	1.3324406019124302
1.9782245040904656	2.6220176998292866	1.3174282439611322	1.3324406019124302
1.9787035641245763	2.622648828710607	1.31743518838475	1.3324406019124302
1.9791826241586872	2.623279960919085	1.3174421344594778	1.3324406019124302
1.9796616841927979	2.6239110964555104	1.317449082185343	1.3324406019124302
1.980140744226909	2.624542235320677	1.3174560315623727	1.3324406019124302
1.98061980426102	2.625173377515377	1.317462982590594	1.3324406019124302
1.9810988642951306	2.625804523040402	1.3174699352700339	1.3324406019124302
1.9815779243292415	2.6264356718965454	1.3174768896007192	1.3324406019124302
1.9820569843633522	2.6270668240845985	1.3174838455826774	1.3324406019124302
1.9825360443974633	2.6276979796053546	1.3174908032159354	1.3324406019124302
1.9830151044315742	2.628329138459605	1.3174977625005202	1.3324406019124302
1.983494164465685	2.6289603006481426	1.317504723436459	1.3324406019124302
1.983973224499796	2.6295914661717594	1.3175116860237785	1.3324406019124302
1.9844522845339068	2.630222635031248	1.3175186502625063	1.3324406019124302
1.9849313445680177	2.6308538072274006	1.3175256161526692	1.3324406019124302
1.9854104046021286	2.6314849827610094	1.3175325836942942	1.3324406019124302
1.9858894646362393	2.632116161632867	1.3175395528874083	1.3324406019124302
1.9863685246703504	2.6327473438437656	1.317546523732039	1.3324406019124302
1.986847584704461	2.633378529394497	1.3175534962282127	1.3324406019124302
1.987326644738572	2.6340097182858546	1.3175604703759571	1.3324406019124302
1.987805704772683	2.63464091051863	1.317567446175299	1.3324406019124302
1.9882847648067938	2.635272106093615	1.3175744236262654	1.3324406019124302
1.9887638248409047	2.635903305011603	1.3175814027288835	1.3324406019124302
1.9892428848750154	2.6365345072733852	1.3175883834831803	1.3324406019124302
1.9897219449091263	2.637165712879755	1.3175953658891828	1.3324406019124302
1.990201004943237	2.6377969218315043	1.317602349946918	1.3324406019124302
1.9906800649773482	2.6384281341294256	1.3176093356564134	1.3324406019124302
1.991159125011459	2.639059349774311	1.3176163230176956	1.3324406019124302
1.9916381850455698	2.639690568766952	1.3176233120307919	1.3324406019124302
1.9921172450796807	2.6403217911081422	1.317630302695729	1.3324406019124302
1.9925963051137916	2.6409530167986732	1.3176372950125346	1.3324406019124302
1.9930753651479025	2.641584245839338	1.3176442889812352	1.3324406019124302
1.9935544251820134	2.6422154782309284	1.3176512846018582	1.3324406019124302
1.9940334852161241	2.642846713974236	1.3176582818744307	1.3324406019124302
1.9945125452502352	2.6434779530700547	1.3176652807989795	1.3324406019124302
1.994991605284346	2.6441091955191753	1.3176722813755317	1.3324406019124302
1.9954706653184568	2.644740441322391	1.3176792836041145	1.3324406019124302
1.9959497253525678	2.6453716904804945	1.317686287484755	1.3324406019124302
1.9964287853866785	2.6460029429942766	1.31769329301748	1.3324406019124302
1.9969078454207896	2.646634198864531	1.317700300202317	1.3324406019124302
1.9973869054549003	2.6472654580920496	1.3177073090392928	1.3324406019124302
1.9978659654890112	2.6478967206776245	1.3177143195284342	1.3324406019124302
1.998345025523122	2.6485279866220486	1.317721331669769	1.3324406019124302
1.998824085557233	2.6491592559261132	1.3177283454633233	1.3324406019124302
1.999303145591344	2.649790528590611	1.317735360909125	1.3324406019124302
1.9997822056254546	2.650421804616335	1.3177423780072006	1.3324406019124302
2.0002612656595655	2.651053084004077	1.3177493967575777	1.3324406019124302
2.0007403256936764	2.6516843667546293	1.317756417160283	1.3324406019124302
2.0012193857277873	2.652315652868784	1.3177634392153437	1.3324406019124302
2.0016984457618983	2.652946942347334	1.3177704629227867	1.3324406019124302
2.002177505796009	2.653578235191071	1.317777488282639	1.3324406019124302
2.00265656583012	2.654209531400788	1.3177845152949281	1.3324406019124302
2.0031356258642306	2.6548408309772764	1.3177915439596808	1.3324406019124302
2.0036146858983415	2.655472133921329	1.317798574276924	1.3324406019124302
2.004093745932453	2.6561034402337387	1.317805606246685	1.3324406019124302
2.0045728059665633	2.6567347499152967	1.3178126398689909	1.3324406019124302
2.005051866000674	2.6573660629667963	1.3178196751438687	1.3324406019124302
2.005530926034785	2.6579973793890286	1.3178267120713454	1.3324406019124302
2.006009986068896	2.6586286991827874	1.317833750651448	1.3324406019124302
2.006489046103007	2.6592600223488643	1.3178407908842036	1.3324406019124302
2.006968106137118	2.6598913488880513	1.3178478327696395	1.3324406019124302
2.0074471661712288	2.660522678801141	1.3178548763077826	1.3324406019124302
2.0079262262053392	2.6611540120889257	1.3178619214986598	1.3324406019124302
2.0084052862394506	2.661785348752198	1.3178689683422986	1.3324406019124302
2.0088843462735615	2.6624166887917498	1.3178760168387256	1.3324406019124302
2.009363406307672	2.6630480322083736	1.317883066987968	1.3324406019124302
2.009842466341783	2.6636793790028617	1.3178901187900531	1.3324406019124302
2.010321526375894	2.664310729176006	1.3178971722450077	1.3324406019124302
2.0108005864100047	2.6649420827286	1.317904227352859	1.3324406019124302
2.0112796464441156	2.6655734396614346	1.317911284113634	1.3324406019124302
2.0117587064782265	2.666204799975303	1.3179183425273597	1.3324406019124302
2.0122377665123374	2.666836163670997	1.3179254025940634	1.3324406019124302
2.0127168265464483	2.667467530749309	1.317932464313772	1.3324406019124302
2.0131958865805593	2.668098901211032	1.3179395276865127	1.3324406019124302
2.01367494661467	2.6687302750569577	1.3179465927123122	1.3324406019124302
2.0141540066487806	2.6693616522878783	1.317953659391198	1.3324406019124302
2.014633066682892	2.6699930329045864	1.3179607277231968	1.3324406019124302
2.0151121267170025	2.670624416907874	1.317967797708336	1.3324406019124302
2.0155911867511134	2.671255804298534	1.3179748693466424	1.3324406019124302
2.0160702467852243	2.671887195077358	1.3179819426381434	1.3324406019124302
2.016549306819335	2.672518589245139	1.3179890175828657	1.3324406019124302
2.017028366853446	2.673149986802669	1.3179960941808366	1.3324406019124302
2.017507426887557	2.67378138775074	1.3180031724320829	1.3324406019124302
2.017986486921668	2.674412792090145	1.318010252336632	1.3324406019124302
2.0184655469557784	2.6750441998216754	1.3180173338945107	1.3324406019124302
2.0189446069898898	2.6756756109461244	1.3180244171057462	1.3324406019124302
2.0194236670240007	2.676307025464284	1.3180315019703657	1.3324406019124302
2.019902727058111	2.676938443376946	1.318038588488396	1.3324406019124302
2.0203817870922225	2.6775698646849038	1.3180456766598643	1.3324406019124302
2.020860847126333	2.6782012893889484	1.3180527664847976	1.3324406019124302
2.021339907160444	2.678832717489873	1.318059857963223	1.3324406019124302
2.021818967194555	2.6794641489884703	1.3180669510951677	1.3324406019124302
2.0222980272286657	2.680095583885531	1.3180740458806584	1.3324406019124302
2.0227770872627766	2.6807270221818493	1.3180811423197225	1.3324406019124302
2.0232561472968875	2.681358463878216	1.318088240412387	1.3324406019124302
2.0237352073309984	2.681989908975425	1.318095340158679	1.3324406019124302
2.0242142673651093	2.682621357474267	1.3181024415586253	1.3324406019124302
2.0246933273992203	2.683252809375535	1.3181095446122535	1.3324406019124302
2.025172387433331	2.6838842646800214	1.3181166493195902	1.3324406019124302
2.0256514474674416	2.684515723388518	1.3181237556806624	1.3324406019124302
2.0261305075015525	2.685147185501818	1.3181308636954976	1.3324406019124302
2.0266095675356635	2.6857786510207133	1.3181379733641225	1.3324406019124302
2.0270886275697744	2.686410119945996	1.3181450846865643	1.3324406019124302
2.0275676876038853	2.687041592278459	1.31815219766285	1.3324406019124302
2.028046747637996	2.6876730680188934	1.3181593122930069	1.3324406019124302
2.028525807672107	2.6883045471680926	1.3181664285770618	1.3324406019124302
2.029004867706218	2.6889360297268485	1.3181735465150417	1.3324406019124302
2.029483927740329	2.6895675156959538	1.3181806661069742	1.3324406019124302
2.02996298777444	2.6901990050762006	1.3181877873528856	1.3324406019124302
2.0304420478085503	2.690830497868381	1.3181949102528037	1.3324406019124302
2.0309211078426617	2.691461994073287	1.318202034806755	1.3324406019124302
2.031400167876772	2.692093493691712	1.3182091610147668	1.3324406019124302
2.031879227910883	2.6927249967244475	1.3182162888768663	1.3324406019124302
2.032358287944994	2.693356503172286	1.31822341839308	1.3324406019124302
2.032837347979105	2.6939880130360194	1.3182305495634359	1.3324406019124302
2.033316408013216	2.694619526316441	1.3182376823879602	1.3324406019124302
2.0337954680473267	2.695251043014342	1.3182448168666805	1.3324406019124302
2.0342745280814376	2.6958825631305157	1.3182519529996237	1.3324406019124302
2.0347535881155485	2.696514086665754	1.3182590907868168	1.3324406019124302
2.0352326481496594	2.6971456136208487	1.318266230228287	1.3324406019124302
2.0357117081837703	2.697777143996593	1.318273371324061	1.3324406019124302
2.036190768217881	2.6984086777937786	1.3182805140741665	1.3324406019124302
2.0366698282519917	2.6990402150131985	1.31828765847863	1.3324406019124302
2.037148888286103	2.699671755655644	1.3182948045374787	1.3324406019124302
2.0376279483202135	2.700303299721908	1.31830195225074	1.3324406019124302
2.0381070083543245	2.700934847212783	1.3183091016184405	1.3324406019124302
2.0385860683884354	2.7015663981290605	1.3183162526406076	1.3324406019124302
2.0390651284225463	2.702197952471534	1.318323405317268	1.3324406019124302
2.039544188456657	2.702829510240995	1.3183305596484494	1.3324406019124302
2.040023248490768	2.703461071438236	1.3183377156341782	1.3324406019124302
2.040502308524879	2.7040926360640496	1.3183448732744818	1.3324406019124302
2.0409813685589895	2.704724204119227	1.3183520325693872	1.3324406019124302
2.041460428593101	2.7053557756045623	1.3183591935189214	1.3324406019124302
2.0419394886272113	2.705987350520846	1.3183663561231116	1.3324406019124302
2.042418548661322	2.706618928868872	1.3183735203819849	1.3324406019124302
2.042897608695433	2.707250510649432	1.3183806862955683	1.3324406019124302
2.043376668729544	2.7078820958633174	1.3183878538638885	1.3324406019124302
2.043855728763655	2.708513684511322	1.3183950230869732	1.3324406019124302
2.044334788797766	2.7091452765942368	1.318402193964849	1.3324406019124302
2.044813848831877	2.709776872112855	1.3184093664975431	1.3324406019124302
2.0452929088659877	2.710408471067969	1.3184165406850827	1.3324406019124302
2.0457719689000986	2.7110400734603703	1.3184237165274948	1.3324406019124302
2.0462510289342095	2.711671679290852	1.3184308940248064	1.3324406019124302
2.04673008896832	2.712303288560206	1.3184380731770446	1.3324406019124302
2.047209149002431	2.7129349012692243	1.3184452539842364	1.3324406019124302
2.0476882090365423	2.7135665174187005	1.318452436446409	1.3324406019124302
2.0481672690706527	2.7141981370094252	1.3184596205635892	1.3324406019124302
2.0486463291047636	2.714829760042192	1.3184668063358045	1.3324406019124302
2.0491253891388745	2.7154613865177923	1.3184739937630816	1.3324406019124302
2.0496044491729855	2.716093016437019	1.3184811828454477	1.3324406019124302
2.0500835092070964	2.716724649800665	1.3184883735829298	1.3324406019124302
2.0505625692412073	2.717356286609521	1.318495565975555	1.3324406019124302
2.051041629275318	2.7179879268643807	1.3185027600233505	1.3324406019124302
2.0515206893094287	2.7186195705660356	1.3185099557263433	1.3324406019124302
2.05199974934354	2.7192512177152786	1.3185171530845603	1.3324406019124302
2.0524788093776505	2.7198828683129013	1.3185243520980288	1.3324406019124302
2.0529578694117614	2.720514522359697	1.3185315527667756	1.3324406019124302
2.0534369294458723	2.7211461798564573	1.3185387550908279	1.3324406019124302
2.053915989479983	2.721777840803975	1.3185459590702129	1.3324406019124302
2.054395049514094	2.7224095052030415	1.3185531647049575	1.3324406019124302
2.054874109548205	2.7230411730544497	1.3185603719950887	1.3324406019124302
2.055353169582316	2.723672844358992	1.3185675809406339	1.3324406019124302
2.055832229616427	2.7243045191174615	1.3185747915416197	1.3324406019124302
2.0563112896505378	2.7249361973306487	1.3185820037980736	1.3324406019124302
2.0567903496846487	2.7255678789993474	1.3185892177100225	1.3324406019124302
2.057269409718759	2.726199564124349	1.318596433277493	1.3324406019124302
2.05774846975287	2.726831252706446	1.3186036505005132	1.3324406019124302
2.0582275297869814	2.727462944746432	1.3186108693791092	1.3324406019124302
2.058706589821092	2.728094640245097	1.3186180899133086	1.3324406019124302
2.059185649855203	2.728726339203235	1.3186253121031382	1.3324406019124302
2.0596647098893137	2.7293580416216376	1.3186325359486253	1.3324406019124302
2.0601437699234246	2.7299897475010977	1.3186397614497967	1.3324406019124302
2.0606228299575355	2.730621456842407	1.3186469886066796	1.3324406019124302
2.0611018899916465	2.7312531696463584	1.3186542174193012	1.3324406019124302
2.0615809500257574	2.7318848859137437	1.3186614478876884	1.3324406019124302
2.062060010059868	2.732516605645355	1.318668680011868	1.3324406019124302
2.062539070093979	2.733148328841986	1.3186759137918678	1.3324406019124302
2.06301813012809	2.7337800555044276	1.3186831492277142	1.3324406019124302
2.0634971901622006	2.734411785633472	1.3186903863194346	1.3324406019124302
2.0639762501963115	2.735043519229913	1.318697625067056	1.3324406019124302
2.0644553102304224	2.7356752562945412	1.3187048654706053	1.3324406019124302
2.0649343702645333	2.73630699682815	1.3187121075301096	1.3324406019124302
2.065413430298644	2.7369387408315315	1.3187193512455961	1.3324406019124302
2.065892490332755	2.7375704883054777	1.318726596617092	1.3324406019124302
2.066371550366866	2.738202239250781	1.318733843644624	1.3324406019124302
2.066850610400977	2.738833993668234	1.3187410923282195	1.3324406019124302
2.067329670435088	2.739465751558629	1.3187483426679054	1.3324406019124302
2.0678087304691983	2.740097512922758	1.3187555946637086	1.3324406019124302
2.0682877905033092	2.740729277761414	1.3187628483156566	1.3324406019124302
2.0687668505374206	2.7413610460753883	1.318770103623776	1.3324406019124302
2.069245910571531	2.7419928178654733	1.3187773605880944	1.3324406019124302
2.069724970605642	2.7426245931324624	1.3187846192086383	1.3324406019124302
2.070204030639753	2.743256371877147	1.318791879485435	1.3324406019124302
2.070683090673864	2.7438881541003197	1.3187991414185116	1.3324406019124302
2.0711621507079747	2.744519939802773	1.3188064050078951	1.3324406019124302
2.0716412107420856	2.7451517289852982	1.3188136702536128	1.3324406019124302
2.0721202707761965	2.745783521648689	1.3188209371556916	1.3324406019124302
2.072599330810307	2.746415317793737	1.3188282057141583	1.3324406019124302
2.0730783908444184	2.7470471174212343	1.3188354759290404	1.3324406019124302
2.0735574508785293	2.747678920531974	1.3188427478003648	1.3324406019124302
2.0740365109126397	2.7483107271267477	1.3188500213281584	1.3324406019124302
2.074515570946751	2.748942537206348	1.3188572965124483	1.3324406019124302
2.0749946309808616	2.749574350771567	1.318864573353262	1.3324406019124302
2.0754736910149725	2.7502061678231975	1.318871851850626	1.3324406019124302
2.0759527510490834	2.750837988362031	1.3188791320045676	1.3324406019124302
2.0764318110831943	2.751469812388861	1.318886413815114	1.3324406019124302
2.076910871117305	2.7521016399044784	1.3188936972822922	1.3324406019124302
2.077389931151416	2.7527334709096762	1.318900982406129	1.3324406019124302
2.077868991185527	2.7533653054052474	1.3189082691866518	1.3324406019124302
2.0783480512196375	2.753997143391983	1.3189155576238876	1.3324406019124302
2.078827111253749	2.754628984870677	1.3189228477178632	1.3324406019124302
2.0793061712878598	2.7552608298421197	1.318930139468606	1.3324406019124302
2.0797852313219702	2.7558926783071045	1.3189374328761427	1.3324406019124302
2.080264291356081	2.756524530266424	1.3189447279405009	1.3324406019124302
2.080743351390192	2.7571563857208696	1.3189520246617072	1.3324406019124302
2.081222411424303	2.7577882446712345	1.318959323039789	1.3324406019124302
2.081701471458414	2.7584201071183108	1.318966623074773	1.3324406019124302
2.082180531492525	2.75905197306289	1.3189739247666865	1.3324406019124302
2.0826595915266357	2.759683842505766	1.3189812281155566	1.3324406019124302
2.0831386515607466	2.7603157154477294	1.3189885331214102	1.3324406019124302
2.0836177115948575	2.7609475918895736	1.3189958397842745	1.3324406019124302
2.0840967716289684	2.761579471840726	1.3190031481078681	1.3324406019124302
2.084575831663079	2.7622113553695242	1.3190104581210942	1.3324406019124302
2.0850548916971903	2.762843242399573	1.3190177697909775	1.3324406019124302
2.0855339517313007	2.763475132931671	1.319025083117548	1.3324406019124302
2.0860130117654117	2.764107026966619	1.3190323981008365	1.3324406019124302
2.0864920717995226	2.7647389245052163	1.319039714740873	1.3324406019124302
2.0869711318336335	2.7653708255482625	1.3190470330376884	1.3324406019124302
2.0874501918677444	2.7660027300965577	1.3190543529913126	1.3324406019124302
2.0879292519018553	2.7666346381509013	1.3190616746017763	1.3324406019124302
2.088408311935966	2.767266549712094	1.3190689978691097	1.3324406019124302
2.088887371970077	2.767898464780935	1.3190763227933435	1.3324406019124302
2.089366432004188	2.768530383358223	1.3190836493745077	1.3324406019124302
2.089845492038299	2.76916230544476	1.319090977612633	1.3324406019124302
2.0903245520724094	2.769794231041344	1.3190983075077494	1.3324406019124302
2.0908036121065203	2.7704261601487756	1.3191056390598876	1.3324406019124302
2.0912826721406317	2.7710580927678548	1.3191129722690782	1.3324406019124302
2.091761732174742	2.77169002889938	1.319120307135351	1.3324406019124302
2.092240792208853	2.772321968544153	1.319127643658737	1.3324406019124302
2.092719852242964	2.772953911702972	1.3191349818392661	1.3324406019124302
2.093198912277075	2.773585858376638	1.319142321676969	1.3324406019124302
2.093677972311186	2.7742178085659495	1.319149663171876	1.3324406019124302
2.0941570323452967	2.774849762271707	1.3191570063240174	1.3324406019124302
2.0946360923794076	2.775481719494711	1.319164351133424	1.3324406019124302
2.095115152413518	2.7761136802357598	1.3191716976001255	1.3324406019124302
2.0955942124476294	2.7767456444956546	1.3191790457241528	1.3324406019124302
2.09607327248174	2.7773776122751936	1.319186395505536	1.3324406019124302
2.096552332515851	2.7780095835751784	1.3191937469443058	1.3324406019124302
2.0970313925499617	2.7786415583964077	1.3192011000404924	1.3324406019124302
2.0975104525840726	2.779273536739681	1.3192084547941263	1.3324406019124302
2.0979895126181836	2.779905518605799	1.3192158112052377	1.3324406019124302
2.0984685726522945	2.780537503995561	1.3192231692738572	1.3324406019124302
2.0989476326864054	2.781169492909767	1.319230529000015	1.3324406019124302
2.0994266927205163	2.7818014853492166	1.3192378903837416	1.3324406019124302
2.099905752754627	2.7824334813147096	1.3192452534250674	1.3324406019124302
2.100384812788738	2.783065480807046	1.3192526181240227	1.3324406019124302
2.1008638728228486	2.7836974838270248	1.319259984480638	1.3324406019124302
2.1013429328569595	2.784329490375447	1.3192673524949439	1.3324406019124302
2.1018219928910704	2.7849615004531114	1.3192747221669703	1.3324406019124302
2.1023010529251813	2.785593514060819	1.319282093496748	1.3324406019124302
2.1027801129592922	2.786225531199368	1.319289466484307	1.3324406019124302
2.103259172993403	2.7868575518695593	1.319296841129678	1.3324406019124302
2.103738233027514	2.7874895760721925	1.3193042174328913	1.3324406019124302
2.104217293061625	2.788121603808067	1.3193115953939774	1.3324406019124302
2.104696353095736	2.788753635077983	1.3193189750129666	1.3324406019124302
2.105175413129847	2.78938566988274	1.3193263562898891	1.3324406019124302
2.1056544731639573	2.790017708223138	1.3193337392247755	1.3324406019124302
2.1061335331980686	2.790649750099977	1.3193411238176562	1.3324406019124302
2.106612593232179	2.7912817955140556	1.3193485100685618	1.3324406019124302
2.10709165326629	2.7919138444661753	1.3193558979775222	1.3324406019124302
2.107570713300401	2.7925458969571353	1.319363287544568	1.3324406019124302
2.108049773334512	2.7931779529877345	1.3193706787697297	1.3324406019124302
2.1085288333686227	2.793810012558774	1.3193780716530377	1.3324406019124302
2.1090078934027336	2.794442075671052	1.3193854661945223	1.3324406019124302
2.1094869534368446	2.79507414232537	1.319392862394214	1.3324406019124302
2.1099660134709555	2.7957062125225276	1.3194002602521429	1.3324406019124302
2.1104450735050664	2.7963382862633233	1.3194076597683395	1.3324406019124302
2.1109241335391773	2.796970363548558	1.3194150609428346	1.3324406019124302
2.1114031935732878	2.7976024443790304	1.319422463775658	1.3324406019124302
2.1118822536073987	2.7982345287555415	1.3194298682668404	1.3324406019124302
2.11236131364151	2.7988666166788905	1.3194372744164122	1.3324406019124302
2.1128403736756205	2.7994987081498772	1.3194446822244037	1.3324406019124302
2.1133194337097314	2.800130803169302	1.3194520916908454	1.3324406019124302
2.1137984937438423	2.800762901737963	1.3194595028157676	1.3324406019124302
2.1142775537779532	2.8013950038566624	1.3194669155992007	1.3324406019124302
2.114756613812064	2.8020271095261986	1.319474330041175	1.3324406019124302
2.115235673846175	2.8026592187473707	1.3194817461417212	1.3324406019124302
2.115714733880286	2.80329133152098	1.3194891639008695	1.3324406019124302
2.1161937939143964	2.803923447847825	1.3194965833186503	1.3324406019124302
2.116672853948508	2.8045555677287073	1.3195040043950936	1.3324406019124302
2.1171519139826187	2.805187691164425	1.3195114271302306	1.3324406019124302
2.117630974016729	2.805819818155778	1.319518851524091	1.3324406019124302
2.11811003405084	2.8064519487035664	1.3195262775767056	1.3324406019124302
2.118589094084951	2.8070840828085903	1.3195337052881044	1.3324406019124302
2.119068154119062	2.807716220471649	1.3195411346583183	1.3324406019124302
2.119547214153173	2.808348361693543	1.3195485656873773	1.3324406019124302
2.1200262741872837	2.8089805064750712	1.319555998375312	1.3324406019124302
2.1205053342213946	2.8096126548170344	1.3195634327221526	1.3324406019124302
2.1209843942555056	2.8102448067202315	1.3195708687279295	1.3324406019124302
2.1214634542896165	2.810876962185463	1.3195783063926734	1.3324406019124302
2.121942514323727	2.8115091212135273	1.3195857457164144	1.3324406019124302
2.122421574357838	2.812141283805226	1.3195931866991828	1.3324406019124302
2.122900634391949	2.812773449961358	1.3196006293410094	1.3324406019124302
2.1233796944260597	2.813405619682723	1.3196080736419242	1.3324406019124302
2.1238587544601706	2.814037792970121	1.3196155196019579	1.3324406019124302
2.1243378144942815	2.814669969824352	1.3196229672211406	1.3324406019124302
2.1248168745283924	2.8153021502462154	1.3196304164995027	1.3324406019124302
2.1252959345625033	2.815934334236511	1.319637867437075	1.3324406019124302
2.1257749945966142	2.8165665217960387	1.3196453200338873	1.3324406019124302
2.126254054630725	2.8171987129255984	1.3196527742899706	1.3324406019124302
2.1267331146648356	2.8178309076259898	1.3196602302053548	1.3324406019124302
2.127212174698947	2.818463105898013	1.3196676877800706	1.3324406019124302
2.1276912347330574	2.819095307742467	1.3196751470141481	1.3324406019124302
2.1281702947671683	2.819727513160152	1.3196826079076178	1.3324406019124302
2.1286493548012797	2.8203597221518684	1.3196900704605103	1.3324406019124302
2.12912841483539	2.820991934718415	1.3196975346728559	1.3324406019124302
2.129607474869501	2.8216241508605924	1.3197050005446849	1.3324406019124302
2.130086534903612	2.8222563705791996	1.3197124680760277	1.3324406019124302
2.130565594937723	2.8228885938750374	1.3197199372669148	1.3324406019124302
2.131044654971834	2.823520820748905	1.3197274081173764	1.3324406019124302
2.1315237150059447	2.8241530512016015	1.319734880627443	1.3324406019124302
2.1320027750400556	2.824785285233928	1.319742354797145	1.3324406019124302
2.132481835074166	2.8254175228466836	1.319749830626513	1.3324406019124302
2.1329608951082775	2.8260497640406683	1.319757308115577	1.3324406019124302
2.1334399551423884	2.8266820088166815	1.3197647872643674	1.3324406019124302
2.133919015176499	2.827314257175523	1.319772268072915	1.3324406019124302
2.1343980752106098	2.8279465091179934	1.3197797505412496	1.3324406019124302
2.1348771352447207	2.8285787646448917	1.3197872346694022	1.3324406019124302
2.1353561952788316	2.829211023757018	1.319794720457403	1.3324406019124302
2.1358352553129425	2.8298432864551724	1.3198022079052822	1.3324406019124302
2.1363143153470534	2.8304755527401535	1.3198096970130704	1.3324406019124302
2.1367933753811643	2.8311078226127626	1.3198171877807978	1.3324406019124302
2.1372724354152752	2.831740096073798	1.319824680208495	1.3324406019124302
2.137751495449386	2.832372373124061	1.319832174296192	1.3324406019124302
2.138230555483497	2.8330046537643505	1.3198396700439199	1.3324406019124302
2.1387096155176075	2.8336369379954665	1.3198471674517085	1.3324406019124302
2.139188675551719	2.8342692258182085	1.3198546665195883	1.3324406019124302
2.1396677355858293	2.8349015172333765	1.3198621672475896	1.3324406019124302
2.1401467956199403	2.835533812241771	1.3198696696357433	1.3324406019124302
2.140625855654051	2.8361661108441907	1.319877173684079	1.3324406019124302
2.141104915688162	2.8367984130414357	1.319884679392628	1.3324406019124302
2.141583975722273	2.837430718834306	1.31989218676142	1.3324406019124302
2.142063035756384	2.8380630282236012	1.3198996957904854	1.3324406019124302
2.142542095790495	2.8386953412101215	1.3199072064798552	1.3324406019124302
2.1430211558246057	2.8393276577946662	1.319914718829559	1.3324406019124302
2.1435002158587166	2.839959977978035	1.3199222328396278	1.3324406019124302
2.1439792758928276	2.840592301761028	1.3199297485100918	1.3324406019124302
2.144458335926938	2.8412246291444454	1.3199372658409811	1.3324406019124302
2.144937395961049	2.8418569601290864	1.3199447848323267	1.3324406019124302
2.1454164559951603	2.842489294715751	1.3199523054841584	1.3324406019124302
2.1458955160292708	2.8431216329052384	1.319959827796507	1.3324406019124302
2.1463745760633817	2.843753974698349	1.3199673517694026	1.3324406019124302
2.1468536360974926	2.8443863200958828	1.3199748774028757	1.3324406019124302
2.1473326961316035	2.845018669098639	1.3199824046969568	1.3324406019124302
2.1478117561657144	2.845651021707418	1.3199899336516763	1.3324406019124302
2.1482908161998253	2.846283377923019	1.3199974642670642	1.3324406019124302
2.1487698762339362	2.846915737746243	1.3200049965431513	1.3324406019124302
2.1492489362680467	2.8475481011778876	1.320012530479968	1.3324406019124302
2.149727996302158	2.8481804682187546	1.3200200660775445	1.3324406019124302
2.1502070563362685	2.8488128388696423	1.3200276033359113	1.3324406019124302
2.1506861163703794	2.849445213131352	1.3200351422550987	1.3324406019124302
2.1511651764044903	2.8500775910046823	1.320042682835137	1.3324406019124302
2.1516442364386013	2.8507099724904332	1.3200502250760568	1.3324406019124302
2.152123296472712	2.851342357589405	1.3200577689778885	1.3324406019124302
2.152602356506823	2.851974746302397	1.3200653145406624	1.3324406019124302
2.153081416540934	2.8526071386302094	1.3200728617644089	1.3324406019124302
2.1535604765750445	2.8532395345736417	1.3200804106491584	1.3324406019124302
2.154039536609156	2.853871934133494	1.3200879611949412	1.3324406019124302
2.1545185966432667	2.8545043373105656	1.320095513401788	1.3324406019124302
2.154997656677377	2.8551367441056565	1.3201030672697287	1.3324406019124302
2.155476716711488	2.8557691545195665	1.3201106227987942	1.3324406019124302
2.155955776745599	2.8564015685530952	1.3201181799890145	1.3324406019124302
2.15643483677971	2.857033986207043	1.3201257388404202	1.3324406019124302
2.156913896813821	2.8576664074822093	1.3201332993530415	1.3324406019124302
2.1573929568479318	2.858298832379394	1.320140861526909	1.3324406019124302
2.1578720168820427	2.8589312608993964	1.320148425362053	1.3324406019124302
2.1583510769161536	2.8595636930430164	1.320155990858504	1.3324406019124302
2.1588301369502645	2.860196128811055	1.3201635580162923	1.3324406019124302
2.1593091969843754	2.8608285682043104	1.3201711268354481	1.3324406019124302
2.159788257018486	2.8614610112235828	1.3201786973160021	1.3324406019124302
2.1602673170525972	2.8620934578696726	1.3201862694579847	1.3324406019124302
2.1607463770867077	2.8627259081433793	1.320193843261426	1.3324406019124302
2.1612254371208186	2.8633583620455023	1.3202014187263567	1.3324406019124302
2.1617044971549295	2.863990819576842	1.320208995852807	1.3324406019124302
2.1621835571890404	2.864623280738198	1.3202165746408072	1.3324406019124302
2.1626626172231513	2.8652557455303698	1.320224155090388	1.3324406019124302
2.1631416772572623	2.865888213954157	1.3202317372015795	1.3324406019124302
2.163620737291373	2.8665206860103605	1.320239320974412	1.3324406019124302
2.164099797325484	2.867153161699779	1.3202469064089166	1.3324406019124302
2.164578857359595	2.8677856410232123	1.3202544935051228	1.3324406019124302
2.165057917393706	2.868418123981461	1.3202620822630615	1.3324406019124302
2.1655369774278164	2.8690506105753237	1.320269672682763	1.3324406019124302
2.1660160374619273	2.869683100805602	1.3202772647642578	1.3324406019124302
2.1664950974960386	2.870315594673094	1.320284858507576	1.3324406019124302
2.166974157530149	2.8709480921786	1.320292453912748	1.3324406019124302
2.16745321756426	2.87158059332292	1.3203000509798046	1.3324406019124302
2.167932277598371	2.8722130981068537	1.3203076497087758	1.3324406019124302
2.168411337632482	2.872845606531201	1.3203152500996922	1.3324406019124302
2.1688903976665928	2.8734781185967613	1.320322852152584	1.3324406019124302
2.1693694577007037	2.8741106343043348	1.3203304558674818	1.3324406019124302
2.1698485177348146	2.874743153654721	1.320338061244416	1.3324406019124302
2.170327577768925	2.8753756766487197	1.3203456682834167	1.3324406019124302
2.1708066378030364	2.8760082032871312	1.3203532769845145	1.3324406019124302
2.1712856978371473	2.876640733570755	1.3203608873477397	1.3324406019124302
2.171764757871258	2.8772732675003905	1.320368499373123	1.3324406019124302
2.1722438179053687	2.877905805076838	1.3203761130606944	1.3324406019124302
2.1727228779394796	2.8785383463008967	1.3203837284104845	1.3324406019124302
2.1732019379735905	2.879170891173367	1.3203913454225236	1.3324406019124302
2.1736809980077014	2.8798034396950483	1.320398964096842	1.3324406019124302
2.1741600580418123	2.8804359918667406	1.3204065844334705	1.3324406019124302
2.1746391180759232	2.8810685476892437	1.320414206432439	1.3324406019124302
2.175118178110034	2.8817011071633574	1.320421830093778	1.3324406019124302
2.175597238144145	2.8823336702898814	1.3204294554175182	1.3324406019124302
2.1760762981782555	2.882966237069615	1.3204370824036897	1.3324406019124302
2.1765553582123665	2.8835988075033594	1.320444711052323	1.3324406019124302
2.1770344182464774	2.884231381591913	1.3204523413634484	1.3324406019124302
2.1775134782805883	2.884863959336076	1.3204599733370965	1.3324406019124302
2.177992538314699	2.8854965407366486	1.3204676069732975	1.3324406019124302
2.17847159834881	2.88612912579443	1.3204752422720816	1.3324406019124302
2.178950658382921	2.8867617145102202	1.3204828792334797	1.3324406019124302
2.179429718417032	2.887394306884819	1.320490517857522	1.3324406019124302
2.179908778451143	2.8880269029190266	1.3204981581442385	1.3324406019124302
2.1803878384852537	2.8886595026136423	1.32050580009366	1.3324406019124302
2.180866898519364	2.889292105969466	1.3205134437058168	1.3324406019124302
2.1813459585534756	2.8899247129872974	1.3205210889807393	1.3324406019124302
2.181825018587586	2.8905573236679363	1.3205287359184579	1.3324406019124302
2.182304078621697	2.8911899380121824	1.320536384519003	1.3324406019124302
2.1827831386558083	2.8918225560208364	1.320544034782405	1.3324406019124302
2.1832621986899188	2.8924551776946967	1.3205516867086942	1.3324406019124302
2.1837412587240297	2.893087803034564	1.320559340297901	1.3324406019124302
2.1842203187581406	2.8937204320412375	1.3205669955500559	1.3324406019124302
2.1846993787922515	2.894353064715518	1.3205746524651891	1.3324406019124302
2.1851784388263624	2.8949857010582045	1.3205823110433312	1.3324406019124302
2.1856574988604733	2.8956183410700964	1.3205899712845124	1.3324406019124302
2.1861365588945842	2.8962509847519944	1.3205976331887632	1.3324406019124302
2.1866156189286947	2.896883632104698	1.3206052967561142	1.3324406019124302
2.187094678962806	2.8975162831290064	1.3206129619865954	1.3324406019124302
2.187573738996917	2.89814893782572	1.3206206288802373	1.3324406019124302
2.1880527990310275	2.8987815961956387	1.3206282974370707	1.3324406019124302
2.1885318590651384	2.8994142582395623	1.3206359676571253	1.3324406019124302
2.1890109190992493	2.9000469239582896	1.320643639540432	1.3324406019124302
2.18948997913336	2.900679593352622	1.320651313087021	1.3324406019124302
2.189969039167471	2.901312266423358	1.3206589882969229	1.3324406019124302
2.190448099201582	2.9019449431712974	1.3206666651701677	1.3324406019124302
2.190927159235693	2.902577623597241	1.320674343706786	1.3324406019124302
2.191406219269804	2.9032103077019875	1.3206820239068082	1.3324406019124302
2.1918852793039147	2.903842995486338	1.320689705770265	1.3324406019124302
2.1923643393380257	2.904475686951091	1.320697389297186	1.3324406019124302
2.192843399372136	2.9051083820970467	1.3207050744876023	1.3324406019124302
2.1933224594062475	2.905741080925005	1.3207127613415441	1.3324406019124302
2.193801519440358	2.9063737834357655	1.3207204498590417	1.3324406019124302
2.194280579474469	2.9070064896301284	1.3207281400401256	1.3324406019124302
2.1947596395085798	2.9076391995088935	1.3207358318848261	1.3324406019124302
2.1952386995426907	2.9082719130728596	1.3207435253931736	1.3324406019124302
2.1957177595768016	2.908904630322828	1.3207512205651988	1.3324406019124302
2.1961968196109125	2.909537351259597	1.3207589174009315	1.3324406019124302
2.1966758796450234	2.910170075883967	1.3207666159004023	1.3324406019124302
2.1971549396791343	2.9108028041967384	1.320774316063642	1.3324406019124302
2.1976339997132452	2.9114355361987103	1.3207820178906806	1.3324406019124302
2.198113059747356	2.912068271890683	1.3207897213815485	1.3324406019124302
2.1985921197814666	2.9127010112734553	1.3207974265362763	1.3324406019124302
2.1990711798155775	2.913333754347828	1.320805133354894	1.3324406019124302
2.1995502398496884	2.9139665011146003	1.3208128418374325	1.3324406019124302
2.2000292998837994	2.9145992515745727	1.3208205519839218	1.3324406019124302
2.2005083599179103	2.9152320057285444	1.3208282637943924	1.3324406019124302
2.200987419952021	2.915864763577315	1.320835977268875	1.3324406019124302
2.201466479986132	2.916497525121685	1.3208436924073994	1.3324406019124302
2.201945540020243	2.917130290362453	1.3208514092099966	1.3324406019124302
2.202424600054354	2.9177630593004205	1.3208591276766966	1.3324406019124302
2.2029036600884644	2.918395831936386	1.3208668478075296	1.3324406019124302
2.2033827201225753	2.9190286082711494	1.3208745696025266	1.3324406019124302
2.2038617801566867	2.9196613883055114	1.3208822930617174	1.3324406019124302
2.204340840190797	2.92029417204027	1.320890018185133	1.3324406019124302
2.204819900224908	2.9209269594762275	1.3208977449728032	1.3324406019124302
2.205298960259019	2.9215597506141813	1.3209054734247587	1.3324406019124302
2.20577802029313	2.9221925454549327	1.32091320354103	1.3324406019124302
2.2062570803272408	2.922825343999281	1.3209209353216471	1.3324406019124302
2.2067361403613517	2.923458146248026	1.3209286687666408	1.3324406019124302
2.2072152003954626	2.924090952201967	1.3209364038760412	1.3324406019124302
2.207694260429573	2.9247237618619044	1.3209441406498788	1.3324406019124302
2.2081733204636844	2.9253565752286383	1.320951879088184	1.3324406019124302
2.2086523804977953	2.9259893923029683	1.3209596191909871	1.3324406019124302
2.209131440531906	2.926622213085693	1.3209673609583188	1.3324406019124302
2.2096105005660167	2.9272550375776136	1.3209751043902092	1.3324406019124302
2.2100895606001276	2.9278878657795295	1.3209828494866886	1.3324406019124302
2.2105686206342385	2.92852069769224	1.3209905962477877	1.3324406019124302
2.2110476806683494	2.929153533316546	1.3209983446735367	1.3324406019124302
2.2115267407024604	2.929786372653246	1.321006094763966	1.3324406019124302
2.2120058007365713	2.930419215703141	1.321013846519106	1.3324406019124302
2.212484860770682	2.9310520624670295	1.3210215999389872	1.3324406019124302
2.212963920804793	2.9316849129457125	1.3210293550236398	1.3324406019124302
2.213442980838904	2.932317767139989	1.3210371117730944	1.3324406019124302
2.2139220408730145	2.9329506250506587	1.3210448701873811	1.3324406019124302
2.214401100907126	2.9335834866785224	1.3210526302665306	1.3324406019124302
2.2148801609412363	2.9342163520243787	1.3210603920105732	1.3324406019124302
2.215359220975347	2.9348492210890282	1.3210681554195391	1.3324406019124302
2.215838281009458	2.9354820938732704	1.3210759204934592	1.3324406019124302
2.216317341043569	2.9361149703779046	1.3210836872323632	1.3324406019124302
2.21679640107768	2.936747850603732	1.321091455636282	1.3324406019124302
2.217275461111791	2.9373807345515504	1.3210992257052458	1.3324406019124302
2.2177545211459018	2.9380136222221616	1.321106997439285	1.3324406019124302
2.2182335811800127	2.9386465136163644	1.32111477083843	1.3324406019124302
2.2187126412141236	2.939279408734958	1.3211225459027112	1.3324406019124302
2.2191917012482345	2.9399123075787434	1.3211303226321591	1.3324406019124302
2.219670761282345	2.940545210148519	1.3211381010268037	1.3324406019124302
2.220149821316456	2.9411781164450863	1.3211458810866759	1.3324406019124302
2.2206288813505672	2.941811026469244	1.321153662811806	1.3324406019124302
2.2211079413846777	2.942443940221792	1.3211614462022239	1.3324406019124302
2.2215870014187886	2.9430768577035304	1.3211692312579606	1.3324406019124302
2.2220660614528995	2.943709778915258	1.321177017979046	1.3324406019124302
2.2225451214870104	2.9443427038577763	1.321184806365511	1.3324406019124302
2.2230241815211214	2.944975632531884	1.3211925964173856	1.3324406019124302
2.2235032415552323	2.945608564938381	1.3212003881347003	1.3324406019124302
2.223982301589343	2.9462415010780667	1.3212081815174854	1.3324406019124302
2.2244613616234536	2.9468744409517416	1.3212159765657716	1.3324406019124302
2.224940421657565	2.9475073845602053	1.321223773279589	1.3324406019124302
2.2254194816916755	2.9481403319042574	1.321231571658968	1.3324406019124302
2.2258985417257864	2.948773282984698	1.3212393717039392	1.3324406019124302
2.2263776017598973	2.949406237802327	1.3212471734145328	1.3324406019124302
2.226856661794008	2.950039196357943	1.3212549767907793	1.3324406019124302
2.227335721828119	2.950672158652347	1.321262781832709	1.3324406019124302
2.22781478186223	2.9513051246863387	1.3212705885403522	1.3324406019124302
2.228293841896341	2.9519380944607176	1.3212783969137396	1.3324406019124302
2.2287729019304514	2.9525710679762835	1.3212862069529012	1.3324406019124302
2.2292519619645628	2.953204045233836	1.3212940186578679	1.3324406019124302
2.2297310219986737	2.9538370262341758	1.3213018320286696	1.3324406019124302
2.230210082032784	2.9544700109781012	1.321309647065337	1.3324406019124302
2.230689142066895	2.9551029994664133	1.3213174637679002	1.3324406019124302
2.231168202101006	2.9557359916999113	1.32132528213639	1.3324406019124302
2.231647262135117	2.956368987679395	1.3213331021708363	1.3324406019124302
2.232126322169228	2.9570019874056643	1.32134092387127	1.3324406019124302
2.2326053822033387	2.957634990879519	1.321348747237721	1.3324406019124302
2.2330844422374496	2.9582679981017588	1.32135657227022	1.3324406019124302
2.2335635022715605	2.9589010090731835	1.3213643989687975	1.3324406019124302
2.2340425623056714	2.959534023794593	1.3213722273334836	1.3324406019124302
2.2345216223397824	2.960167042266787	1.3213800573643089	1.3324406019124302
2.235000682373893	2.9608000644905657	1.3213878890613036	1.3324406019124302
2.235479742408004	2.9614330904667283	1.321395722424498	1.3324406019124302
2.2359588024421146	2.9620661201960745	1.3214035574539231	1.3324406019124302
2.2364378624762256	2.9626991536794045	1.3214113941496086	1.3324406019124302
2.236916922510337	2.963332190917518	1.3214192325115852	1.3324406019124302
2.2373959825444474	2.9639652319112146	1.3214270725398833	1.3324406019124302
2.2378750425785583	2.964598276661295	1.3214349142345332	1.3324406019124302
2.238354102612669	2.965231325168557	1.3214427575955654	1.3324406019124302
2.23883316264678	2.9658643774338027	1.3214506026230102	1.3324406019124302
2.239312222680891	2.966497433457831	1.321458449316898	1.3324406019124302
2.239791282715002	2.9671304932414406	1.3214662976772593	1.3324406019124302
2.240270342749113	2.9677635567854326	1.3214741477041243	1.3324406019124302
2.2407494027832233	2.9683966240906066	1.3214819993975235	1.3324406019124302
2.2412284628173347	2.969029695157762	1.3214898527574872	1.3324406019124302
2.2417075228514456	2.969662769987699	1.3214977077840462	1.3324406019124302
2.242186582885556	2.9702958485812165	1.3215055644772302	1.3324406019124302
2.242665642919667	2.970928930939116	1.3215134228370702	1.3324406019124302
2.243144702953778	2.9715620170621952	1.3215212828635963	1.3324406019124302
2.243623762987889	2.9721951069512555	1.321529144556839	1.3324406019124302
2.2441028230219997	2.972828200607096	1.3215370079168283	1.3324406019124302
2.2445818830561106	2.9734612980305166	1.3215448729435952	1.3324406019124302
2.2450609430902215	2.9740943992223174	1.3215527396371698	1.3324406019124302
2.2455400031243324	2.9747275041832975	1.3215606079975823	1.3324406019124302
2.2460190631584434	2.9753606129142574	1.3215684780248635	1.3324406019124302
2.2464981231925543	2.9759937254159965	1.3215763497190438	1.3324406019124302
2.2469771832266647	2.9766268416893147	1.321584223080153	1.3324406019124302
2.247456243260776	2.9772599617350117	1.321592098108222	1.3324406019124302
2.2479353032948866	2.9778930855538874	1.3215999748032812	1.3324406019124302
2.2484143633289975	2.9785262131467416	1.3216078531653606	1.3324406019124302
2.2488934233631084	2.979159344514374	1.321615733194491	1.3324406019124302
2.2493724833972193	2.979792479657584	1.3216236148907026	1.3324406019124302
2.24985154343133	2.9804256185771725	1.3216314982540258	1.3324406019124302
2.250330603465441	2.981058761273938	1.321639383284491	1.3324406019124302
2.250809663499552	2.9816919077486816	1.3216472699821287	1.3324406019124302
2.251288723533663	2.982325058002202	1.3216551583469693	1.3324406019124302
2.251767783567774	2.9829582120352995	1.3216630483790428	1.3324406019124302
2.2522468436018843	2.9835913698487735	1.3216709400783802	1.3324406019124302
2.2527259036359952	2.984224531443424	1.3216788334450114	1.3324406019124302
2.253204963670106	2.9848576968200513	1.3216867284789668	1.3324406019124302
2.253684023704217	2.9854908659794543	1.3216946251802772	1.3324406019124302
2.254163083738328	2.9861240389224335	1.3217025235489728	1.3324406019124302
2.254642143772439	2.986757215649788	1.3217104235850836	1.3324406019124302
2.25512120380655	2.987390396162319	1.3217183252886406	1.3324406019124302
2.2556002638406607	2.9880235804608244	1.321726228659674	1.3324406019124302
2.2560793238747716	2.988656768546105	1.3217341336982138	1.3324406019124302
2.2565583839088825	2.9892899604189607	1.321742040404291	1.3324406019124302
2.257037443942993	2.989923156080191	1.3217499487779356	1.3324406019124302
2.257516503977104	2.990556355530596	1.321757858819178	1.3324406019124302
2.2579955640112153	2.991189558770975	1.3217657705280488	1.3324406019124302
2.2584746240453257	2.991822765802128	1.3217736839045782	1.3324406019124302
2.2589536840794366	2.992455976624855	1.3217815989487967	1.3324406019124302
2.2594327441135476	2.9930891912399553	1.3217895156607347	1.3324406019124302
2.2599118041476585	2.9937224096482296	1.3217974340404224	1.3324406019124302
2.2603908641817694	2.9943556318504765	1.3218053540878902	1.3324406019124302
2.2608699242158803	2.994988857847497	1.3218132758031689	1.3324406019124302
2.261348984249991	2.99562208764009	1.3218211991862885	1.3324406019124302
2.2618280442841017	2.996255321229055	1.3218291242372795	1.3324406019124302
2.262307104318213	2.996888558615193	1.3218370509561725	1.3324406019124302
2.262786164352324	2.997521799799303	1.3218449793429974	1.3324406019124302
2.2632652243864344	2.9981550447821848	1.321852909397785	1.3324406019124302
2.2637442844205453	2.9987882935646386	1.3218608411205657	1.3324406019124302
2.2642233444546562	2.999421546147464	1.3218687745113695	1.3324406019124302
2.264702404488767	3.0000548025314604	1.3218767095702273	1.3324406019124302
2.265181464522878	3.0006880627174284	1.3218846462971692	1.3324406019124302
2.265660524556989	3.0013213267061665	1.3218925846922256	1.3324406019124302
2.2661395845911	3.001954594498476	1.3219005247554267	1.3324406019124302
2.266618644625211	3.0025878660951557	1.3219084664868035	1.3324406019124302
2.2670977046593217	3.0032211414970056	1.3219164098863858	1.3324406019124302
2.2675767646934326	3.0038544207048257	1.3219243549542041	1.3324406019124302
2.268055824727543	3.0044877037194153	1.321932301690289	1.3324406019124302
2.2685348847616544	3.005120990541575	1.3219402500946709	1.3324406019124302
2.269013944795765	3.005754281172104	1.32194820016738	1.3324406019124302
2.269493004829876	3.0063875756118024	1.3219561519084468	1.3324406019124302
2.2699720648639867	3.0070208738614697	1.3219641053179016	1.3324406019124302
2.2704511248980976	3.0076541759219055	1.3219720603957748	1.3324406019124302
2.2709301849322086	3.0082874817939103	1.321980017142097	1.3324406019124302
2.2714092449663195	3.0089207914782827	1.3219879755568982	1.3324406019124302
2.2718883050004304	3.009554104975824	1.3219959356402091	1.3324406019124302
2.2723673650345413	3.0101874222873333	1.3220038973920603	1.3324406019124302
2.272846425068652	3.01082074341361	1.3220118608124816	1.3324406019124302
2.273325485102763	3.0114540683554547	1.3220198259015037	1.3324406019124302
2.2738045451368736	3.012087397113666	1.322027792659157	1.3324406019124302
2.2742836051709845	3.012720729689045	1.322035761085472	1.3324406019124302
2.274762665205096	3.013354066082391	1.322043731180479	1.3324406019124302
2.2752417252392063	3.0139874062945036	1.322051702944208	1.3324406019124302
2.2757207852733172	3.0146207503261824	1.32205967637669	1.3324406019124302
2.276199845307428	3.0152540981782274	1.3220676514779552	1.3324406019124302
2.276678905341539	3.015887449851439	1.322075628248034	1.3324406019124302
2.27715796537565	3.0165208053466164	1.3220836066869566	1.3324406019124302
2.277637025409761	3.017154164664559	1.3220915867947534	1.3324406019124302
2.2781160854438713	3.017787527806067	1.3220995685714552	1.3324406019124302
2.2785951454779823	3.018420894771941	1.3221075520170917	1.3324406019124302
2.2790742055120936	3.0190542655629797	1.3221155371316942	1.3324406019124302
2.279553265546204	3.0196876401799826	1.3221235239152922	1.3324406019124302
2.280032325580315	3.020321018623751	1.3221315123679165	1.3324406019124302
2.280511385614426	3.020954400895083	1.3221395024895977	1.3324406019124302
2.280990445648537	3.02158778699478	1.3221474942803657	1.3324406019124302
2.2814695056826477	3.0222211769236402	1.3221554877402513	1.3324406019124302
2.2819485657167586	3.0228545706824645	1.3221634828692845	1.3324406019124302
2.2824276257508695	3.0234879682720526	1.3221714796674962	1.3324406019124302
2.28290668578498	3.0241213696932037	1.3221794781349163	1.3324406019124302
2.2833857458190914	3.024754774946718	1.3221874782715757	1.3324406019124302
2.2838648058532023	3.0253881840333956	1.3221954800775042	1.3324406019124302
2.2843438658873128	3.0260215969540356	1.3222034835527328	1.3324406019124302
2.2848229259214237	3.026655013709438	1.3222114886972913	1.3324406019124302
2.2853019859555346	3.0272884343004027	1.3222194955112105	1.3324406019124302
2.2857810459896455	3.02792185872773	1.3222275039945206	1.3324406019124302
2.2862601060237564	3.0285552869922188	1.3222355141472522	1.3324406019124302
2.2867391660578673	3.029188719094669	1.3222435259694354	1.3324406019124302
2.2872182260919782	3.0298221550358813	1.322251539461101	1.3324406019124302
2.287697286126089	3.030455594816654	1.3222595546222788	1.3324406019124302
2.2881763461602	3.0310890384377887	1.3222675714529997	1.3324406019124302
2.288655406194311	3.0317224859000835	1.3222755899532939	1.3324406019124302
2.2891344662284214	3.032355937204339	1.3222836101231916	1.3324406019124302
2.289613526262533	3.0329893923513556	1.3222916319627238	1.3324406019124302
2.2900925862966433	3.0336228513419314	1.3222996554719202	1.3324406019124302
2.290571646330754	3.0342563141768677	1.3223076806508116	1.3324406019124302
2.2910507063648655	3.034889780856964	1.322315707499428	1.3324406019124302
2.291529766398976	3.0355232513830197	1.3223237360178004	1.3324406019124302
2.292008826433087	3.0361567257558346	1.3223317662059588	1.3324406019124302
2.292487886467198	3.0367902039762087	1.3223397980639335	1.3324406019124302
2.2929669465013087	3.037423686044942	1.3223478315917552	1.3324406019124302
2.2934460065354196	3.038057171962834	1.322355866789454	1.3324406019124302
2.2939250665695305	3.0386906617306844	1.3223639036570605	1.3324406019124302
2.2944041266036415	3.039324155349293	1.3223719421946047	1.3324406019124302
2.294883186637752	3.0399576528194596	1.3223799824021176	1.3324406019124302
2.2953622466718633	3.0405911541419846	1.3223880242796293	1.3324406019124302
2.295841306705974	3.041224659317667	1.3223960678271702	1.3324406019124302
2.2963203667400847	3.0418581683473067	1.3224041130447706	1.3324406019124302
2.2967994267741956	3.042491681231704	1.322412159932461	1.3324406019124302
2.2972784868083065	3.043125197971658	1.3224202084902716	1.3324406019124302
2.2977575468424174	3.043758718567969	1.3224282587182332	1.3324406019124302
2.2982366068765283	3.044392243021437	1.3224363106163757	1.3324406019124302
2.298715666910639	3.045025771332861	1.3224443641847299	1.3324406019124302
2.29919472694475	3.0456593035030415	1.322452419423326	1.3324406019124302
2.299673786978861	3.0462928395327777	1.3224604763321943	1.3324406019124302
2.300152847012972	3.04692637942287	1.3224685349113654	1.3324406019124302
2.300631907047083	3.0475599231741177	1.3224765951608695	1.3324406019124302
2.3011109670811933	3.0481934707873206	1.3224846570807371	1.3324406019124302
2.3015900271153042	3.048827022263279	1.3224927206709987	1.3324406019124302
2.302069087149415	3.049460577602792	1.3225007859316846	1.3324406019124302
2.302548147183526	3.0500941368066603	1.322508852862825	1.3324406019124302
2.303027207217637	3.050727699875683	1.3225169214644505	1.3324406019124302
2.303506267251748	3.05136126681066	1.3225249917365915	1.3324406019124302
2.303985327285859	3.0519948376123907	1.3225330636792783	1.3324406019124302
2.3044643873199697	3.052628412281676	1.3225411372925413	1.3324406019124302
2.3049434473540806	3.0532619908193146	1.322549212576411	1.3324406019124302
2.305422507388191	3.0538955732261064	1.3225572895309174	1.3324406019124302
2.3059015674223025	3.054529159502852	1.3225653681560916	1.3324406019124302
2.306380627456413	3.0551627496503504	1.3225734484519633	1.3324406019124302
2.306859687490524	3.055796343669402	1.3225815304185633	1.3324406019124302
2.3073387475246347	3.056429941560806	1.322589614055922	1.3324406019124302
2.3078178075587457	3.0570635433253623	1.3225976993640693	1.3324406019124302
2.3082968675928566	3.057697148963871	1.3226057863430363	1.3324406019124302
2.3087759276269675	3.0583307584771315	1.3226138749928529	1.3324406019124302
2.3092549876610784	3.0589643718659443	1.3226219653135496	1.3324406019124302
2.3097340476951893	3.0595979891311087	1.322630057305157	1.3324406019124302
2.3102131077293	3.0602316102734237	1.3226381509677052	1.3324406019124302
2.310692167763411	3.0608652352936905	1.3226462463012247	1.3324406019124302
2.3111712277975216	3.0614988641927083	1.3226543433057458	1.3324406019124302
2.3116502878316325	3.0621324969712767	1.3226624419812991	1.3324406019124302
2.312129347865744	3.062766133630196	1.322670542327915	1.3324406019124302
2.3126084078998543	3.063399774170265	1.3226786443456238	1.3324406019124302
2.3130874679339652	3.0640334185922846	1.3226867480344555	1.3324406019124302
2.313566527968076	3.064667066897054	1.3226948533944412	1.3324406019124302
2.314045588002187	3.065300719085373	1.3227029604256109	1.3324406019124302
2.314524648036298	3.0659343751580423	1.3227110691279949	1.3324406019124302
2.315003708070409	3.0665680351158597	1.3227191795016238	1.3324406019124302
2.31548276810452	3.0672016989596274	1.322727291546528	1.3324406019124302
2.3159618281386303	3.067835366690143	1.3227354052627376	1.3324406019124302
2.3164408881727416	3.0684690383082076	1.3227435206502833	1.3324406019124302
2.3169199482068525	3.0691027138146207	1.3227516377091955	1.3324406019124302
2.317399008240963	3.069736393210182	1.3227597564395044	1.3324406019124302
2.317878068275074	3.0703700764956916	1.3227678768412405	1.3324406019124302
2.318357128309185	3.0710037636719485	1.3227759989144343	1.3324406019124302
2.3188361883432957	3.0716374547397534	1.322784122659116	1.3324406019124302
2.3193152483774067	3.072271149699906	1.3227922480753158	1.3324406019124302
2.3197943084115176	3.0729048485532053	1.3228003751630646	1.3324406019124302
2.3202733684456285	3.0735385513004516	1.3228085039223925	1.3324406019124302
2.3207524284797394	3.0741722579424446	1.3228166343533299	1.3324406019124302
2.3212314885138503	3.0748059684799847	1.3228247664559072	1.3324406019124302
2.321710548547961	3.075439682913871	1.3228329002301547	1.3324406019124302
2.3221896085820717	3.076073401244903	1.3228410356761031	1.3324406019124302
2.322668668616183	3.0767071234738816	1.3228491727937823	1.3324406019124302
2.3231477286502935	3.0773408496016055	1.3228573115832234	1.3324406019124302
2.3236267886844044	3.0779745796288753	1.322865452044456	1.3324406019124302
2.3241058487185153	3.07860831355649	1.322873594177511	1.3324406019124302
2.3245849087526262	3.0792420513852496	1.3228817379824187	1.3324406019124302
2.325063968786737	3.079875793115955	1.3228898834592093	1.3324406019124302
2.325543028820848	3.0805095387494044	1.3228980306079137	1.3324406019124302
2.326022088854959	3.0811432882863983	1.3229061794285615	1.3324406019124302
2.32650114888907	3.081777041727737	1.3229143299211836	1.3324406019124302
2.326980208923181	3.082410799074219	1.3229224820858105	1.3324406019124302
2.3274592689572913	3.0830445603266448	1.3229306359224724	1.3324406019124302
2.327938328991402	3.083678325485815	1.3229387914311996	1.3324406019124302
2.328417389025513	3.084312094552528	1.3229469486120224	1.3324406019124302
2.3288964490596245	3.084945867527585	1.3229551074649717	1.3324406019124302
2.329375509093735	3.0855796444117845	1.3229632679900774	1.3324406019124302
2.329854569127846	3.0862134252059263	1.32297143018737	1.3324406019124302
2.3303336291619567	3.0868472099108115	1.32297959405688	1.3324406019124302
2.3308126891960677	3.087480998527239	1.322987759598638	1.3324406019124302
2.3312917492301786	3.088114791056008	1.3229959268126739	1.3324406019124302
2.3317708092642895	3.0887485874979195	1.3230040956990181	1.3324406019124302
2.3322498692984	3.0893823878537727	1.3230122662577015	1.3324406019124302
2.332728929332511	3.0900161921243674	1.3230204384887543	1.3324406019124302
2.333207989366622	3.0906500003105037	1.3230286123922066	1.3324406019124302
2.3336870494007327	3.0912838124129807	1.3230367879680889	1.3324406019124302
2.3341661094348436	3.091917628432599	1.3230449652164318	1.3324406019124302
2.3346451694689545	3.0925514483701573	1.3230531441372657	1.3324406019124302
2.3351242295030654	3.0931852722264566	1.3230613247306207	1.3324406019124302
2.3356032895371763	3.0938191000022965	1.3230695069965273	1.3324406019124302
2.3360823495712872	3.0944529316984757	1.3230776909350161	1.3324406019124302
2.336561409605398	3.0950867673157956	1.3230858765461173	1.3324406019124302
2.3370404696395086	3.0957206068550542	1.3230940638298612	1.3324406019124302
2.33751952967362	3.0963544503170533	1.3231022527862784	1.3324406019124302
2.337998589707731	3.096988297702591	1.3231104434153993	1.3324406019124302
2.3384776497418414	3.0976221490124676	1.323118635717254	1.3324406019124302
2.3389567097759523	3.0982560042474834	1.3231268296918732	1.3324406019124302
2.339435769810063	3.0988898634084374	1.3231350253392873	1.3324406019124302
2.339914829844174	3.0995237264961304	1.3231432226595263	1.3324406019124302
2.340393889878285	3.100157593511361	1.3231514216526212	1.3324406019124302
2.340872949912396	3.10079146445493	1.3231596223186017	1.3324406019124302
2.341352009946507	3.101425339327637	1.323167824657499	1.3324406019124302
2.3418310699806177	3.1020592181302806	1.3231760286693426	1.3324406019124302
2.3423101300147287	3.1026931008636627	1.3231842343541635	1.3324406019124302
2.3427891900488396	3.103326987528581	1.323192441711992	1.3324406019124302
2.34326825008295	3.1039608781258368	1.3232006507428582	1.3324406019124302
2.3437473101170614	3.104594772656229	1.323208861446793	1.3324406019124302
2.344226370151172	3.1052286711205577	1.3232170738238263	1.3324406019124302
2.3447054301852828	3.105862573519623	1.3232252878739885	1.3324406019124302
2.345184490219394	3.1064964798542243	1.3232335035973104	1.3324406019124302
2.3456635502535046	3.1071303901251612	1.3232417209938223	1.3324406019124302
2.3461426102876155	3.107764304333234	1.3232499400635542	1.3324406019124302
2.3466216703217264	3.108398222479242	1.3232581608065368	1.3324406019124302
2.3471007303558373	3.1090321445639857	1.3232663832228007	1.3324406019124302
2.3475797903899482	3.1096660705882644	1.3232746073123758	1.3324406019124302
2.348058850424059	3.1103000005528774	1.3232828330752926	1.3324406019124302
2.34853791045817	3.1109339344586253	1.3232910605115817	1.3324406019124302
2.3490169704922805	3.1115678723063076	1.3232992896212736	1.3324406019124302
2.349496030526392	3.1122018140967245	1.3233075204043985	1.3324406019124302
2.349975090560503	3.1128357598306753	1.3233157528609865	1.3324406019124302
2.3504541505946133	3.1134697095089594	1.3233239869910685	1.3324406019124302
2.350933210628724	3.1141036631323775	1.3233322227946747	1.3324406019124302
2.351412270662835	3.1147376207017285	1.3233404602718353	1.3324406019124302
2.351891330696946	3.115371582217813	1.323348699422581	1.3324406019124302
2.352370390731057	3.1160055476814303	1.3233569402469418	1.3324406019124302
2.352849450765168	3.1166395170933807	1.3233651827449486	1.3324406019124302
2.3533285107992783	3.117273490454463	1.3233734269166313	1.3324406019124302
2.3538075708333897	3.117907467765478	1.3233816727620207	1.3324406019124302
2.3542866308675006	3.118541449027225	1.323389920281147	1.3324406019124302
2.3547656909016115	3.1191754342405043	1.3233981694740404	1.3324406019124302
2.355244750935722	3.119809423406115	1.3234064203407319	1.3324406019124302
2.355723810969833	3.1204434165248567	1.323414672881251	1.3324406019124302
2.3562028710039438	3.1210774135975305	1.3234229270956288	1.3324406019124302
2.3566819310380547	3.121711414624935	1.3234311829838956	1.3324406019124302
2.3571609910721656	3.1223454196078704	1.3234394405460814	1.3324406019124302
2.3576400511062765	3.1229794285471364	1.323447699782217	1.3324406019124302
2.3581191111403874	3.1236134414435326	1.3234559606923326	1.3324406019124302
2.3585981711744983	3.124247458297859	1.3234642232764586	1.3324406019124302
2.3590772312086092	3.124881479110916	1.3234724875346255	1.3324406019124302
2.3595562912427197	3.125515503883502	1.3234807534668638	1.3324406019124302
2.360035351276831	3.1261495326164184	1.3234890210732033	1.3324406019124302
2.3605144113109415	3.1267835653104634	1.323497290353675	1.3324406019124302
2.3609934713450524	3.127417601966438	1.323505561308309	1.3324406019124302
2.3614725313791634	3.1280516425851417	1.323513833937136	1.3324406019124302
2.3619515914132743	3.128685687167374	1.323522108240186	1.3324406019124302
2.362430651447385	3.129319735713935	1.3235303842174895	1.3324406019124302
2.362909711481496	3.129953788225624	1.323538661869077	1.3324406019124302
2.363388771515607	3.1305878447032414	1.323546941194979	1.3324406019124302
2.363867831549718	3.1312219051475867	1.3235552221952254	1.3324406019124302
2.364346891583829	3.131855969559459	1.323563504869847	1.3324406019124302
2.3648259516179397	3.1324900379396596	1.3235717892188743	1.3324406019124302
2.36530501165205	3.1331241102889873	1.3235800752423375	1.3324406019124302
2.365784071686161	3.133758186608242	1.323588362940267	1.3324406019124302
2.3662631317202725	3.1343922668982236	1.3235966523126932	1.3324406019124302
2.366742191754383	3.135026351159732	1.3236049433596464	1.3324406019124302
2.367221251788494	3.135660439393567	1.323613236081157	1.3324406019124302
2.3677003118226048	3.1362945316005275	1.3236215304772556	1.3324406019124302
2.3681793718567157	3.1369286277814146	1.3236298265479722	1.3324406019124302
2.3686584318908266	3.1375627279370275	1.3236381242933377	1.3324406019124302
2.3691374919249375	3.1381968320681657	1.3236464237133823	1.3324406019124302
2.3696165519590484	3.13883094017563	1.323654724808136	1.3324406019124302
2.370095611993159	3.1394650522602183	1.3236630275776298	1.3324406019124302
2.3705746720272702	3.1400991683227324	1.3236713320218938	1.3324406019124302
2.371053732061381	3.1407332883639714	1.3236796381409583	1.3324406019124302
2.3715327920954916	3.1413674123847346	1.3236879459348538	1.3324406019124302
2.3720118521296025	3.1420015403858224	1.3236962554036107	1.3324406019124302
2.3724909121637134	3.1426356723680335	1.3237045665472593	1.3324406019124302
2.3729699721978244	3.1432698083321697	1.3237128793658302	1.3324406019124302
2.3734490322319353	3.143903948279029	1.3237211938593536	1.3324406019124302
2.373928092266046	3.144538092209412	1.32372951002786	1.3324406019124302
2.374407152300157	3.1451722401241184	1.3237378278713796	1.3324406019124302
2.374886212334268	3.1458063920239474	1.3237461473899432	1.3324406019124302
2.375365272368379	3.1464405479096995	1.3237544685835807	1.3324406019124302
2.37584433240249	3.1470747077821746	1.3237627914523227	1.3324406019124302
2.3763233924366003	3.147708871642172	1.3237711159961998	1.3324406019124302
2.3768024524707116	3.1483430394904914	1.323779442215242	1.3324406019124302
2.377281512504822	3.148977211327933	1.32378777010948	1.3324406019124302
2.377760572538933	3.1496113871552964	1.323796099678944	1.3324406019124302
2.378239632573044	3.150245566973382	1.3238044309236645	1.3324406019124302
2.378718692607155	3.150879750782988	1.3238127638436719	1.3324406019124302
2.3791977526412658	3.1515139385849156	1.3238210984389964	1.3324406019124302
2.3796768126753767	3.152148130379964	1.3238294347096686	1.3324406019124302
2.3801558727094876	3.152782326168934	1.323837772655719	1.3324406019124302
2.3806349327435985	3.153416525952624	1.3238461122771776	1.3324406019124302
2.3811139927777094	3.1540507297318343	1.323854453574075	1.3324406019124302
2.38159305281182	3.1546849375073647	1.3238627965464418	1.3324406019124302
2.382072112845931	3.1553191492800154	1.3238711411943083	1.3324406019124302
2.3825511728800417	3.1559533650505855	1.3238794875177045	1.3324406019124302
2.3830302329141526	3.1565875848198752	1.3238878355166612	1.3324406019124302
2.3835092929482635	3.1572218085886847	1.3238961851912088	1.3324406019124302
2.3839883529823744	3.1578560363578125	1.3239045365413773	1.3324406019124302
2.3844674130164853	3.1584902681280598	1.3239128895671974	1.3324406019124302
2.3849464730505963	3.159124503900226	1.3239212442686996	1.3324406019124302
2.385425533084707	3.1597587436751096	1.323929600645914	1.3324406019124302
2.385904593118818	3.160392987453512	1.3239379586988713	1.3324406019124302
2.3863836531529286	3.1610272352362325	1.3239463184276017	1.3324406019124302
2.3868627131870395	3.1616614870240713	1.3239546798321356	1.3324406019124302
2.387341773221151	3.1622957428178275	1.3239630429125033	1.3324406019124302
2.3878208332552613	3.162930002618301	1.3239714076687352	1.3324406019124302
2.388299893289372	3.1635642664262917	1.3239797741008619	1.3324406019124302
2.388778953323483	3.1641985342425993	1.3239881422089137	1.3324406019124302
2.389258013357594	3.164832806068024	1.3239965119929211	1.3324406019124302
2.389737073391705	3.165467081903365	1.3240048834529141	1.3324406019124302
2.390216133425816	3.1661013617494222	1.3240132565889235	1.3324406019124302
2.3906951934599268	3.1667356456069964	1.3240216314009796	1.3324406019124302
2.3911742534940372	3.1673699334768854	1.3240300078891125	1.3324406019124302
2.3916533135281486	3.168004225359891	1.3240383860533531	1.3324406019124302
2.3921323735622595	3.168638521256812	1.3240467658937314	1.3324406019124302
2.39261143359637	3.169272821168448	1.3240551474102777	1.3324406019124302
2.393090493630481	3.1699071250956	1.3240635306030228	1.3324406019124302
2.393569553664592	3.170541433039066	1.3240719154719969	1.3324406019124302
2.3940486136987027	3.1711757449996467	1.3240803020172303	1.3324406019124302
2.3945276737328136	3.1718100609781423	1.3240886902387536	1.3324406019124302
2.3950067337669245	3.172444380975352	1.324097080136597	1.3324406019124302
2.3954857938010354	3.173078704992076	1.324105471710791	1.3324406019124302
2.3959648538351463	3.1737130330291135	1.3241138649613657	1.3324406019124302
2.3964439138692573	3.1743473650872653	1.324122259888352	1.3324406019124302
2.396922973903368	3.1749817011673303	1.3241306564917799	1.3324406019124302
2.3974020339374786	3.175616041270108	1.3241390547716798	1.3324406019124302
2.39788109397159	3.1762503853963993	1.3241474547280825	1.3324406019124302
2.3983601540057005	3.176884733547003	1.3241558563610178	1.3324406019124302
2.3988392140398114	3.1775190857227193	1.3241642596705168	1.3324406019124302
2.3993182740739227	3.1781534419243487	1.3241726646566092	1.3324406019124302
2.399797334108033	3.1787878021526894	1.3241810713193256	1.3324406019124302
2.400276394142144	3.1794221664085427	1.3241894796586966	1.3324406019124302
2.400755454176255	3.180056534692707	1.3241978896747524	1.3324406019124302
2.401234514210366	3.1806909070059834	1.3242063013675234	1.3324406019124302
2.401713574244477	3.1813252833491714	1.3242147147370402	1.3324406019124302
2.4021926342785878	3.1819596637230703	1.324223129783333	1.3324406019124302
2.4026716943126987	3.1825940481284802	1.324231546506432	1.3324406019124302
2.403150754346809	3.1832284365662002	1.324239964906368	1.3324406019124302
2.4036298143809205	3.1838628290370314	1.3242483849831712	1.3324406019124302
2.4041088744150314	3.184497225541773	1.324256806736872	1.3324406019124302
2.404587934449142	3.1851316260812244	1.3242652301675006	1.3324406019124302
2.405066994483253	3.1857660306561852	1.3242736552750878	1.3324406019124302
2.4055460545173637	3.1864004392674565	1.3242820820596637	1.3324406019124302
2.4060251145514746	3.1870348519158367	1.3242905105212588	1.3324406019124302
2.4065041745855855	3.187669268602127	1.3242989406599035	1.3324406019124302
2.4069832346196964	3.188303689327125	1.324307372475628	1.3324406019124302
2.407462294653807	3.1889381140916324	1.3243158059684628	1.3324406019124302
2.4079413546879183	3.1895725428964488	1.3243242411384384	1.3324406019124302
2.408420414722029	3.1902069757423734	1.3243326779855853	1.3324406019124302
2.4088994747561396	3.1908414126302063	1.3243411165099335	1.3324406019124302
2.4093785347902505	3.191475853560747	1.3243495567115136	1.3324406019124302
2.4098575948243615	3.1921102985347956	1.324357998590356	1.3324406019124302
2.4103366548584724	3.1927447475531516	1.3243664421464911	1.3324406019124302
2.4108157148925833	3.1933792006166155	1.3243748873799492	1.3324406019124302
2.411294774926694	3.1940136577259857	1.324383334290761	1.3324406019124302
2.411773834960805	3.1946481188820637	1.3243917828789564	1.3324406019124302
2.412252894994916	3.1952825840856476	1.3244002331445661	1.3324406019124302
2.412731955029027	3.1959170533375385	1.3244086850876204	1.3324406019124302
2.413211015063138	3.196551526638536	1.3244171387081498	1.3324406019124302
2.4136900750972483	3.197186003989439	1.3244255940061846	1.3324406019124302
2.4141691351313597	3.1978204853910484	1.3244340509817552	1.3324406019124302
2.41464819516547	3.198454970844163	1.324442509634892	1.3324406019124302
2.415127255199581	3.1990894603495836	1.3244509699656255	1.3324406019124302
2.415606315233692	3.199723953908109	1.3244594319739857	1.3324406019124302
2.416085375267803	3.2003584515205397	1.3244678956600036	1.3324406019124302
2.416564435301914	3.2009929531876753	1.3244763610237091	1.3324406019124302
2.4170434953360247	3.2016274589103153	1.324484828065133	1.3324406019124302
2.4175225553701356	3.20226196868926	1.324493296784305	1.3324406019124302
2.4180016154042465	3.202896482525309	1.3245017671812562	1.3324406019124302
2.4184806754383574	3.2035310004192614	1.3245102392560166	1.3324406019124302
2.4189597354724683	3.2041655223719183	1.324518713008617	1.3324406019124302
2.419438795506579	3.204800048384078	1.3245271884390872	1.3324406019124302
2.4199178555406897	3.205434578456542	1.324535665547458	1.3324406019124302
2.420396915574801	3.2060691125901086	1.3245441443337598	1.3324406019124302
2.4208759756089115	3.2067036507855784	1.3245526247980228	1.3324406019124302
2.4213550356430225	3.207338193043751	1.3245611069402776	1.3324406019124302
2.4218340956771334	3.2079727393654256	1.3245695907605544	1.3324406019124302
2.4223131557112443	3.208607289751403	1.3245780762588837	1.3324406019124302
