xWS	rho[g/cm^3]	n_e[pm^-3]	P[N/m^2]	mu_F_e[MeV]
1.00000e-03	2.26009e+24	1.20788e+07	3.24536e+37	1.39557e+02
1.02332e-03	2.10906e+24	1.20788e+07	3.02848e+37	1.39557e+02
1.04719e-03	1.96812e+24	1.20788e+07	2.82610e+37	1.39557e+02
1.07161e-03	1.83659e+24	1.20788e+07	2.63724e+37	1.39557e+02
1.09660e-03	1.71386e+24	1.20788e+07	2.46101e+37	1.39557e+02
1.12218e-03	1.59933e+24	1.20788e+07	2.29655e+37	1.39557e+02
1.14835e-03	1.49245e+24	1.20788e+07	2.14308e+37	1.39557e+02
1.17513e-03	1.39272e+24	1.20788e+07	1.99986e+37	1.39557e+02
1.20254e-03	1.29965e+24	1.20788e+07	1.86622e+37	1.39557e+02
1.23059e-03	1.21280e+24	1.20788e+07	1.74151e+37	1.39557e+02
1.25929e-03	1.13175e+24	1.20788e+07	1.62513e+37	1.39557e+02
1.28866e-03	1.05612e+24	1.20788e+07	1.51653e+37	1.39557e+02
1.31871e-03	9.85542e+23	1.20788e+07	1.41518e+37	1.39557e+02
1.34947e-03	9.19682e+23	1.20788e+07	1.32061e+37	1.39557e+02
1.38094e-03	8.58223e+23	1.20788e+07	1.23236e+37	1.39557e+02
1.41315e-03	8.00871e+23	1.20788e+07	1.15001e+37	1.39557e+02
1.44611e-03	7.47352e+23	1.20788e+07	1.07316e+37	1.39557e+02
1.47983e-03	6.97409e+23	1.20788e+07	1.00144e+37	1.39557e+02
1.51435e-03	6.50804e+23	1.20788e+07	9.34520e+36	1.39557e+02
1.54966e-03	6.07313e+23	1.20788e+07	8.72070e+36	1.39557e+02
1.58581e-03	5.66728e+23	1.20788e+07	8.13793e+36	1.39557e+02
1.62279e-03	5.28856e+23	1.20788e+07	7.59411e+36	1.39557e+02
1.66064e-03	4.93514e+23	1.20788e+07	7.08663e+36	1.39557e+02
1.69937e-03	4.60535e+23	1.20788e+07	6.61306e+36	1.39557e+02
1.73900e-03	4.29759e+23	1.20788e+07	6.17114e+36	1.39557e+02
1.77956e-03	4.01040e+23	1.20788e+07	5.75875e+36	1.39557e+02
1.82106e-03	3.74239e+23	1.20788e+07	5.37391e+36	1.39557e+02
1.86354e-03	3.49230e+23	1.20788e+07	5.01480e+36	1.39557e+02
1.90700e-03	3.25893e+23	1.20788e+07	4.67968e+36	1.39557e+02
1.95147e-03	3.04114e+23	1.20788e+07	4.36696e+36	1.39557e+02
1.99699e-03	2.83792e+23	1.20788e+07	4.07514e+36	1.39557e+02
2.04356e-03	2.64827e+23	1.20788e+07	3.80282e+36	1.39557e+02
2.09122e-03	2.47129e+23	1.20788e+07	3.54869e+36	1.39557e+02
2.14000e-03	2.30615e+23	1.20788e+07	3.31155e+36	1.39557e+02
2.18991e-03	2.15203e+23	1.20788e+07	3.09026e+36	1.39557e+02
2.24098e-03	2.00822e+23	1.20788e+07	2.88375e+36	1.39557e+02
2.29325e-03	1.87402e+23	1.20788e+07	2.69104e+36	1.39557e+02
2.34673e-03	1.74879e+23	1.20788e+07	2.51122e+36	1.39557e+02
2.40146e-03	1.63192e+23	1.20788e+07	2.34340e+36	1.39557e+02
2.45747e-03	1.52287e+23	1.20788e+07	2.18681e+36	1.39557e+02
2.51478e-03	1.42110e+23	1.20788e+07	2.04068e+36	1.39557e+02
2.57343e-03	1.32613e+23	1.20788e+07	1.90431e+36	1.39557e+02
2.63345e-03	1.23751e+23	1.20788e+07	1.77706e+36	1.39557e+02
2.69487e-03	1.15481e+23	1.20788e+07	1.65831e+36	1.39557e+02
2.75772e-03	1.07764e+23	1.20788e+07	1.54749e+36	1.39557e+02
2.82204e-03	1.00563e+23	1.20788e+07	1.44408e+36	1.39557e+02
2.88786e-03	9.38423e+22	1.20788e+07	1.34759e+36	1.39557e+02
2.95521e-03	8.75712e+22	1.20788e+07	1.25754e+36	1.39557e+02
3.02413e-03	8.17191e+22	1.20788e+07	1.17350e+36	1.39557e+02
3.09466e-03	7.62581e+22	1.20788e+07	1.09509e+36	1.39557e+02
3.16684e-03	7.11621e+22	1.20788e+07	1.02191e+36	1.39557e+02
3.24070e-03	6.64066e+22	1.20788e+07	9.53625e+35	1.39557e+02
3.31628e-03	6.19688e+22	1.20788e+07	8.89902e+35	1.39557e+02
3.39362e-03	5.78277e+22	1.20788e+07	8.30437e+35	1.39557e+02
3.47277e-03	5.39633e+22	1.20788e+07	7.74947e+35	1.39557e+02
3.55376e-03	5.03571e+22	1.20788e+07	7.23165e+35	1.39557e+02
3.63664e-03	4.69919e+22	1.20788e+07	6.74843e+35	1.39557e+02
3.72146e-03	4.38516e+22	1.20788e+07	6.29750e+35	1.39557e+02
3.80825e-03	4.09212e+22	1.20788e+07	5.87670e+35	1.39557e+02
3.89707e-03	3.81866e+22	1.20788e+07	5.48403e+35	1.39557e+02
3.98796e-03	3.56347e+22	1.20788e+07	5.11760e+35	1.39557e+02
4.08097e-03	3.32534e+22	1.20788e+07	4.77565e+35	1.39557e+02
4.17615e-03	3.10312e+22	1.20788e+07	4.45656e+35	1.39557e+02
4.27355e-03	2.89575e+22	1.20788e+07	4.15879e+35	1.39557e+02
4.37322e-03	2.70223e+22	1.20788e+07	3.88092e+35	1.39557e+02
4.47521e-03	2.52165e+22	1.20788e+07	3.62161e+35	1.39557e+02
4.57958e-03	2.35314e+22	1.20788e+07	3.37964e+35	1.39557e+02
4.68639e-03	2.19589e+22	1.20788e+07	3.15384e+35	1.39557e+02
4.79569e-03	2.04914e+22	1.20788e+07	2.94312e+35	1.39557e+02
4.90754e-03	1.91221e+22	1.20788e+07	2.74649e+35	1.39557e+02
5.02199e-03	1.78442e+22	1.20788e+07	2.56300e+35	1.39557e+02
5.13912e-03	1.66518e+22	1.20788e+07	2.39177e+35	1.39557e+02
5.25898e-03	1.55390e+22	1.20788e+07	2.23198e+35	1.39557e+02
5.38163e-03	1.45006e+22	1.20788e+07	2.08287e+35	1.39557e+02
5.50714e-03	1.35315e+22	1.20788e+07	1.94372e+35	1.39557e+02
5.63558e-03	1.26273e+22	1.20788e+07	1.81388e+35	1.39557e+02
5.76702e-03	1.17834e+22	1.20788e+07	1.69271e+35	1.39557e+02
5.90152e-03	1.09960e+22	1.20788e+07	1.57963e+35	1.39557e+02
6.03916e-03	1.02612e+22	1.20788e+07	1.47412e+35	1.39557e+02
6.18000e-03	9.57546e+21	1.20788e+07	1.37565e+35	1.39557e+02
6.32414e-03	8.93557e+21	1.20788e+07	1.28377e+35	1.39557e+02
6.47163e-03	8.33843e+21	1.20788e+07	1.19803e+35	1.39557e+02
6.62257e-03	7.78121e+21	1.20788e+07	1.11801e+35	1.39557e+02
6.77702e-03	7.26122e+21	1.20788e+07	1.04334e+35	1.39557e+02
6.93508e-03	6.77598e+21	1.20788e+07	9.73666e+34	1.39557e+02
7.09682e-03	6.32316e+21	1.20788e+07	9.08645e+34	1.39557e+02
7.26234e-03	5.90061e+21	1.20788e+07	8.47968e+34	1.39557e+02
7.43171e-03	5.50629e+21	1.20788e+07	7.91347e+34	1.39557e+02
7.60504e-03	5.13833e+21	1.20788e+07	7.38509e+34	1.39557e+02
7.78241e-03	4.79495e+21	1.20788e+07	6.89203e+34	1.39557e+02
7.96391e-03	4.47452e+21	1.20788e+07	6.43191e+34	1.39557e+02
8.14965e-03	4.17551e+21	1.20788e+07	6.00254e+34	1.39557e+02
8.33972e-03	3.89647e+21	1.20788e+07	5.60187e+34	1.39557e+02
8.53422e-03	3.63608e+21	1.20788e+07	5.22797e+34	1.39557e+02
8.73326e-03	3.39310e+21	1.20788e+07	4.87905e+34	1.39557e+02
8.93694e-03	3.16635e+21	1.20788e+07	4.55346e+34	1.39557e+02
9.14537e-03	2.95475e+21	1.20788e+07	4.24962e+34	1.39557e+02
9.35867e-03	2.75730e+21	1.20788e+07	3.96609e+34	1.39557e+02
9.57693e-03	2.57304e+21	1.20788e+07	3.70150e+34	1.39557e+02
9.80029e-03	2.40109e+21	1.20788e+07	3.45459e+34	1.39557e+02
1.00289e-02	2.24064e+21	1.20788e+07	3.22419e+34	1.39557e+02
1.02628e-02	2.09090e+21	1.20788e+07	3.00918e+34	1.39557e+02
1.05021e-02	1.95117e+21	1.20788e+07	2.80854e+34	1.39557e+02
1.07470e-02	1.82078e+21	1.20788e+07	2.62131e+34	1.39557e+02
1.09977e-02	1.69911e+21	1.20788e+07	2.44659e+34	1.39557e+02
1.12542e-02	1.58556e+21	1.20788e+07	2.28355e+34	1.39557e+02
1.15167e-02	1.47961e+21	1.20788e+07	2.13140e+34	1.39557e+02
1.17853e-02	1.38073e+21	1.20788e+07	1.98942e+34	1.39557e+02
1.20601e-02	1.28846e+21	1.20788e+07	1.85692e+34	1.39557e+02
1.23414e-02	1.20236e+21	1.20788e+07	1.73329e+34	1.39557e+02
1.26292e-02	1.12201e+21	1.20788e+07	1.61791e+34	1.39557e+02
1.29238e-02	1.04703e+21	1.20788e+07	1.51024e+34	1.39557e+02
1.32252e-02	9.77059e+20	1.20788e+07	1.40977e+34	1.39557e+02
1.35336e-02	9.11765e+20	1.20788e+07	1.31601e+34	1.39557e+02
1.38493e-02	8.50835e+20	1.20788e+07	1.22852e+34	1.39557e+02
1.41723e-02	7.93977e+20	1.20788e+07	1.14688e+34	1.39557e+02
1.45028e-02	7.40918e+20	1.20788e+07	1.07069e+34	1.39557e+02
1.48410e-02	6.91406e+20	1.20788e+07	9.99592e+33	1.39557e+02
1.51872e-02	6.45201e+20	1.20788e+07	9.33246e+33	1.39557e+02
1.55414e-02	6.02085e+20	1.20788e+07	8.71333e+33	1.39557e+02
1.59038e-02	5.61850e+20	1.20788e+07	8.13558e+33	1.39557e+02
1.62748e-02	5.24303e+20	1.20788e+07	7.59644e+33	1.39557e+02
1.66543e-02	4.89266e+20	1.20788e+07	7.09332e+33	1.39557e+02
1.70427e-02	4.56570e+20	1.20788e+07	6.62383e+33	1.39557e+02
1.74402e-02	4.26059e+20	1.20788e+07	6.18571e+33	1.39557e+02
1.78470e-02	3.97587e+20	1.20788e+07	5.77687e+33	1.39557e+02
1.82632e-02	3.71018e+20	1.20788e+07	5.39535e+33	1.39557e+02
1.86891e-02	3.46224e+20	1.20788e+07	5.03933e+33	1.39557e+02
1.91250e-02	3.23087e+20	1.20788e+07	4.70710e+33	1.39557e+02
1.95711e-02	3.01497e+20	1.20788e+07	4.39707e+33	1.39557e+02
2.00275e-02	2.81349e+20	1.20788e+07	4.10776e+33	1.39557e+02
2.04946e-02	2.62547e+20	1.20788e+07	3.83778e+33	1.39557e+02
2.09726e-02	2.45002e+20	1.20788e+07	3.58584e+33	1.39557e+02
2.14617e-02	2.28629e+20	1.20788e+07	3.35074e+33	1.39556e+02
2.19623e-02	2.13351e+20	1.20788e+07	3.13135e+33	1.39556e+02
2.24745e-02	1.99093e+20	1.20788e+07	2.92662e+33	1.39556e+02
2.29986e-02	1.85789e+20	1.20788e+07	2.73558e+33	1.39556e+02
2.35350e-02	1.73373e+20	1.20788e+07	2.55730e+33	1.39556e+02
2.40839e-02	1.61787e+20	1.20788e+07	2.39093e+33	1.39556e+02
2.46456e-02	1.50976e+20	1.20788e+07	2.23568e+33	1.39556e+02
2.52204e-02	1.40886e+20	1.20788e+07	2.09081e+33	1.39556e+02
2.58086e-02	1.31472e+20	1.20788e+07	1.95561e+33	1.39556e+02
2.64105e-02	1.22686e+20	1.20788e+07	1.82946e+33	1.39556e+02
2.70265e-02	1.14487e+20	1.20788e+07	1.71173e+33	1.39556e+02
2.76568e-02	1.06836e+20	1.20788e+07	1.60187e+33	1.39556e+02
2.83018e-02	9.96969e+19	1.20787e+07	1.49935e+33	1.39556e+02
2.89619e-02	9.30345e+19	1.20787e+07	1.40368e+33	1.39556e+02
2.96374e-02	8.68173e+19	1.20787e+07	1.31441e+33	1.39556e+02
3.03286e-02	8.10156e+19	1.20787e+07	1.23110e+33	1.39556e+02
3.10359e-02	7.56017e+19	1.20787e+07	1.15336e+33	1.39556e+02
3.17598e-02	7.05495e+19	1.20787e+07	1.08081e+33	1.39556e+02
3.25005e-02	6.58349e+19	1.20787e+07	1.01311e+33	1.39556e+02
3.32585e-02	6.14354e+19	1.20787e+07	9.49938e+32	1.39556e+02
3.40341e-02	5.73299e+19	1.20787e+07	8.90986e+32	1.39556e+02
3.48279e-02	5.34987e+19	1.20787e+07	8.35973e+32	1.39556e+02
3.56402e-02	4.99236e+19	1.20787e+07	7.84636e+32	1.39556e+02
3.64714e-02	4.65874e+19	1.20787e+07	7.36730e+32	1.39556e+02
3.73220e-02	4.34741e+19	1.20787e+07	6.92025e+32	1.39556e+02
3.81924e-02	4.05689e+19	1.20787e+07	6.50308e+32	1.39556e+02
3.90832e-02	3.78578e+19	1.20787e+07	6.11379e+32	1.39556e+02
3.99947e-02	3.53279e+19	1.20787e+07	5.75051e+32	1.39556e+02
4.09275e-02	3.29671e+19	1.20787e+07	5.41151e+32	1.39556e+02
4.18820e-02	3.07640e+19	1.20787e+07	5.09516e+32	1.39556e+02
4.28588e-02	2.87082e+19	1.20787e+07	4.79995e+32	1.39556e+02
4.38584e-02	2.67897e+19	1.20786e+07	4.52447e+32	1.39556e+02
4.48813e-02	2.49995e+19	1.20786e+07	4.26740e+32	1.39556e+02
4.59280e-02	2.33288e+19	1.20786e+07	4.02751e+32	1.39556e+02
4.69992e-02	2.17699e+19	1.20786e+07	3.80365e+32	1.39556e+02
4.80953e-02	2.03151e+19	1.20786e+07	3.59475e+32	1.39556e+02
4.92170e-02	1.89575e+19	1.20786e+07	3.39981e+32	1.39556e+02
5.03649e-02	1.76906e+19	1.20786e+07	3.21789e+32	1.39556e+02
5.15395e-02	1.65084e+19	1.20786e+07	3.04814e+32	1.39556e+02
5.27415e-02	1.54052e+19	1.20786e+07	2.88972e+32	1.39556e+02
5.39716e-02	1.43757e+19	1.20786e+07	2.74190e+32	1.39556e+02
5.52303e-02	1.34151e+19	1.20785e+07	2.60395e+32	1.39556e+02
5.65184e-02	1.25186e+19	1.20785e+07	2.47522e+32	1.39556e+02
5.78366e-02	1.16820e+19	1.20785e+07	2.35509e+32	1.39555e+02
5.91855e-02	1.09013e+19	1.20785e+07	2.24299e+32	1.39555e+02
6.05658e-02	1.01728e+19	1.20785e+07	2.13838e+32	1.39555e+02
6.19784e-02	9.49303e+18	1.20785e+07	2.04076e+32	1.39555e+02
6.34239e-02	8.85865e+18	1.20785e+07	1.94967e+32	1.39555e+02
6.49031e-02	8.26666e+18	1.20784e+07	1.86466e+32	1.39555e+02
6.64168e-02	7.71423e+18	1.20784e+07	1.78533e+32	1.39555e+02
6.79658e-02	7.19871e+18	1.20784e+07	1.71131e+32	1.39555e+02
6.95509e-02	6.71765e+18	1.20784e+07	1.64223e+32	1.39555e+02
7.11730e-02	6.26873e+18	1.20784e+07	1.57776e+32	1.39555e+02
7.28330e-02	5.84982e+18	1.20783e+07	1.51761e+32	1.39555e+02
7.45316e-02	5.45889e+18	1.20783e+07	1.46147e+32	1.39555e+02
7.62699e-02	5.09410e+18	1.20783e+07	1.40909e+32	1.39555e+02
7.80487e-02	4.75368e+18	1.20783e+07	1.36021e+32	1.39555e+02
7.98689e-02	4.43601e+18	1.20782e+07	1.31459e+32	1.39554e+02
8.17317e-02	4.13956e+18	1.20782e+07	1.27202e+32	1.39554e+02
8.36379e-02	3.86293e+18	1.20782e+07	1.23229e+32	1.39554e+02
8.55885e-02	3.60479e+18	1.20782e+07	1.19522e+32	1.39554e+02
8.75847e-02	3.36389e+18	1.20781e+07	1.16063e+32	1.39554e+02
8.96273e-02	3.13910e+18	1.20781e+07	1.12835e+32	1.39554e+02
9.17177e-02	2.92932e+18	1.20781e+07	1.09822e+32	1.39554e+02
9.38568e-02	2.73357e+18	1.20780e+07	1.07011e+32	1.39554e+02
9.60457e-02	2.55089e+18	1.20780e+07	1.04388e+32	1.39553e+02
9.82858e-02	2.38042e+18	1.20780e+07	1.01940e+32	1.39553e+02
1.00578e-01	2.22135e+18	1.20779e+07	9.96552e+31	1.39553e+02
1.02924e-01	2.07290e+18	1.20779e+07	9.75233e+31	1.39553e+02
1.05324e-01	1.93438e+18	1.20778e+07	9.55338e+31	1.39553e+02
1.07781e-01	1.80511e+18	1.20778e+07	9.36773e+31	1.39553e+02
1.10294e-01	1.68448e+18	1.20777e+07	9.19447e+31	1.39552e+02
1.12867e-01	1.57192e+18	1.20777e+07	9.03280e+31	1.39552e+02
1.15499e-01	1.46687e+18	1.20776e+07	8.88192e+31	1.39552e+02
1.18193e-01	1.36885e+18	1.20776e+07	8.74112e+31	1.39552e+02
1.20949e-01	1.27737e+18	1.20775e+07	8.60972e+31	1.39552e+02
1.23770e-01	1.19201e+18	1.20774e+07	8.48710e+31	1.39551e+02
1.26657e-01	1.11235e+18	1.20774e+07	8.37267e+31	1.39551e+02
1.29611e-01	1.03802e+18	1.20773e+07	8.26588e+31	1.39551e+02
1.32634e-01	9.68650e+17	1.20772e+07	8.16622e+31	1.39551e+02
1.35727e-01	9.03919e+17	1.20772e+07	8.07321e+31	1.39550e+02
1.38892e-01	8.43513e+17	1.20771e+07	7.98642e+31	1.39550e+02
1.42132e-01	7.87145e+17	1.20770e+07	7.90541e+31	1.39550e+02
1.45447e-01	7.34543e+17	1.20769e+07	7.82982e+31	1.39549e+02
1.48839e-01	6.85456e+17	1.20768e+07	7.75926e+31	1.39549e+02
1.52310e-01	6.39650e+17	1.20767e+07	7.69342e+31	1.39549e+02
1.55862e-01	5.96904e+17	1.20766e+07	7.63197e+31	1.39548e+02
1.59497e-01	5.57015e+17	1.20765e+07	7.57461e+31	1.39548e+02
1.63217e-01	5.19792e+17	1.20764e+07	7.52108e+31	1.39547e+02
1.67024e-01	4.85057e+17	1.20763e+07	7.47112e+31	1.39547e+02
1.70919e-01	4.52642e+17	1.20762e+07	7.42448e+31	1.39547e+02
1.74906e-01	4.22394e+17	1.20761e+07	7.38096e+31	1.39546e+02
1.78985e-01	3.94167e+17	1.20759e+07	7.34033e+31	1.39546e+02
1.83159e-01	3.67826e+17	1.20758e+07	7.30240e+31	1.39545e+02
1.87431e-01	3.43246e+17	1.20757e+07	7.26700e+31	1.39544e+02
1.91802e-01	3.20308e+17	1.20755e+07	7.23395e+31	1.39544e+02
1.96275e-01	2.98903e+17	1.20754e+07	7.20310e+31	1.39543e+02
2.00853e-01	2.78929e+17	1.20752e+07	7.17430e+31	1.39543e+02
2.05538e-01	2.60289e+17	1.20750e+07	7.14740e+31	1.39542e+02
2.10331e-01	2.42895e+17	1.20749e+07	7.12229e+31	1.39541e+02
2.15237e-01	2.26664e+17	1.20747e+07	7.09885e+31	1.39541e+02
2.20256e-01	2.11517e+17	1.20745e+07	7.07695e+31	1.39540e+02
2.25393e-01	1.97382e+17	1.20743e+07	7.05650e+31	1.39539e+02
2.30650e-01	1.84192e+17	1.20741e+07	7.03740e+31	1.39538e+02
2.36029e-01	1.71883e+17	1.20738e+07	7.01956e+31	1.39537e+02
2.41534e-01	1.60397e+17	1.20736e+07	7.00289e+31	1.39536e+02
2.47167e-01	1.49695e+17	5.86394e+07	5.59200e+32	2.36658e+02
2.52932e-01	1.39692e+17	5.86393e+07	5.59055e+32	2.36658e+02
2.58831e-01	1.30358e+17	5.86392e+07	5.58919e+32	2.36658e+02
2.64868e-01	1.21648e+17	5.86390e+07	5.58792e+32	2.36657e+02
2.71045e-01	1.13520e+17	5.86389e+07	5.58673e+32	2.36657e+02
2.77366e-01	1.05935e+17	5.86387e+07	5.58562e+32	2.36657e+02
2.83835e-01	9.88572e+16	5.86385e+07	5.58459e+32	2.36657e+02
2.90455e-01	9.22522e+16	5.86383e+07	5.58361e+32	2.36656e+02
2.97229e-01	8.60885e+16	5.86382e+07	5.58271e+32	2.36656e+02
3.04161e-01	8.03368e+16	5.86380e+07	5.58186e+32	2.36656e+02
3.11255e-01	7.49694e+16	5.86378e+07	5.58106e+32	2.36656e+02
3.18514e-01	6.99607e+16	5.86375e+07	5.58031e+32	2.36655e+02
3.25943e-01	6.52867e+16	5.86373e+07	5.57961e+32	2.36655e+02
3.33545e-01	6.09251e+16	5.86371e+07	5.57896e+32	2.36655e+02
3.41324e-01	5.68549e+16	5.86368e+07	5.57834e+32	2.36654e+02
3.49284e-01	5.30568e+16	5.86366e+07	5.57776e+32	2.36654e+02
3.57430e-01	4.95124e+16	5.86363e+07	5.57722e+32	2.36654e+02
3.65767e-01	4.62049e+16	5.86360e+07	5.57671e+32	2.36653e+02
3.74297e-01	4.31184e+16	5.86357e+07	5.57623e+32	2.36653e+02
3.83027e-01	4.02382e+16	5.86354e+07	5.57577e+32	2.36652e+02
3.91960e-01	3.75505e+16	5.86351e+07	5.57535e+32	2.36652e+02
4.01101e-01	3.50424e+16	5.86347e+07	5.57494e+32	2.36652e+02
4.10456e-01	3.27018e+16	5.86344e+07	5.57456e+32	2.36651e+02
4.20029e-01	3.05177e+16	5.86340e+07	5.57420e+32	2.36651e+02
4.29825e-01	2.84796e+16	5.86336e+07	5.57386e+32	2.36650e+02
4.39850e-01	2.65776e+16	5.86332e+07	5.57353e+32	2.36649e+02
4.50108e-01	2.48028e+16	5.86328e+07	5.57322e+32	2.36649e+02
4.60606e-01	2.31466e+16	5.86323e+07	5.57293e+32	2.36648e+02
4.71348e-01	2.16010e+16	5.86318e+07	5.57265e+32	2.36648e+02
4.82341e-01	2.01587e+16	5.86313e+07	5.57238e+32	2.36647e+02
4.93590e-01	1.88128e+16	5.86308e+07	5.57212e+32	2.36646e+02
5.05102e-01	1.75569e+16	5.86303e+07	5.57187e+32	2.36646e+02
5.16882e-01	1.63848e+16	5.86297e+07	5.57163e+32	2.36645e+02
5.28937e-01	1.52911e+16	5.86291e+07	5.57140e+32	2.36644e+02
5.41274e-01	1.42705e+16	5.86285e+07	5.57117e+32	2.36643e+02
5.53897e-01	1.33181e+16	5.86278e+07	5.57095e+32	2.36642e+02
5.66816e-01	1.24294e+16	5.86272e+07	5.57074e+32	2.36641e+02
5.80035e-01	1.16000e+16	5.86264e+07	5.57053e+32	2.36640e+02
5.93563e-01	1.08260e+16	5.86257e+07	5.57032e+32	2.36639e+02
6.07406e-01	1.01038e+16	5.86249e+07	5.57012e+32	2.36638e+02
6.21573e-01	9.42985e+15	5.86241e+07	5.56992e+32	2.36637e+02
6.36069e-01	8.80092e+15	5.86232e+07	5.56972e+32	2.36636e+02
6.50904e-01	8.21403e+15	5.86223e+07	5.56952e+32	2.36635e+02
6.66085e-01	7.66635e+15	5.86214e+07	5.56932e+32	2.36634e+02
6.81619e-01	7.15528e+15	5.86204e+07	5.56912e+32	2.36632e+02
6.97516e-01	6.67835e+15	5.86194e+07	5.56892e+32	2.36631e+02
7.13784e-01	6.23330e+15	5.86183e+07	5.56872e+32	2.36629e+02
7.30431e-01	5.81799e+15	5.86171e+07	5.56852e+32	2.36628e+02
7.47467e-01	5.43349e+15	6.57315e+07	6.48722e+32	2.45858e+02
7.64900e-01	5.07183e+15	6.57310e+07	6.48711e+32	2.45857e+02
7.82739e-01	4.73434e+15	6.57306e+07	6.48700e+32	2.45857e+02
8.00995e-01	4.41941e+15	6.57301e+07	6.48689e+32	2.45856e+02
8.19676e-01	4.12552e+15	6.57296e+07	6.48678e+32	2.45855e+02
8.38793e-01	3.85127e+15	6.57291e+07	6.48668e+32	2.45855e+02
8.58355e-01	3.59534e+15	6.57285e+07	6.48657e+32	2.45854e+02
8.78374e-01	3.35652e+15	6.57280e+07	6.48646e+32	2.45853e+02
8.98860e-01	3.13366e+15	6.57274e+07	6.48635e+32	2.45853e+02
9.19824e-01	2.92569e+15	6.57267e+07	6.48623e+32	2.45852e+02
9.41276e-01	2.73162e+15	6.57261e+07	6.48612e+32	2.45851e+02
9.63229e-01	2.55052e+15	6.57254e+07	6.48600e+32	2.45850e+02
9.85694e-01	2.38152e+15	6.57247e+07	6.48588e+32	2.45849e+02
1.00868e+00	2.22381e+15	6.57239e+07	6.48576e+32	2.45848e+02
1.03221e+00	2.07665e+15	6.57231e+07	6.48564e+32	2.45847e+02
1.05628e+00	1.93931e+15	6.57223e+07	6.48551e+32	2.45846e+02
1.08092e+00	1.81116e+15	6.57214e+07	6.48538e+32	2.45845e+02
1.10613e+00	1.69157e+15	6.57205e+07	6.48524e+32	2.45844e+02
1.13192e+00	1.57997e+15	6.57196e+07	6.48510e+32	2.45843e+02
1.15832e+00	1.47583e+15	6.57186e+07	6.48495e+32	2.45842e+02
1.18534e+00	1.37864e+15	6.57175e+07	6.48480e+32	2.45840e+02
1.21298e+00	1.28796e+15	6.57164e+07	6.48464e+32	2.45839e+02
1.24127e+00	1.20333e+15	6.57153e+07	6.48448e+32	2.45837e+02
1.27022e+00	1.12436e+15	6.57141e+07	6.48431e+32	2.45836e+02
1.29985e+00	1.05066e+15	6.57128e+07	6.48414e+32	2.45834e+02
1.33016e+00	9.81893e+14	6.57115e+07	6.48395e+32	2.45833e+02
1.36119e+00	9.18727e+14	6.80053e+07	6.78746e+32	2.48666e+02
1.39293e+00	8.58841e+14	6.80048e+07	6.78739e+32	2.48666e+02
1.42542e+00	8.02957e+14	6.80043e+07	6.78731e+32	2.48665e+02
1.45866e+00	7.50808e+14	6.80038e+07	6.78724e+32	2.48665e+02
1.49268e+00	7.02144e+14	6.80032e+07	6.78715e+32	2.48664e+02
1.52750e+00	6.56732e+14	6.80027e+07	6.78707e+32	2.48663e+02
1.56312e+00	6.14354e+14	6.80020e+07	6.78698e+32	2.48662e+02
1.59958e+00	5.74809e+14	6.80014e+07	6.78689e+32	2.48662e+02
1.63688e+00	5.37906e+14	6.80007e+07	6.78680e+32	2.48661e+02
1.67506e+00	5.03469e+14	6.80000e+07	6.78670e+32	2.48660e+02
1.71413e+00	4.71333e+14	6.79993e+07	6.78660e+32	2.48659e+02
1.75410e+00	4.41345e+14	6.79985e+07	6.78649e+32	2.48658e+02
1.79501e+00	4.13361e+14	6.79977e+07	6.78638e+32	2.48657e+02
1.83688e+00	3.87247e+14	6.79969e+07	6.78627e+32	2.48656e+02
1.87972e+00	3.62878e+14	6.79960e+07	6.78614e+32	2.48655e+02
1.92356e+00	3.40137e+14	6.79951e+07	6.78602e+32	2.48654e+02
1.96842e+00	3.18916e+14	6.79941e+07	6.78589e+32	2.48653e+02
2.01433e+00	2.99114e+14	6.79931e+07	6.78575e+32	2.48651e+02
2.06131e+00	2.80634e+14	6.79920e+07	6.78560e+32	2.48650e+02
2.10938e+00	2.63390e+14	6.79909e+07	6.78545e+32	2.48649e+02
2.15858e+00	2.39920e+14	5.04306e+07	4.55585e+32	2.25030e+02
2.20892e+00	2.23621e+14	4.71900e+07	4.16976e+32	2.20092e+02
2.26044e+00	2.08419e+14	4.41221e+07	3.81230e+32	2.15204e+02
2.31316e+00	1.94269e+14	4.12890e+07	3.48945e+32	2.10484e+02
2.36711e+00	1.81082e+14	3.86381e+07	3.19398e+32	2.05869e+02
2.42231e+00	1.68794e+14	3.61576e+07	2.92355e+32	2.01354e+02
2.47881e+00	1.57343e+14	3.38365e+07	2.67604e+32	1.96939e+02
2.53662e+00	1.46671e+14	3.16644e+07	2.44948e+32	1.92620e+02
2.59578e+00	1.36725e+14	2.96318e+07	2.24210e+32	1.88396e+02
2.65632e+00	1.27457e+14	2.77295e+07	2.05227e+32	1.84264e+02
2.71827e+00	1.18818e+14	2.59492e+07	1.87850e+32	1.80222e+02
2.78167e+00	1.10767e+14	2.42831e+07	1.71942e+32	1.76268e+02
2.84654e+00	1.03263e+14	2.27237e+07	1.57380e+32	1.72400e+02
2.91293e+00	9.62687e+13	2.12642e+07	1.44049e+32	1.68616e+02
2.98087e+00	8.97497e+13	1.98982e+07	1.31844e+32	1.64914e+02
3.05039e+00	8.36735e+13	1.86196e+07	1.20671e+32	1.61292e+02
3.12153e+00	7.80098e+13	1.74229e+07	1.10443e+32	1.57748e+02
3.19434e+00	7.27305e+13	1.63028e+07	1.01078e+32	1.54281e+02
3.26883e+00	6.78094e+13	1.52543e+07	9.25054e+31	1.50889e+02
3.34507e+00	6.32222e+13	1.42730e+07	8.46570e+31	1.47571e+02
3.42309e+00	5.89462e+13	1.33544e+07	7.74718e+31	1.44323e+02
3.50292e+00	5.49601e+13	1.24947e+07	7.08940e+31	1.41146e+02
3.58462e+00	5.12442e+13	1.16899e+07	6.48722e+31	1.38037e+02
3.66822e+00	4.77802e+13	1.09367e+07	5.93596e+31	1.34995e+02
3.75377e+00	4.45510e+13	1.02317e+07	5.43131e+31	1.32018e+02
3.84132e+00	4.15405e+13	9.57178e+06	4.96935e+31	1.29106e+02
3.93091e+00	3.87339e+13	8.95415e+06	4.54647e+31	1.26256e+02
4.02259e+00	3.61174e+13	8.37607e+06	4.15938e+31	1.23467e+02
4.11641e+00	3.36781e+13	7.83503e+06	3.80507e+31	1.20738e+02
4.21241e+00	3.14039e+13	7.32866e+06	3.48076e+31	1.18067e+02
4.31065e+00	2.92836e+13	6.85475e+06	3.18393e+31	1.15454e+02
4.41119e+00	2.73067e+13	6.41123e+06	2.91225e+31	1.12897e+02
4.51407e+00	2.54637e+13	5.99617e+06	2.66362e+31	1.10395e+02
4.61935e+00	2.37452e+13	5.60775e+06	2.43608e+31	1.07947e+02
4.72708e+00	2.21430e+13	5.24427e+06	2.22785e+31	1.05551e+02
4.83733e+00	2.06492e+13	4.90414e+06	2.03731e+31	1.03207e+02
4.95015e+00	1.92563e+13	4.58587e+06	1.86295e+31	1.00913e+02
5.06560e+00	1.79576e+13	4.28807e+06	1.70342e+31	9.86681e+01
5.18374e+00	1.67467e+13	4.00944e+06	1.55746e+31	9.64716e+01
5.30464e+00	1.56175e+13	3.74874e+06	1.42392e+31	9.43225e+01
5.42836e+00	1.45647e+13	3.50485e+06	1.30176e+31	9.22196e+01
5.55496e+00	1.35830e+13	3.27667e+06	1.19000e+31	9.01620e+01
5.68451e+00	1.26675e+13	3.06321e+06	1.08778e+31	8.81487e+01
5.81709e+00	1.18139e+13	2.86354e+06	9.94274e+30	8.61789e+01
5.95276e+00	1.10180e+13	2.67676e+06	9.08755e+30	8.42516e+01
6.09159e+00	1.02757e+13	2.50205e+06	8.30544e+30	8.23659e+01
6.23366e+00	9.58358e+12	2.33864e+06	7.59018e+30	8.05210e+01
6.37905e+00	8.93814e+12	2.18581e+06	6.93613e+30	7.87160e+01
6.52782e+00	8.33625e+12	2.04288e+06	6.33806e+30	7.69501e+01
6.68007e+00	7.77497e+12	1.90921e+06	5.79124e+30	7.52225e+01
6.83587e+00	7.25154e+12	1.78422e+06	5.29129e+30	7.35324e+01
6.99529e+00	6.76342e+12	1.66733e+06	4.83423e+30	7.18790e+01
7.15844e+00	6.30821e+12	1.55804e+06	4.41641e+30	7.02615e+01
7.32539e+00	5.88370e+12	1.45586e+06	4.03447e+30	6.86792e+01
7.49624e+00	5.48780e+12	1.36032e+06	3.68537e+30	6.71314e+01
7.67107e+00	5.11859e+12	1.27100e+06	3.36630e+30	6.56174e+01
7.84998e+00	4.77426e+12	1.18750e+06	3.07470e+30	6.41364e+01
8.03306e+00	4.45313e+12	1.10944e+06	2.80821e+30	6.26878e+01
8.22041e+00	4.15364e+12	1.03647e+06	2.56469e+30	6.12708e+01
8.41213e+00	3.87432e+12	9.68269e+05	2.34217e+30	5.98849e+01
8.60832e+00	3.61381e+12	9.04522e+05	2.13885e+30	5.85294e+01
8.80909e+00	3.37085e+12	8.44941e+05	1.95309e+30	5.72036e+01
9.01454e+00	3.14426e+12	7.89258e+05	1.78338e+30	5.59070e+01
9.22478e+00	2.93291e+12	7.37220e+05	1.62835e+30	5.46389e+01
9.43993e+00	2.73580e+12	6.88590e+05	1.48672e+30	5.33986e+01
9.66009e+00	2.55195e+12	6.43147e+05	1.35736e+30	5.21858e+01
9.88539e+00	2.38048e+12	6.00684e+05	1.23920e+30	5.09996e+01
1.01159e+01	2.22054e+12	5.61007e+05	1.13128e+30	4.98397e+01
1.03519e+01	2.07137e+12	5.23936e+05	1.03271e+30	4.87054e+01
1.05933e+01	1.93223e+12	4.89300e+05	9.42702e+29	4.75962e+01
1.08404e+01	1.80245e+12	4.56941e+05	8.60503e+29	4.65115e+01
1.10932e+01	1.68140e+12	4.26710e+05	7.85442e+29	4.54509e+01
1.13519e+01	1.56849e+12	3.98469e+05	7.16902e+29	4.44138e+01
1.16167e+01	1.46317e+12	3.72087e+05	6.54321e+29	4.33998e+01
1.18876e+01	1.36494e+12	3.47443e+05	5.97183e+29	4.24082e+01
1.21648e+01	1.27331e+12	3.24423e+05	5.45017e+29	4.14388e+01
1.24486e+01	1.18783e+12	3.02922e+05	4.97391e+29	4.04909e+01
1.27389e+01	1.10811e+12	2.82838e+05	4.53913e+29	3.95641e+01
1.30360e+01	1.03374e+12	2.64081e+05	4.14224e+29	3.86580e+01
1.33400e+01	9.64365e+11	2.46562e+05	3.77993e+29	3.77721e+01
1.36511e+01	8.99654e+11	2.30201e+05	3.44922e+29	3.69060e+01
1.39695e+01	8.39290e+11	2.14921e+05	3.14736e+29	3.60593e+01
1.42953e+01	7.82982e+11	2.00651e+05	2.87184e+29	3.52315e+01
1.46287e+01	7.30455e+11	1.87325e+05	2.62037e+29	3.44222e+01
1.49699e+01	6.81456e+11	1.74881e+05	2.39086e+29	3.36311e+01
1.53190e+01	6.35748e+11	1.63261e+05	2.18140e+29	3.28576e+01
1.56763e+01	5.93109e+11	1.52410e+05	1.99025e+29	3.21015e+01
1.60419e+01	5.53333e+11	1.42278e+05	1.81580e+29	3.13624e+01
1.64161e+01	5.16227e+11	1.32818e+05	1.65661e+29	3.06399e+01
1.67989e+01	4.81612e+11	1.23984e+05	1.51135e+29	2.99336e+01
1.71907e+01	4.49321e+11	1.15737e+05	1.37879e+29	2.92432e+01
1.75917e+01	4.19196e+11	1.08036e+05	1.25784e+29	2.85683e+01
1.80019e+01	3.91094e+11	1.00847e+05	1.14747e+29	2.79086e+01
1.84218e+01	3.64877e+11	9.41345e+04	1.04677e+29	2.72637e+01
1.88514e+01	3.40419e+11	8.78677e+04	9.54886e+28	2.66334e+01
1.92911e+01	3.17602e+11	8.20172e+04	8.71054e+28	2.60173e+01
1.97410e+01	2.96193e+11	7.39225e+04	7.58340e+28	2.51145e+01
2.02014e+01	2.76343e+11	6.89443e+04	6.91012e+28	2.45261e+01
2.06726e+01	2.58260e+11	7.43967e+04	7.64830e+28	2.51691e+01
2.11547e+01	2.40938e+11	6.92197e+04	6.94690e+28	2.45593e+01
2.16481e+01	2.24803e+11	6.49836e+04	6.38582e+28	2.40373e+01
2.21530e+01	2.09734e+11	6.06374e+04	5.82269e+28	2.34776e+01
2.26696e+01	1.95675e+11	5.65653e+04	5.30715e+28	2.29284e+01
2.31983e+01	1.82560e+11	5.27659e+04	4.83715e+28	2.23917e+01
2.37394e+01	1.70325e+11	4.92217e+04	4.40877e+28	2.18672e+01
2.42930e+01	1.58910e+11	4.59156e+04	4.01833e+28	2.13548e+01
2.48596e+01	1.48261e+11	4.28317e+04	3.66248e+28	2.08542e+01
2.54394e+01	1.38327e+11	3.99549e+04	3.33813e+28	2.03650e+01
2.60327e+01	1.29058e+11	3.72714e+04	3.04252e+28	1.98870e+01
2.66399e+01	1.20412e+11	3.47682e+04	2.77308e+28	1.94201e+01
2.72612e+01	1.12345e+11	3.24332e+04	2.52751e+28	1.89638e+01
2.78970e+01	1.04819e+11	3.02550e+04	2.30368e+28	1.85180e+01
2.85476e+01	9.77971e+10	2.82232e+04	2.09968e+28	1.80824e+01
2.92134e+01	9.12463e+10	2.63278e+04	1.91374e+28	1.76568e+01
2.98947e+01	8.51347e+10	2.45598e+04	1.74427e+28	1.72410e+01
3.05919e+01	7.94327e+10	2.29105e+04	1.58981e+28	1.68348e+01
3.13054e+01	7.41129e+10	2.13720e+04	1.44903e+28	1.64378e+01
3.20355e+01	6.91496e+10	1.99369e+04	1.32071e+28	1.60500e+01
3.27827e+01	6.45190e+10	1.85981e+04	1.20375e+28	1.56710e+01
3.35473e+01	6.01987e+10	1.73493e+04	1.09716e+28	1.53008e+01
3.43297e+01	5.61678e+10	1.61844e+04	9.99999e+27	1.49390e+01
3.51303e+01	5.24070e+10	1.50977e+04	9.11445e+27	1.45856e+01
3.59496e+01	4.88982e+10	1.40840e+04	8.30732e+27	1.42403e+01
3.67881e+01	4.56245e+10	1.31383e+04	7.57167e+27	1.39028e+01
3.76461e+01	4.25701e+10	1.22562e+04	6.90116e+27	1.35732e+01
3.85241e+01	3.97203e+10	1.14333e+04	6.29002e+27	1.32511e+01
3.94225e+01	3.70613e+10	1.06657e+04	5.73300e+27	1.29364e+01
4.03420e+01	3.45805e+10	9.94969e+03	5.22530e+27	1.26289e+01
4.12829e+01	3.22658e+10	9.28172e+03	4.76256e+27	1.23285e+01
4.22457e+01	3.01061e+10	8.65861e+03	4.34079e+27	1.20349e+01
4.32309e+01	2.80911e+10	8.07735e+03	3.95637e+27	1.17482e+01
4.42392e+01	2.62110e+10	7.53512e+03	3.60599e+27	1.14680e+01
4.52710e+01	2.44568e+10	7.02930e+03	3.28663e+27	1.11942e+01
4.63268e+01	2.28201e+10	6.55745e+03	2.99555e+27	1.09267e+01
4.74073e+01	2.12929e+10	6.11728e+03	2.73025e+27	1.06654e+01
4.85129e+01	1.98680e+10	5.70667e+03	2.48844e+27	1.04100e+01
4.96444e+01	1.85385e+10	5.32363e+03	2.26804e+27	1.01606e+01
5.08022e+01	1.72980e+10	4.96630e+03	2.06715e+27	9.91681e+00
5.19870e+01	1.61406e+10	4.63297e+03	1.88405e+27	9.67867e+00
5.31995e+01	1.50606e+10	4.32202e+03	1.71717e+27	9.44600e+00
5.44402e+01	1.40529e+10	4.03195e+03	1.56506e+27	9.21867e+00
5.57099e+01	1.31127e+10	3.76135e+03	1.42643e+27	8.99657e+00
5.70092e+01	1.22354e+10	3.50892e+03	1.30007e+27	8.77957e+00
5.83388e+01	1.14168e+10	3.27343e+03	1.18489e+27	8.56756e+00
5.96994e+01	1.06530e+10	3.05376e+03	1.07992e+27	8.36042e+00
6.10917e+01	9.94030e+09	2.84883e+03	9.84242e+26	8.15805e+00
6.25165e+01	9.27531e+09	2.65766e+03	8.97037e+26	7.96032e+00
6.39746e+01	8.65483e+09	2.47932e+03	8.17555e+26	7.76715e+00
6.54666e+01	8.07587e+09	2.31295e+03	7.45111e+26	7.57842e+00
6.69935e+01	7.53565e+09	2.15775e+03	6.79082e+26	7.39403e+00
6.85559e+01	7.03158e+09	2.01297e+03	6.18901e+26	7.21388e+00
7.01548e+01	6.56124e+09	1.87791e+03	5.64050e+26	7.03787e+00
7.17910e+01	6.12237e+09	1.75191e+03	5.14056e+26	6.86592e+00
7.34654e+01	5.71286e+09	1.63437e+03	4.68491e+26	6.69792e+00
7.51788e+01	5.32999e+09	1.46007e+03	4.02939e+26	6.43332e+00
7.69321e+01	4.97454e+09	1.45879e+03	4.02462e+26	6.43131e+00
7.87264e+01	4.64184e+09	1.36268e+03	3.67415e+26	6.27623e+00
8.05625e+01	4.33138e+09	1.27146e+03	3.34907e+26	6.12216e+00
8.24414e+01	4.04169e+09	1.18627e+03	3.05247e+26	5.97149e+00
8.43641e+01	3.77138e+09	1.10679e+03	2.78208e+26	5.82428e+00
8.63317e+01	3.51915e+09	1.03263e+03	2.53561e+26	5.68045e+00
8.83452e+01	3.28379e+09	9.63440e+02	2.31094e+26	5.53993e+00
9.04056e+01	3.06418e+09	8.98885e+02	2.10615e+26	5.40265e+00
9.25141e+01	2.85926e+09	8.38655e+02	1.91948e+26	5.26852e+00
9.46717e+01	2.66805e+09	7.82460e+02	1.74932e+26	5.13748e+00
9.68797e+01	2.48963e+09	7.30031e+02	1.59422e+26	5.00946e+00
9.91392e+01	2.32314e+09	6.81114e+02	1.45285e+26	4.88439e+00
1.01451e+02	2.16779e+09	6.35474e+02	1.32399e+26	4.76220e+00
1.03817e+02	2.02283e+09	5.92893e+02	1.20654e+26	4.64284e+00
1.06239e+02	1.88756e+09	5.53165e+02	1.09948e+26	4.52622e+00
1.08716e+02	1.76134e+09	5.16099e+02	1.00191e+26	4.41230e+00
1.11252e+02	1.64357e+09	4.81516e+02	9.12972e+25	4.30100e+00
1.13847e+02	1.53367e+09	4.49250e+02	8.31912e+25	4.19228e+00
1.16502e+02	1.43112e+09	4.19147e+02	7.58032e+25	4.08608e+00
1.19219e+02	1.33542e+09	3.91061e+02	6.90697e+25	3.98232e+00
1.21999e+02	1.24613e+09	3.64856e+02	6.29328e+25	3.88097e+00
1.24845e+02	1.16281e+09	3.40408e+02	5.73397e+25	3.78197e+00
1.27756e+02	1.08506e+09	3.17597e+02	5.22422e+25	3.68526e+00
1.30736e+02	1.01251e+09	2.96316e+02	4.75966e+25	3.59080e+00
1.33785e+02	9.44816e+08	2.76460e+02	4.33628e+25	3.49853e+00
1.36905e+02	8.81645e+08	2.57935e+02	3.95045e+25	3.40839e+00
1.40098e+02	8.22699e+08	2.40651e+02	3.59883e+25	3.32036e+00
1.43366e+02	7.67694e+08	2.24525e+02	3.27840e+25	3.23437e+00
1.46709e+02	7.16367e+08	2.09480e+02	2.98640e+25	3.15038e+00
1.50131e+02	6.68473e+08	1.95443e+02	2.72031e+25	3.06835e+00
1.53633e+02	6.23781e+08	1.82347e+02	2.47784e+25	2.98823e+00
1.57216e+02	5.82077e+08	1.70128e+02	2.25689e+25	2.90998e+00
1.60882e+02	5.43162e+08	1.58728e+02	2.05556e+25	2.83356e+00
1.64634e+02	5.06849e+08	1.48092e+02	1.87212e+25	2.75893e+00
1.68474e+02	4.72964e+08	1.38168e+02	1.70497e+25	2.68604e+00
1.72403e+02	4.41344e+08	1.28910e+02	1.55268e+25	2.61486e+00
1.76424e+02	4.11839e+08	1.20272e+02	1.41392e+25	2.54535e+00
1.80539e+02	3.84306e+08	1.12213e+02	1.28750e+25	2.47748e+00
1.84749e+02	3.58614e+08	1.04694e+02	1.17232e+25	2.41120e+00
1.89058e+02	3.34640e+08	9.76782e+01	1.06739e+25	2.34648e+00
1.93468e+02	3.12269e+08	9.11330e+01	9.71803e+24	2.28328e+00
1.97980e+02	2.91393e+08	8.50264e+01	8.84722e+24	2.22158e+00
2.02597e+02	2.71914e+08	7.99070e+01	8.13356e+24	2.16758e+00
2.07322e+02	2.53736e+08	7.46750e+01	7.42036e+24	2.10999e+00
2.12157e+02	2.36774e+08	6.96823e+01	6.75572e+24	2.05252e+00
2.17106e+02	2.20946e+08	6.51302e+01	6.16391e+24	1.99773e+00
2.22169e+02	2.06176e+08	6.07771e+01	5.61125e+24	1.94295e+00
2.27350e+02	1.92393e+08	5.67107e+01	5.10725e+24	1.88940e+00
2.32653e+02	1.79532e+08	5.29160e+01	4.64815e+24	1.83713e+00
2.38079e+02	1.67530e+08	4.93752e+01	4.22999e+24	1.78611e+00
2.43631e+02	1.56331e+08	4.60713e+01	3.84914e+24	1.73631e+00
2.49314e+02	1.45881e+08	4.29884e+01	3.50230e+24	1.68770e+00
2.55128e+02	1.36129e+08	4.01118e+01	3.18643e+24	1.64026e+00
2.61078e+02	1.27029e+08	3.74277e+01	2.89880e+24	1.59397e+00
2.67167e+02	1.18537e+08	3.49231e+01	2.63689e+24	1.54879e+00
2.73398e+02	1.10614e+08	3.25861e+01	2.39842e+24	1.50470e+00
2.79775e+02	1.03219e+08	3.04055e+01	2.18130e+24	1.46169e+00
2.86300e+02	9.63195e+07	2.83707e+01	1.98363e+24	1.41971e+00
2.92977e+02	8.98809e+07	2.64720e+01	1.80367e+24	1.37876e+00
2.99810e+02	8.38727e+07	2.47003e+01	1.63986e+24	1.33882e+00
3.06802e+02	7.82661e+07	2.30471e+01	1.49077e+24	1.29985e+00
3.13958e+02	7.30343e+07	2.15046e+01	1.35507e+24	1.26184e+00
3.21280e+02	6.81522e+07	2.00653e+01	1.23158e+24	1.22477e+00
3.28773e+02	6.35965e+07	1.87223e+01	1.11921e+24	1.18861e+00
3.36441e+02	5.93453e+07	1.74692e+01	1.01696e+24	1.15336e+00
3.44287e+02	5.53783e+07	1.62999e+01	9.23935e+23	1.11898e+00
3.52317e+02	5.16765e+07	1.52089e+01	8.39306e+23	1.08547e+00
3.60534e+02	4.82221e+07	1.41909e+01	7.62324e+23	1.05279e+00
3.68943e+02	4.49987e+07	1.32410e+01	6.92306e+23	1.02094e+00
3.77547e+02	4.19907e+07	1.23547e+01	6.28627e+23	9.89902e-01
3.86353e+02	3.91838e+07	1.15277e+01	5.70720e+23	9.59648e-01
3.95363e+02	3.65645e+07	1.07560e+01	5.18068e+23	9.30167e-01
4.04584e+02	3.41203e+07	1.00360e+01	4.70200e+23	9.01441e-01
4.14020e+02	3.18394e+07	9.36414e+00	4.26685e+23	8.73456e-01
4.23676e+02	2.97111e+07	8.73727e+00	3.87134e+23	8.46195e-01
4.33557e+02	2.77250e+07	8.15235e+00	3.51189e+23	8.19643e-01
4.43669e+02	2.58717e+07	7.60657e+00	3.18526e+23	7.93785e-01
4.54016e+02	2.41421e+07	7.10715e+00	2.89415e+23	7.69102e-01
4.64605e+02	2.25282e+07	6.64261e+00	2.63035e+23	7.45169e-01
4.75441e+02	2.10222e+07	6.19864e+00	2.38485e+23	7.21318e-01
4.86529e+02	1.96169e+07	5.78389e+00	2.16161e+23	6.98078e-01
4.97876e+02	1.83056e+07	5.39685e+00	1.95888e+23	6.75459e-01
5.09488e+02	1.70818e+07	5.03571e+00	1.77481e+23	6.53450e-01
5.21370e+02	1.59399e+07	4.69872e+00	1.60772e+23	6.32038e-01
5.33530e+02	1.48743e+07	4.38427e+00	1.45606e+23	6.11211e-01
5.45973e+02	1.38800e+07	4.09087e+00	1.31843e+23	5.90956e-01
5.58707e+02	1.29521e+07	3.81710e+00	1.19356e+23	5.71261e-01
5.71737e+02	1.20862e+07	3.56165e+00	1.08029e+23	5.52115e-01
5.85072e+02	1.12782e+07	3.32329e+00	9.77555e+22	5.33505e-01
5.98717e+02	1.05242e+07	3.10090e+00	8.84401e+22	5.15421e-01
6.12680e+02	9.82063e+06	2.89340e+00	7.99950e+22	4.97851e-01
6.26970e+02	9.16407e+06	2.69980e+00	7.23406e+22	4.80785e-01
6.41592e+02	8.55140e+06	2.51835e+00	6.53733e+22	4.64135e-01
6.56556e+02	7.97969e+06	2.34963e+00	5.90831e+22	4.48022e-01
6.71868e+02	7.44619e+06	2.19221e+00	5.33857e+22	4.32380e-01
6.87538e+02	6.94834e+06	2.04532e+00	4.82252e+22	4.17196e-01
7.03573e+02	6.48379e+06	1.90822e+00	4.35520e+22	4.02459e-01
7.19982e+02	6.05028e+06	1.78027e+00	3.93206e+22	3.88156e-01
7.36774e+02	5.64574e+06	1.66084e+00	3.54900e+22	3.74278e-01
7.53957e+02	5.26825e+06	1.55043e+00	3.20554e+22	3.60945e-01
7.71541e+02	4.91600e+06	1.44570e+00	2.88974e+22	3.47806e-01
7.89536e+02	4.58729e+06	1.34891e+00	2.60686e+22	3.35188e-01
8.07950e+02	4.28055e+06	1.25861e+00	2.35112e+22	3.22964e-01
8.26793e+02	3.99432e+06	1.17433e+00	2.11990e+22	3.11119e-01
8.46076e+02	3.72722e+06	1.09568e+00	1.91090e+22	2.99644e-01
8.65808e+02	3.47797e+06	1.02228e+00	1.72205e+22	2.88532e-01
8.86001e+02	3.24539e+06	9.53787e-01	1.55144e+22	2.77774e-01
9.06665e+02	3.02836e+06	8.89852e-01	1.39733e+22	2.67358e-01
9.27811e+02	2.82584e+06	8.30659e-01	1.25926e+22	2.57359e-01
9.49449e+02	2.63684e+06	7.74958e-01	1.13357e+22	2.47607e-01
9.71593e+02	2.46049e+06	7.22974e-01	1.02014e+22	2.38173e-01
9.94253e+02	2.29591e+06	6.74076e-01	9.17013e+21	2.28978e-01
1.01744e+03	2.14234e+06	6.29802e-01	8.26740e+21	2.20355e-01
1.04117e+03	1.99905e+06	5.87613e-01	7.43593e+21	2.11848e-01
1.06545e+03	1.86533e+06	5.48226e-01	6.68606e+21	2.03627e-01
1.09030e+03	1.74055e+06	5.11325e-01	6.00766e+21	1.95654e-01
1.11573e+03	1.62411e+06	4.76991e-01	5.39827e+21	1.87976e-01
1.14175e+03	1.51547e+06	4.44949e-01	4.84938e+21	1.80564e-01
1.16838e+03	1.41408e+06	4.15037e-01	4.35496e+21	1.73407e-01
1.19563e+03	1.32237e+06	3.87352e-01	3.91344e+21	1.66558e-01
1.22352e+03	1.23400e+06	3.61294e-01	3.51264e+21	1.59895e-01
1.25205e+03	1.15154e+06	3.37036e-01	3.15289e+21	1.53484e-01
1.28125e+03	1.07458e+06	3.14405e-01	2.82937e+21	1.47305e-01
1.31113e+03	1.00277e+06	2.93291e-01	2.53850e+21	1.41350e-01
1.34171e+03	9.35756e+05	2.73592e-01	2.27705e+21	1.35613e-01
1.37300e+03	8.73221e+05	2.55214e-01	2.04209e+21	1.30087e-01
1.40503e+03	8.14866e+05	2.38068e-01	1.83100e+21	1.24765e-01
1.43780e+03	7.60410e+05	2.22071e-01	1.64141e+21	1.19642e-01
1.47133e+03	7.09594e+05	2.07147e-01	1.47115e+21	1.14711e-01
1.50564e+03	6.62173e+05	1.93223e-01	1.31831e+21	1.09966e-01
1.54076e+03	6.17922e+05	1.80234e-01	1.18112e+21	1.05401e-01
1.57669e+03	5.76627e+05	1.68115e-01	1.05803e+21	1.01010e-01
1.61347e+03	5.38093e+05	1.56810e-01	9.47591e+20	9.67876e-02
1.65110e+03	5.02133e+05	1.46262e-01	8.48542e+20	9.27285e-02
1.68960e+03	4.68577e+05	1.36423e-01	7.59724e+20	8.88270e-02
1.72901e+03	4.37263e+05	1.27243e-01	6.80097e+20	8.50778e-02
1.76933e+03	4.08042e+05	1.18680e-01	6.08725e+20	8.14757e-02
1.81060e+03	3.80774e+05	1.10691e-01	5.44767e+20	7.80156e-02
1.85283e+03	3.55328e+05	1.03239e-01	4.87463e+20	7.46926e-02
1.89604e+03	3.31582e+05	9.62868e-02	4.36131e+20	7.15019e-02
1.94026e+03	3.09423e+05	8.98015e-02	3.90159e+20	6.84389e-02
1.98551e+03	2.88746e+05	8.37517e-02	3.48994e+20	6.54989e-02
2.03182e+03	2.69450e+05	7.81082e-02	3.12140e+20	6.26776e-02
2.07921e+03	2.51443e+05	7.28439e-02	2.79151e+20	5.99705e-02
2.12770e+03	2.34640e+05	6.79332e-02	2.49628e+20	5.73736e-02
2.17732e+03	2.18960e+05	6.34368e-02	2.23683e+20	5.49292e-02
2.22810e+03	2.04327e+05	5.91621e-02	2.00018e+20	5.25407e-02
2.28007e+03	1.90673e+05	5.51727e-02	1.78839e+20	5.02494e-02
2.33324e+03	1.77930e+05	5.14514e-02	1.59894e+20	4.80525e-02
2.38766e+03	1.66040e+05	4.79802e-02	1.42952e+20	4.59466e-02
2.44335e+03	1.54944e+05	4.47424e-02	1.27802e+20	4.39282e-02
2.50033e+03	1.44590e+05	4.17223e-02	1.14257e+20	4.19938e-02
2.55864e+03	1.34927e+05	3.89054e-02	1.02148e+20	4.01403e-02
2.61832e+03	1.25910e+05	3.62779e-02	9.13240e+19	3.83643e-02
2.67938e+03	1.17496e+05	3.38273e-02	8.16498e+19	3.66630e-02
2.74187e+03	1.09644e+05	3.15416e-02	7.30040e+19	3.50332e-02
2.80582e+03	1.02317e+05	2.94097e-02	6.52780e+19	3.34722e-02
2.87126e+03	9.54796e+04	2.74214e-02	5.83744e+19	3.19772e-02
2.93823e+03	8.90990e+04	2.55670e-02	5.22063e+19	3.05455e-02
3.00675e+03	8.31448e+04	2.38375e-02	4.66956e+19	2.91745e-02
3.07688e+03	7.75885e+04	2.22245e-02	4.17725e+19	2.78617e-02
3.14864e+03	7.24035e+04	2.07203e-02	3.73745e+19	2.66048e-02
3.22207e+03	6.75650e+04	1.93174e-02	3.34459e+19	2.54013e-02
3.29722e+03	6.30499e+04	1.80091e-02	2.99365e+19	2.42492e-02
3.37412e+03	5.88365e+04	1.67891e-02	2.68016e+19	2.31462e-02
3.45281e+03	5.49046e+04	1.56514e-02	2.40014e+19	2.20902e-02
3.53334e+03	5.12356e+04	1.45905e-02	2.14999e+19	2.10793e-02
3.61574e+03	4.78117e+04	1.35756e-02	1.92100e+19	2.00860e-02
3.70007e+03	4.46166e+04	1.26778e-02	1.72672e+19	1.91840e-02
3.78637e+03	4.16350e+04	1.17962e-02	1.54413e+19	1.82744e-02
3.87468e+03	3.88527e+04	1.09956e-02	1.38524e+19	1.74259e-02
3.96504e+03	3.62563e+04	1.02492e-02	1.24326e+19	1.66134e-02
4.05752e+03	3.38334e+04	9.55322e-03	1.11638e+19	1.58353e-02
4.15215e+03	3.15724e+04	8.90437e-03	1.00296e+19	1.50901e-02
4.24899e+03	2.94626e+04	8.29945e-03	9.01559e+18	1.43762e-02
4.34808e+03	2.74937e+04	7.73551e-03	8.10888e+18	1.36923e-02
4.44949e+03	2.56564e+04	7.20978e-03	7.29790e+18	1.30369e-02
4.55326e+03	2.39418e+04	4.98048e-03	4.33176e+18	1.00108e-02
4.65946e+03	2.23419e+04	4.57786e-03	3.84734e+18	9.40800e-03
4.76813e+03	2.08488e+04	4.20607e-03	3.41971e+18	8.83061e-03
4.87933e+03	1.94556e+04	3.86306e-03	3.04226e+18	8.27749e-03
4.99313e+03	1.81555e+04	5.07439e-03	4.35949e+18	1.01484e-02
5.10958e+03	1.69422e+04	4.72819e-03	3.93950e+18	9.63564e-03
5.22875e+03	1.58100e+04	4.40669e-03	3.56414e+18	9.14483e-03
5.35070e+03	1.47535e+04	4.10708e-03	3.22731e+18	8.67312e-03
5.47549e+03	1.37676e+04	3.82788e-03	2.92488e+18	8.21954e-03
5.60319e+03	1.28475e+04	3.56771e-03	2.65317e+18	7.78313e-03
5.73387e+03	1.19890e+04	3.32528e-03	2.40889e+18	7.36300e-03
5.86760e+03	1.11878e+04	3.09940e-03	2.18912e+18	6.95826e-03
6.00445e+03	1.04401e+04	2.88893e-03	1.99126e+18	6.56810e-03
6.14449e+03	9.74247e+03	2.69284e-03	1.81297e+18	6.19171e-03
6.28779e+03	9.09142e+03	2.51015e-03	1.65220e+18	5.82835e-03
6.43444e+03	8.48387e+03	2.33995e-03	1.50710e+18	5.47727e-03
6.58451e+03	7.91692e+03	2.18138e-03	1.37603e+18	5.13780e-03
6.73807e+03	7.38786e+03	2.03365e-03	1.25752e+18	4.80925e-03
6.89522e+03	6.89416e+03	1.89602e-03	1.15027e+18	4.49100e-03
7.05603e+03	6.43345e+03	1.76779e-03	1.05312e+18	4.18247e-03
7.22060e+03	6.00352e+03	1.64834e-03	9.65038e+17	3.88309e-03
7.38900e+03	5.60233e+03	1.53705e-03	8.85098e+17	3.59233e-03
7.56133e+03	5.22795e+03	1.43337e-03	8.12478e+17	3.30967e-03
7.73768e+03	4.87858e+03	1.33677e-03	7.46442e+17	3.03463e-03
7.91814e+03	4.55256e+03	1.24677e-03	6.86334e+17	2.76675e-03
8.10281e+03	4.24833e+03	1.16291e-03	6.31569e+17	2.50561e-03
8.29179e+03	3.96443e+03	1.08478e-03	5.81621e+17	2.25079e-03
8.48518e+03	3.69950e+03	1.01197e-03	5.36024e+17	2.00190e-03
8.68307e+03	3.45228e+03	9.44115e-04	4.94358e+17	1.75859e-03
8.88558e+03	3.22158e+03	8.80880e-04	4.56248e+17	1.52051e-03
9.09282e+03	3.00629e+03	8.21944e-04	4.21358e+17	1.28733e-03
9.30488e+03	2.80539e+03	7.67011e-04	3.89386e+17	1.05876e-03
9.52190e+03	2.61792e+03	7.15804e-04	3.60063e+17	8.34494e-04
9.74397e+03	2.44297e+03	6.68067e-04	3.33144e+17	6.14273e-04
9.97122e+03	2.27972e+03	6.23560e-04	3.08412e+17	3.97841e-04
1.02038e+04	2.12737e+03	5.82062e-04	2.85671e+17	1.84958e-04
1.04418e+04	1.98521e+03	5.43357e-04	2.64738e+17	-2.46488e-05
1.06853e+04	1.85254e+03	5.07248e-04	2.45453e+17	-2.31218e-04
1.09345e+04	1.72874e+03	4.73583e-04	2.27684e+17	-4.34802e-04
1.11895e+04	1.61322e+03	4.42227e-04	2.11316e+17	-6.35359e-04
1.14505e+04	1.50541e+03	4.12884e-04	1.96166e+17	-8.33994e-04
1.17175e+04	1.40481e+03	3.85551e-04	1.82192e+17	-1.02995e-03
1.19908e+04	1.31093e+03	3.60047e-04	1.69276e+17	-1.22368e-03
1.22705e+04	1.22333e+03	3.36246e-04	1.57331e+17	-1.41534e-03
1.25566e+04	1.14158e+03	3.14034e-04	1.46277e+17	-1.60507e-03
1.28495e+04	1.06529e+03	2.93308e-04	1.36045e+17	-1.79293e-03
1.31492e+04	9.94100e+02	2.73959e-04	1.26563e+17	-1.97914e-03
1.34559e+04	9.27668e+02	2.55895e-04	1.17775e+17	-2.16377e-03
1.37697e+04	8.65676e+02	2.39032e-04	1.09626e+17	-2.34693e-03
1.40908e+04	8.07826e+02	2.23288e-04	1.02065e+17	-2.52870e-03
1.44194e+04	7.53842e+02	2.08587e-04	9.50476e+16	-2.70920e-03
1.47557e+04	7.03465e+02	1.94858e-04	8.85306e+16	-2.88853e-03
1.50999e+04	6.56455e+02	1.82036e-04	8.24766e+16	-3.06675e-03
1.54521e+04	6.12587e+02	1.70061e-04	7.68506e+16	-3.24393e-03
1.58124e+04	5.71650e+02	1.58877e-04	7.16208e+16	-3.42016e-03
1.61812e+04	5.33448e+02	1.48449e-04	6.67648e+16	-3.59518e-03
1.65586e+04	4.97800e+02	1.38684e-04	6.22380e+16	-3.76979e-03
1.69448e+04	4.64534e+02	1.29566e-04	5.80275e+16	-3.94356e-03
1.73400e+04	4.33491e+02	1.21048e-04	5.41086e+16	-4.11662e-03
1.77444e+04	4.04522e+02	1.13089e-04	5.04600e+16	-4.28903e-03
1.81582e+04	3.77489e+02	1.05654e-04	4.70622e+16	-4.46085e-03
1.85817e+04	3.52263e+02	9.87154e-05	4.39009e+16	-4.63188e-03
1.90151e+04	3.28723e+02	9.22273e-05	4.09537e+16	-4.80252e-03
1.94586e+04	3.06755e+02	8.61653e-05	3.82075e+16	-4.97267e-03
1.99124e+04	2.86256e+02	8.07086e-05	3.57311e+16	-5.13596e-03
2.03768e+04	2.67127e+02	7.52094e-05	3.32629e+16	-5.31164e-03
2.08521e+04	2.49275e+02	7.04455e-05	3.11110e+16	-5.47415e-03
2.13384e+04	2.32617e+02	6.58253e-05	2.90375e+16	-5.64224e-03
2.18360e+04	2.17072e+02	6.15717e-05	2.71291e+16	-5.80743e-03
2.23453e+04	2.02566e+02	5.75274e-05	2.53216e+16	-5.97510e-03
2.28665e+04	1.89029e+02	5.37445e-05	2.36343e+16	-6.14266e-03
2.33998e+04	1.76397e+02	5.02095e-05	2.20601e+16	-6.30996e-03
2.39455e+04	1.64609e+02	4.69062e-05	2.05916e+16	-6.47703e-03
2.45040e+04	1.53609e+02	4.38196e-05	1.92214e+16	-6.64389e-03
2.50755e+04	1.43344e+02	4.09353e-05	1.79429e+16	-6.81055e-03
2.56603e+04	1.33765e+02	3.82403e-05	1.67498e+16	-6.97702e-03
2.62588e+04	1.24826e+02	3.57221e-05	1.56364e+16	-7.14333e-03
2.68712e+04	1.16484e+02	3.33691e-05	1.45973e+16	-7.30949e-03
2.74979e+04	1.08700e+02	3.11705e-05	1.36275e+16	-7.47552e-03
2.81392e+04	1.01436e+02	2.91162e-05	1.27223e+16	-7.64141e-03
2.87955e+04	9.46573e+01	2.71967e-05	1.18774e+16	-7.80720e-03
2.94671e+04	8.83317e+01	2.54033e-05	1.10887e+16	-7.97289e-03
3.01543e+04	8.24288e+01	2.37278e-05	1.03524e+16	-8.13848e-03
3.08576e+04	7.69204e+01	2.21622e-05	9.66509e+15	-8.30399e-03
3.15772e+04	7.17801e+01	2.06996e-05	9.02345e+15	-8.46942e-03
3.23137e+04	6.69833e+01	1.93331e-05	8.42443e+15	-8.63480e-03
3.30673e+04	6.25070e+01	1.80565e-05	7.86519e+15	-8.80011e-03
3.38386e+04	5.83299e+01	1.68638e-05	7.34308e+15	-8.96537e-03
3.46278e+04	5.44319e+01	1.57496e-05	6.85562e+15	-9.13059e-03
3.54354e+04	5.07944e+01	1.47087e-05	6.40051e+15	-9.29577e-03
3.62618e+04	4.74000e+01	1.37363e-05	5.97560e+15	-9.46092e-03
3.71075e+04	4.42325e+01	1.28280e-05	5.57888e+15	-9.62603e-03
3.79730e+04	4.12766e+01	1.19795e-05	5.20847e+15	-9.79113e-03
3.88586e+04	3.85182e+01	1.11869e-05	4.86262e+15	-9.95620e-03
3.97649e+04	3.59442e+01	1.04465e-05	4.53972e+15	-1.01213e-02
4.06923e+04	3.35421e+01	9.75494e-06	4.23823e+15	-1.02863e-02
4.16413e+04	3.13006e+01	9.10899e-06	3.95673e+15	-1.04514e-02
4.26125e+04	2.92089e+01	8.50565e-06	3.69391e+15	-1.06164e-02
4.36063e+04	2.72570e+01	7.94212e-06	3.44851e+15	-1.07814e-02
4.46233e+04	2.54355e+01	7.41578e-06	3.21938e+15	-1.09465e-02
4.56641e+04	2.37358e+01	6.92420e-06	3.00546e+15	-1.11115e-02
4.67291e+04	2.21496e+01	6.46508e-06	2.80572e+15	-1.12766e-02
4.78189e+04	2.06694e+01	6.03630e-06	2.61923e+15	-1.14416e-02
4.89341e+04	1.92881e+01	5.63366e-06	2.44427e+15	-1.16076e-02
5.00754e+04	1.79992e+01	5.25950e-06	2.28164e+15	-1.17728e-02
5.12433e+04	1.67964e+01	4.91039e-06	2.12991e+15	-1.19379e-02
5.24384e+04	1.56739e+01	4.58438e-06	1.98825e+15	-1.21031e-02
5.36614e+04	1.46265e+01	4.27993e-06	1.85599e+15	-1.22682e-02
5.49129e+04	1.36491e+01	3.99561e-06	1.73251e+15	-1.24334e-02
5.61936e+04	1.27369e+01	3.73009e-06	1.61721e+15	-1.25986e-02
5.75042e+04	1.18858e+01	3.48215e-06	1.50957e+15	-1.27638e-02
5.88453e+04	1.10915e+01	3.25062e-06	1.40907e+15	-1.29290e-02
6.02178e+04	1.03503e+01	3.03443e-06	1.31524e+15	-1.30943e-02
6.16222e+04	9.65862e+00	2.83257e-06	1.22765e+15	-1.32596e-02
6.30594e+04	9.01317e+00	2.64408e-06	1.14587e+15	-1.34249e-02
6.45301e+04	8.41085e+00	2.46808e-06	1.06952e+15	-1.35903e-02
6.60351e+04	7.84879e+00	2.30376e-06	9.98249e+14	-1.37557e-02
6.75752e+04	7.32428e+00	2.15033e-06	9.31710e+14	-1.39212e-02
6.91512e+04	6.83482e+00	2.00708e-06	8.69592e+14	-1.40866e-02
7.07640e+04	6.37808e+00	1.87333e-06	8.11602e+14	-1.42522e-02
7.24144e+04	5.95185e+00	1.74846e-06	7.57466e+14	-1.44177e-02
7.41033e+04	5.55411e+00	1.63187e-06	7.06929e+14	-1.45833e-02
7.58315e+04	5.18295e+00	1.52303e-06	6.59751e+14	-1.47490e-02
7.76001e+04	4.83659e+00	1.42141e-06	6.15710e+14	-1.49147e-02
7.94099e+04	4.51338e+00	1.32654e-06	5.74597e+14	-1.50804e-02
8.12620e+04	4.21177e+00	1.23797e-06	5.36219e+14	-1.52462e-02
8.31572e+04	3.93031e+00	1.15529e-06	5.00394e+14	-1.54120e-02
8.50966e+04	3.66766e+00	1.07810e-06	4.66952e+14	-1.55779e-02
8.70813e+04	3.42257e+00	1.00604e-06	4.35735e+14	-1.57439e-02
8.91123e+04	3.19385e+00	9.38769e-07	4.06595e+14	-1.59099e-02
9.11906e+04	2.98042e+00	8.75972e-07	3.79395e+14	-1.60760e-02
9.33174e+04	2.78125e+00	8.17352e-07	3.54005e+14	-1.62422e-02
9.54938e+04	2.59538e+00	7.62632e-07	3.30306e+14	-1.64084e-02
9.77209e+04	2.42194e+00	7.11552e-07	3.08185e+14	-1.65747e-02
1.00000e+05	2.26009e+00	6.63871e-07	2.87537e+14	-1.67411e-02
