xWS	rho[g/cm^3]	n_e[pm^-3]	P[N/m^2]	mu_F_e[MeV]
1.00000e-03	2.26009e+24	1.20788e+07	1.16632e+38	1.39557e+02
1.02332e-03	2.10906e+24	1.20788e+07	1.08838e+38	1.39557e+02
1.04719e-03	1.96812e+24	1.20788e+07	1.01565e+38	1.39557e+02
1.07161e-03	1.83660e+24	1.20788e+07	9.47774e+37	1.39557e+02
1.09660e-03	1.71386e+24	1.20788e+07	8.84438e+37	1.39557e+02
1.12218e-03	1.59933e+24	1.20788e+07	8.25334e+37	1.39557e+02
1.14835e-03	1.49245e+24	1.20788e+07	7.70180e+37	1.39557e+02
1.17513e-03	1.39272e+24	1.20788e+07	7.18712e+37	1.39557e+02
1.20254e-03	1.29965e+24	1.20788e+07	6.70683e+37	1.39557e+02
1.23059e-03	1.21280e+24	1.20788e+07	6.25863e+37	1.39557e+02
1.25929e-03	1.13175e+24	1.20788e+07	5.84039e+37	1.39557e+02
1.28866e-03	1.05612e+24	1.20788e+07	5.45010e+37	1.39557e+02
1.31871e-03	9.85543e+23	1.20788e+07	5.08589e+37	1.39557e+02
1.34947e-03	9.19683e+23	1.20788e+07	4.74602e+37	1.39557e+02
1.38094e-03	8.58224e+23	1.20788e+07	4.42886e+37	1.39557e+02
1.41315e-03	8.00872e+23	1.20788e+07	4.13290e+37	1.39557e+02
1.44611e-03	7.47352e+23	1.20788e+07	3.85671e+37	1.39557e+02
1.47983e-03	6.97409e+23	1.20788e+07	3.59898e+37	1.39557e+02
1.51435e-03	6.50804e+23	1.20788e+07	3.35847e+37	1.39557e+02
1.54966e-03	6.07313e+23	1.20788e+07	3.13404e+37	1.39557e+02
1.58581e-03	5.66729e+23	1.20788e+07	2.92460e+37	1.39557e+02
1.62279e-03	5.28856e+23	1.20788e+07	2.72916e+37	1.39557e+02
1.66064e-03	4.93515e+23	1.20788e+07	2.54678e+37	1.39557e+02
1.69937e-03	4.60535e+23	1.20788e+07	2.37659e+37	1.39557e+02
1.73900e-03	4.29759e+23	1.20788e+07	2.21777e+37	1.39557e+02
1.77956e-03	4.01040e+23	1.20788e+07	2.06957e+37	1.39557e+02
1.82106e-03	3.74240e+23	1.20788e+07	1.93127e+37	1.39557e+02
1.86354e-03	3.49231e+23	1.20788e+07	1.80221e+37	1.39557e+02
1.90700e-03	3.25893e+23	1.20788e+07	1.68177e+37	1.39557e+02
1.95147e-03	3.04115e+23	1.20788e+07	1.56939e+37	1.39557e+02
1.99699e-03	2.83792e+23	1.20788e+07	1.46451e+37	1.39557e+02
2.04356e-03	2.64827e+23	1.20788e+07	1.36664e+37	1.39557e+02
2.09122e-03	2.47130e+23	1.20788e+07	1.27532e+37	1.39557e+02
2.14000e-03	2.30615e+23	1.20788e+07	1.19009e+37	1.39557e+02
2.18991e-03	2.15204e+23	1.20788e+07	1.11056e+37	1.39557e+02
2.24098e-03	2.00822e+23	1.20788e+07	1.03635e+37	1.39557e+02
2.29325e-03	1.87402e+23	1.20788e+07	9.67093e+36	1.39557e+02
2.34673e-03	1.74879e+23	1.20788e+07	9.02466e+36	1.39557e+02
2.40146e-03	1.63192e+23	1.20788e+07	8.42158e+36	1.39557e+02
2.45747e-03	1.52287e+23	1.20788e+07	7.85880e+36	1.39557e+02
2.51478e-03	1.42110e+23	1.20788e+07	7.33363e+36	1.39557e+02
2.57343e-03	1.32613e+23	1.20788e+07	6.84356e+36	1.39557e+02
2.63345e-03	1.23751e+23	1.20788e+07	6.38623e+36	1.39557e+02
2.69487e-03	1.15481e+23	1.20788e+07	5.95947e+36	1.39557e+02
2.75772e-03	1.07764e+23	1.20788e+07	5.56122e+36	1.39557e+02
2.82204e-03	1.00563e+23	1.20788e+07	5.18959e+36	1.39557e+02
2.88786e-03	9.38424e+22	1.20788e+07	4.84279e+36	1.39557e+02
2.95521e-03	8.75712e+22	1.20788e+07	4.51917e+36	1.39557e+02
3.02413e-03	8.17192e+22	1.20788e+07	4.21718e+36	1.39557e+02
3.09466e-03	7.62582e+22	1.20788e+07	3.93536e+36	1.39557e+02
3.16684e-03	7.11621e+22	1.20788e+07	3.67238e+36	1.39557e+02
3.24070e-03	6.64066e+22	1.20788e+07	3.42697e+36	1.39557e+02
3.31628e-03	6.19689e+22	1.20788e+07	3.19797e+36	1.39557e+02
3.39362e-03	5.78277e+22	1.20788e+07	2.98426e+36	1.39557e+02
3.47277e-03	5.39633e+22	1.20788e+07	2.78484e+36	1.39557e+02
3.55376e-03	5.03571e+22	1.20788e+07	2.59874e+36	1.39557e+02
3.63664e-03	4.69920e+22	1.20788e+07	2.42508e+36	1.39557e+02
3.72146e-03	4.38516e+22	1.20788e+07	2.26303e+36	1.39557e+02
3.80825e-03	4.09212e+22	1.20788e+07	2.11180e+36	1.39557e+02
3.89707e-03	3.81866e+22	1.20788e+07	1.97068e+36	1.39557e+02
3.98796e-03	3.56347e+22	1.20788e+07	1.83899e+36	1.39557e+02
4.08097e-03	3.32534e+22	1.20788e+07	1.71610e+36	1.39557e+02
4.17615e-03	3.10312e+22	1.20788e+07	1.60143e+36	1.39557e+02
4.27355e-03	2.89575e+22	1.20788e+07	1.49442e+36	1.39557e+02
4.37322e-03	2.70223e+22	1.20788e+07	1.39455e+36	1.39557e+02
4.47521e-03	2.52165e+22	1.20788e+07	1.30136e+36	1.39557e+02
4.57958e-03	2.35314e+22	1.20788e+07	1.21440e+36	1.39557e+02
4.68639e-03	2.19589e+22	1.20788e+07	1.13325e+36	1.39557e+02
4.79569e-03	2.04915e+22	1.20788e+07	1.05753e+36	1.39557e+02
4.90754e-03	1.91221e+22	1.20788e+07	9.86861e+35	1.39557e+02
5.02199e-03	1.78442e+22	1.20788e+07	9.20918e+35	1.39557e+02
5.13912e-03	1.66518e+22	1.20788e+07	8.59380e+35	1.39557e+02
5.25898e-03	1.55390e+22	1.20788e+07	8.01956e+35	1.39557e+02
5.38163e-03	1.45006e+22	1.20788e+07	7.48368e+35	1.39557e+02
5.50714e-03	1.35316e+22	1.20788e+07	6.98362e+35	1.39557e+02
5.63558e-03	1.26273e+22	1.20788e+07	6.51698e+35	1.39557e+02
5.76702e-03	1.17835e+22	1.20788e+07	6.08152e+35	1.39557e+02
5.90152e-03	1.09960e+22	1.20788e+07	5.67516e+35	1.39557e+02
6.03916e-03	1.02612e+22	1.20788e+07	5.29595e+35	1.39557e+02
6.18000e-03	9.57547e+21	1.20788e+07	4.94209e+35	1.39557e+02
6.32414e-03	8.93557e+21	1.20788e+07	4.61187e+35	1.39557e+02
6.47163e-03	8.33844e+21	1.20788e+07	4.30372e+35	1.39557e+02
6.62257e-03	7.78121e+21	1.20788e+07	4.01616e+35	1.39557e+02
6.77702e-03	7.26122e+21	1.20788e+07	3.74782e+35	1.39557e+02
6.93508e-03	6.77598e+21	1.20788e+07	3.49742e+35	1.39557e+02
7.09682e-03	6.32317e+21	1.20788e+07	3.26374e+35	1.39557e+02
7.26234e-03	5.90061e+21	1.20788e+07	3.04568e+35	1.39557e+02
7.43171e-03	5.50630e+21	1.20788e+07	2.84220e+35	1.39557e+02
7.60504e-03	5.13833e+21	1.20788e+07	2.65231e+35	1.39557e+02
7.78241e-03	4.79495e+21	1.20788e+07	2.47511e+35	1.39557e+02
7.96391e-03	4.47452e+21	1.20788e+07	2.30975e+35	1.39557e+02
8.14965e-03	4.17551e+21	1.20788e+07	2.15544e+35	1.39557e+02
8.33972e-03	3.89647e+21	1.20788e+07	2.01145e+35	1.39557e+02
8.53422e-03	3.63609e+21	1.20788e+07	1.87708e+35	1.39557e+02
8.73326e-03	3.39310e+21	1.20788e+07	1.75168e+35	1.39557e+02
8.93694e-03	3.16635e+21	1.20788e+07	1.63467e+35	1.39557e+02
9.14537e-03	2.95476e+21	1.20788e+07	1.52548e+35	1.39557e+02
9.35867e-03	2.75730e+21	1.20788e+07	1.42358e+35	1.39557e+02
9.57693e-03	2.57304e+21	1.20788e+07	1.32849e+35	1.39557e+02
9.80029e-03	2.40109e+21	1.20788e+07	1.23976e+35	1.39557e+02
1.00289e-02	2.24064e+21	1.20788e+07	1.15696e+35	1.39557e+02
1.02628e-02	2.09090e+21	1.20788e+07	1.07969e+35	1.39557e+02
1.05021e-02	1.95118e+21	1.20788e+07	1.00758e+35	1.39557e+02
1.07470e-02	1.82079e+21	1.20788e+07	9.40292e+34	1.39557e+02
1.09977e-02	1.69911e+21	1.20788e+07	8.77501e+34	1.39557e+02
1.12542e-02	1.58556e+21	1.20788e+07	8.18906e+34	1.39557e+02
1.15167e-02	1.47961e+21	1.20788e+07	7.64227e+34	1.39557e+02
1.17853e-02	1.38073e+21	1.20788e+07	7.13202e+34	1.39557e+02
1.20601e-02	1.28846e+21	1.20788e+07	6.65586e+34	1.39557e+02
1.23414e-02	1.20236e+21	1.20788e+07	6.21153e+34	1.39557e+02
1.26292e-02	1.12201e+21	1.20788e+07	5.79689e+34	1.39557e+02
1.29238e-02	1.04703e+21	1.20788e+07	5.40996e+34	1.39557e+02
1.32252e-02	9.77059e+20	1.20788e+07	5.04888e+34	1.39557e+02
1.35336e-02	9.11766e+20	1.20788e+07	4.71193e+34	1.39557e+02
1.38493e-02	8.50836e+20	1.20788e+07	4.39751e+34	1.39557e+02
1.41723e-02	7.93978e+20	1.20788e+07	4.10409e+34	1.39557e+02
1.45028e-02	7.40919e+20	1.20788e+07	3.83028e+34	1.39557e+02
1.48410e-02	6.91406e+20	1.20788e+07	3.57477e+34	1.39557e+02
1.51872e-02	6.45202e+20	1.20788e+07	3.33633e+34	1.39557e+02
1.55414e-02	6.02085e+20	1.20788e+07	3.11383e+34	1.39557e+02
1.59038e-02	5.61850e+20	1.20788e+07	2.90620e+34	1.39557e+02
1.62748e-02	5.24304e+20	1.20788e+07	2.71244e+34	1.39557e+02
1.66543e-02	4.89266e+20	1.20788e+07	2.53163e+34	1.39557e+02
1.70427e-02	4.56570e+20	1.20788e+07	2.36290e+34	1.39557e+02
1.74402e-02	4.26060e+20	1.20788e+07	2.20545e+34	1.39557e+02
1.78470e-02	3.97588e+20	1.20788e+07	2.05852e+34	1.39557e+02
1.82632e-02	3.71018e+20	1.20788e+07	1.92141e+34	1.39557e+02
1.86891e-02	3.46224e+20	1.20788e+07	1.79346e+34	1.39557e+02
1.91250e-02	3.23087e+20	1.20788e+07	1.67407e+34	1.39557e+02
1.95711e-02	3.01497e+20	1.20788e+07	1.56265e+34	1.39557e+02
2.00275e-02	2.81349e+20	1.20788e+07	1.45867e+34	1.39557e+02
2.04946e-02	2.62547e+20	1.20788e+07	1.36165e+34	1.39557e+02
2.09726e-02	2.45002e+20	1.20788e+07	1.27111e+34	1.39557e+02
2.14617e-02	2.28630e+20	1.20788e+07	1.18662e+34	1.39556e+02
2.19623e-02	2.13351e+20	1.20788e+07	1.10777e+34	1.39556e+02
2.24745e-02	1.99094e+20	1.20788e+07	1.03420e+34	1.39556e+02
2.29986e-02	1.85789e+20	1.20788e+07	9.65538e+33	1.39556e+02
2.35350e-02	1.73373e+20	1.20788e+07	9.01468e+33	1.39556e+02
2.40839e-02	1.61787e+20	1.20788e+07	8.41679e+33	1.39556e+02
2.46456e-02	1.50976e+20	1.20788e+07	7.85885e+33	1.39556e+02
2.52204e-02	1.40887e+20	1.20788e+07	7.33820e+33	1.39556e+02
2.58086e-02	1.31472e+20	1.20788e+07	6.85234e+33	1.39556e+02
2.64105e-02	1.22686e+20	1.20788e+07	6.39895e+33	1.39556e+02
2.70265e-02	1.14487e+20	1.20788e+07	5.97586e+33	1.39556e+02
2.76568e-02	1.06836e+20	1.20788e+07	5.58105e+33	1.39556e+02
2.83018e-02	9.96969e+19	1.20787e+07	5.21261e+33	1.39556e+02
2.89619e-02	9.30345e+19	1.20787e+07	4.86880e+33	1.39556e+02
2.96374e-02	8.68174e+19	1.20787e+07	4.54797e+33	1.39556e+02
3.03286e-02	8.10157e+19	1.20787e+07	4.24857e+33	1.39556e+02
3.10359e-02	7.56017e+19	1.20787e+07	3.96918e+33	1.39556e+02
3.17598e-02	7.05495e+19	1.20787e+07	3.70847e+33	1.39556e+02
3.25005e-02	6.58350e+19	1.20787e+07	3.46517e+33	1.39556e+02
3.32585e-02	6.14354e+19	1.20787e+07	3.23813e+33	1.39556e+02
3.40341e-02	5.73299e+19	1.20787e+07	3.02627e+33	1.39556e+02
3.48279e-02	5.34988e+19	1.20787e+07	2.82856e+33	1.39556e+02
3.56402e-02	4.99237e+19	1.20787e+07	2.64407e+33	1.39556e+02
3.64714e-02	4.65874e+19	1.20787e+07	2.47190e+33	1.39556e+02
3.73220e-02	4.34742e+19	1.20787e+07	2.31124e+33	1.39556e+02
3.81924e-02	4.05689e+19	1.20787e+07	2.16132e+33	1.39556e+02
3.90832e-02	3.78579e+19	1.20787e+07	2.02142e+33	1.39556e+02
3.99947e-02	3.53280e+19	1.20787e+07	1.89086e+33	1.39556e+02
4.09275e-02	3.29671e+19	1.20787e+07	1.76903e+33	1.39556e+02
4.18820e-02	3.07641e+19	1.20787e+07	1.65534e+33	1.39556e+02
4.28588e-02	2.87082e+19	1.20787e+07	1.54925e+33	1.39556e+02
4.38584e-02	2.67897e+19	1.20786e+07	1.45025e+33	1.39556e+02
4.48813e-02	2.49995e+19	1.20786e+07	1.35786e+33	1.39556e+02
4.59280e-02	2.33289e+19	1.20786e+07	1.27165e+33	1.39556e+02
4.69992e-02	2.17699e+19	1.20786e+07	1.19120e+33	1.39556e+02
4.80953e-02	2.03151e+19	1.20786e+07	1.11612e+33	1.39556e+02
4.92170e-02	1.89575e+19	1.20786e+07	1.04606e+33	1.39556e+02
5.03649e-02	1.76906e+19	1.20786e+07	9.80686e+32	1.39556e+02
5.15395e-02	1.65084e+19	1.20786e+07	9.19679e+32	1.39556e+02
5.27415e-02	1.54052e+19	1.20786e+07	8.62748e+32	1.39556e+02
5.39716e-02	1.43758e+19	1.20786e+07	8.09622e+32	1.39556e+02
5.52303e-02	1.34151e+19	1.20785e+07	7.60046e+32	1.39556e+02
5.65184e-02	1.25186e+19	1.20785e+07	7.13783e+32	1.39556e+02
5.78366e-02	1.16820e+19	1.20785e+07	6.70612e+32	1.39555e+02
5.91855e-02	1.09014e+19	1.20785e+07	6.30326e+32	1.39555e+02
6.05658e-02	1.01729e+19	1.20785e+07	5.92731e+32	1.39555e+02
6.19784e-02	9.49304e+18	1.20785e+07	5.57649e+32	1.39555e+02
6.34239e-02	8.85865e+18	1.20785e+07	5.24912e+32	1.39555e+02
6.49031e-02	8.26666e+18	1.20784e+07	4.94362e+32	1.39555e+02
6.64168e-02	7.71423e+18	1.20784e+07	4.65854e+32	1.39555e+02
6.79658e-02	7.19872e+18	1.20784e+07	4.39251e+32	1.39555e+02
6.95509e-02	6.71765e+18	1.20784e+07	4.14425e+32	1.39555e+02
7.11730e-02	6.26874e+18	1.20784e+07	3.91259e+32	1.39555e+02
7.28330e-02	5.84982e+18	1.20783e+07	3.69641e+32	1.39555e+02
7.45316e-02	5.45890e+18	1.20783e+07	3.49467e+32	1.39555e+02
7.62699e-02	5.09410e+18	1.20783e+07	3.30641e+32	1.39555e+02
7.80487e-02	4.75368e+18	1.20783e+07	3.13074e+32	1.39555e+02
7.98689e-02	4.43601e+18	1.20782e+07	2.96680e+32	1.39554e+02
8.17317e-02	4.13957e+18	1.20782e+07	2.81382e+32	1.39554e+02
8.36379e-02	3.86293e+18	1.20782e+07	2.67106e+32	1.39554e+02
8.55885e-02	3.60479e+18	1.20782e+07	2.53785e+32	1.39554e+02
8.75847e-02	3.36389e+18	1.20781e+07	2.41353e+32	1.39554e+02
8.96273e-02	3.13910e+18	1.20781e+07	2.29752e+32	1.39554e+02
9.17177e-02	2.92932e+18	1.20781e+07	2.18926e+32	1.39554e+02
9.38568e-02	2.73357e+18	1.20780e+07	2.08824e+32	1.39554e+02
9.60457e-02	2.55089e+18	1.20780e+07	1.99397e+32	1.39553e+02
9.82858e-02	2.38043e+18	1.20780e+07	1.90600e+32	1.39553e+02
1.00578e-01	2.22135e+18	1.20779e+07	1.82390e+32	1.39553e+02
1.02924e-01	2.07291e+18	1.20779e+07	1.74730e+32	1.39553e+02
1.05324e-01	1.93438e+18	1.20778e+07	1.67581e+32	1.39553e+02
1.07781e-01	1.80511e+18	1.20778e+07	1.60910e+32	1.39553e+02
1.10294e-01	1.68448e+18	1.20777e+07	1.54684e+32	1.39552e+02
1.12867e-01	1.57192e+18	1.20777e+07	1.48875e+32	1.39552e+02
1.15499e-01	1.46687e+18	1.20776e+07	1.43453e+32	1.39552e+02
1.18193e-01	1.36885e+18	1.20776e+07	1.38394e+32	1.39552e+02
1.20949e-01	1.27737e+18	1.20775e+07	1.33673e+32	1.39552e+02
1.23770e-01	1.19201e+18	1.20774e+07	1.29268e+32	1.39551e+02
1.26657e-01	1.11235e+18	1.20774e+07	1.25157e+32	1.39551e+02
1.29611e-01	1.03802e+18	1.20773e+07	1.21320e+32	1.39551e+02
1.32634e-01	9.68651e+17	1.20772e+07	1.17740e+32	1.39551e+02
1.35727e-01	9.03919e+17	1.20772e+07	1.14399e+32	1.39550e+02
1.38892e-01	8.43514e+17	1.20771e+07	1.11281e+32	1.39550e+02
1.42132e-01	7.87145e+17	1.20770e+07	1.08372e+32	1.39550e+02
1.45447e-01	7.34543e+17	1.20769e+07	1.05657e+32	1.39549e+02
1.48839e-01	6.85456e+17	1.20768e+07	1.03123e+32	1.39549e+02
1.52310e-01	6.39650e+17	1.20767e+07	1.00758e+32	1.39549e+02
1.55862e-01	5.96905e+17	1.20766e+07	9.85516e+31	1.39548e+02
1.59497e-01	5.57016e+17	1.20765e+07	9.64924e+31	1.39548e+02
1.63217e-01	5.19793e+17	1.20764e+07	9.45707e+31	1.39547e+02
1.67024e-01	4.85057e+17	1.20763e+07	9.27773e+31	1.39547e+02
1.70919e-01	4.52642e+17	1.20762e+07	9.11037e+31	1.39547e+02
1.74906e-01	4.22394e+17	1.20761e+07	8.95418e+31	1.39546e+02
1.78985e-01	3.94167e+17	1.20760e+07	8.80842e+31	1.39546e+02
1.83159e-01	3.67827e+17	1.20758e+07	8.67239e+31	1.39545e+02
1.87431e-01	3.43246e+17	1.20757e+07	8.54543e+31	1.39544e+02
1.91802e-01	3.20308e+17	1.20755e+07	8.42695e+31	1.39544e+02
1.96275e-01	2.98904e+17	1.20754e+07	8.31638e+31	1.39543e+02
2.00853e-01	2.78929e+17	1.20752e+07	8.21318e+31	1.39543e+02
2.05538e-01	2.60289e+17	1.20750e+07	8.11686e+31	1.39542e+02
2.10331e-01	2.42895e+17	1.20749e+07	8.02696e+31	1.39541e+02
2.15237e-01	2.26664e+17	1.20747e+07	7.94306e+31	1.39541e+02
2.20256e-01	2.11517e+17	1.20745e+07	7.86475e+31	1.39540e+02
2.25393e-01	1.97382e+17	1.20743e+07	7.79165e+31	1.39539e+02
2.30650e-01	1.84192e+17	1.20741e+07	7.72342e+31	1.39538e+02
2.36029e-01	1.71883e+17	1.20738e+07	7.65974e+31	1.39537e+02
2.41534e-01	1.60397e+17	1.20736e+07	7.60029e+31	1.39536e+02
2.47167e-01	1.49695e+17	5.86394e+07	5.64775e+32	2.36658e+02
2.52932e-01	1.39692e+17	5.86393e+07	5.64257e+32	2.36658e+02
2.58831e-01	1.30358e+17	5.86392e+07	5.63774e+32	2.36658e+02
2.64868e-01	1.21648e+17	5.86390e+07	5.63322e+32	2.36657e+02
2.71045e-01	1.13520e+17	5.86389e+07	5.62901e+32	2.36657e+02
2.77366e-01	1.05935e+17	5.86387e+07	5.62507e+32	2.36657e+02
2.83835e-01	9.88573e+16	5.86385e+07	5.62140e+32	2.36657e+02
2.90455e-01	9.22522e+16	5.86383e+07	5.61797e+32	2.36656e+02
2.97229e-01	8.60886e+16	5.86382e+07	5.61476e+32	2.36656e+02
3.04161e-01	8.03368e+16	5.86380e+07	5.61177e+32	2.36656e+02
3.11255e-01	7.49694e+16	5.86378e+07	5.60897e+32	2.36656e+02
3.18514e-01	6.99607e+16	5.86375e+07	5.60636e+32	2.36655e+02
3.25943e-01	6.52868e+16	5.86373e+07	5.60392e+32	2.36655e+02
3.33545e-01	6.09251e+16	5.86371e+07	5.60164e+32	2.36655e+02
3.41324e-01	5.68550e+16	5.86368e+07	5.59951e+32	2.36654e+02
3.49284e-01	5.30568e+16	5.86366e+07	5.59752e+32	2.36654e+02
3.57430e-01	4.95124e+16	5.86363e+07	5.59565e+32	2.36654e+02
3.65767e-01	4.62049e+16	5.86360e+07	5.59391e+32	2.36653e+02
3.74297e-01	4.31185e+16	5.86357e+07	5.59228e+32	2.36653e+02
3.83027e-01	4.02383e+16	5.86354e+07	5.59075e+32	2.36652e+02
3.91960e-01	3.75505e+16	5.86351e+07	5.58932e+32	2.36652e+02
4.01101e-01	3.50424e+16	5.86347e+07	5.58799e+32	2.36652e+02
4.10456e-01	3.27019e+16	5.86344e+07	5.58673e+32	2.36651e+02
4.20029e-01	3.05178e+16	5.86340e+07	5.58556e+32	2.36651e+02
4.29825e-01	2.84796e+16	5.86336e+07	5.58446e+32	2.36650e+02
4.39850e-01	2.65777e+16	5.86332e+07	5.58342e+32	2.36649e+02
4.50108e-01	2.48028e+16	5.86328e+07	5.58245e+32	2.36649e+02
4.60606e-01	2.31466e+16	5.86323e+07	5.58154e+32	2.36648e+02
4.71348e-01	2.16010e+16	5.86318e+07	5.58068e+32	2.36648e+02
4.82341e-01	2.01587e+16	5.86313e+07	5.57988e+32	2.36647e+02
4.93590e-01	1.88128e+16	5.86308e+07	5.57912e+32	2.36646e+02
5.05102e-01	1.75569e+16	5.86303e+07	5.57840e+32	2.36646e+02
5.16882e-01	1.63848e+16	5.86297e+07	5.57772e+32	2.36645e+02
5.28937e-01	1.52911e+16	5.86291e+07	5.57708e+32	2.36644e+02
5.41274e-01	1.42705e+16	5.86285e+07	5.57648e+32	2.36643e+02
5.53897e-01	1.33181e+16	5.86278e+07	5.57590e+32	2.36642e+02
5.66816e-01	1.24294e+16	5.86272e+07	5.57536e+32	2.36641e+02
5.80035e-01	1.16000e+16	5.86264e+07	5.57484e+32	2.36640e+02
5.93563e-01	1.08260e+16	5.86257e+07	5.57435e+32	2.36639e+02
6.07406e-01	1.01038e+16	5.86249e+07	5.57387e+32	2.36638e+02
6.21573e-01	9.42985e+15	5.86241e+07	5.57342e+32	2.36637e+02
6.36069e-01	8.80093e+15	5.86232e+07	5.57299e+32	2.36636e+02
6.50904e-01	8.21403e+15	5.86223e+07	5.57257e+32	2.36635e+02
6.66085e-01	7.66636e+15	5.86214e+07	5.57217e+32	2.36634e+02
6.81619e-01	7.15528e+15	5.86204e+07	5.57178e+32	2.36632e+02
6.97516e-01	6.67836e+15	5.86194e+07	5.57140e+32	2.36631e+02
7.13784e-01	6.23330e+15	5.86183e+07	5.57104e+32	2.36629e+02
7.30431e-01	5.81799e+15	5.86171e+07	5.57068e+32	2.36628e+02
7.47467e-01	5.43349e+15	6.57315e+07	6.48923e+32	2.45858e+02
7.64900e-01	5.07184e+15	6.57310e+07	6.48899e+32	2.45857e+02
7.82739e-01	4.73435e+15	6.57306e+07	6.48875e+32	2.45857e+02
8.00995e-01	4.41941e+15	6.57301e+07	6.48853e+32	2.45856e+02
8.19676e-01	4.12552e+15	6.57296e+07	6.48831e+32	2.45855e+02
8.38793e-01	3.85127e+15	6.57291e+07	6.48810e+32	2.45855e+02
8.58355e-01	3.59534e+15	6.57285e+07	6.48790e+32	2.45854e+02
8.78374e-01	3.35652e+15	6.57280e+07	6.48770e+32	2.45853e+02
8.98860e-01	3.13366e+15	6.57274e+07	6.48751e+32	2.45853e+02
9.19824e-01	2.92569e+15	6.57267e+07	6.48732e+32	2.45852e+02
9.41276e-01	2.73162e+15	6.57261e+07	6.48713e+32	2.45851e+02
9.63229e-01	2.55052e+15	6.57254e+07	6.48695e+32	2.45850e+02
9.85694e-01	2.38152e+15	6.57247e+07	6.48676e+32	2.45849e+02
1.00868e+00	2.22381e+15	6.57239e+07	6.48658e+32	2.45848e+02
1.03221e+00	2.07665e+15	6.57231e+07	6.48640e+32	2.45847e+02
1.05628e+00	1.93931e+15	6.57223e+07	6.48622e+32	2.45846e+02
1.08092e+00	1.81116e+15	6.57214e+07	6.48604e+32	2.45845e+02
1.10613e+00	1.69157e+15	6.57205e+07	6.48586e+32	2.45844e+02
1.13192e+00	1.57997e+15	6.57196e+07	6.48568e+32	2.45843e+02
1.15832e+00	1.47583e+15	6.57186e+07	6.48549e+32	2.45842e+02
1.18534e+00	1.37865e+15	6.57175e+07	6.48531e+32	2.45840e+02
1.21298e+00	1.28796e+15	6.57164e+07	6.48512e+32	2.45839e+02
1.24127e+00	1.20333e+15	6.57153e+07	6.48492e+32	2.45837e+02
1.27022e+00	1.12436e+15	6.57141e+07	6.48472e+32	2.45836e+02
1.29985e+00	1.05066e+15	6.57128e+07	6.48452e+32	2.45834e+02
1.33016e+00	9.81894e+14	6.57115e+07	6.48431e+32	2.45833e+02
1.36119e+00	9.18727e+14	6.80053e+07	6.78780e+32	2.48666e+02
1.39293e+00	8.58842e+14	6.80048e+07	6.78770e+32	2.48666e+02
1.42542e+00	8.02958e+14	6.80043e+07	6.78760e+32	2.48665e+02
1.45866e+00	7.50809e+14	6.80038e+07	6.78751e+32	2.48665e+02
1.49268e+00	7.02144e+14	6.80032e+07	6.78741e+32	2.48664e+02
1.52750e+00	6.56732e+14	6.80027e+07	6.78731e+32	2.48663e+02
1.56312e+00	6.14355e+14	6.80020e+07	6.78720e+32	2.48662e+02
1.59958e+00	5.74809e+14	6.80014e+07	6.78710e+32	2.48662e+02
1.63688e+00	5.37906e+14	6.80007e+07	6.78699e+32	2.48661e+02
1.67506e+00	5.03469e+14	6.80000e+07	6.78688e+32	2.48660e+02
1.71413e+00	4.71333e+14	6.79993e+07	6.78677e+32	2.48659e+02
1.75410e+00	4.41345e+14	6.79985e+07	6.78665e+32	2.48658e+02
1.79501e+00	4.13361e+14	6.79977e+07	6.78653e+32	2.48657e+02
1.83688e+00	3.87247e+14	6.79969e+07	6.78640e+32	2.48656e+02
1.87972e+00	3.62878e+14	6.79960e+07	6.78627e+32	2.48655e+02
1.92356e+00	3.40137e+14	6.79951e+07	6.78614e+32	2.48654e+02
1.96842e+00	3.18917e+14	6.79941e+07	6.78600e+32	2.48653e+02
2.01433e+00	2.99114e+14	6.79931e+07	6.78585e+32	2.48651e+02
2.06131e+00	2.80634e+14	6.79920e+07	6.78570e+32	2.48650e+02
2.10938e+00	2.63390e+14	6.79909e+07	6.78554e+32	2.48649e+02
2.15858e+00	2.39920e+14	5.04306e+07	4.55594e+32	2.25030e+02
2.20892e+00	2.23606e+14	4.71502e+07	4.16515e+32	2.20030e+02
2.26044e+00	2.08420e+14	4.41222e+07	3.81237e+32	2.15204e+02
2.31316e+00	1.94269e+14	4.12890e+07	3.48952e+32	2.10484e+02
2.36711e+00	1.81082e+14	3.86381e+07	3.19405e+32	2.05869e+02
2.42231e+00	1.68794e+14	3.61576e+07	2.92361e+32	2.01354e+02
2.47881e+00	1.57343e+14	3.38365e+07	2.67609e+32	1.96939e+02
2.53662e+00	1.46671e+14	3.16644e+07	2.44953e+32	1.92620e+02
2.59578e+00	1.36726e+14	2.96318e+07	2.24215e+32	1.88396e+02
2.65632e+00	1.27457e+14	2.77295e+07	2.05231e+32	1.84264e+02
2.71827e+00	1.18818e+14	2.59492e+07	1.87854e+32	1.80222e+02
2.78167e+00	1.10767e+14	2.42831e+07	1.71946e+32	1.76268e+02
2.84654e+00	1.03263e+14	2.27237e+07	1.57383e+32	1.72400e+02
2.91293e+00	9.62688e+13	2.12642e+07	1.44052e+32	1.68616e+02
2.98087e+00	8.97498e+13	1.98982e+07	1.31847e+32	1.64913e+02
3.05039e+00	8.36735e+13	1.86196e+07	1.20674e+32	1.61292e+02
3.12153e+00	7.80098e+13	1.74229e+07	1.10445e+32	1.57748e+02
3.19434e+00	7.27305e+13	1.63028e+07	1.01081e+32	1.54281e+02
3.26883e+00	6.78095e+13	1.52543e+07	9.25078e+31	1.50889e+02
3.34507e+00	6.32223e+13	1.42730e+07	8.46592e+31	1.47571e+02
3.42309e+00	5.89462e+13	1.33544e+07	7.74739e+31	1.44323e+02
3.50292e+00	5.49601e+13	1.24947e+07	7.08960e+31	1.41146e+02
3.58462e+00	5.12443e+13	1.16899e+07	6.48740e+31	1.38037e+02
3.66822e+00	4.77803e+13	1.09367e+07	5.93613e+31	1.34995e+02
3.75377e+00	4.45510e+13	1.02317e+07	5.43147e+31	1.32018e+02
3.84132e+00	4.15405e+13	9.57178e+06	4.96949e+31	1.29106e+02
3.93091e+00	3.87340e+13	8.95415e+06	4.54661e+31	1.26256e+02
4.02259e+00	3.61175e+13	8.37607e+06	4.15951e+31	1.23467e+02
4.11641e+00	3.36781e+13	7.83503e+06	3.80519e+31	1.20738e+02
4.21241e+00	3.14039e+13	7.32866e+06	3.48087e+31	1.18067e+02
4.31065e+00	2.92836e+13	6.85475e+06	3.18403e+31	1.15454e+02
4.41119e+00	2.73068e+13	6.41123e+06	2.91235e+31	1.12897e+02
4.51407e+00	2.54637e+13	5.99617e+06	2.66371e+31	1.10395e+02
4.61935e+00	2.37453e+13	5.60775e+06	2.43616e+31	1.07947e+02
4.72708e+00	2.21431e+13	5.24427e+06	2.22793e+31	1.05551e+02
4.83733e+00	2.06492e+13	4.90414e+06	2.03738e+31	1.03207e+02
4.95015e+00	1.92563e+13	4.58587e+06	1.86302e+31	1.00913e+02
5.06560e+00	1.79576e+13	4.28807e+06	1.70348e+31	9.86680e+01
5.18374e+00	1.67467e+13	4.00944e+06	1.55752e+31	9.64716e+01
5.30464e+00	1.56175e+13	3.74874e+06	1.42398e+31	9.43225e+01
5.42836e+00	1.45647e+13	3.50485e+06	1.30181e+31	9.22196e+01
5.55496e+00	1.35830e+13	3.27667e+06	1.19005e+31	9.01620e+01
5.68451e+00	1.26676e+13	3.06321e+06	1.08782e+31	8.81487e+01
5.81709e+00	1.18139e+13	2.86354e+06	9.94317e+30	8.61789e+01
5.95276e+00	1.10180e+13	2.67676e+06	9.08795e+30	8.42516e+01
6.09159e+00	1.02757e+13	2.50205e+06	8.30581e+30	8.23659e+01
6.23366e+00	9.58358e+12	2.33864e+06	7.59053e+30	8.05210e+01
6.37905e+00	8.93814e+12	2.18581e+06	6.93645e+30	7.87160e+01
6.52782e+00	8.33626e+12	2.04288e+06	6.33837e+30	7.69501e+01
6.68007e+00	7.77497e+12	1.90921e+06	5.79152e+30	7.52225e+01
6.83587e+00	7.25155e+12	1.78422e+06	5.29155e+30	7.35324e+01
6.99529e+00	6.76343e+12	1.66733e+06	4.83447e+30	7.18790e+01
7.15844e+00	6.30822e+12	1.55804e+06	4.41664e+30	7.02615e+01
7.32539e+00	5.88370e+12	1.45586e+06	4.03469e+30	6.86792e+01
7.49624e+00	5.48780e+12	1.36032e+06	3.68557e+30	6.71314e+01
7.67107e+00	5.11859e+12	1.27100e+06	3.36649e+30	6.56174e+01
7.84998e+00	4.77426e+12	1.18750e+06	3.07487e+30	6.41364e+01
8.03306e+00	4.45313e+12	1.10944e+06	2.80837e+30	6.26878e+01
8.22041e+00	4.15364e+12	1.03647e+06	2.56484e+30	6.12708e+01
8.41213e+00	3.87432e+12	9.68269e+05	2.34231e+30	5.98849e+01
8.60832e+00	3.61382e+12	9.04522e+05	2.13898e+30	5.85294e+01
8.80909e+00	3.37086e+12	8.44941e+05	1.95321e+30	5.72036e+01
9.01454e+00	3.14426e+12	7.89258e+05	1.78350e+30	5.59070e+01
9.22478e+00	2.93291e+12	7.37220e+05	1.62845e+30	5.46389e+01
9.43993e+00	2.73580e+12	6.88590e+05	1.48682e+30	5.33986e+01
9.66009e+00	2.55195e+12	6.43147e+05	1.35745e+30	5.21858e+01
9.88539e+00	2.38048e+12	6.00684e+05	1.23929e+30	5.09996e+01
1.01159e+01	2.22054e+12	5.61007e+05	1.13136e+30	4.98397e+01
1.03519e+01	2.07137e+12	5.23936e+05	1.03279e+30	4.87054e+01
1.05933e+01	1.93223e+12	4.89300e+05	9.42773e+29	4.75962e+01
1.08404e+01	1.80245e+12	4.56941e+05	8.60569e+29	4.65115e+01
1.10932e+01	1.68140e+12	4.26710e+05	7.85503e+29	4.54509e+01
1.13519e+01	1.56849e+12	3.98469e+05	7.16960e+29	4.44138e+01
1.16167e+01	1.46317e+12	3.72087e+05	6.54375e+29	4.33998e+01
1.18876e+01	1.36494e+12	3.47443e+05	5.97233e+29	4.24082e+01
1.21648e+01	1.27331e+12	3.24423e+05	5.45063e+29	4.14388e+01
1.24486e+01	1.18783e+12	3.02922e+05	4.97435e+29	4.04909e+01
1.27389e+01	1.10811e+12	2.82838e+05	4.53954e+29	3.95641e+01
1.30360e+01	1.03374e+12	2.64081e+05	4.14262e+29	3.86580e+01
1.33400e+01	9.64365e+11	2.46562e+05	3.78029e+29	3.77721e+01
1.36511e+01	8.99654e+11	2.30201e+05	3.44955e+29	3.69060e+01
1.39695e+01	8.39291e+11	2.14921e+05	3.14767e+29	3.60593e+01
1.42953e+01	7.82982e+11	2.00651e+05	2.87213e+29	3.52315e+01
1.46287e+01	7.30456e+11	1.87325e+05	2.62064e+29	3.44222e+01
1.49699e+01	6.81457e+11	1.74881e+05	2.39111e+29	3.36311e+01
1.53190e+01	6.35749e+11	1.63261e+05	2.18164e+29	3.28576e+01
1.56763e+01	5.93110e+11	1.52410e+05	1.99047e+29	3.21015e+01
1.60419e+01	5.53333e+11	1.42278e+05	1.81601e+29	3.13624e+01
1.64161e+01	5.16228e+11	1.32818e+05	1.65680e+29	3.06399e+01
1.67989e+01	4.81613e+11	1.23984e+05	1.51153e+29	2.99336e+01
1.71907e+01	4.49321e+11	1.15737e+05	1.37896e+29	2.92432e+01
1.75917e+01	4.19197e+11	1.08036e+05	1.25799e+29	2.85683e+01
1.80019e+01	3.91094e+11	1.00847e+05	1.14761e+29	2.79086e+01
1.84218e+01	3.64877e+11	9.41345e+04	1.04690e+29	2.72637e+01
1.88514e+01	3.40419e+11	8.78677e+04	9.55012e+28	2.66334e+01
1.92911e+01	3.17602e+11	8.20172e+04	8.71172e+28	2.60173e+01
1.97410e+01	2.96194e+11	7.39225e+04	7.58450e+28	2.51145e+01
2.02014e+01	2.76344e+11	6.89443e+04	6.91115e+28	2.45261e+01
2.06726e+01	2.58260e+11	7.43967e+04	7.64925e+28	2.51691e+01
2.11547e+01	2.40938e+11	6.92197e+04	6.94780e+28	2.45593e+01
2.16481e+01	2.24803e+11	6.49836e+04	6.38665e+28	2.40373e+01
2.21530e+01	2.09734e+11	6.06374e+04	5.82347e+28	2.34776e+01
2.26696e+01	1.95675e+11	5.65653e+04	5.30787e+28	2.29284e+01
2.31983e+01	1.82560e+11	5.27659e+04	4.83783e+28	2.23917e+01
2.37394e+01	1.70325e+11	4.92217e+04	4.40940e+28	2.18672e+01
2.42930e+01	1.58910e+11	4.59156e+04	4.01892e+28	2.13548e+01
2.48596e+01	1.48261e+11	4.28317e+04	3.66303e+28	2.08541e+01
2.54394e+01	1.38327e+11	3.99549e+04	3.33865e+28	2.03650e+01
2.60327e+01	1.29058e+11	3.72714e+04	3.04300e+28	1.98870e+01
2.66399e+01	1.20412e+11	3.47682e+04	2.77353e+28	1.94200e+01
2.72612e+01	1.12345e+11	3.24332e+04	2.52793e+28	1.89638e+01
2.78970e+01	1.04819e+11	3.02550e+04	2.30407e+28	1.85180e+01
2.85476e+01	9.77972e+10	2.82232e+04	2.10005e+28	1.80824e+01
2.92134e+01	9.12464e+10	2.63278e+04	1.91408e+28	1.76568e+01
2.98947e+01	8.51347e+10	2.45598e+04	1.74459e+28	1.72410e+01
3.05919e+01	7.94328e+10	2.29105e+04	1.59011e+28	1.68348e+01
3.13054e+01	7.41130e+10	2.13720e+04	1.44930e+28	1.64378e+01
3.20355e+01	6.91497e+10	1.99369e+04	1.32097e+28	1.60500e+01
3.27827e+01	6.45190e+10	1.85981e+04	1.20400e+28	1.56710e+01
3.35473e+01	6.01987e+10	1.73493e+04	1.09738e+28	1.53008e+01
3.43297e+01	5.61678e+10	1.61844e+04	1.00021e+28	1.49390e+01
3.51303e+01	5.24071e+10	1.50977e+04	9.11641e+27	1.45856e+01
3.59496e+01	4.88983e+10	1.40840e+04	8.30915e+27	1.42402e+01
3.67881e+01	4.56245e+10	1.31383e+04	7.57338e+27	1.39028e+01
3.76461e+01	4.25701e+10	1.22562e+04	6.90275e+27	1.35732e+01
3.85241e+01	3.97203e+10	1.14333e+04	6.29151e+27	1.32511e+01
3.94225e+01	3.70613e+10	1.06657e+04	5.73439e+27	1.29364e+01
4.03420e+01	3.45805e+10	9.94969e+03	5.22659e+27	1.26289e+01
4.12829e+01	3.22658e+10	9.28172e+03	4.76377e+27	1.23285e+01
4.22457e+01	3.01062e+10	8.65861e+03	4.34192e+27	1.20349e+01
4.32309e+01	2.80911e+10	8.07735e+03	3.95742e+27	1.17481e+01
4.42392e+01	2.62110e+10	7.53512e+03	3.60697e+27	1.14679e+01
4.52710e+01	2.44568e+10	7.02930e+03	3.28755e+27	1.11942e+01
4.63268e+01	2.28201e+10	6.55745e+03	2.99641e+27	1.09267e+01
4.74073e+01	2.12929e+10	6.11728e+03	2.73105e+27	1.06653e+01
4.85129e+01	1.98680e+10	5.70667e+03	2.48918e+27	1.04100e+01
4.96444e+01	1.85385e+10	5.32363e+03	2.26873e+27	1.01605e+01
5.08022e+01	1.72980e+10	4.96630e+03	2.06780e+27	9.91679e+00
5.19870e+01	1.61406e+10	4.63297e+03	1.88466e+27	9.67865e+00
5.31995e+01	1.50606e+10	4.32202e+03	1.71774e+27	9.44597e+00
5.44402e+01	1.40529e+10	4.03195e+03	1.56559e+27	9.21865e+00
5.57099e+01	1.31127e+10	3.76135e+03	1.42692e+27	8.99654e+00
5.70092e+01	1.22354e+10	3.50892e+03	1.30053e+27	8.77955e+00
5.83388e+01	1.14168e+10	3.27343e+03	1.18532e+27	8.56753e+00
5.96994e+01	1.06530e+10	3.05376e+03	1.08032e+27	8.36040e+00
6.10917e+01	9.94030e+09	2.84883e+03	9.84617e+26	8.15802e+00
6.25165e+01	9.27532e+09	2.65766e+03	8.97387e+26	7.96030e+00
6.39746e+01	8.65483e+09	2.47932e+03	8.17882e+26	7.76712e+00
6.54666e+01	8.07587e+09	2.31295e+03	7.45416e+26	7.57839e+00
6.69935e+01	7.53566e+09	2.15775e+03	6.79367e+26	7.39400e+00
6.85559e+01	7.03159e+09	2.01297e+03	6.19167e+26	7.21385e+00
7.01548e+01	6.56124e+09	1.87791e+03	5.64298e+26	7.03784e+00
7.17910e+01	6.12237e+09	1.75191e+03	5.14288e+26	6.86589e+00
7.34654e+01	5.71287e+09	1.63437e+03	4.68707e+26	6.69789e+00
7.51788e+01	5.33000e+09	1.46007e+03	4.03141e+26	6.43329e+00
7.69321e+01	4.97455e+09	1.45879e+03	4.02650e+26	6.43127e+00
7.87264e+01	4.64184e+09	1.36268e+03	3.67591e+26	6.27620e+00
8.05625e+01	4.33138e+09	1.27146e+03	3.35072e+26	6.12212e+00
8.24414e+01	4.04169e+09	1.18627e+03	3.05400e+26	5.97146e+00
8.43641e+01	3.77138e+09	1.10679e+03	2.78351e+26	5.82424e+00
8.63317e+01	3.51915e+09	1.03263e+03	2.53695e+26	5.68042e+00
8.83452e+01	3.28380e+09	9.63440e+02	2.31219e+26	5.53990e+00
9.04056e+01	3.06419e+09	8.98885e+02	2.10732e+26	5.40261e+00
9.25141e+01	2.85927e+09	8.38655e+02	1.92057e+26	5.26848e+00
9.46717e+01	2.66805e+09	7.82460e+02	1.75034e+26	5.13744e+00
9.68797e+01	2.48963e+09	7.30031e+02	1.59517e+26	5.00942e+00
9.91392e+01	2.32314e+09	6.81114e+02	1.45374e+26	4.88435e+00
1.01451e+02	2.16779e+09	6.35475e+02	1.32482e+26	4.76216e+00
1.03817e+02	2.02283e+09	5.92893e+02	1.20731e+26	4.64279e+00
1.06239e+02	1.88756e+09	5.53165e+02	1.10021e+26	4.52618e+00
1.08716e+02	1.76134e+09	5.16099e+02	1.00258e+26	4.41225e+00
1.11252e+02	1.64357e+09	4.81516e+02	9.13601e+25	4.30096e+00
1.13847e+02	1.53367e+09	4.49250e+02	8.32500e+25	4.19223e+00
1.16502e+02	1.43112e+09	4.19147e+02	7.58582e+25	4.08603e+00
1.19219e+02	1.33542e+09	3.91061e+02	6.91210e+25	3.98227e+00
1.21999e+02	1.24613e+09	3.64856e+02	6.29807e+25	3.88092e+00
1.24845e+02	1.16281e+09	3.40408e+02	5.73844e+25	3.78192e+00
1.27756e+02	1.08506e+09	3.17597e+02	5.22840e+25	3.68521e+00
1.30736e+02	1.01251e+09	2.96316e+02	4.76356e+25	3.59074e+00
1.33785e+02	9.44816e+08	2.76460e+02	4.33993e+25	3.49847e+00
1.36905e+02	8.81646e+08	2.57935e+02	3.95385e+25	3.40834e+00
1.40098e+02	8.22699e+08	2.40651e+02	3.60201e+25	3.32030e+00
1.43366e+02	7.67695e+08	2.24525e+02	3.28137e+25	3.23431e+00
1.46709e+02	7.16368e+08	2.09480e+02	2.98917e+25	3.15032e+00
1.50131e+02	6.68473e+08	1.95443e+02	2.72290e+25	3.06829e+00
1.53633e+02	6.23781e+08	1.82347e+02	2.48026e+25	2.98817e+00
1.57216e+02	5.82077e+08	1.70128e+02	2.25915e+25	2.90992e+00
1.60882e+02	5.43162e+08	1.58728e+02	2.05768e+25	2.83349e+00
1.64634e+02	5.06849e+08	1.48092e+02	1.87409e+25	2.75886e+00
1.68474e+02	4.72964e+08	1.38168e+02	1.70681e+25	2.68597e+00
1.72403e+02	4.41344e+08	1.28910e+02	1.55440e+25	2.61479e+00
1.76424e+02	4.11839e+08	1.20272e+02	1.41553e+25	2.54528e+00
1.80539e+02	3.84306e+08	1.12213e+02	1.28900e+25	2.47740e+00
1.84749e+02	3.58614e+08	1.04694e+02	1.17373e+25	2.41112e+00
1.89058e+02	3.34640e+08	9.76782e+01	1.06870e+25	2.34640e+00
1.93468e+02	3.12269e+08	9.11330e+01	9.73028e+24	2.28320e+00
1.97980e+02	2.91394e+08	8.50264e+01	8.85868e+24	2.22150e+00
2.02597e+02	2.71914e+08	7.99071e+01	8.14427e+24	2.16749e+00
2.07322e+02	2.53737e+08	7.46750e+01	7.43037e+24	2.10990e+00
2.12157e+02	2.36774e+08	6.96823e+01	6.76507e+24	2.05243e+00
2.17106e+02	2.20946e+08	6.51302e+01	6.17265e+24	1.99764e+00
2.22169e+02	2.06176e+08	6.07772e+01	5.61942e+24	1.94285e+00
2.27350e+02	1.92393e+08	5.67107e+01	5.11489e+24	1.88931e+00
2.32653e+02	1.79532e+08	5.29160e+01	4.65529e+24	1.83704e+00
2.38079e+02	1.67530e+08	4.93752e+01	4.23666e+24	1.78601e+00
2.43631e+02	1.56331e+08	4.60713e+01	3.85538e+24	1.73621e+00
2.49314e+02	1.45881e+08	4.29885e+01	3.50812e+24	1.68760e+00
2.55128e+02	1.36129e+08	4.01118e+01	3.19188e+24	1.64016e+00
2.61078e+02	1.27029e+08	3.74277e+01	2.90389e+24	1.59386e+00
2.67167e+02	1.18538e+08	3.49231e+01	2.64165e+24	1.54868e+00
2.73398e+02	1.10614e+08	3.25862e+01	2.40287e+24	1.50459e+00
2.79775e+02	1.03219e+08	3.04056e+01	2.18546e+24	1.46157e+00
2.86300e+02	9.63196e+07	2.83708e+01	1.98752e+24	1.41959e+00
2.92977e+02	8.98810e+07	2.64720e+01	1.80731e+24	1.37864e+00
2.99810e+02	8.38727e+07	2.47003e+01	1.64327e+24	1.33869e+00
3.06802e+02	7.82662e+07	2.30471e+01	1.49395e+24	1.29972e+00
3.13958e+02	7.30344e+07	2.15046e+01	1.35805e+24	1.26170e+00
3.21280e+02	6.81523e+07	2.00653e+01	1.23437e+24	1.22463e+00
3.28773e+02	6.35966e+07	1.87223e+01	1.12182e+24	1.18847e+00
3.36441e+02	5.93454e+07	1.74692e+01	1.01940e+24	1.15322e+00
3.44287e+02	5.53784e+07	1.62999e+01	9.26219e+23	1.11884e+00
3.52317e+02	5.16766e+07	1.52089e+01	8.41444e+23	1.08532e+00
3.60534e+02	4.82222e+07	1.41909e+01	7.64325e+23	1.05264e+00
3.68943e+02	4.49987e+07	1.32410e+01	6.94179e+23	1.02079e+00
3.77547e+02	4.19907e+07	1.23547e+01	6.30380e+23	9.89742e-01
3.86353e+02	3.91838e+07	1.15277e+01	5.72362e+23	9.59485e-01
3.95363e+02	3.65645e+07	1.07560e+01	5.19605e+23	9.30000e-01
4.04584e+02	3.41203e+07	1.00360e+01	4.71639e+23	9.01271e-01
4.14020e+02	3.18395e+07	9.36416e+00	4.28033e+23	8.73281e-01
4.23676e+02	2.97111e+07	8.73728e+00	3.88396e+23	8.46016e-01
4.33557e+02	2.77250e+07	8.15236e+00	3.52372e+23	8.19460e-01
4.43669e+02	2.58717e+07	7.60659e+00	3.19634e+23	7.93597e-01
4.54016e+02	2.41421e+07	7.10717e+00	2.90453e+23	7.68910e-01
4.64605e+02	2.25282e+07	6.64263e+00	2.64009e+23	7.44972e-01
4.75441e+02	2.10223e+07	6.19866e+00	2.39398e+23	7.21118e-01
4.86529e+02	1.96169e+07	5.78391e+00	2.17017e+23	6.97872e-01
4.97876e+02	1.83056e+07	5.39687e+00	1.96691e+23	6.75248e-01
5.09488e+02	1.70819e+07	5.03573e+00	1.78234e+23	6.53234e-01
5.21370e+02	1.59399e+07	4.69874e+00	1.61478e+23	6.31818e-01
5.33530e+02	1.48743e+07	4.38429e+00	1.46268e+23	6.10985e-01
5.45973e+02	1.38800e+07	4.09089e+00	1.32465e+23	5.90725e-01
5.58707e+02	1.29521e+07	3.81711e+00	1.19940e+23	5.71024e-01
5.71737e+02	1.20862e+07	3.56166e+00	1.08577e+23	5.51872e-01
5.85072e+02	1.12782e+07	3.32331e+00	9.82701e+22	5.33257e-01
5.98717e+02	1.05242e+07	3.10092e+00	8.89235e+22	5.15167e-01
6.12680e+02	9.82064e+06	2.89342e+00	8.04492e+22	4.97591e-01
6.26970e+02	9.16408e+06	2.69982e+00	7.27675e+22	4.80518e-01
6.41592e+02	8.55141e+06	2.51836e+00	6.57746e+22	4.63861e-01
6.56556e+02	7.97970e+06	2.34965e+00	5.94604e+22	4.47742e-01
6.71868e+02	7.44620e+06	2.19223e+00	5.37406e+22	4.32094e-01
6.87538e+02	6.94835e+06	2.04533e+00	4.85592e+22	4.16902e-01
7.03573e+02	6.48379e+06	1.90824e+00	4.38663e+22	4.02157e-01
7.19982e+02	6.05029e+06	1.78029e+00	3.96165e+22	3.87848e-01
7.36774e+02	5.64575e+06	1.66086e+00	3.57687e+22	3.73962e-01
7.53957e+02	5.26826e+06	1.55044e+00	3.23180e+22	3.60621e-01
7.71541e+02	4.91601e+06	1.44572e+00	2.91449e+22	3.47474e-01
7.89536e+02	4.58730e+06	1.34893e+00	2.63019e+22	3.34848e-01
8.07950e+02	4.28055e+06	1.25863e+00	2.37313e+22	3.22615e-01
8.26793e+02	3.99432e+06	1.17435e+00	2.14066e+22	3.10761e-01
8.46076e+02	3.72723e+06	1.09570e+00	1.93050e+22	2.99277e-01
8.65808e+02	3.47798e+06	1.02230e+00	1.74055e+22	2.88156e-01
8.86001e+02	3.24540e+06	9.53805e-01	1.56892e+22	2.77388e-01
9.06665e+02	3.02836e+06	8.89870e-01	1.41385e+22	2.66961e-01
9.27811e+02	2.82584e+06	8.30675e-01	1.27487e+22	2.56952e-01
9.49449e+02	2.63685e+06	7.74975e-01	1.14834e+22	2.47189e-01
9.71593e+02	2.46049e+06	7.22991e-01	1.03412e+22	2.37745e-01
9.94253e+02	2.29591e+06	6.74092e-01	9.30242e+21	2.28537e-01
1.01744e+03	2.14234e+06	6.29820e-01	8.39277e+21	2.19903e-01
1.04117e+03	1.99905e+06	5.87632e-01	7.55475e+21	2.11384e-01
1.06545e+03	1.86533e+06	5.48245e-01	6.79872e+21	2.03150e-01
1.09030e+03	1.74055e+06	5.11344e-01	6.11451e+21	1.95163e-01
1.11573e+03	1.62412e+06	4.77010e-01	5.49967e+21	1.87472e-01
1.14175e+03	1.51547e+06	4.44969e-01	4.94567e+21	1.80046e-01
1.16838e+03	1.41408e+06	4.15057e-01	4.44642e+21	1.72874e-01
1.19563e+03	1.32238e+06	3.87373e-01	4.00040e+21	1.66010e-01
1.22352e+03	1.23400e+06	3.61315e-01	3.59533e+21	1.59331e-01
1.25205e+03	1.15154e+06	3.37057e-01	3.23156e+21	1.52904e-01
1.28125e+03	1.07458e+06	3.14426e-01	2.90427e+21	1.46708e-01
1.31113e+03	1.00277e+06	2.93313e-01	2.60984e+21	1.40735e-01
1.34171e+03	9.35757e+05	2.73615e-01	2.34502e+21	1.34979e-01
1.37300e+03	8.73223e+05	2.55237e-01	2.10690e+21	1.29434e-01
1.40503e+03	8.14867e+05	2.38091e-01	1.89282e+21	1.24092e-01
1.43780e+03	7.60411e+05	2.22095e-01	1.70041e+21	1.18948e-01
1.47133e+03	7.09595e+05	2.07171e-01	1.52749e+21	1.13995e-01
1.50564e+03	6.62174e+05	1.93249e-01	1.37213e+21	1.09227e-01
1.54076e+03	6.17923e+05	1.80260e-01	1.23257e+21	1.04638e-01
1.57669e+03	5.76628e+05	1.68142e-01	1.10722e+21	1.00222e-01
1.61347e+03	5.38094e+05	1.56837e-01	9.94653e+20	9.59742e-02
1.65110e+03	5.02134e+05	1.46291e-01	8.93586e+20	9.18879e-02
1.68960e+03	4.68578e+05	1.36452e-01	8.02855e+20	8.79579e-02
1.72901e+03	4.37264e+05	1.27273e-01	7.21414e+20	8.41788e-02
1.76933e+03	4.08043e+05	1.18711e-01	6.48320e+20	8.05454e-02
1.81060e+03	3.80775e+05	1.10724e-01	5.82725e+20	7.70525e-02
1.85283e+03	3.55328e+05	1.03272e-01	5.23866e+20	7.36950e-02
1.89604e+03	3.31583e+05	9.63213e-02	4.71053e+20	7.04681e-02
1.94026e+03	3.09424e+05	8.98373e-02	4.23670e+20	6.73670e-02
1.98551e+03	2.88746e+05	8.37888e-02	3.81160e+20	6.43868e-02
2.03182e+03	2.69450e+05	7.81468e-02	3.43022e+20	6.15232e-02
2.07921e+03	2.51444e+05	7.28840e-02	3.08806e+20	5.87715e-02
2.12770e+03	2.34640e+05	6.79750e-02	2.78109e+20	5.61275e-02
2.17732e+03	2.18960e+05	6.34802e-02	2.51048e+20	5.36342e-02
2.22810e+03	2.04328e+05	5.92076e-02	2.26306e+20	5.11932e-02
2.28007e+03	1.90673e+05	5.52202e-02	2.04090e+20	4.88461e-02
2.33324e+03	1.77931e+05	5.15010e-02	1.84150e+20	4.65903e-02
2.38766e+03	1.66040e+05	4.80321e-02	1.66250e+20	4.44219e-02
2.44335e+03	1.54944e+05	4.47966e-02	1.50177e+20	4.23371e-02
2.50033e+03	1.44590e+05	4.17791e-02	1.35742e+20	4.03325e-02
2.55864e+03	1.34927e+05	3.89647e-02	1.22773e+20	3.84043e-02
2.61832e+03	1.25911e+05	3.63400e-02	1.11119e+20	3.65492e-02
2.67938e+03	1.17497e+05	3.38921e-02	1.00642e+20	3.47639e-02
2.74187e+03	1.09645e+05	3.16093e-02	9.12200e+19	3.30451e-02
2.80582e+03	1.02317e+05	2.94804e-02	8.27422e+19	3.13897e-02
2.87126e+03	9.54799e+04	2.74951e-02	7.51106e+19	2.97947e-02
2.93823e+03	8.90993e+04	2.55901e-02	6.80509e+19	2.82117e-02
3.00675e+03	8.31451e+04	2.39151e-02	6.20352e+19	2.67720e-02
3.07688e+03	7.75888e+04	2.22598e-02	5.63034e+19	2.52996e-02
3.14864e+03	7.24038e+04	2.07613e-02	5.12774e+19	2.39187e-02
3.22207e+03	6.75653e+04	1.93640e-02	4.67395e+19	2.25843e-02
3.29722e+03	6.30501e+04	1.80611e-02	4.26394e+19	2.12942e-02
3.37412e+03	5.88367e+04	1.68463e-02	3.89320e+19	2.00459e-02
3.45281e+03	5.49049e+04	1.57136e-02	3.55771e+19	1.88372e-02
3.53334e+03	5.12358e+04	1.46574e-02	3.25389e+19	1.76660e-02
3.61574e+03	4.78118e+04	1.36726e-02	2.97851e+19	1.65302e-02
3.70007e+03	4.46168e+04	1.27543e-02	2.72870e+19	1.54278e-02
3.78637e+03	4.16352e+04	1.18981e-02	2.50190e+19	1.43570e-02
3.87468e+03	3.88528e+04	9.32422e-03	1.88828e+19	1.08213e-02
3.96504e+03	3.62564e+04	8.75804e-03	1.75049e+19	9.96243e-03
4.05752e+03	3.38335e+04	8.13613e-03	1.60450e+19	8.97582e-03
4.15215e+03	3.15726e+04	9.01962e-03	1.78345e+19	1.03636e-02
4.24899e+03	2.94627e+04	8.41515e-03	1.64143e+19	9.42446e-03
4.34808e+03	2.74938e+04	7.85197e-03	1.51190e+19	8.50819e-03
4.44949e+03	2.56565e+04	7.32677e-03	1.39356e+19	7.61267e-03
4.55326e+03	2.39420e+04	6.83697e-03	1.28534e+19	6.73665e-03
4.65946e+03	2.23420e+04	6.38017e-03	1.18629e+19	5.87895e-03
4.76813e+03	2.08490e+04	5.95412e-03	1.09556e+19	5.03845e-03
4.87933e+03	1.94557e+04	5.55674e-03	1.01238e+19	4.21410e-03
4.99313e+03	1.81556e+04	5.18608e-03	9.36054e+18	3.40490e-03
5.10958e+03	1.69423e+04	4.84033e-03	8.65958e+18	2.60991e-03
5.22875e+03	1.58101e+04	4.51780e-03	8.01534e+18	1.82825e-03
5.35070e+03	1.47536e+04	4.21691e-03	7.42277e+18	1.05908e-03
5.47549e+03	1.37676e+04	3.93620e-03	6.87731e+18	3.01598e-04
5.60319e+03	1.28476e+04	3.67429e-03	6.37485e+18	-4.44920e-04
5.73387e+03	1.19890e+04	3.42992e-03	5.91167e+18	-1.18118e-03
5.86760e+03	1.11879e+04	3.20190e-03	5.48440e+18	-1.90783e-03
6.00445e+03	1.04402e+04	2.98912e-03	5.09001e+18	-2.62550e-03
6.14449e+03	9.74253e+03	2.79056e-03	4.72572e+18	-3.33476e-03
6.28779e+03	9.09147e+03	2.60525e-03	4.38904e+18	-4.03615e-03
6.43444e+03	8.48392e+03	2.43230e-03	4.07770e+18	-4.73020e-03
6.58451e+03	7.91697e+03	2.27088e-03	3.78963e+18	-5.41737e-03
6.73807e+03	7.38791e+03	2.12022e-03	3.52294e+18	-6.09813e-03
6.89522e+03	6.89420e+03	1.97958e-03	3.27593e+18	-6.77288e-03
7.05603e+03	6.43349e+03	1.84831e-03	3.04704e+18	-7.44203e-03
7.22060e+03	6.00356e+03	1.72576e-03	2.83482e+18	-8.10598e-03
7.38900e+03	5.60236e+03	1.61135e-03	2.63798e+18	-8.76506e-03
7.56133e+03	5.22798e+03	1.50454e-03	2.45534e+18	-9.41959e-03
7.73768e+03	4.87861e+03	1.40481e-03	2.28578e+18	-1.00700e-02
7.91814e+03	4.55259e+03	1.31171e-03	2.12835e+18	-1.07163e-02
8.10281e+03	4.24836e+03	1.22745e-03	1.98610e+18	-1.13387e-02
8.29179e+03	3.96446e+03	1.14628e-03	1.85018e+18	-1.19766e-02
8.48518e+03	3.69953e+03	1.07036e-03	1.72364e+18	-1.26125e-02
8.68307e+03	3.45230e+03	9.99450e-04	1.60596e+18	-1.32455e-02
8.88558e+03	3.22160e+03	9.33240e-04	1.49652e+18	-1.38757e-02
9.09282e+03	3.00631e+03	8.71416e-04	1.39471e+18	-1.45034e-02
9.30488e+03	2.80541e+03	8.13685e-04	1.29998e+18	-1.51286e-02
9.52190e+03	2.61793e+03	7.59776e-04	1.21181e+18	-1.57515e-02
9.74397e+03	2.44299e+03	7.09436e-04	1.12973e+18	-1.63724e-02
9.97122e+03	2.27973e+03	6.62428e-04	1.05331e+18	-1.69913e-02
1.02038e+04	2.12738e+03	6.18531e-04	9.82146e+17	-1.76085e-02
1.04418e+04	1.98522e+03	5.77539e-04	9.15861e+17	-1.82239e-02
1.06853e+04	1.85255e+03	5.39249e-04	8.54097e+17	-1.88380e-02
1.09345e+04	1.72875e+03	5.03524e-04	7.96594e+17	-1.94501e-02
1.11895e+04	1.61323e+03	4.70143e-04	7.42984e+17	-2.00612e-02
1.14505e+04	1.50542e+03	4.38997e-04	6.93059e+17	-2.06706e-02
1.17175e+04	1.40482e+03	4.09839e-04	6.46421e+17	-2.12803e-02
1.19908e+04	1.31094e+03	3.82657e-04	6.03012e+17	-2.18880e-02
1.22705e+04	1.22334e+03	3.57276e-04	5.62546e+17	-2.24947e-02
1.25566e+04	1.14158e+03	3.33576e-04	5.24818e+17	-2.31004e-02
1.28495e+04	1.06530e+03	3.11444e-04	4.89639e+17	-2.37052e-02
1.31492e+04	9.94106e+02	2.90778e-04	4.56833e+17	-2.43093e-02
1.34559e+04	9.27674e+02	2.71479e-04	4.26239e+17	-2.49127e-02
1.37697e+04	8.65681e+02	2.53459e-04	3.97705e+17	-2.55154e-02
1.40908e+04	8.07831e+02	2.36633e-04	3.71091e+17	-2.61175e-02
1.44194e+04	7.53846e+02	2.20921e-04	3.46267e+17	-2.67189e-02
1.47557e+04	7.03469e+02	2.06250e-04	3.23110e+17	-2.73199e-02
1.50999e+04	6.56459e+02	1.92550e-04	3.01507e+17	-2.79204e-02
1.54521e+04	6.12590e+02	1.79758e-04	2.81352e+17	-2.85205e-02
1.58124e+04	5.71653e+02	1.67793e-04	2.62520e+17	-2.91212e-02
1.61812e+04	5.33452e+02	1.56679e-04	2.45030e+17	-2.97185e-02
1.65586e+04	4.97803e+02	1.46258e-04	2.28651e+17	-3.03179e-02
1.69448e+04	4.64537e+02	1.36535e-04	2.13378e+17	-3.09165e-02
1.73400e+04	4.33493e+02	1.27458e-04	1.99128e+17	-3.15148e-02
1.77444e+04	4.04525e+02	1.18983e-04	1.85831e+17	-3.21128e-02
1.81582e+04	3.77492e+02	1.11070e-04	1.73423e+17	-3.27106e-02
1.85817e+04	3.52265e+02	1.03682e-04	1.61845e+17	-3.33082e-02
1.90151e+04	3.28725e+02	9.67846e-05	1.51041e+17	-3.39056e-02
1.94586e+04	3.06757e+02	9.03449e-05	1.40958e+17	-3.45028e-02
1.99124e+04	2.86258e+02	8.43327e-05	1.31549e+17	-3.50998e-02
2.03768e+04	2.67128e+02	7.87197e-05	1.22768e+17	-3.56968e-02
2.08521e+04	2.49277e+02	7.34794e-05	1.14573e+17	-3.62935e-02
2.13384e+04	2.32619e+02	6.85840e-05	1.06921e+17	-3.68906e-02
2.18360e+04	2.17074e+02	6.41053e-05	9.99069e+16	-3.74753e-02
2.23453e+04	2.02567e+02	5.98454e-05	9.32515e+16	-3.80704e-02
2.28665e+04	1.89031e+02	5.58514e-05	8.70164e+16	-3.86680e-02
2.33998e+04	1.76398e+02	5.21271e-05	8.12031e+16	-3.92649e-02
2.39455e+04	1.64610e+02	4.86664e-05	7.58000e+16	-3.98590e-02
2.45040e+04	1.53610e+02	4.54244e-05	7.07415e+16	-4.04550e-02
2.50755e+04	1.43345e+02	4.23975e-05	6.60199e+16	-4.10510e-02
2.56603e+04	1.33766e+02	3.95771e-05	6.16204e+16	-4.16460e-02
2.62588e+04	1.24826e+02	3.69301e-05	5.74949e+16	-4.22441e-02
2.68712e+04	1.16485e+02	3.44685e-05	5.36573e+16	-4.28400e-02
2.74979e+04	1.08701e+02	3.21709e-05	5.00761e+16	-4.34358e-02
2.81392e+04	1.01436e+02	3.00261e-05	4.67336e+16	-4.40317e-02
2.87955e+04	9.46578e+01	2.80239e-05	4.36138e+16	-4.46275e-02
2.94671e+04	8.83322e+01	2.61515e-05	4.06973e+16	-4.52246e-02
3.01543e+04	8.24293e+01	2.44021e-05	3.79732e+16	-4.58223e-02
3.08576e+04	7.69208e+01	2.27738e-05	3.54371e+16	-4.64183e-02
3.15772e+04	7.17805e+01	2.12541e-05	3.30704e+16	-4.70144e-02
3.23137e+04	6.69836e+01	1.98355e-05	3.08614e+16	-4.76105e-02
3.30673e+04	6.25074e+01	1.85113e-05	2.87997e+16	-4.82067e-02
3.38386e+04	5.83302e+01	1.72759e-05	2.68765e+16	-4.88026e-02
3.46278e+04	5.44322e+01	1.61216e-05	2.50798e+16	-4.93992e-02
3.54354e+04	5.07947e+01	1.50447e-05	2.34036e+16	-4.99956e-02
3.62618e+04	4.74003e+01	1.40394e-05	2.18391e+16	-5.05921e-02
3.71075e+04	4.42327e+01	1.31012e-05	2.03790e+16	-5.11888e-02
3.79730e+04	4.12768e+01	1.22254e-05	1.90163e+16	-5.17855e-02
3.88586e+04	3.85184e+01	1.14080e-05	1.77444e+16	-5.23823e-02
3.97649e+04	3.59444e+01	1.06450e-05	1.65574e+16	-5.29793e-02
4.06923e+04	3.35423e+01	9.93292e-06	1.54496e+16	-5.35763e-02
4.16413e+04	3.13008e+01	9.26827e-06	1.44156e+16	-5.41736e-02
4.26125e+04	2.92091e+01	8.64791e-06	1.34507e+16	-5.47709e-02
4.36063e+04	2.72572e+01	8.06891e-06	1.25501e+16	-5.53685e-02
4.46233e+04	2.54357e+01	7.52851e-06	1.17096e+16	-5.59661e-02
4.56641e+04	2.37359e+01	7.02415e-06	1.09251e+16	-5.65640e-02
4.67291e+04	2.21497e+01	6.55338e-06	1.01930e+16	-5.71621e-02
4.78189e+04	2.06695e+01	6.11391e-06	9.50960e+15	-5.77605e-02
4.89341e+04	1.92883e+01	6.11398e-06	9.43842e+15	-5.77604e-02
5.00754e+04	1.79993e+01	5.32358e-06	8.28020e+15	-5.89538e-02
5.12433e+04	1.67965e+01	5.32363e-06	8.21820e+15	-5.89537e-02
5.24384e+04	1.56740e+01	4.62928e-06	7.20129e+15	-6.01585e-02
5.36614e+04	1.46266e+01	4.62932e-06	7.14729e+15	-6.01584e-02
5.49129e+04	1.36491e+01	4.02385e-06	6.26066e+15	-6.13667e-02
5.61936e+04	1.27370e+01	4.02388e-06	6.21363e+15	-6.13666e-02
5.75042e+04	1.18858e+01	3.49663e-06	5.44157e+15	-6.25772e-02
5.88453e+04	1.10916e+01	3.49665e-06	5.40061e+15	-6.25771e-02
6.02178e+04	1.03504e+01	3.03756e-06	4.72838e+15	-6.37903e-02
6.16222e+04	9.65868e+00	3.03758e-06	4.69270e+15	-6.37903e-02
6.30594e+04	9.01322e+00	2.63789e-06	4.10745e+15	-6.50063e-02
6.45301e+04	8.41090e+00	2.63789e-06	4.07638e+15	-6.50062e-02
6.60351e+04	7.84883e+00	2.28994e-06	3.56689e+15	-6.62254e-02
6.75752e+04	7.32432e+00	2.28995e-06	3.53983e+15	-6.62254e-02
6.91512e+04	6.83486e+00	1.98707e-06	3.09634e+15	-6.74481e-02
7.07640e+04	6.37812e+00	1.98707e-06	3.07277e+15	-6.74481e-02
7.24144e+04	5.95189e+00	1.72346e-06	2.68678e+15	-6.86747e-02
7.41033e+04	5.55415e+00	1.72346e-06	2.66626e+15	-6.86747e-02
7.58315e+04	5.18299e+00	1.72350e-06	2.64715e+15	-6.86745e-02
7.76001e+04	4.83662e+00	1.37734e-06	2.15131e+15	-7.06068e-02
7.94099e+04	4.51341e+00	1.37733e-06	2.13462e+15	-7.06068e-02
8.12620e+04	4.21180e+00	1.37735e-06	2.11908e+15	-7.06067e-02
8.31572e+04	3.93033e+00	1.10500e-06	1.72850e+15	-7.25054e-02
8.50966e+04	3.66768e+00	1.10499e-06	1.71493e+15	-7.25055e-02
8.70813e+04	3.42259e+00	1.10500e-06	1.70230e+15	-7.25054e-02
8.91123e+04	3.19387e+00	8.83728e-07	1.38497e+15	-7.44311e-02
9.11906e+04	2.98043e+00	8.83717e-07	1.37394e+15	-7.44312e-02
9.33174e+04	2.78126e+00	8.83721e-07	1.36367e+15	-7.44312e-02
9.54938e+04	2.59540e+00	8.83740e-07	1.35411e+15	-7.44310e-02
9.77209e+04	2.42196e+00	6.34148e-07	1.00054e+15	-7.72910e-02
1.00000e+05	2.26011e+00	6.34134e-07	9.92168e+14	-7.72912e-02
