x	chi	dchidx	s0
0.00026241847866937426	0.0	1.3502338750264566	1.3502338750264566
0.02186340566515297	0.029166365404803128	1.3502312907436864	1.3502338750264566
0.04346439285163657	0.05833262301677548	1.3502238978776178	1.3502338750264566
0.06506538003812017	0.08749866905358761	1.3502117013778583	1.3502338750264566
0.08666636722460377	0.11666439975500278	1.3501947018198386	1.3502338750264566
0.10826735441108738	0.1458297111870221	1.3501728989830617	1.3502338750264566
0.12986834159757096	0.17499449909813372	1.3501462927688235	1.3502338750264566
0.15146932878405456	0.20415865985425896	1.3501148829778475	1.3502338750264566
0.17307031597053818	0.23332208984350025	1.3500786693538342	1.3502338750264566
0.19467130315702177	0.2624846854306865	1.3500376516024444	1.3502338750264566
0.2162722903435054	0.2916463429573729	1.3499918293912976	1.3502338750264566
0.23787327752998896	0.3208069587418413	1.349941202349974	1.3502338750264566
0.25947426471647256	0.3499664290791	1.3498857700700135	1.3502338750264566
0.2810752519029562	0.37912465024088354	1.3498255321049153	1.3502338750264566
0.30267623908943975	0.408281518475653	1.3497604879701388	1.3502338750264566
0.32427722627592337	0.43743693000859607	1.3496906371431032	1.3502338750264566
0.34587821346240694	0.46659078104162655	1.3496159790631872	1.3502338750264566
0.3674792006488905	0.49574296775338506	1.3495365131317294	1.3502338750264566
0.3890801878353741	0.5248933862992384	1.3494522387120282	1.3502338750264566
0.41068117502185775	0.5540419328112797	1.3493631551293421	1.3502338750264566
0.43228216220834137	0.5831885033983288	1.3492692616708888	1.3502338750264566
0.4538831493948249	0.612332994145932	1.349170557585846	1.3502338750264566
0.4754841365813085	0.641475301116362	1.3490670420853514	1.3502338750264566
0.4970851237677921	0.6706153203486176	1.3489587143425021	1.3502338750264566
0.5186861109542757	0.6997529478584246	1.3488455734923557	1.3502338750264566
0.5402870981407594	0.7288880796382349	1.3487276186319288	1.3502338750264566
0.5618880853272429	0.7580206116572267	1.348604848820198	1.3502338750264566
0.5834890725137265	0.7871504398613052	1.3484772630781001	1.3502338750264566
0.60509005970021	0.816277460173101	1.3483448603885309	1.3502338750264566
0.6266910468866936	0.8454015684919728	1.3482076396963467	1.3502338750264566
0.6482920340731773	0.8745226606940041	1.3480655999083635	1.3502338750264566
0.6698930212596609	0.9036406326320059	1.3479187398933565	1.3502338750264566
0.6914940084461445	0.932755380135515	1.3477670584820614	1.3502338750264566
0.7130949956326281	0.9618667990107949	1.347610554467173	1.3502338750264566
0.7346959828191117	0.9909747850408356	1.3474492266033469	1.3502338750264566
0.7562969700055954	1.0200792339853535	1.3472830736071972	1.3502338750264566
0.7778979571920789	1.0491800415807915	1.3471120941572987	1.3502338750264566
0.7994989443785625	1.078277103540319	1.3469362868941857	1.3502338750264566
0.8210999315650461	1.107370315553831	1.3467556504203524	1.3502338750264566
0.8427009187515297	1.1364595732879508	1.3465701833002524	1.3502338750264566
0.8643019059380134	1.1655447723860262	1.3463798840602996	1.3502338750264566
0.8859028931244968	1.1946258084681318	1.3461847511888674	1.3502338750264566
0.9075038803109804	1.2237025771310703	1.3459847831362888	1.3502338750264566
0.929104867497464	1.2527749739483691	1.3457799783148572	1.3502338750264566
0.9507058546839476	1.2818446483891377	1.3455703481010426	1.3502338750264566
0.9723068418704313	1.3109153489935357	1.3453555423584542	1.3502338750264566
0.9939078290569149	1.339986280865607	1.3451348657421776	1.3502338750264566
1.0155088162433985	1.369056482002205	1.3449076840736827	1.3502338750264566
1.037109803429882	1.3981250337072957	1.3446734341546547	1.3502338750264566
1.0587107906163657	1.4271910605919564	1.3444316237669938	1.3502338750264566
1.0803117778028493	1.4562537305743768	1.3441818316728151	1.3502338750264566
1.101912764989333	1.4853122548798583	1.3439237076144486	1.3502338750264566
1.1235137521758165	1.5143658880408142	1.343656972314439	1.3502338750264566
1.1451147393623	1.5434139278967702	1.343381417475546	1.3502338750264566
1.1667157265487837	1.5724557155943637	1.343096905780745	1.3502338750264566
1.1883167137352673	1.6014906355873444	1.342803370893225	1.3502338750264566
1.2099177009217508	1.6305181156365731	1.3425008174563908	1.3502338750264566
1.2315186881082345	1.659537626810024	1.3421893210938622	1.3502338750264566
1.253119675294718	1.6885486834827819	1.3418690284094732	1.3502338750264566
1.2747206624812015	1.7175508433370448	1.3415401569872736	1.3502338750264566
1.2963216496676853	1.7465437073621217	1.3412029953915272	1.3502338750264566
1.317922636854169	1.7755269198544346	1.3408579031667138	1.3502338750264566
1.3395236240406525	1.8045001684175157	1.340505310837527	1.3502338750264566
1.3611246112271362	1.8334631839620115	1.3401457199088764	1.3502338750264566
1.3827255984136197	1.862415740705679	1.3397797028658858	1.3502338750264566
1.404326585600103	1.8913576561733871	1.3394079031738937	1.3502338750264566
1.4259275727865868	1.9202887911971183	1.3390310352784547	1.3502338750264566
1.4475285599730703	1.9492090499159644	1.338649884605337	1.3502338750264566
1.469129547159554	1.9781183797761321	1.3382653075605244	1.3502338750264566
1.4907305343460375	2.007016771530938	1.3378782315302156	1.3502338750264566
1.5123315215325213	2.0359042592408114	1.3374896548808244	1.3502338750264566
1.5339325087190048	2.064780920273294	1.3371006469589788	1.3502338750264566
1.5555334959054885	2.0936468753030386	1.3367123480915226	1.3502338750264566
1.577134483091972	2.1225022883118108	1.3363259695855139	1.3502338750264566
1.5987354702784558	2.151347366588488	1.3359427937282258	1.3502338750264566
1.6203364574649393	2.1801823607290585	1.3355641737871469	1.3502338750264566
1.641937444651423	2.2090075646366247	1.33519153400998	1.3502338750264566
1.6635384318379065	2.237823315521399	1.3348263696246432	1.3502338750264566
1.6851394190243902	2.2666299939007075	1.3344702468392695	1.3502338750264566
1.7067404062108735	2.295428023598987	1.3341248028422068	1.3502338750264566
1.7283413933973575	2.3242178717477864	1.3337917458020179	1.3502338750264566
1.7499423805838408	2.3530000487857667	1.3334728548674801	1.3502338750264566
1.7715433677703243	2.3817751084587018	1.3331699801675867	1.3502338750264566
1.793144354956808	2.410543647819476	1.3328850428115449	1.3502338750264566
1.8147453421432915	2.4393063072280876	1.3326200348887773	1.3502338750264566
1.8363463293297753	2.4680637703516455	1.3323770194689213	1.3502338750264566
1.8579473165162588	2.4968167641643695	1.332158130601829	1.3502338750264566
1.8795483037027425	2.5255660589475943	1.3319655733175684	1.3502338750264566
1.901149290889226	2.554312468289764	1.331801623626421	1.3502338750264566
1.9227502780757098	2.5830568490864367	1.3316686285188841	1.3502338750264566
1.9443512652621933	2.6118001015402803	1.33156900596567	1.3502338750264566
1.965952252448677	2.6405431691610772	1.3315052449177052	1.3502338750264566
1.9875532396351603	2.6692870387657193	1.3314799053061321	1.3502338750264566
2.0091542268216442	2.6980327404782116	1.3314956180423072	1.3502338750264566
2.0307552140081278	2.7267813477296725	1.3315550850178024	1.3502338750264566
2.0523562011946113	2.7555339772583296	1.3316610791044043	1.3502338750264566
2.0739571883810948	2.7842917891095245	1.3318164441541147	1.3502338750264566
2.0955581755675783	2.8130559866357103	1.3320240949991498	1.3502338750264566
2.1171591627540622	2.8418278164964526	1.3322870174519412	1.3502338750264566
2.1387601499405458	2.8706085686584273	1.3326082683051355	1.3502338750264566
2.1392460604878463	2.87125609900048	1.3326161750345804	1.3502338750264566
2.139731971035147	2.8719036331846888	1.332624083521772	1.3502338750264566
2.1402178815824473	2.8725511712119105	1.3326319937667432	1.3502338750264566
2.140703792129748	2.8731987130830032	1.332639905769527	1.3502338750264566
2.1411897026770483	2.873846258798823	1.3326478195301565	1.3502338750264566
2.1416756132243484	2.874493808360227	1.3326557350486647	1.3502338750264566
2.1421615237716494	2.8751413617680734	1.3326636523250845	1.3502338750264566
2.14264743431895	2.8757889190232184	1.3326715713594495	1.3502338750264566
2.1431333448662504	2.876436480126519	1.3326794921517922	1.3502338750264566
2.1436192554135505	2.8770840450788326	1.3326874147021455	1.3502338750264566
2.144105165960851	2.8777316138810165	1.332695339010543	1.3502338750264566
2.144591076508152	2.878379186533928	1.3327032650770174	1.3502338750264566
2.1450769870554525	2.8790267630384236	1.3327111929016018	1.3502338750264566
2.1455628976027525	2.87967434339536	1.3327191224843293	1.3502338750264566
2.146048808150053	2.880321927605596	1.332727053825233	1.3502338750264566
2.1465347186973536	2.8809695156699875	1.3327349869243457	1.3502338750264566
2.1470206292446545	2.8816171075893915	1.3327429217817004	1.3502338750264566
2.1475065397919546	2.8822647033646653	1.3327508583973307	1.3502338750264566
2.147992450339255	2.8829123029966666	1.3327587967712688	1.3502338750264566
2.1484783608865556	2.8835599064862523	1.3327667369035485	1.3502338750264566
2.148964271433856	2.8842075138342786	1.3327746787942025	1.3502338750264566
2.1494501819811567	2.8848551250416037	1.332782622443264	1.3502338750264566
2.149936092528457	2.885502740109084	1.3327905678507657	1.3502338750264566
2.1504220030757577	2.886150359037577	1.332798515016741	1.3502338750264566
2.150907913623058	2.8867979818279403	1.3328064639412227	1.3502338750264566
2.1513938241703587	2.8874456084810296	1.332814414624244	1.3502338750264566
2.1518797347176593	2.8880932389977034	1.332822367065838	1.3502338750264566
2.1523656452649598	2.8887408733788185	1.3328303212660373	1.3502338750264566
2.1528515558122603	2.889388511625232	1.3328382772248755	1.3502338750264566
2.1533374663595604	2.8900361537377997	1.3328462349423853	1.3502338750264566
2.1538233769068613	2.8906837997173804	1.3328541944185999	1.3502338750264566
2.154309287454162	2.891331449564831	1.3328621556535523	1.3502338750264566
2.1547951980014624	2.891979103281008	1.3328701186472756	1.3502338750264566
2.1552811085487624	2.8926267608667686	1.3328780833998026	1.3502338750264566
2.155767019096063	2.8932744223229703	1.3328860499111668	1.3502338750264566
2.156252929643364	2.89392208765047	1.3328940181814006	1.3502338750264566
2.1567388401906644	2.894569756850125	1.3329019882105375	1.3502338750264566
2.1572247507379645	2.8952174299227913	1.3329099599986105	1.3502338750264566
2.157710661285265	2.8958651068693277	1.3329179335456525	1.3502338750264566
2.1581965718325655	2.896512787690591	1.3329259088516967	1.3502338750264566
2.1586824823798665	2.897160472387437	1.332933885916776	1.3502338750264566
2.1591683929271666	2.8978081609607242	1.3329418647409235	1.3502338750264566
2.159654303474467	2.898455853411309	1.3329498453241722	1.3502338750264566
2.1601402140217676	2.899103549740049	1.3329578276665552	1.3502338750264566
2.160626124569068	2.899751249947801	1.3329658117681056	1.3502338750264566
2.1611120351163686	2.900398954035422	1.3329737976288563	1.3502338750264566
2.161597945663669	2.901046662003769	1.3329817852488404	1.3502338750264566
2.1620838562109697	2.9016943738536995	1.3329897746280908	1.3502338750264566
2.16256976675827	2.902342089586071	1.332997765766641	1.3502338750264566
2.1630556773055707	2.902989809201739	1.3330057586645234	1.3502338750264566
2.163541587852871	2.903637532701563	1.3330137533217714	1.3502338750264566
2.1640274984001717	2.9042852600863984	1.3330217497384182	1.3502338750264566
2.1645134089474722	2.9049329913571027	1.3330297479144966	1.3502338750264566
2.1649993194947723	2.905580726514533	1.3330377478500395	1.3502338750264566
2.1654852300420733	2.9062284655595465	1.3330457495450803	1.3502338750264566
2.165971140589374	2.906876208493	1.3330537529996518	1.3502338750264566
2.1664570511366743	2.9075239553157517	1.3330617582137871	1.3502338750264566
2.1669429616839744	2.908171706028657	1.3330697651875192	1.3502338750264566
2.167428872231275	2.9088194606325746	1.3330777739208812	1.3502338750264566
2.167914782778576	2.909467219128361	1.3330857844139063	1.3502338750264566
2.1684006933258764	2.910114981516873	1.3330937966666272	1.3502338750264566
2.1688866038731764	2.9107627477989677	1.3331018106790773	1.3502338750264566
2.169372514420477	2.911410517975503	1.3331098264512893	1.3502338750264566
2.1698584249677775	2.9120582920473357	1.3331178439832962	1.3502338750264566
2.1703443355150784	2.9127060700153224	1.3331258632751315	1.3502338750264566
2.1708302460623785	2.91335385188032	1.333133884326828	1.3502338750264566
2.171316156609679	2.914001637643187	1.3331419071384185	1.3502338750264566
2.1718020671569795	2.9146494273047794	1.3331499317099365	1.3502338750264566
2.17228797770428	2.9152972208659547	1.3331579580414146	1.3502338750264566
2.1727738882515806	2.9159450183275695	1.3331659861328862	1.3502338750264566
2.173259798798881	2.9165928196904813	1.3331740159843841	1.3502338750264566
2.1737457093461816	2.917240624955548	1.3331820475959415	1.3502338750264566
2.174231619893482	2.9178884341236255	1.3331900809675912	1.3502338750264566
2.1747175304407826	2.9185362471955707	1.3331981160993664	1.3502338750264566
2.175203440988083	2.919184064172242	1.3332061529913002	1.3502338750264566
2.1756893515353837	2.919831885054496	1.3332141916434257	1.3502338750264566
2.176175262082684	2.92047970984319	1.3332222320557756	1.3502338750264566
2.1766611726299843	2.92112753853918	1.3332302742283835	1.3502338750264566
2.1771470831772852	2.9217753711433248	1.3332383181612817	1.3502338750264566
2.1776329937245857	2.9224232076564802	1.3332463638545038	1.3502338750264566
2.1781189042718863	2.9230710480795037	1.3332544113080829	1.3502338750264566
2.1786048148191863	2.9237188924132522	1.3332624605220516	1.3502338750264566
2.179090725366487	2.924366740658584	1.3332705114964432	1.3502338750264566
2.179576635913788	2.9250145928163547	1.3332785642312908	1.3502338750264566
2.1800625464610883	2.925662448887422	1.3332866187266272	1.3502338750264566
2.1805484570083884	2.926310308872643	1.3332946749824857	1.3502338750264566
2.181034367555689	2.926958172772875	1.3333027329988991	1.3502338750264566
2.1815202781029894	2.927606040588975	1.3333107927759007	1.3502338750264566
2.1820061886502904	2.9282539123218	1.3333188543135235	1.3502338750264566
2.1824920991975905	2.928901787972207	1.3333269176118003	1.3502338750264566
2.182978009744891	2.9295496675410537	1.3333349826707643	1.3502338750264566
2.1834639202921915	2.9301975510291967	1.3333430494904486	1.3502338750264566
2.183949830839492	2.930845438437493	1.3333511180708861	1.3502338750264566
2.1844357413867925	2.9314933297668	1.3333591884121099	1.3502338750264566
2.184921651934093	2.932141225017975	1.333367260514153	1.3502338750264566
2.1854075624813936	2.932789124191875	1.3333753343770487	1.3502338750264566
2.185893473028694	2.933437027289357	1.3333834100008297	1.3502338750264566
2.1863793835759946	2.9340849343112776	1.3333914873855293	1.3502338750264566
2.186865294123295	2.934732845258495	1.3333995665311804	1.3502338750264566
2.1873512046705956	2.9353807601318658	1.333407647437816	1.3502338750264566
2.187837115217896	2.9360286789322467	1.3334157301054692	1.3502338750264566
2.188323025765196	2.936676601660495	1.333423814534173	1.3502338750264566
2.188808936312497	2.9373245283174683	1.3334319007239606	1.3502338750264566
2.1892948468597977	2.9379724589040235	1.333439988674865	1.3502338750264566
2.189780757407098	2.9386203934210173	1.333448078386919	1.3502338750264566
2.1902666679543983	2.939268331869307	1.333456169860156	1.3502338750264566
2.190752578501699	2.93991627424975	1.3334642630946085	1.3502338750264566
2.1912384890489998	2.940564220563204	1.33347235809031	1.3502338750264566
2.1917243995963	2.9412121708105246	1.3334804548472936	1.3502338750264566
2.1922103101436003	2.9418601249925698	1.333488553365592	1.3502338750264566
2.192696220690901	2.9425080831101966	1.3334966536452386	1.3502338750264566
2.1931821312382014	2.9431560451642627	1.333504755686266	1.3502338750264566
2.1936680417855023	2.943804011155624	1.3335128594887078	1.3502338750264566
2.1941539523328024	2.944451981085138	1.3335209650525965	1.3502338750264566
2.194639862880103	2.9450999549536627	1.3335290723779654	1.3502338750264566
2.1951257734274034	2.945747932762054	1.3335371814648476	1.3502338750264566
2.195611683974704	2.9463959145111698	1.333545292313276	1.3502338750264566
2.1960975945220045	2.9470439002018676	1.3335534049232838	1.3502338750264566
2.196583505069305	2.9476918898350033	1.3335615192949037	1.3502338750264566
2.1970694156166055	2.948339883411435	1.3335696354281692	1.3502338750264566
2.197555326163906	2.948987880932019	1.333577753323113	1.3502338750264566
2.1980412367112065	2.949635882397613	1.3335858729797683	1.3502338750264566
2.198527147258507	2.9502838878090745	1.3335939943981683	1.3502338750264566
2.1990130578058076	2.95093189716726	1.3336021175783455	1.3502338750264566
2.1994989683531077	2.951579910473026	1.3336102425203336	1.3502338750264566
2.199984878900408	2.9522279277272307	1.333618369224165	1.3502338750264566
2.200470789447709	2.952875948930731	1.3336264976898733	1.3502338750264566
2.2009566999950096	2.953523974084384	1.333634627917491	1.3502338750264566
2.2014426105423097	2.954172003189046	1.3336427599070517	1.3502338750264566
2.2019285210896102	2.954820036245575	1.3336508936585882	1.3502338750264566
2.2024144316369108	2.9554680732548286	1.3336590291721335	1.3502338750264566
2.2029003421842117	2.9561161142176626	1.3336671664477207	1.3502338750264566
2.203386252731512	2.9567641591349347	1.3336753054853827	1.3502338750264566
2.2038721632788123	2.957412208007502	1.3336834462851528	1.3502338750264566
2.204358073826113	2.958060260836222	1.3336915888470637	1.3502338750264566
2.2048439843734133	2.9587083176219515	1.3336997331711489	1.3502338750264566
2.205329894920714	2.959356378365547	1.3337078792574408	1.3502338750264566
2.2058158054680144	2.960004443067867	1.3337160271059731	1.3502338750264566
2.206301716015315	2.9606525117297675	1.3337241767167785	1.3502338750264566
2.2067876265626154	2.961300584352106	1.33373232808989	1.3502338750264566
2.207273537109916	2.961948660935739	1.3337404812253408	1.3502338750264566
2.2077594476572164	2.9625967414815246	1.3337486361231639	1.3502338750264566
2.208245358204517	2.9632448259903197	1.3337567927833922	1.3502338750264566
2.2087312687518175	2.963892914462981	1.333764951206059	1.3502338750264566
2.209217179299118	2.9645410069003653	1.333773111391197	1.3502338750264566
2.2097030898464185	2.965189103303331	1.3337812733388397	1.3502338750264566
2.210189000393719	2.9658372036727343	1.3337894370490198	1.3502338750264566
2.2106749109410195	2.966485308009432	1.3337976025217704	1.3502338750264566
2.2111608214883196	2.9671334163142817	1.3338057697571246	1.3502338750264566
2.21164673203562	2.967781528588141	1.3338139387551153	1.3502338750264566
2.212132642582921	2.968429644831866	1.3338221095157756	1.3502338750264566
2.2126185531302216	2.9690777650463147	1.3338302820391388	1.3502338750264566
2.2131044636775217	2.9697258892323433	1.3338384563252375	1.3502338750264566
2.213590374224822	2.97037401739081	1.3338466323741052	1.3502338750264566
2.2140762847721227	2.9710221495225713	1.3338548101857746	1.3502338750264566
2.2145621953194237	2.9716702856284845	1.3338629897602787	1.3502338750264566
2.2150481058667237	2.972318425709406	1.3338711710976507	1.3502338750264566
2.2155340164140243	2.972966569766194	1.333879354197924	1.3502338750264566
2.2160199269613248	2.9736147177997045	1.333887539061131	1.3502338750264566
2.2165058375086253	2.974262869810796	1.333895725687305	1.3502338750264566
2.216991748055926	2.974911025800324	1.333903914076479	1.3502338750264566
2.2174776586032263	2.975559185769147	1.3339121042286861	1.3502338750264566
2.217963569150527	2.9762073497181216	1.3339202961439593	1.3502338750264566
2.2184494796978274	2.976855517648105	1.3339284898223318	1.3502338750264566
2.218935390245128	2.9775036895599536	1.3339366852638366	1.3502338750264566
2.2194213007924284	2.9781518654545254	1.3339448824685065	1.3502338750264566
2.219907211339729	2.9788000453326773	1.3339530814363747	1.3502338750264566
2.2203931218870294	2.9794482291952664	1.3339612821674742	1.3502338750264566
2.22087903243433	2.9800964170431494	1.3339694846618382	1.3502338750264566
2.2213649429816305	2.9807446088771843	1.3339776889194996	1.3502338750264566
2.221850853528931	2.9813928046982276	1.3339858949404915	1.3502338750264566
2.2223367640762315	2.9820410045071366	1.3339941027248468	1.3502338750264566
2.2228226746235316	2.982689208304768	1.3340023122725988	1.3502338750264566
2.223308585170832	2.983337416091979	1.3340105235837802	1.3502338750264566
2.223794495718133	2.9839856278696275	1.3340187366584242	1.3502338750264566
2.2242804062654336	2.9846338436385698	1.334026951496564	1.3502338750264566
2.2247663168127336	2.985282063399663	1.3340351680982325	1.3502338750264566
2.225252227360034	2.985930287153765	1.3340433864634627	1.3502338750264566
2.2257381379073347	2.986578514901732	1.3340516065922876	1.3502338750264566
2.2262240484546356	2.987226746644422	1.3340598284847405	1.3502338750264566
2.2267099590019357	2.9878749823826913	1.334068052140854	1.3502338750264566
2.227195869549236	2.988523222117397	1.3340762775606616	1.3502338750264566
2.2276817800965367	2.9891714658493975	1.3340845047441963	1.3502338750264566
2.2281676906438372	2.9898197135795486	1.3340927336914907	1.3502338750264566
2.2286536011911378	2.9904679653087074	1.3341009644025783	1.3502338750264566
2.2291395117384383	2.9911162210377316	1.3341091968774919	1.3502338750264566
2.229625422285739	2.991764480767478	1.3341174311162647	1.3502338750264566
2.2301113328330393	2.9924127444988042	1.3341256671189294	1.3502338750264566
2.23059724338034	2.9930610122325665	1.3341339048855196	1.3502338750264566
2.2310831539276403	2.993709283969623	1.334142144416068	1.3502338750264566
2.231569064474941	2.99435755971083	1.3341503857106076	1.3502338750264566
2.2320549750222414	2.995005839457045	1.3341586287691714	1.3502338750264566
2.232540885569542	2.9956541232091247	1.3341668735917926	1.3502338750264566
2.2330267961168424	2.996302410967927	1.3341751201785044	1.3502338750264566
2.233512706664143	2.996950702734308	1.3341833685293396	1.3502338750264566
2.2339986172114434	2.997598998509126	1.334191618644331	1.3502338750264566
2.2344845277587435	2.998247298293237	1.3341998705235123	1.3502338750264566
2.234970438306044	2.9988956020874986	1.334208124166916	1.3502338750264566
2.235456348853345	2.9995439098927683	1.3342163795745752	1.3502338750264566
2.2359422594006455	3.0001922217099026	1.3342246367465231	1.3502338750264566
2.2364281699479456	3.000840537539758	1.3342328956827927	1.3502338750264566
2.236914080495246	3.0014888573831935	1.334241156383417	1.3502338750264566
2.2373999910425466	3.002137181241065	1.334249418848429	1.3502338750264566
2.2378859015898476	3.0027855091142297	1.334257683077862	1.3502338750264566
2.2383718121371476	3.0034338410035444	1.3342659490717488	1.3502338750264566
2.238857722684448	3.004082176909867	1.3342742168301225	1.3502338750264566
2.2393436332317487	3.004730516834054	1.334282486353016	1.3502338750264566
2.239829543779049	3.0053788607769634	1.3342907576404626	1.3502338750264566
2.2403154543263497	3.0060272087394506	1.3342990306924951	1.3502338750264566
2.2408013648736502	3.0066755607223743	1.3343073055091466	1.3502338750264566
2.2412872754209507	3.007323916726591	1.3343155820904504	1.3502338750264566
2.2417731859682513	3.0079722767529584	1.3343238604364391	1.3502338750264566
2.2422590965155518	3.008620640802332	1.3343321405471462	1.3502338750264566
2.2427450070628523	3.009269008875571	1.3343404224226043	1.3502338750264566
2.243230917610153	3.009917380973531	1.3343487060628467	1.3502338750264566
2.2437168281574533	3.01056575709707	1.3343569914679065	1.3502338750264566
2.244202738704754	3.0112141372470442	1.3343652786378166	1.3502338750264566
2.2446886492520544	3.011862521424312	1.33437356757261	1.3502338750264566
2.245174559799355	3.0125109096297296	1.3343818582723201	1.3502338750264566
2.245660470346655	3.013159301864154	1.3343901507369793	1.3502338750264566
2.2461463808939555	3.013807698128443	1.3343984449666213	1.3502338750264566
2.246632291441256	3.014456098423453	1.3344067409612788	1.3502338750264566
2.247118201988557	3.0151045027500416	1.3344150387209848	1.3502338750264566
2.2476041125358575	3.015752911109066	1.3344233382457722	1.3502338750264566
2.2480900230831575	3.0164013235013822	1.3344316395356746	1.3502338750264566
2.248575933630458	3.0170497399278493	1.3344399425907245	1.3502338750264566
2.2490618441777586	3.017698160389323	1.3344482474109551	1.3502338750264566
2.249547754725059	3.01834658488666	1.3344565539963997	1.3502338750264566
2.2500336652723596	3.018995013420719	1.3344648623470912	1.3502338750264566
2.25051957581966	3.019643445992356	1.3344731724630623	1.3502338750264566
2.2510054863669606	3.0202918826024283	1.3344814843443464	1.3502338750264566
2.251491396914261	3.0209403232517933	1.3344897979909764	1.3502338750264566
2.2519773074615617	3.0215887679413074	1.3344981134029854	1.3502338750264566
2.252463218008862	3.0222372166718285	1.3345064305804066	1.3502338750264566
2.2529491285561627	3.022885669444214	1.3345147495232728	1.3502338750264566
2.253435039103463	3.023534126259319	1.3345230702316169	1.3502338750264566
2.2539209496507637	3.0241825871180033	1.3345313927054725	1.3502338750264566
2.2544068601980642	3.024831052021123	1.334539716944872	1.3502338750264566
2.2548927707453648	3.025479520969534	1.3345480429498489	1.3502338750264566
2.2553786812926653	3.026127993964095	1.334556370720436	1.3502338750264566
2.255864591839966	3.026776471005662	1.3345647002566665	1.3502338750264566
2.2563505023872663	3.0274249520950933	1.334573031558573	1.3502338750264566
2.256836412934567	3.0280734372332447	1.3345813646261895	1.3502338750264566
2.257322323481867	3.028721926420974	1.334589699459548	1.3502338750264566
2.2578082340291674	3.0293704196591387	1.3345980360586822	1.3502338750264566
2.258294144576468	3.0300189169485954	1.3346063744236247	1.3502338750264566
2.258780055123769	3.0306674182902014	1.334614714554409	1.3502338750264566
2.259265965671069	3.0313159236848133	1.3346230564510677	1.3502338750264566
2.2597518762183695	3.031964433133289	1.3346314001136341	1.3502338750264566
2.26023778676567	3.0326129466364855	1.3346397455421413	1.3502338750264566
2.2607236973129705	3.033261464195259	1.3346480927366222	1.3502338750264566
2.261209607860271	3.0339099858104674	1.3346564416971098	1.3502338750264566
2.2616955184075715	3.034558511482968	1.3346647924236372	1.3502338750264566
2.262181428954872	3.0352070412136176	1.3346731449162375	1.3502338750264566
2.2626673395021726	3.035855575003273	1.3346814991749436	1.3502338750264566
2.263153250049473	3.036504112852792	1.3346898551997888	1.3502338750264566
2.2636391605967736	3.037152654763031	1.3346982129908058	1.3502338750264566
2.264125071144074	3.037801200734848	1.3347065725480278	1.3502338750264566
2.2646109816913746	3.0384497507690993	1.334714933871488	1.3502338750264566
2.265096892238675	3.039098304866642	1.3347232969612193	1.3502338750264566
2.2655828027859757	3.0397468630283337	1.3347316618172547	1.3502338750264566
2.266068713333276	3.0403954252550314	1.3347400284396271	1.3502338750264566
2.2665546238805767	3.041043991547592	1.3347483968283698	1.3502338750264566
2.267040534427877	3.041692561906873	1.3347567669835159	1.3502338750264566
2.2675264449751777	3.042341136333731	1.334765138905098	1.3502338750264566
2.2680123555224783	3.042989714829024	1.3347735125931497	1.3502338750264566
2.268498266069779	3.043638297393608	1.3347818880477038	1.3502338750264566
2.268984176617079	3.0442868840283404	1.334790265268793	1.3502338750264566
2.2694700871643794	3.0449354747340784	1.334798644256451	1.3502338750264566
2.26995599771168	3.04558406951168	1.3348070250107105	1.3502338750264566
2.270441908258981	3.046232668362001	1.3348154075316043	1.3502338750264566
2.270927818806281	3.046881271285899	1.3348237918191659	1.3502338750264566
2.2714137293535814	3.0475298782842315	1.334832177873428	1.3502338750264566
2.271899639900882	3.0481784893578556	1.3348405656944238	1.3502338750264566
2.2723855504481825	3.0488271045076276	1.3348489552821863	1.3502338750264566
2.272871460995483	3.049475723734405	1.3348573466367486	1.3502338750264566
2.2733573715427835	3.0501243470390453	1.3348657397581436	1.3502338750264566
2.273843282090084	3.0507729744224057	1.3348741346464044	1.3502338750264566
2.2743291926373845	3.0514216058853427	1.3348825313015642	1.3502338750264566
2.274815103184685	3.052070241428713	1.3348909297236558	1.3502338750264566
2.2753010137319856	3.052718881053375	1.3348993299127123	1.3502338750264566
2.275786924279286	3.0533675247601857	1.334907731868767	1.3502338750264566
2.2762728348265866	3.0540161725500012	1.3349161355918526	1.3502338750264566
2.276758745373887	3.054664824423679	1.3349245410820023	1.3502338750264566
2.2772446559211876	3.0553134803820767	1.334932948339249	1.3502338750264566
2.277730566468488	3.0559621404260513	1.334941357363626	1.3502338750264566
2.2782164770157887	3.0566108045564593	1.334949768155166	1.3502338750264566
2.2787023875630887	3.0572594727741578	1.3349581807139024	1.3502338750264566
2.2791882981103897	3.057908145080005	1.3349665950398681	1.3502338750264566
2.27967420865769	3.0585568214748573	1.334975011133096	1.3502338750264566
2.2801601192049907	3.0592055019595716	1.3349834289936193	1.3502338750264566
2.280646029752291	3.0598541865350053	1.3349918486214711	1.3502338750264566
2.2811319402995913	3.0605028752020154	1.3350002700166843	1.3502338750264566
2.281617850846892	3.0611515679614594	1.335008693179292	1.3502338750264566
2.282103761394193	3.061800264814194	1.335017118109327	1.3502338750264566
2.282589671941493	3.0624489657610763	1.3350255448068227	1.3502338750264566
2.2830755824887934	3.0630976708029634	1.3350339732718122	1.3502338750264566
2.283561493036094	3.0637463799407127	1.335042403504328	1.3502338750264566
2.2840474035833944	3.0643950931751816	1.3350508355044037	1.3502338750264566
2.284533314130695	3.065043810507226	1.335059269272072	1.3502338750264566
2.2850192246779955	3.0656925319377044	1.3350677048073663	1.3502338750264566
2.285505135225296	3.066341257467473	1.3350761421103192	1.3502338750264566
2.2859910457725965	3.0669899870973896	1.335084581180964	1.3502338750264566
2.286476956319897	3.0676387208283105	1.3350930220193336	1.3502338750264566
2.2869628668671975	3.0682874586610933	1.3351014646254613	1.3502338750264566
2.287448777414498	3.068936200596595	1.3351099089993799	1.3502338750264566
2.2879346879617986	3.0695849466356733	1.3351183551411225	1.3502338750264566
2.288420598509099	3.070233696779184	1.3351268030507222	1.3502338750264566
2.2889065090563996	3.0708824510279857	1.3351352527282119	1.3502338750264566
2.2893924196037	3.071531209382935	1.3351437041736247	1.3502338750264566
2.2898783301510006	3.0721799718448883	1.3351521573869938	1.3502338750264566
2.2903642406983007	3.0728287384147035	1.335160612368352	1.3502338750264566
2.2908501512456017	3.0734775090932374	1.3351690691177325	1.3502338750264566
2.291336061792902	3.07412628389713	1.3351775276413629	1.3502338750264566
2.2918219723402027	3.0747750628906374	1.3351859879641583	1.3502338750264566
2.2923078828875028	3.0754238459942846	1.3351944500546205	1.3502338750264566
2.2927937934348033	3.0760726332089394	1.3352029139127863	1.3502338750264566
2.293279703982104	3.0767214245354673	1.3352113795386924	1.3502338750264566
2.2937656145294048	3.077370219974734	1.3352198469323757	1.3502338750264566
2.294251525076705	3.0780190195276065	1.3352283160938727	1.3502338750264566
2.2947374356240053	3.078667823194951	1.3352367870232205	1.3502338750264566
2.295223346171306	3.0793166309776336	1.3352452597204556	1.3502338750264566
2.2957092567186064	3.0799654428765204	1.3352537341856148	1.3502338750264566
2.296195167265907	3.0806142588924774	1.3352622104187348	1.3502338750264566
2.2966810778132074	3.0812630790263715	1.3352706884198524	1.3502338750264566
2.297166988360508	3.0819119032790687	1.3352791681890044	1.3502338750264566
2.2976528989078084	3.0825607316514354	1.3352876497262276	1.3502338750264566
2.298138809455109	3.083209564144337	1.3352961330315585	1.3502338750264566
2.2986247200024095	3.0838584007586407	1.335304618105034	1.3502338750264566
2.29911063054971	3.0845072414952126	1.335313104946691	1.3502338750264566
2.29959654109701	3.085156086354919	1.335321593556566	1.3502338750264566
2.300082451644311	3.0858049353386257	1.3353300839346962	1.3502338750264566
2.3005683621916115	3.086453788447199	1.3353385760811178	1.3502338750264566
2.301054272738912	3.087102645681506	1.3353470699958676	1.3502338750264566
2.3015401832862126	3.0877515070424115	1.3353555656789828	1.3502338750264566
2.3020260938335126	3.0884003725307827	1.3353640631304997	1.3502338750264566
2.3025120043808136	3.089049242147486	1.3353725623504553	1.3502338750264566
2.302997914928114	3.089698115893387	1.3353810633388863	1.3502338750264566
2.303483825475414	3.0903469937693524	1.3353895660958295	1.3502338750264566
2.3039697360227147	3.090995875776249	1.3353980706213213	1.3502338750264566
2.3044556465700152	3.0916447619149414	1.3354065769153989	1.3502338750264566
2.3049415571173157	3.0922936521862976	1.335415084978099	1.3502338750264566
2.3054274676646167	3.092942546591183	1.3354235948094582	1.3502338750264566
2.3059133782119168	3.093591445130463	1.3354321064095132	1.3502338750264566
2.3063992887592173	3.094240347805006	1.3354406197783006	1.3502338750264566
2.306885199306518	3.0948892546156763	1.3354491349158577	1.3502338750264566
2.3073711098538183	3.0955381655633407	1.335457651822221	1.3502338750264566
2.307857020401119	3.096187080648866	1.335466170497427	1.3502338750264566
2.3083429309484194	3.096835999873118	1.3354746909415127	1.3502338750264566
2.30882884149572	3.0974849232369634	1.335483213154515	1.3502338750264566
2.3093147520430204	3.098133850741268	1.33549173713647	1.3502338750264566
2.309800662590321	3.0987827823868974	1.3355002628874153	1.3502338750264566
2.3102865731376214	3.099431718174719	1.335508790407387	1.3502338750264566
2.310772483684922	3.1000806581055986	1.3355173196964223	1.3502338750264566
2.311258394232222	3.1007296021804023	1.3355258507545578	1.3502338750264566
2.311744304779523	3.1013785503999967	1.3355343835818299	1.3502338750264566
2.3122302153268235	3.102027502765248	1.3355429181782759	1.3502338750264566
2.312716125874124	3.1026764592770224	1.3355514545439322	1.3502338750264566
2.3132020364214245	3.103325419936186	1.3355599926788357	1.3502338750264566
2.3136879469687246	3.1039743847436045	1.335568532583023	1.3502338750264566
2.3141738575160256	3.1046233537001453	1.3355770742565312	1.3502338750264566
2.314659768063326	3.105272326806674	1.3355856176993965	1.3502338750264566
2.315145678610626	3.105921304064057	1.3355941629116561	1.3502338750264566
2.3156315891579267	3.1065702854731603	1.3356027098933467	1.3502338750264566
2.316117499705227	3.1072192710348507	1.3356112586445048	1.3502338750264566
2.3166034102525277	3.107868260749994	1.3356198091651674	1.3502338750264566
2.3170893207998287	3.1085172546194566	1.3356283614553712	1.3502338750264566
2.3175752313471287	3.1091662526441044	1.335636915515153	1.3502338750264566
2.3180611418944292	3.109815254824804	1.3356454713445494	1.3502338750264566
2.3185470524417298	3.110464261162422	1.3356540289435972	1.3502338750264566
2.3190329629890303	3.1111132716578234	1.3356625883123332	1.3502338750264566
2.319518873536331	3.1117622863118757	1.335671149450794	1.3502338750264566
2.3200047840836313	3.112411305125445	1.3356797123590167	1.3502338750264566
2.320490694630932	3.1130603280993974	1.3356882770370377	1.3502338750264566
2.3209766051782323	3.1137093552345982	1.335696843484894	1.3502338750264566
2.321462515725533	3.1143583865319155	1.335705411702622	1.3502338750264566
2.3219484262728334	3.115007421992214	1.3357139816902588	1.3502338750264566
2.322434336820134	3.1156564616163607	1.335722553447841	1.3502338750264566
2.322920247367434	3.1163055054052213	1.3357311269754053	1.3502338750264566
2.323406157914735	3.1169545533596623	1.3357397022729887	1.3502338750264566
2.3238920684620354	3.1176036054805505	1.3357482793406277	1.3502338750264566
2.324377979009336	3.118252661768752	1.3357568581783592	1.3502338750264566
2.324863889556636	3.1189017222251314	1.33576543878622	1.3502338750264566
2.3253498001039365	3.1195507868505574	1.3357740211642466	1.3502338750264566
2.3258357106512375	3.120199855645895	1.3357826053124757	1.3502338750264566
2.326321621198538	3.12084892861201	1.3357911912309446	1.3502338750264566
2.326807531745838	3.1214980057497694	1.3357997789196896	1.3502338750264566
2.3272934422931386	3.1221470870600396	1.3358083683787474	1.3502338750264566
2.327779352840439	3.1227961725436866	1.335816959608155	1.3502338750264566
2.3282652633877396	3.1234452622015763	1.335825552607949	1.3502338750264566
2.32875117393504	3.1240943560345746	1.3358341473781663	1.3502338750264566
2.3292370844823407	3.1247434540435495	1.3358427439188434	1.3502338750264566
2.329722995029641	3.1253925562293654	1.3358513422300173	1.3502338750264566
2.3302089055769417	3.1260416625928897	1.3358599423117246	1.3502338750264566
2.3306948161242422	3.1266907731349876	1.3358685441640021	1.3502338750264566
2.3311807266715427	3.127339887856526	1.3358771477868867	1.3502338750264566
2.3316666372188433	3.127989006758372	1.335885753180415	1.3502338750264566
2.332152547766144	3.12863812984139	1.3358943603446236	1.3502338750264566
2.3326384583134443	3.1292872571064474	1.3359029692795494	1.3502338750264566
2.333124368860745	3.1299363885544107	1.3359115799852292	1.3502338750264566
2.3336102794080453	3.130585524186145	1.3359201924617	1.3502338750264566
2.334096189955346	3.131234664002518	1.335928806708998	1.3502338750264566
2.334582100502646	3.1318838080043947	1.3359374227271603	1.3502338750264566
2.335068011049947	3.132532956192642	1.3359460405162233	1.3502338750264566
2.3355539215972474	3.1331821085681257	1.3359546600762244	1.3502338750264566
2.336039832144548	3.133831265131713	1.3359632814071998	1.3502338750264566
2.336525742691848	3.1344804258842687	1.3359719045091865	1.3502338750264566
2.3370116532391485	3.13512959082666	1.3359805293822211	1.3502338750264566
2.3374975637864495	3.1357787599597535	1.3359891560263404	1.3502338750264566
2.33798347433375	3.136427933284415	1.3359977844415811	1.3502338750264566
2.33846938488105	3.13707711080151	1.3360064146279802	1.3502338750264566
2.3389552954283506	3.1377262925119056	1.3360150465855742	1.3502338750264566
2.339441205975651	3.138375478416468	1.3360236803143999	1.3502338750264566
2.3399271165229516	3.1390246685160634	1.3360323158144942	1.3502338750264566
2.340413027070252	3.139673862811558	1.3360409530858937	1.3502338750264566
2.3408989376175526	3.140323061303818	1.336049592128635	1.3502338750264566
2.341384848164853	3.1409722639937097	1.3360582329427553	1.3502338750264566
2.3418707587121537	3.1416214708820993	1.336066875528291	1.3502338750264566
2.342356669259454	3.1422706819698525	1.336075519885279	1.3502338750264566
2.3428425798067547	3.142919897257837	1.336084166013756	1.3502338750264566
2.343328490354055	3.1435691167469177	1.3360928139137584	1.3502338750264566
2.3438144009013557	3.1442183404379613	1.3361014635853237	1.3502338750264566
2.3443003114486562	3.144867568331834	1.336110115028488	1.3502338750264566
2.3447862219959568	3.1455168004294025	1.3361187682432885	1.3502338750264566
2.3452721325432573	3.1461660367315325	1.3361274232297615	1.3502338750264566
2.345758043090558	3.1468152772390905	1.336136079987944	1.3502338750264566
2.346243953637858	3.147464521952942	1.336144738517873	1.3502338750264566
2.346729864185159	3.1481137708739544	1.3361533988195848	1.3502338750264566
2.3472157747324593	3.1487630240029936	1.3361620608931164	1.3502338750264566
2.34770168527976	3.1494122813409255	1.3361707247385046	1.3502338750264566
2.34818759582706	3.1500615428886167	1.336179390355786	1.3502338750264566
2.3486735063743605	3.150710808646933	1.3361880577449974	1.3502338750264566
2.3491594169216614	3.1513600786167415	1.3361967269061756	1.3502338750264566
2.3496453274689615	3.152009352798907	1.336205397839357	1.3502338750264566
2.350131238016262	3.1526586311942975	1.336214070544579	1.3502338750264566
2.3506171485635625	3.1533079138037783	1.336222745021878	1.3502338750264566
2.351103059110863	3.1539572006282155	1.3362314212712907	1.3502338750264566
2.3515889696581636	3.1546064916684755	1.336240099292854	1.3502338750264566
2.352074880205464	3.1552557869254247	1.3362487790866044	1.3502338750264566
2.3525607907527646	3.155905086399929	1.336257460652579	1.3502338750264566
2.353046701300065	3.1565543900928557	1.3362661439908143	1.3502338750264566
2.3535326118473656	3.1572036980050697	1.336274829101347	1.3502338750264566
2.354018522394666	3.157853010137438	1.3362835159842141	1.3502338750264566
2.3545044329419667	3.1585023264908267	1.336292204639452	1.3502338750264566
2.354990343489267	3.159151647066102	1.336300895067098	1.3502338750264566
2.3554762540365677	3.1598009718641307	1.3363095872671884	1.3502338750264566
2.355962164583868	3.1604503008857776	1.33631828123976	1.3502338750264566
2.3564480751311687	3.16109963413191	1.3363269769848498	1.3502338750264566
2.3569339856784692	3.161748971603395	1.3363356745024941	1.3502338750264566
2.3574198962257693	3.1623983133010967	1.3363443737927303	1.3502338750264566
2.35790580677307	3.163047659225883	1.3363530748555945	1.3502338750264566
2.358391717320371	3.1636970093786196	1.3363617776911239	1.3502338750264566
2.3588776278676713	3.164346363760173	1.336370482299355	1.3502338750264566
2.359363538414972	3.1649957223714096	1.3363791886803245	1.3502338750264566
2.359849448962272	3.1656450852131943	1.3363878968340694	1.3502338750264566
2.3603353595095724	3.166294452286395	1.3363966067606265	1.3502338750264566
2.3608212700568734	3.1669438235918776	1.3364053184600322	1.3502338750264566
2.3613071806041734	3.1675931991305073	1.3364140319323234	1.3502338750264566
2.361793091151474	3.168242578903152	1.3364227471775372	1.3502338750264566
2.3622790016987745	3.1688919629106764	1.3364314641957098	1.3502338750264566
2.362764912246075	3.169541351153948	1.3364401829868782	1.3502338750264566
2.3632508227933755	3.1701907436338317	1.3364489035510791	1.3502338750264566
2.363736733340676	3.1708401403511948	1.3364576258883494	1.3502338750264566
2.3642226438879765	3.1714895413069035	1.3364663499987257	1.3502338750264566
2.364708554435277	3.1721389465018235	1.3364750758822448	1.3502338750264566
2.3651944649825776	3.172788355936821	1.3364838035389435	1.3502338750264566
2.365680375529878	3.173437769612763	1.3364925329688586	1.3502338750264566
2.3661662860771786	3.1740871875305157	1.3365012641720266	1.3502338750264566
2.366652196624479	3.174736609690945	1.3365099971484844	1.3502338750264566
2.3671381071717796	3.175386036094917	1.336518731898269	1.3502338750264566
2.36762401771908	3.1760354667432975	1.3365274684214166	1.3502338750264566
2.3681099282663807	3.176684901636954	1.3365362067179645	1.3502338750264566
2.368595838813681	3.177334340776752	1.3365449467879489	1.3502338750264566
2.3690817493609813	3.1779837841635574	1.336553688631407	1.3502338750264566
2.3695676599082818	3.178633231798237	1.3365624322483756	1.3502338750264566
2.3700535704555827	3.1792826836816572	1.336571177638891	1.3502338750264566
2.3705394810028833	3.1799321398146843	1.3365799248029906	1.3502338750264566
2.3710253915501838	3.1805816001981837	1.3365886737407104	1.3502338750264566
2.371511302097484	3.181231064833022	1.3365974244520877	1.3502338750264566
2.3719972126447844	3.181880533720066	1.336606176937159	1.3502338750264566
2.3724831231920853	3.1825300068601816	1.3366149311959612	1.3502338750264566
2.3729690337393854	3.183179484254235	1.3366236872285309	1.3502338750264566
2.373454944286686	3.1838289659030923	1.336632445034905	1.3502338750264566
2.3739408548339864	3.18447845180762	1.3366412046151201	1.3502338750264566
2.374426765381287	3.1851279419686844	1.336649965969213	1.3502338750264566
2.3749126759285875	3.185777436387151	1.3366587290972205	1.3502338750264566
2.375398586475888	3.1864269350638876	1.3366674939991794	1.3502338750264566
2.3758844970231885	3.1870764379997594	1.3366762606751263	1.3502338750264566
2.376370407570489	3.1877259451956323	1.3366850291250982	1.3502338750264566
2.3768563181177895	3.188375456652373	1.3366937993491315	1.3502338750264566
2.37734222866509	3.189024972370848	1.3367025713472631	1.3502338750264566
2.3778281392123906	3.1896744923519234	1.33671134511953	1.3502338750264566
2.378314049759691	3.1903240165964655	1.3367201206659687	1.3502338750264566
2.3787999603069916	3.1909735451053396	1.3367288979866159	1.3502338750264566
2.379285870854292	3.1916230778794135	1.3367376770815085	1.3502338750264566
2.3797717814015926	3.1922726149195526	1.3367464579506831	1.3502338750264566
2.380257691948893	3.192922156226623	1.3367552405941765	1.3502338750264566
2.380743602496193	3.193571701801491	1.3367640250120256	1.3502338750264566
2.3812295130434937	3.1942212516450237	1.3367728112042672	1.3502338750264566
2.3817154235907947	3.1948708057580864	1.3367815991709378	1.3502338750264566
2.382201334138095	3.195520364141546	1.336790388912074	1.3502338750264566
2.3826872446853953	3.1961699267962675	1.336799180427713	1.3502338750264566
2.383173155232696	3.196819493723119	1.3368079737178915	1.3502338750264566
2.3836590657799963	3.197469064922965	1.336816768782646	1.3502338750264566
2.3841449763272973	3.198118640396673	1.3368255656220132	1.3502338750264566
2.3846308868745973	3.1987682201451086	1.33683436423603	1.3502338750264566
2.385116797421898	3.1994178041691383	1.3368431646247334	1.3502338750264566
2.3856027079691984	3.2000673924696286	1.3368519667881598	1.3502338750264566
2.386088618516499	3.2007169850474453	1.336860770726346	1.3502338750264566
2.3865745290637994	3.2013665819034545	1.336869576439329	1.3502338750264566
2.3870604396111	3.2020161830385225	1.3368783839271452	1.3502338750264566
2.3875463501584004	3.2026657884535163	1.3368871931898316	1.3502338750264566
2.388032260705701	3.203315398149302	1.3368960042274247	1.3502338750264566
2.3885181712530015	3.2039650121267442	1.3369048170399616	1.3502338750264566
2.389004081800302	3.2046146303867116	1.3369136316274788	1.3502338750264566
2.3894899923476025	3.205264252930069	1.3369224479900133	1.3502338750264566
2.389975902894903	3.205913879757683	1.3369312661276014	1.3502338750264566
2.3904618134422035	3.206563510870419	1.3369400860402803	1.3502338750264566
2.390947723989504	3.2072131462691447	1.3369489077280863	1.3502338750264566
2.3914336345368046	3.2078627859547257	1.3369577311910568	1.3502338750264566
2.391919545084105	3.208512429928028	1.336966556429228	1.3502338750264566
2.392405455631405	3.209162078189918	1.3369753834426368	1.3502338750264566
2.3928913661787057	3.2098117307412624	1.33698421223132	1.3502338750264566
2.3933772767260066	3.2104613875829267	1.3369930427953143	1.3502338750264566
2.393863187273307	3.211111048715778	1.3370018751346566	1.3502338750264566
2.3943490978206072	3.211760714140681	1.3370107092493835	1.3502338750264566
2.3948350083679077	3.212410383858504	1.3370195451395317	1.3502338750264566
2.3953209189152083	3.213060057870112	1.337028382805138	1.3502338750264566
2.3958068294625092	3.2137097361763716	1.3370372222462392	1.3502338750264566
2.3962927400098093	3.2143594187781486	1.3370460634628722	1.3502338750264566
2.39677865055711	3.2150091056763097	1.3370549064550736	1.3502338750264566
2.3972645611044103	3.2156587968717214	1.33706375122288	1.3502338750264566
2.397750471651711	3.216308492365249	1.3370725977663283	1.3502338750264566
2.3982363821990114	3.21695819215776	1.3370814460854552	1.3502338750264566
2.398722292746312	3.2176078962501196	1.3370902961802977	1.3502338750264566
2.3992082032936124	3.2182576046431945	1.3370991480508922	1.3502338750264566
2.399694113840913	3.2189073173378513	1.3371080016972756	1.3502338750264566
2.4001800243882134	3.219557034334955	1.3371168571194847	1.3502338750264566
2.400665934935514	3.2202067556353735	1.3371257143175563	1.3502338750264566
2.4011518454828145	3.220856481239972	1.337134573291527	1.3502338750264566
2.401637756030115	3.2215062111496167	1.3371434340414334	1.3502338750264566
2.4021236665774155	3.222155945365174	1.3371522965673126	1.3502338750264566
2.402609577124716	3.2228056838875108	1.3371611608692013	1.3502338750264566
2.4030954876720165	3.223455426717493	1.337170026947136	1.3502338750264566
2.4035813982193166	3.224105173855986	1.3371788948011538	1.3502338750264566
2.404067308766617	3.224754925303857	1.337187764431291	1.3502338750264566
2.4045532193139176	3.2254046810619723	1.3371966358375849	1.3502338750264566
2.4050391298612186	3.2260544411311978	1.3372055090200718	1.3502338750264566
2.405525040408519	3.2267042055123993	1.3372143839787887	1.3502338750264566
2.406010950955819	3.227353974206444	1.3372232607137722	1.3502338750264566
2.4064968615031197	3.2280037472141974	1.337232139225059	1.3502338750264566
2.40698277205042	3.2286535245365258	1.337241019512686	1.3502338750264566
2.4074686825977207	3.229303306174296	1.33724990157669	1.3502338750264566
2.4079545931450212	3.229953092128374	1.3372587854171079	1.3502338750264566
2.4084405036923218	3.2306028823996256	1.337267671033976	1.3502338750264566
2.4089264142396223	3.231252676988918	1.3372765584273312	1.3502338750264566
2.409412324786923	3.2319024758971167	1.3372854475972105	1.3502338750264566
2.4098982353342233	3.2325522791250876	1.3372943385436504	1.3502338750264566
2.410384145881524	3.233202086673698	1.3373032312666877	1.3502338750264566
2.4108700564288243	3.233851898543813	1.3373121257663592	1.3502338750264566
2.411355966976125	3.2345017147362998	1.3373210220427016	1.3502338750264566
2.4118418775234254	3.235151535252024	1.3373299200957518	1.3502338750264566
2.412327788070726	3.235801360091853	1.3373388199255463	1.3502338750264566
2.4128136986180264	3.236451189256652	1.3373477215321221	1.3502338750264566
2.413299609165327	3.237101022747287	1.3373566249155158	1.3502338750264566
2.4137855197126274	3.2377508605646246	1.337365530075764	1.3502338750264566
2.414271430259928	3.2384007027095314	1.337374437012904	1.3502338750264566
2.4147573408072285	3.2390505491828736	1.337383345726972	1.3502338750264566
2.4152432513545286	3.2397003999855167	1.337392256218005	1.3502338750264566
2.415729161901829	3.240350255118328	1.3374011684860394	1.3502338750264566
2.4162150724491296	3.241000114582173	1.3374100825311126	1.3502338750264566
2.4167009829964305	3.2416499783779185	1.337418998353261	1.3502338750264566
2.417186893543731	3.2422998465064303	1.337427915952521	1.3502338750264566
2.417672804091031	3.2429497189685748	1.33743683532893	1.3502338750264566
2.4181587146383317	3.243599595765218	1.3374457564825244	1.3502338750264566
2.418644625185632	3.2442494768972265	1.337454679413341	1.3502338750264566
2.4191305357329327	3.2448993623654663	1.3374636041214165	1.3502338750264566
2.419616446280233	3.2455492521708043	1.3374725306067878	1.3502338750264566
2.4201023568275337	3.246199146314106	1.3374814588694914	1.3502338750264566
2.4205882673748342	3.2468490447962375	1.3374903889095644	1.3502338750264566
2.4210741779221348	3.247498947618066	1.3374993207270434	1.3502338750264566
2.4215600884694353	3.2481488547804567	1.337508254321965	1.3502338750264566
2.422045999016736	3.2487987662842763	1.337517189694366	1.3502338750264566
2.4225319095640363	3.2494486821303914	1.3375261268442833	1.3502338750264566
2.423017820111337	3.250098602319668	1.3375350657717535	1.3502338750264566
2.4235037306586373	3.2507485268529717	1.3375440064768134	1.3502338750264566
2.423989641205938	3.2513984557311697	1.3375529489594997	1.3502338750264566
2.4244755517532384	3.252048388955128	1.3375618932198494	1.3502338750264566
2.424961462300539	3.252698326525713	1.337570839257899	1.3502338750264566
2.4254473728478394	3.2533482684437898	1.3375797870736854	1.3502338750264566
2.42593328339514	3.2539982147102258	1.3375887366672452	1.3502338750264566
2.4264191939424404	3.254648165325887	1.3375976880386151	1.3502338750264566
2.4269051044897405	3.25529812029164	1.3376066411878322	1.3502338750264566
2.427391015037041	3.25594807960835	1.337615596114933	1.3502338750264566
2.4278769255843415	3.2565980432768846	1.3376245528199542	1.3502338750264566
2.4283628361316425	3.2572480112981093	1.3376335113029325	1.3502338750264566
2.428848746678943	3.25789798367289	1.337642471563905	1.3502338750264566
2.429334657226243	3.2585479604020935	1.3376514336029082	1.3502338750264566
2.4298205677735436	3.259197941486586	1.3376603974199788	1.3502338750264566
2.430306478320844	3.2598479269272334	1.3376693630151537	1.3502338750264566
2.4307923888681446	3.260497916724902	1.3376783303884694	1.3502338750264566
2.431278299415445	3.261147910880459	1.3376872995399631	1.3502338750264566
2.4317642099627457	3.2617979093947693	1.337696270469671	1.3502338750264566
2.432250120510046	3.2624479122687005	1.3377052431776304	1.3502338750264566
2.4327360310573467	3.263097919503117	1.3377142176638779	1.3502338750264566
2.433221941604647	3.263747931098887	1.33772319392845	1.3502338750264566
2.4337078521519477	3.2643979470568754	1.3377321719713835	1.3502338750264566
2.4341937626992483	3.2650479673779493	1.3377411517927151	1.3502338750264566
2.4346796732465488	3.265697992062974	1.337750133392482	1.3502338750264566
2.4351655837938493	3.2663480211128166	1.3377591167707206	1.3502338750264566
2.43565149434115	3.2669980545283437	1.3377681019274676	1.3502338750264566
2.4361374048884503	3.2676480923104205	1.33777708886276	1.3502338750264566
2.4366233154357504	3.268298134459913	1.3377860775766341	1.3502338750264566
2.4371092259830514	3.2689481809776892	1.3377950680691273	1.3502338750264566
2.437595136530352	3.269598231864614	1.3378040603402759	1.3502338750264566
2.4380810470776524	3.2702482871215537	1.3378130543901168	1.3502338750264566
2.4385669576249525	3.2708983467493744	1.3378220502186866	1.3502338750264566
2.439052868172253	3.2715484107489434	1.337831047826022	1.3502338750264566
2.4395387787195535	3.2721984791211263	1.3378400472121603	1.3502338750264566
2.4400246892668545	3.272848551866789	1.3378490483771377	1.3502338750264566
2.4405105998141545	3.2734986289867978	1.337858051320991	1.3502338750264566
2.440996510361455	3.2741487104820197	1.337867056043757	1.3502338750264566
2.4414824209087556	3.2747987963533203	1.3378760625454729	1.3502338750264566
2.441968331456056	3.275448886601566	1.3378850708261747	1.3502338750264566
2.4424542420033566	3.276098981227623	1.3378940808858997	1.3502338750264566
2.442940152550657	3.276749080232358	1.3379030927246844	1.3502338750264566
2.4434260630979576	3.277399183616636	1.3379121063425656	1.3502338750264566
2.443911973645258	3.278049291381325	1.33792112173958	1.3502338750264566
2.4443978841925587	3.27869940352729	1.3379301389157647	1.3502338750264566
2.444883794739859	3.2793495200553973	1.337939157871156	1.3502338750264566
2.4453697052871597	3.279999640966514	1.337948178605791	1.3502338750264566
2.44585561583446	3.2806497662615057	1.337957201119706	1.3502338750264566
2.4463415263817607	3.2812998959412383	1.337966225412938	1.3502338750264566
2.4468274369290612	3.281950030006579	1.337975251485524	1.3502338750264566
2.4473133474763618	3.2826001684583934	1.3379842793375005	1.3502338750264566
2.4477992580236623	3.283250311297548	1.3379933089689042	1.3502338750264566
2.4482851685709623	3.2839004585249087	1.338002340379772	1.3502338750264566
2.4487710791182633	3.284550610141342	1.3380113735701407	1.3502338750264566
2.449256989665564	3.2852007661477143	1.338020408540047	1.3502338750264566
2.4497429002128643	3.285850926544892	1.3380294452895272	1.3502338750264566
2.4502288107601644	3.2865010913337405	1.3380384838186188	1.3502338750264566
2.450714721307465	3.2871512605151265	1.338047524127358	1.3502338750264566
2.4512006318547654	3.287801434089917	1.3380565662157817	1.3502338750264566
2.4516865424020664	3.288451612058977	1.3380656100839268	1.3502338750264566
2.4521724529493665	3.2891017944231735	1.33807465573183	1.3502338750264566
2.452658363496667	3.2897519811833726	1.3380837031595278	1.3502338750264566
2.4531442740439675	3.2904021723404404	1.3380927523670574	1.3502338750264566
2.453630184591268	3.2910523678952437	1.3381018033544552	1.3502338750264566
2.4541160951385685	3.2917025678486476	1.3381108561217578	1.3502338750264566
2.454602005685869	3.29235277220152	1.3381199106690025	1.3502338750264566
2.4550879162331696	3.2930029809547254	1.3381289669962257	1.3502338750264566
2.45557382678047	3.2936531941091314	1.3381380251034642	1.3502338750264566
2.4560597373277706	3.294303411665603	1.3381470849907549	1.3502338750264566
2.456545647875071	3.294953633625008	1.3381561466581342	1.3502338750264566
2.4570315584223716	3.2956038599882116	1.3381652101056392	1.3502338750264566
2.4575174689696717	3.2962540907560802	1.3381742753333064	1.3502338750264566
2.4580033795169727	3.29690432592948	1.3381833423411726	1.3502338750264566
2.458489290064273	3.2975545655092775	1.3381924111292747	1.3502338750264566
2.4589752006115737	3.298204809496339	1.3382014816976495	1.3502338750264566
2.4594611111588742	3.2988550578915303	1.3382105540463334	1.3502338750264566
2.4599470217061743	3.299505310695718	1.3382196281753636	1.3502338750264566
2.4604329322534753	3.3001555679097683	1.3382287040847765	1.3502338750264566
2.4609188428007758	3.3008058295345473	1.338237781774609	1.3502338750264566
2.461404753348076	3.301456095570921	1.3382468612448977	1.3502338750264566
2.4618906638953764	3.3021063660197565	1.3382559424956795	1.3502338750264566
2.462376574442677	3.3027566408819196	1.3382650255269912	1.3502338750264566
2.4628624849899774	3.3034069201582765	1.3382741103388693	1.3502338750264566
2.4633483955372784	3.3040572038496934	1.3382831969313511	1.3502338750264566
2.4638343060845784	3.304707491957036	1.3382922853044728	1.3502338750264566
2.464320216631879	3.305357784481172	1.338301375458271	1.3502338750264566
2.4648061271791795	3.3060080814229664	1.3383104673927833	1.3502338750264566
2.46529203772648	3.3066583827832856	1.3383195611080456	1.3502338750264566
2.4657779482737805	3.3073086885629963	1.3383286566040953	1.3502338750264566
2.466263858821081	3.307958998762965	1.3383377538809684	1.3502338750264566
2.4667497693683815	3.308609313384057	1.3383468529387024	1.3502338750264566
2.467235679915682	3.309259632427139	1.3383559537773337	1.3502338750264566
2.4677215904629826	3.3099099558930773	1.338365056396899	1.3502338750264566
2.468207501010283	3.3105602837827384	1.3383741607974353	1.3502338750264566
2.4686934115575836	3.311210616096988	1.338383266978979	1.3502338750264566
2.4691793221048837	3.3118609528366925	1.3383923749415672	1.3502338750264566
2.4696652326521846	3.312511294002719	1.3384014846852363	1.3502338750264566
2.470151143199485	3.3131616395959322	1.3384105962100235	1.3502338750264566
2.4706370537467857	3.3138119896172	1.3384197095159651	1.3502338750264566
2.471122964294086	3.3144623440673873	1.3384288246030982	1.3502338750264566
2.4716088748413862	3.315112702947361	1.3384379414714593	1.3502338750264566
2.472094785388687	3.315763066257987	1.3384470601210852	1.3502338750264566
2.4725806959359877	3.316413434000132	1.3384561805520128	1.3502338750264566
2.473066606483288	3.317063806174662	1.3384653027642788	1.3502338750264566
2.4735525170305883	3.317714182782443	1.3384744267579198	1.3502338750264566
2.474038427577889	3.3183645638243418	1.3384835525329728	1.3502338750264566
2.4745243381251893	3.3190149493012244	1.3384926800894743	1.3502338750264566
2.4750102486724903	3.319665339213957	1.338501809427461	1.3502338750264566
2.4754961592197904	3.3203157335634055	1.3385109405469702	1.3502338750264566
2.475982069767091	3.320966132350437	1.338520073448038	1.3502338750264566
2.4764679803143914	3.321616535575917	1.3385292081307014	1.3502338750264566
2.476953890861692	3.3222669432407117	1.3385383445949972	1.3502338750264566
2.4774398014089924	3.3229173553456883	1.3385474828409623	1.3502338750264566
2.477925711956293	3.323567771891712	1.338556622868633	1.3502338750264566
2.4784116225035935	3.3242181928796497	1.3385657646780464	1.3502338750264566
2.478897533050894	3.3248686183103677	1.3385749082692393	1.3502338750264566
2.4793834435981945	3.325519048184731	1.3385840536422482	1.3502338750264566
2.479869354145495	3.3261694825036074	1.33859320079711	1.3502338750264566
2.4803552646927955	3.3268199212678624	1.3386023497338615	1.3502338750264566
2.4808411752400956	3.3274703644783625	1.3386115004525392	1.3502338750264566
2.4813270857873966	3.3281208121359738	1.3386206529531801	1.3502338750264566
2.481812996334697	3.3287712642415626	1.338629807235821	1.3502338750264566
2.4822989068819976	3.3294217207959953	1.3386389633004985	1.3502338750264566
2.482784817429298	3.330072181800138	1.3386481211472492	1.3502338750264566
2.483270727976598	3.3307226472548566	1.3386572807761101	1.3502338750264566
2.483756638523899	3.331373117161018	1.338666442187118	1.3502338750264566
2.4842425490711997	3.332023591519488	1.3386756053803095	1.3502338750264566
2.4847284596184998	3.332674070331133	1.3386847703557214	1.3502338750264566
2.4852143701658003	3.333324553596819	1.3386939371133904	1.3502338750264566
2.485700280713101	3.3339750413174127	1.3387031056533534	1.3502338750264566
2.4861861912604013	3.33462553349378	1.338712275975647	1.3502338750264566
2.4866721018077023	3.3352760301267876	1.3387214480803078	1.3502338750264566
2.4871580123550023	3.335926531217301	1.338730621967373	1.3502338750264566
2.487643922902303	3.3365770367661876	1.338739797636879	1.3502338750264566
2.4881298334496034	3.3372275467743124	1.3387489750888626	1.3502338750264566
2.488615743996904	3.3378780612425416	1.3387581543233606	1.3502338750264566
2.4891016545442044	3.338528580171743	1.3387673353404097	1.3502338750264566
2.489587565091505	3.3391791035627816	1.3387765181400468	1.3502338750264566
2.4900734756388054	3.339829631416524	1.3387857027223085	1.3502338750264566
2.490559386186106	3.340480163733836	1.3387948890872317	1.3502338750264566
2.4910452967334065	3.341130700515584	1.338804077234853	1.3502338750264566
2.491531207280707	3.341781241762635	1.338813267165209	1.3502338750264566
2.4920171178280075	3.3424317874758547	1.338822458878337	1.3502338750264566
2.4925030283753076	3.343082337656109	1.3388316523742734	1.3502338750264566
2.4929889389226085	3.343732892304265	1.3388408476530547	1.3502338750264566
2.493474849469909	3.344383451421188	1.338850044714718	1.3502338750264566
2.4939607600172096	3.3450340150077453	1.3388592435593	1.3502338750264566
2.49444667056451	3.345684583064802	1.3388684441868375	1.3502338750264566
2.49493258111181	3.346335155593225	1.338877646597367	1.3502338750264566
2.495418491659111	3.3469857325938803	1.3388868507909257	1.3502338750264566
2.4959044022064116	3.3476363140676346	1.3388960567675499	1.3502338750264566
2.4963903127537117	3.3482869000153537	1.3389052645272763	1.3502338750264566
2.496876223301012	3.348937490437904	1.3389144740701422	1.3502338750264566
2.4973621338483127	3.3495880853361517	1.338923685396184	1.3502338750264566
2.4978480443956133	3.3502386847109635	1.3389328985054383	1.3502338750264566
2.4983339549429138	3.3508892885632044	1.338942113397942	1.3502338750264566
2.4988198654902143	3.351539896893742	1.3389513300737321	1.3502338750264566
2.499305776037515	3.3521905097034423	1.3389605485328449	1.3502338750264566
2.4997916865848153	3.352841126993171	1.3389697687753175	1.3502338750264566
2.500277597132116	3.3534917487637945	1.3389789908011867	1.3502338750264566
2.5007635076794164	3.35414237501618	1.3389882146104888	1.3502338750264566
2.501249418226717	3.354793005751192	1.338997440203261	1.3502338750264566
2.5017353287740174	3.355443640969698	1.3390066675795398	1.3502338750264566
2.502221239321318	3.356094280672564	1.339015896739362	1.3502338750264566
2.5027071498686184	3.356744924860656	1.3390251276827645	1.3502338750264566
2.503193060415919	3.3573955735348404	1.3390343604097839	1.3502338750264566
2.503678970963219	3.3580462266959836	1.3390435949204569	1.3502338750264566
2.5041648815105195	3.3586968843449516	1.3390528312148204	1.3502338750264566
2.5046507920578205	3.359347546482611	1.3390620692929112	1.3502338750264566
2.505136702605121	3.359998213109828	1.3390713091547657	1.3502338750264566
2.5056226131524215	3.3606488842274684	1.339080550800421	1.3502338750264566
2.5061085236997216	3.3612995598363984	1.3390897942299138	1.3502338750264566
2.506594434247022	3.3619502399374848	1.339099039443281	1.3502338750264566
2.507080344794323	3.362600924531594	1.3391082864405588	1.3502338750264566
2.507566255341623	3.363251613619591	1.3391175352217846	1.3502338750264566
2.5080521658889237	3.363902307202344	1.3391267857869946	1.3502338750264566
2.508538076436224	3.3645530052807175	1.339136038136226	1.3502338750264566
2.5090239869835247	3.3652037078555788	1.3391452922695153	1.3502338750264566
2.509509897530825	3.3658544149277936	1.3391545481868992	1.3502338750264566
2.5099958080781257	3.366505126498228	1.3391638058884145	1.3502338750264566
2.5104817186254262	3.3671558425677484	1.3391730653740983	1.3502338750264566
2.5109676291727268	3.367806563137222	1.3391823266439868	1.3502338750264566
2.5114535397200273	3.3684572882075132	1.3391915896981172	1.3502338750264566
2.511939450267328	3.36910801777949	1.339200854536526	1.3502338750264566
2.5124253608146283	3.369758751854018	1.33921012115925	1.3502338750264566
2.512911271361929	3.3704094904319635	1.339219389566326	1.3502338750264566
2.5133971819092293	3.3710602335141924	1.3392286597577907	1.3502338750264566
2.51388309245653	3.371710981101571	1.3392379317336809	1.3502338750264566
2.5143690030038304	3.372361733194966	1.3392472054940332	1.3502338750264566
2.514854913551131	3.3730124897952436	1.3392564810388845	1.3502338750264566
2.515340824098431	3.3736632509032694	1.3392657583682717	1.3502338750264566
2.5158267346457315	3.37431401651991	1.339275037482231	1.3502338750264566
2.5163126451930324	3.374964786646032	1.3392843183807999	1.3502338750264566
2.516798555740333	3.3756155612825016	1.3392936010640146	1.3502338750264566
2.5172844662876335	3.3762663404301847	1.3393028855319122	1.3502338750264566
2.5177703768349335	3.3769171240899474	1.339312171784529	1.3502338750264566
2.518256287382234	3.3775679122626565	1.3393214598219023	1.3502338750264566
2.518742197929535	3.378218704949178	1.3393307496440685	1.3502338750264566
2.519228108476835	3.3788695021503776	1.3393400412510645	1.3502338750264566
2.5197140190241356	3.379520303867123	1.3393493346429268	1.3502338750264566
2.520199929571436	3.380171110100279	1.3393586298196924	1.3502338750264566
2.5206858401187366	3.3808219208507126	1.339367926781398	1.3502338750264566
2.521171750666037	3.3814727361192896	1.3393772255280805	1.3502338750264566
2.5216576612133377	3.382123555906876	1.3393865260597764	1.3502338750264566
2.522143571760638	3.3827743802143395	1.3393958283765224	1.3502338750264566
2.5226294823079387	3.383425209042545	1.3394051324783556	1.3502338750264566
2.5231153928552392	3.3840760423923584	1.3394144383653124	1.3502338750264566
2.5236013034025397	3.3847268802646475	1.3394237460374299	1.3502338750264566
2.5240872139498403	3.3853777226602775	1.3394330554947445	1.3502338750264566
2.5245731244971408	3.386028569580115	1.339442366737293	1.3502338750264566
2.5250590350444413	3.3866794210250264	1.3394516797651124	1.3502338750264566
2.525544945591742	3.387330276995877	1.3394609945782392	1.3502338750264566
2.5260308561390423	3.387981137493534	1.3394703111767101	1.3502338750264566
2.526516766686343	3.388632002518863	1.3394796295605624	1.3502338750264566
2.527002677233643	3.389282872072731	1.3394889497298321	1.3502338750264566
2.5274885877809434	3.3899337461560037	1.3394982716845565	1.3502338750264566
2.5279744983282444	3.3905846247695477	1.3395075954247722	1.3502338750264566
2.528460408875545	3.391235507914229	1.3395169209505158	1.3502338750264566
2.5289463194228454	3.3918863955909138	1.3395262482618242	1.3502338750264566
2.5294322299701455	3.3925372878004683	1.339535577358734	1.3502338750264566
2.529918140517446	3.3931881845437593	1.3395449082412823	1.3502338750264566
2.530404051064747	3.3938390858216523	1.3395542409095056	1.3502338750264566
2.530889961612047	3.3944899916350137	1.3395635753634405	1.3502338750264566
2.5313758721593476	3.39514090198471	1.3395729116031239	1.3502338750264566
2.531861782706648	3.3957918168716077	1.3395822496285927	1.3502338750264566
2.5323476932539486	3.396442736296573	1.3395915894398835	1.3502338750264566
2.532833603801249	3.3970936602604715	1.339600931037033	1.3502338750264566
2.5333195143485496	3.3977445887641697	1.3396102744200782	1.3502338750264566
2.53380542489585	3.3983955218085344	1.3396196195890555	1.3502338750264566
2.5342913354431507	3.399046459394431	1.3396289665440018	1.3502338750264566
2.534777245990451	3.3996974015227264	1.339638315284954	1.3502338750264566
2.5352631565377517	3.4003483481942864	1.3396476658119487	1.3502338750264566
2.535749067085052	3.400999299409978	1.3396570181250227	1.3502338750264566
2.5362349776323527	3.4016502551706664	1.3396663722242126	1.3502338750264566
2.5367208881796532	3.4023012154772188	1.3396757281095555	1.3502338750264566
2.5372067987269538	3.4029521803305007	1.3396850857810878	1.3502338750264566
2.5376927092742543	3.403603149731379	1.3396944452388464	1.3502338750264566
2.538178619821555	3.4042541236807193	1.339703806482868	1.3502338750264566
2.538664530368855	3.404905102179388	1.3397131695131894	1.3502338750264566
2.5391504409161554	3.405556085228252	1.3397225343298473	1.3502338750264566
2.5396363514634563	3.4062070728281766	1.3397319009328785	1.3502338750264566
2.540122262010757	3.406858064980029	1.3397412693223198	1.3502338750264566
2.5406081725580574	3.407509061684675	1.339750639498208	1.3502338750264566
2.5410940831053574	3.4081600629429802	1.3397600114605797	1.3502338750264566
2.541579993652658	3.4088110687558117	1.3397693852094716	1.3502338750264566
2.542065904199959	3.4094620791240358	1.3397787607449205	1.3502338750264566
2.542551814747259	3.4101130940485183	1.3397881380669634	1.3502338750264566
2.5430377252945595	3.4107641135301257	1.3397975171756367	1.3502338750264566
2.54352363584186	3.411415137569724	1.3398068980709774	1.3502338750264566
2.5440095463891605	3.4120661661681795	1.339816280753022	1.3502338750264566
2.544495456936461	3.4127171993263588	1.3398256652218077	1.3502338750264566
2.5449813674837616	3.4133682370451277	1.3398350514773707	1.3502338750264566
2.545467278031062	3.4140192793253528	1.339844439519748	1.3502338750264566
2.5459531885783626	3.4146703261679003	1.3398538293489763	1.3502338750264566
2.546439099125663	3.415321377573636	1.3398632209650927	1.3502338750264566
2.5469250096729636	3.4159724335434265	1.3398726143681334	1.3502338750264566
2.547410920220264	3.4166234940781384	1.3398820095581356	1.3502338750264566
2.5478968307675647	3.4172745591786375	1.3398914065351357	1.3502338750264566
2.548382741314865	3.41792562884579	1.3399008052991708	1.3502338750264566
2.5488686518621657	3.418576703080462	1.3399102058502774	1.3502338750264566
2.5493545624094662	3.4192277818835204	1.3399196081884923	1.3502338750264566
2.5498404729567667	3.419878865255831	1.3399290123138523	1.3502338750264566
2.550326383504067	3.42052995319826	1.339938418226394	1.3502338750264566
2.5508122940513673	3.4211810457116743	1.3399478259261544	1.3502338750264566
2.5512982045986683	3.4218321427969394	1.3399572354131701	1.3502338750264566
2.551784115145969	3.422483244454922	1.3399666466874778	1.3502338750264566
2.5522700256932693	3.4231343506864875	1.3399760597491144	1.3502338750264566
2.5527559362405694	3.423785461492503	1.3399854745981166	1.3502338750264566
2.55324184678787	3.4244365768738345	1.339994891234521	1.3502338750264566
2.5537277573351704	3.425087696831348	1.3400043096583647	1.3502338750264566
2.554213667882471	3.425738821365911	1.340013729869684	1.3502338750264566
2.5546995784297715	3.426389950478388	1.340023151868516	1.3502338750264566
2.555185488977072	3.4270410841696464	1.3400325756548974	1.3502338750264566
2.5556713995243725	3.4276922224405517	1.3400420012288647	1.3502338750264566
2.556157310071673	3.4283433652919704	1.340051428590455	1.3502338750264566
2.5566432206189735	3.428994512724769	1.3400608577397048	1.3502338750264566
2.557129131166274	3.429645664739814	1.3400702886766511	1.3502338750264566
2.5576150417135746	3.4302968213379708	1.3400797214013302	1.3502338750264566
2.558100952260875	3.4309479825201064	1.3400891559137793	1.3502338750264566
2.5585868628081756	3.431599148287087	1.3400985922140352	1.3502338750264566
2.559072773355476	3.4322503186397784	1.3401080303021342	1.3502338750264566
2.5595586839027766	3.432901493579047	1.3401174701781133	1.3502338750264566
2.5600445944500767	3.4335526731057584	1.3401269118420094	1.3502338750264566
2.5605305049973777	3.4342038572207807	1.340136355293859	1.3502338750264566
2.561016415544678	3.4348550459249783	1.340145800533699	1.3502338750264566
2.5615023260919783	3.4355062392192184	1.340155247561566	1.3502338750264566
2.5619882366392788	3.4361574371043666	1.340164696377497	1.3502338750264566
2.5624741471865793	3.4368086395812902	1.3401741469815285	1.3502338750264566
2.5629600577338802	3.437459846650855	1.3401835993736972	1.3502338750264566
2.5634459682811808	3.4381110583139263	1.3401930535540403	1.3502338750264566
2.563931878828481	3.438762274571371	1.3402025095225942	1.3502338750264566
2.5644177893757814	3.4394134954240556	1.3402119672793955	1.3502338750264566
2.564903699923082	3.4400647208728468	1.3402214268244814	1.3502338750264566
2.5653896104703824	3.4407159509186096	1.3402308881578884	1.3502338750264566
2.565875521017683	3.441367185562211	1.3402403512796532	1.3502338750264566
2.5663614315649834	3.4420184248045174	1.3402498161898126	1.3502338750264566
2.566847342112284	3.4426696686463947	1.3402592828884035	1.3502338750264566
2.5673332526595845	3.443320917088709	1.3402687513754623	1.3502338750264566
2.567819163206885	3.4439721701323265	1.340278221651026	1.3502338750264566
2.5683050737541855	3.4446234277781143	1.3402876937151316	1.3502338750264566
2.568790984301486	3.445274690026938	1.3402971675678153	1.3502338750264566
2.5692768948487865	3.4459259568796634	1.3403066432091142	1.3502338750264566
2.569762805396087	3.446577228337158	1.340316120639065	1.3502338750264566
2.5702487159433876	3.4472285044002873	1.3403255998577044	1.3502338750264566
2.570734626490688	3.4478797850699174	1.3403350808650691	1.3502338750264566
2.5712205370379886	3.4485310703469145	1.3403445636611961	1.3502338750264566
2.5717064475852887	3.449182360232145	1.3403540482461218	1.3502338750264566
2.5721923581325896	3.4498336547264756	1.3403635346198832	1.3502338750264566
2.57267826867989	3.450484953830772	1.340373022782517	1.3502338750264566
2.57316417922719	3.4511362575459	1.34038251273406	1.3502338750264566
2.5736500897744907	3.4517875658727273	1.340392004474549	1.3502338750264566
2.5741360003217912	3.4524388788121194	1.3404014980040204	1.3502338750264566
2.574621910869092	3.453090196364942	1.3404109933225112	1.3502338750264566
2.5751078214163927	3.453741518532062	1.3404204904300583	1.3502338750264566
2.575593731963693	3.454392845314345	1.3404299893266982	1.3502338750264566
2.5760796425109933	3.4550441767126583	1.3404394900124676	1.3502338750264566
2.576565553058294	3.4556955127278677	1.3404489924874037	1.3502338750264566
2.5770514636055943	3.4563468533608384	1.3404584967515427	1.3502338750264566
2.577537374152895	3.456998198612438	1.3404680028049218	1.3502338750264566
2.5780232847001954	3.457649548483533	1.3404775106475775	1.3502338750264566
2.578509195247496	3.458300902974988	1.3404870202795465	1.3502338750264566
2.5789951057947964	3.4589522620876707	1.3404965317008657	1.3502338750264566
2.579481016342097	3.4596036258224467	1.3405060449115718	1.3502338750264566
2.5799669268893974	3.460254994180182	1.3405155599117016	1.3502338750264566
2.580452837436698	3.460906367161744	1.3405250767012917	1.3502338750264566
2.5809387479839985	3.4615577447679975	1.3405345952803789	1.3502338750264566
2.581424658531299	3.46220912699981	1.3405441156490001	1.3502338750264566
2.5819105690785995	3.462860513858047	1.340553637807192	1.3502338750264566
2.5823964796259	3.463511905343575	1.3405631617549914	1.3502338750264566
2.5828823901732005	3.46416330145726	1.3405726874924349	1.3502338750264566
2.5833683007205006	3.464814702199968	1.3405822150195592	1.3502338750264566
2.5838542112678016	3.4654661075725666	1.3405917443364013	1.3502338750264566
2.584340121815102	3.4661175175759205	1.3406012754429977	1.3502338750264566
2.584826032362402	3.4667689322108965	1.3406108083393853	1.3502338750264566
2.5853119429097027	3.4674203514783613	1.340620343025601	1.3502338750264566
2.585797853457003	3.468071775379181	1.340629879501681	1.3502338750264566
2.586283764004304	3.4687232039142213	1.3406394177676628	1.3502338750264566
2.5867696745516047	3.469374637084349	1.3406489578235825	1.3502338750264566
2.5872555850989047	3.4700260748904297	1.3406584996694773	1.3502338750264566
2.5877414956462053	3.47067751733333	1.3406680433053837	1.3502338750264566
2.5882274061935058	3.471328964413917	1.3406775887313385	1.3502338750264566
2.5887133167408063	3.471980416133055	1.3406871359473786	1.3502338750264566
2.589199227288107	3.472631872491612	1.3406966849535404	1.3502338750264566
2.5896851378354073	3.473283333490454	1.3407062357498611	1.3502338750264566
2.590171048382708	3.473934799130447	1.3407157883363772	1.3502338750264566
2.5906569589300084	3.4745862694124567	1.3407253427131256	1.3502338750264566
2.591142869477309	3.4752377443373494	1.3407348988801426	1.3502338750264566
2.5916287800246094	3.4758892239059924	1.3407444568374656	1.3502338750264566
2.59211469057191	3.476540708119251	1.3407540165851308	1.3502338750264566
2.5926006011192104	3.477192196977992	1.3407635781231755	1.3502338750264566
2.593086511666511	3.4778436904830814	1.340773141451636	1.3502338750264566
2.5935724222138115	3.4784951886353856	1.340782706570549	1.3502338750264566
2.594058332761112	3.4791466914357705	1.3407922734799516	1.3502338750264566
2.5945442433084125	3.4797981988851028	1.3408018421798804	1.3502338750264566
2.5950301538557126	3.4804497109842476	1.340811412670372	1.3502338750264566
2.5955160644030135	3.481101227734073	1.3408209849514636	1.3502338750264566
2.596001974950314	3.481752749135444	1.3408305590231915	1.3502338750264566
2.596487885497614	3.482404275189227	1.3408401348855925	1.3502338750264566
2.5969737960449146	3.4830558058962886	1.3408497125387036	1.3502338750264566
2.597459706592215	3.4837073412574946	1.3408592919825613	1.3502338750264566
2.597945617139516	3.4843588812737116	1.3408688732172025	1.3502338750264566
2.5984315276868166	3.485010425945806	1.3408784562426639	1.3502338750264566
2.5989174382341167	3.485661975274643	1.3408880410589823	1.3502338750264566
2.599403348781417	3.4863135292610905	1.3408976276661944	1.3502338750264566
2.5998892593287177	3.4869650879060137	1.340907216064337	1.3502338750264566
2.6003751698760182	3.4876166512102786	1.3409168062534467	1.3502338750264566
2.6008610804233188	3.4882682191747523	1.3409263982335604	1.3502338750264566
2.6013469909706193	3.4889197918003005	1.3409359920047148	1.3502338750264566
2.60183290151792	3.48957136908779	1.3409455875669467	1.3502338750264566
2.6023188120652203	3.4902229510380858	1.3409551849202928	1.3502338750264566
2.602804722612521	3.490874537652055	1.3409647840647898	1.3502338750264566
2.6032906331598213	3.4915261289305644	1.3409743850004747	1.3502338750264566
2.603776543707122	3.49217772487448	1.340983987727384	1.3502338750264566
2.6042624542544224	3.4928293254846667	1.3409935922455545	1.3502338750264566
2.604748364801723	3.4934809307619923	1.341003198555023	1.3502338750264566
2.6052342753490234	3.4941325407073225	1.3410128066558262	1.3502338750264566
2.605720185896324	3.4947841553215238	1.3410224165480007	1.3502338750264566
2.6062060964436244	3.495435774605462	1.3410320282315837	1.3502338750264566
2.6066920069909245	3.496087398560003	1.3410416417066116	1.3502338750264566
2.6071779175382255	3.496739027186014	1.3410512569731212	1.3502338750264566
2.607663828085526	3.497390660484361	1.3410608740311494	1.3502338750264566
2.608149738632826	3.49804229845591	1.3410704928807327	1.3502338750264566
2.6086356491801266	3.4986939411015276	1.341080113521908	1.3502338750264566
2.609121559727427	3.49934558842208	1.341089735954712	1.3502338750264566
2.609607470274728	3.4999972404184327	1.3410993601791816	1.3502338750264566
2.610093380822028	3.5006488970914527	1.3411089861953533	1.3502338750264566
2.6105792913693286	3.501300558442006	1.341118614003264	1.3502338750264566
2.611065201916629	3.501952224470959	1.3411282436029506	1.3502338750264566
2.6115511124639297	3.5026038951791776	1.3411378749944496	1.3502338750264566
2.61203702301123	3.5032555705675286	1.341147508177798	1.3502338750264566
2.6125229335585307	3.503907250636878	1.341157143153032	1.3502338750264566
2.6130088441058312	3.5045589353880917	1.3411667799201892	1.3502338750264566
2.6134947546531317	3.5052106248220363	1.3411764184793056	1.3502338750264566
2.6139806652004323	3.505862318939578	1.3411860588304183	1.3502338750264566
2.614466575747733	3.506514017741583	1.341195700973564	1.3502338750264566
2.6149524862950333	3.507165721228918	1.3412053449087795	1.3502338750264566
2.6154383968423334	3.507817429402448	1.3412149906361015	1.3502338750264566
2.6159243073896343	3.5084691422630407	1.3412246381555668	1.3502338750264566
2.616410217936935	3.5091208598115617	1.341234287467212	1.3502338750264566
2.6168961284842354	3.5097725820488774	1.3412439385710742	1.3502338750264566
2.617382039031536	3.510424308975854	1.3412535914671897	1.3502338750264566
2.617867949578836	3.5110760405933568	1.3412632461555956	1.3502338750264566
2.6183538601261365	3.5117277769022537	1.3412729026363284	1.3502338750264566
2.6188397706734374	3.51237951790341	1.3412825609094248	1.3502338750264566
2.6193256812207375	3.513031263597692	1.3412922209749218	1.3502338750264566
2.619811591768038	3.513683013985966	1.3413018828328562	1.3502338750264566
2.6202975023153385	3.514334769069099	1.3413115464832648	1.3502338750264566
2.620783412862639	3.514986528847956	1.341321211926184	1.3502338750264566
2.62126932340994	3.515638293323404	1.3413308791616505	1.3502338750264566
2.62175523395724	3.5162900624963087	1.3413405481897014	1.3502338750264566
2.6222411445045406	3.516941836367537	1.3413502190103734	1.3502338750264566
2.622727055051841	3.517593614937955	1.341359891623703	1.3502338750264566
2.6232129655991416	3.5182453982084283	1.3413695660297273	1.3502338750264566
2.623698876146442	3.5188971861798244	1.341379242228483	1.3502338750264566
2.6241847866937427	3.5195489788530083	1.3413889202200064	1.3502338750264566
