x	chi	dchidx	s0
0.00032405186490248454	0.0	0.04960214187966184	0.04960214187966184
0.021924416491929184	0.001071392689707405	0.04959780770025206	0.04960214187966184
0.04352478111895588	0.002142600867045172	0.04958505768998955	0.04960214187966184
0.06512514574598258	0.0032134427470083883	0.049563891849071104	0.04960214187966184
0.08672551037300928	0.004283736544586487	0.04953431017726354	0.04960214187966184
0.10832587500003599	0.005353300474758792	0.04949631267422122	0.04960214187966184
0.12992623962706268	0.006421952752494522	0.04944989933948603	0.04960214187966184
0.15152660425408937	0.0074895115927527825	0.049395070172487406	0.04960214187966184
0.1731269688811161	0.008555795209621957	0.049331825182517525	0.04960214187966184
0.1947273335081428	0.009620621816723176	0.049260164386158316	0.04960214187966184
0.21632769813516947	0.010683809629545465	0.04918008777938184	0.04960214187966184
0.23792806276219616	0.011745176863545013	0.049091595357684994	0.04960214187966184
0.2595284273892229	0.01280454173409789	0.04899468711661429	0.04960214187966184
0.2811287920162496	0.013861722456500039	0.04888936305176584	0.04960214187966184
0.30272915664327626	0.014916537245967275	0.04877562315878538	0.04960214187966184
0.3243295212703029	0.015968804317635296	0.048653467433368215	0.04960214187966184
0.34592988589732965	0.01701834188655969	0.04852289587125931	0.04960214187966184
0.36753025052435634	0.018064968167715894	0.0483839084682532	0.04960214187966184
0.3891306151513831	0.019108501375999246	0.04823650522019404	0.04960214187966184
0.4107309797784097	0.02014875972622495	0.04808068612297559	0.04960214187966184
0.4323313444054364	0.02118556143312809	0.047916451172541216	0.04960214187966184
0.45393170903246316	0.022218724711363633	0.04774380036488389	0.04960214187966184
0.4755320736594898	0.02324806777550641	0.0475627336960462	0.04960214187966184
0.4971324382865165	0.024273408840051143	0.04737325116212033	0.04960214187966184
0.5187328029135432	0.02529456611941243	0.047175352759248085	0.04960214187966184
0.5403331675405699	0.026311357827924733	0.046969038483620856	0.04960214187966184
0.5619335321675967	0.027323602179842404	0.04675430833147966	0.04960214187966184
0.5835338967946233	0.028331117389339664	0.046531162299115116	0.04960214187966184
0.60513426142165	0.029333721670510623	0.04629960038286745	0.04960214187966184
0.6267346260486767	0.030331233237369252	0.04605962257912649	0.04960214187966184
0.6483349906757034	0.03132347030384942	0.04581122888433168	0.04960214187966184
0.6699353553027302	0.03231025108380486	0.045554419294972066	0.04960214187966184
0.6915357199297569	0.03329139379100917	0.04528919380758631	0.04960214187966184
0.7131360845567836	0.03426671663915585	0.04501555241876266	0.04960214187966184
0.7347364491838103	0.03523603784185827	0.04473349512513899	0.04960214187966184
0.756336813810837	0.03619917561264966	0.04444302192340277	0.04960214187966184
0.7779371784378637	0.03715594816498315	0.0441441328102911	0.04960214187966184
0.7995375430648904	0.03810617371223175	0.04383682778259066	0.04960214187966184
0.8211379076919171	0.03904967046768831	0.043521106837137745	0.04960214187966184
0.8427382723189438	0.03998625664456561	0.04319696997081827	0.04960214187966184
0.8643386369459705	0.040915750455996255	0.042864417180567736	0.04960214187966184
0.8859390015729971	0.041837970115032756	0.04252344846337127	0.04960214187966184
0.9075393662000238	0.042752733834647526	0.04217406381626359	0.04960214187966184
0.9291397308270506	0.04365985982773279	0.041816263236329046	0.04960214187966184
0.9507400954540772	0.0445591663071007	0.041450046720701565	0.04960214187966184
0.972340460081104	0.045450471485483306	0.0410754142665647	0.04960214187966184
0.9939408247081306	0.046333593575532434	0.04069236587115161	0.04960214187966184
1.0155411893351574	0.047208350789819935	0.040300901531745044	0.04960214187966184
1.037141553962184	0.04807456134083738	0.0399010212456774	0.04960214187966184
1.0587419185892106	0.048932043440996345	0.039492725010330625	0.04960214187966184
1.0803422832162375	0.04978061530262823	0.03907601282313632	0.04960214187966184
1.1019426478432641	0.05062009513798428	0.03865088468157568	0.04960214187966184
1.123543012470291	0.051450301159235705	0.0382173405831795	0.04960214187966184
1.1451433770973176	0.05227105157847349	0.03777538052552818	0.04960214187966184
1.1667437417243443	0.053082164607708565	0.037325004506251744	0.04960214187966184
1.1883441063513709	0.05388345845887175	0.0368662125230298	0.04960214187966184
1.2099444709783977	0.054674751343813666	0.03639900457359159	0.04960214187966184
1.2315448356054244	0.05545586147430488	0.035923380655715945	0.04960214187966184
1.253145200232451	0.05622660706203581	0.0354393407672313	0.04960214187966184
1.2747455648594777	0.05698680631861676	0.03494688490601572	0.04960214187966184
1.2963459294865043	0.05773627745557789	0.03444601306999685	0.04960214187966184
1.317946294113531	0.05847483868436927	0.03393672525715195	0.04960214187966184
1.339546658740558	0.05920230821636083	0.03341902146550791	0.04960214187966184
1.3611470233675846	0.05991850426284236	0.03289290169314119	0.04960214187966184
1.3827473879946113	0.06062324503502355	0.032358365938177897	0.04960214187966184
1.404347752621638	0.06131634874403399	0.031815414198793704	0.04960214187966184
1.4259481172486645	0.06199763360092308	0.03126404647321393	0.04960214187966184
1.4475484818756914	0.06266691781666017	0.03070426275971345	0.04960214187966184
1.469148846502718	0.06332401960213442	0.030136063056616827	0.04960214187966184
1.4907492111297447	0.06396875716815495	0.029559447362298145	0.04960214187966184
1.5123495757567713	0.06460094872545066	0.02897441567518115	0.04960214187966184
1.533949940383798	0.06522041248467038	0.02838096799373918	0.04960214187966184
1.555550305010825	0.06582696665642229	0.027779104316265575	0.04960214187966184
1.5771506696378517	0.06642042945574325	0.027168824614173553	0.04960214187966184
1.5987510342648783	0.06700061909611908	0.02655012886526678	0.04960214187966184
1.620351398891905	0.06756735378782402	0.025923017065115607	0.04960214187966184
1.6419517635189316	0.06812045174104017	0.025287489209330438	0.04960214187966184
1.6635521281459582	0.06865973116585744	0.024643545293561733	0.04960214187966184
1.685152492772985	0.06918501027227357	0.023991185313500002	0.04960214187966184
1.7067528574000117	0.06969610727019408	0.023330409264875833	0.04960214187966184
1.7283532220270383	0.07019284036943241	0.022661217143459856	0.04960214187966184
1.749953586654065	0.07067502777970973	0.02198360894506275	0.04960214187966184
1.7715539512810916	0.0711424877106551	0.021297584665535257	0.04960214187966184
1.7931543159081187	0.07159503837180535	0.020603144300768168	0.04960214187966184
1.8147546805351453	0.07203249797260519	0.019900287846692358	0.04960214187966184
1.836355045162172	0.07245468472240714	0.01918901529927873	0.04960214187966184
1.8579554097891986	0.0728614168304715	0.01846932665453825	0.04960214187966184
1.8795557744162252	0.07325251250596644	0.017741221908521936	0.04960214187966184
1.9011561390432519	0.07362778995796797	0.017004701057320878	0.04960214187966184
1.9227565036702787	0.07398706739546691	0.01625976409707047	0.04960214187966184
1.9443568682973054	0.07433016302743847	0.015506411024000287	0.04960214187966184
1.965957232924332	0.07465689506275094	0.014744641834395007	0.04960214187966184
1.9875575975513586	0.07496708171018028	0.013974456524600049	0.04960214187966184
2.0091579621783855	0.07526054117842483	0.013195855091029614	0.04960214187966184
2.030758326805412	0.07553709167610535	0.012408837530166684	0.04960214187966184
2.0523586914324388	0.07579655141176496	0.011613403838563066	0.04960214187966184
2.0739590560594654	0.07603873859386981	0.010809554012839733	0.04960214187966184
2.095559420686492	0.07626347143081962	0.009997288049694561	0.04960214187966184
2.1171597853135187	0.07647056813094386	0.009176605945904057	0.04960214187966184
2.1387601499405458	0.07665984690250159	0.008425682649427767	0.04960214187966184
2.4609954900331825	0.07937492302332295	0.008425795110485437	0.04960214187966184
2.7832308301258193	0.0820900302639709	0.008425899325797005	0.04960214187966184
3.105466170218456	0.0848051674429198	0.008425995996084948	0.04960214187966184
3.4277015103110924	0.0875203333786441	0.008426085822071742	0.04960214187966184
3.749936850403729	0.09023552688961817	0.008426169504479861	0.04960214187966184
4.072172190496366	0.09295074679431642	0.008426247744031784	0.04960214187966184
4.394407530589003	0.09566599191121324	0.008426321241449984	0.04960214187966184
4.71664287068164	0.09838126105878305	0.008426390697456935	0.04960214187966184
5.038878210774276	0.10109655305550022	0.008426456812775115	0.04960214187966184
5.3611135508669125	0.10381186671983918	0.008426520288127	0.04960214187966184
5.683348890959549	0.10652720087027431	0.008426581824235065	0.04960214187966184
6.005584231052186	0.10924255432528003	0.008426642121821783	0.04960214187966184
6.327819571144823	0.11195792880153353	0.008426700169401438	0.04960214187966184
6.650054911237459	0.11467332389429687	0.008426755920287824	0.04960214187966184
6.9722902513300955	0.11738873578909237	0.00842681156164277	0.04960214187966184
7.294525591422732	0.12010416455762979	0.008426867106110006	0.04960214187966184
7.616760931515369	0.12281961027161885	0.008426922566333258	0.04960214187966184
7.938996271608006	0.12553507300276928	0.008426977954956262	0.04960214187966184
8.261231611700643	0.12825055282279085	0.008427033284622742	0.04960214187966184
8.583466951793278	0.13096604980339327	0.008427088567976432	0.04960214187966184
8.905702291885916	0.13368156401628625	0.008427143817661062	0.04960214187966184
9.227937631978552	0.13639709553317958	0.008427199046320359	0.04960214187966184
9.550172972071188	0.13911264442578297	0.008427254266598053	0.04960214187966184
9.872408312163826	0.14182821076580615	0.008427309491137876	0.04960214187966184
10.194643652256463	0.14454379462495884	0.008427364732583558	0.04960214187966184
10.5168789923491	0.14725939607495078	0.008427420003578826	0.04960214187966184
10.839114332441737	0.14997501518749173	0.008427475316767413	0.04960214187966184
11.161349672534374	0.1526906520342914	0.008427530684793048	0.04960214187966184
11.483585012627008	0.15540630668705957	0.008427586120299459	0.04960214187966184
11.805820352719646	0.15812197921750593	0.008427641635930377	0.04960214187966184
12.128055692812282	0.16083766969734017	0.008427697244329532	0.04960214187966184
12.45029103290492	0.16355337819827215	0.008427752958140654	0.04960214187966184
12.772526372997557	0.1662691047920115	0.008427808790007475	0.04960214187966184
13.094761713090193	0.168984849550268	0.008427864752573719	0.04960214187966184
13.41699705318283	0.17170061254475136	0.008427920858483122	0.04960214187966184
13.739232393275467	0.17441639384717134	0.008427977120379411	0.04960214187966184
14.061467733368104	0.17713219352923767	0.008428033550906315	0.04960214187966184
14.38370307346074	0.17984801166266007	0.008428090162707567	0.04960214187966184
14.705938413553378	0.1825638483191483	0.008428146968426893	0.04960214187966184
15.028173753646014	0.18527970357041207	0.008428203980708026	0.04960214187966184
15.350409093738651	0.18799557748816112	0.008428261212194695	0.04960214187966184
15.672644433831286	0.1907114701441052	0.008428318675530629	0.04960214187966184
15.994879773923923	0.193427381609954	0.008428376383359557	0.04960214187966184
16.31711511401656	0.19614331195741733	0.008428434348325213	0.04960214187966184
16.6393504541092	0.19885926125820488	0.008428492583071323	0.04960214187966184
16.961585794201834	0.20157522958402638	0.008428551100241616	0.04960214187966184
17.28382113429447	0.20429121700659159	0.008428609912479826	0.04960214187966184
17.60605647438711	0.2070072235976102	0.00842866903242968	0.04960214187966184
17.928291814479742	0.209723249428792	0.00842872847273491	0.04960214187966184
18.25052715457238	0.21243929457184668	0.008428788246039242	0.04960214187966184
18.572762494665017	0.215155359098484	0.00842884836498641	0.04960214187966184
18.894997834757653	0.21787144308041367	0.008428908842220141	0.04960214187966184
19.21723317485029	0.22058754658934548	0.008428969690384166	0.04960214187966184
19.53946851494293	0.22330366969698912	0.008429030922122216	0.04960214187966184
19.861703855035564	0.2260198124750543	0.008429092550078019	0.04960214187966184
20.1839391951282	0.22873597499525083	0.008429154586895306	0.04960214187966184
20.506174535220833	0.23145215732928837	0.008429217045217806	0.04960214187966184
20.828409875313476	0.23416835954887671	0.008429279937689249	0.04960214187966184
21.150645215406108	0.23688458337425888	0.008429343041515203	0.04960214187966184
21.472880555498744	0.2396008316853103	0.008429405949298849	0.04960214187966184
21.79511589559138	0.2423171000142795	0.008429469310513775	0.04960214187966184
22.11735123568402	0.24503338851526077	0.008429533125411247	0.04960214187966184
22.439586575776655	0.2477496973423484	0.008429597394242531	0.04960214187966184
22.76182191586929	0.25046602664963663	0.008429662117258896	0.04960214187966184
23.084057255961927	0.2531823765912199	0.008429727294711609	0.04960214187966184
23.406292596054566	0.25589874732119244	0.008429792926851934	0.04960214187966184
23.728527936147202	0.2586151389936485	0.008429859013931139	0.04960214187966184
24.050763276239838	0.2613315517626824	0.008429925556200493	0.04960214187966184
24.372998616332474	0.26404798578238853	0.00842999255391126	0.04960214187966184
24.695233956425113	0.26676444120686116	0.008430060007314708	0.04960214187966184
25.01746929651775	0.26948091819019454	0.008430127916662105	0.04960214187966184
25.339704636610385	0.272197416886483	0.008430196282204714	0.04960214187966184
25.66193997670302	0.27491393744982084	0.008430265104193806	0.04960214187966184
25.98417531679566	0.27763048003430246	0.008430334382880647	0.04960214187966184
26.306410656888296	0.28034704479402195	0.008430404118516503	0.04960214187966184
26.628645996980932	0.28306363188307376	0.00843047431135264	0.04960214187966184
26.950881337073568	0.28578024145555214	0.008430544961640326	0.04960214187966184
27.273116677166207	0.2884968736655515	0.008430616069630827	0.04960214187966184
27.595352017258843	0.291213528667166	0.008430687635575413	0.04960214187966184
27.917587357351476	0.29393020661449	0.008430759659725345	0.04960214187966184
28.23982269744412	0.29664690766161783	0.008430832142331895	0.04960214187966184
28.56205803753675	0.2993636319626438	0.008430905083646328	0.04960214187966184
28.884293377629387	0.3020803796716621	0.008430978483919912	0.04960214187966184
29.206528717722023	0.30479715094276716	0.00843105234340391	0.04960214187966184
29.528764057814662	0.3075139459300532	0.008431126662349592	0.04960214187966184
29.850999397907298	0.3102307647876146	0.008431201441008226	0.04960214187966184
30.173234737999934	0.3129476076695456	0.008431276679631077	0.04960214187966184
30.49547007809257	0.31566447472994047	0.00843135237846941	0.04960214187966184
30.81770541818521	0.3183813661228937	0.008431428537774496	0.04960214187966184
31.139940758277845	0.32109828200249935	0.008431505157797599	0.04960214187966184
31.46217609837048	0.32381522252285183	0.008431582238789986	0.04960214187966184
31.784411438463117	0.32653218783804544	0.008431659781002925	0.04960214187966184
32.106646778555756	0.3292491781021745	0.008431737784687681	0.04960214187966184
32.42888211864839	0.3319661934693333	0.008431816250095522	0.04960214187966184
32.75111745874103	0.3346832340936161	0.008431895177477717	0.04960214187966184
33.07335279883367	0.33740030012911737	0.00843197456708553	0.04960214187966184
33.3955881389263	0.34011739172993116	0.008432054419170228	0.04960214187966184
33.71782347901894	0.34283450905015195	0.008432134733983078	0.04960214187966184
34.04005881911157	0.34555165224387396	0.008432215511775348	0.04960214187966184
34.36229415920421	0.34826882146519156	0.008432296752798303	0.04960214187966184
34.68452949929685	0.35098601686819897	0.008432378457303212	0.04960214187966184
35.00676483938948	0.3537032386069905	0.008432460625541338	0.04960214187966184
35.32900017948212	0.3564204868356605	0.008432543257763953	0.04960214187966184
35.65123551957476	0.35913776170830336	0.008432626354222322	0.04960214187966184
35.973470859667394	0.3618550633790132	0.00843270991516771	0.04960214187966184
36.29570619976003	0.3645723920018844	0.008432793940851386	0.04960214187966184
36.617941539852666	0.3672897477310113	0.008432878431524616	0.04960214187966184
36.940176879945305	0.3700071307204882	0.008432963387438664	0.04960214187966184
37.262412220037945	0.37272454112440934	0.008433048808844802	0.04960214187966184
37.58464756013058	0.37544197909686905	0.008433134695994295	0.04960214187966184
37.906882900223216	0.3781594447919616	0.008433221049138408	0.04960214187966184
38.229118240315856	0.38087693836378145	0.00843330786852841	0.04960214187966184
38.55135358040849	0.3835944599664227	0.008433395154415565	0.04960214187966184
38.87358892050113	0.3863120097539797	0.008433482907051143	0.04960214187966184
39.19582426059377	0.38902958788054687	0.00843357112668641	0.04960214187966184
39.5180596006864	0.3917471945002184	0.008433659813572632	0.04960214187966184
39.84029494077903	0.3944648297670886	0.008433748967961077	0.04960214187966184
40.16253028087167	0.3971824938352518	0.00843383859010301	0.04960214187966184
40.48476562096431	0.39990018685880235	0.008433928680249699	0.04960214187966184
40.80700096105694	0.4026179089918344	0.008434019238652411	0.04960214187966184
41.12923630114958	0.40533566038844243	0.008434110265562414	0.04960214187966184
41.451471641242215	0.40805344120272063	0.008434201761230971	0.04960214187966184
41.77370698133486	0.4107712515887634	0.008434293725909352	0.04960214187966184
42.09594232142749	0.41348909170066495	0.008434386159848824	0.04960214187966184
42.41817766152013	0.4162069616925196	0.008434479063300653	0.04960214187966184
42.740413001612765	0.4189248617184216	0.008434572436516106	0.04960214187966184
43.062648341705405	0.4216427919324654	0.008434666279746449	0.04960214187966184
43.38488368179804	0.42436075248874516	0.008434760593242949	0.04960214187966184
43.707119021890676	0.4270787435413552	0.008434855377256873	0.04960214187966184
44.02935436198331	0.42979676524439003	0.008434950632039489	0.04960214187966184
44.35158970207595	0.43251481775194367	0.008435046357842063	0.04960214187966184
44.67382504216859	0.43523290121811065	0.008435142554915861	0.04960214187966184
44.99606038226123	0.43795101579698503	0.008435239223512152	0.04960214187966184
45.31829572235386	0.44066916164266134	0.0084353363638822	0.04960214187966184
45.6405310624465	0.4433873389092337	0.008435433976277275	0.04960214187966184
45.96276640253913	0.4461055477507966	0.008435532060948641	0.04960214187966184
46.28500174263177	0.4488237883214441	0.008435630618147566	0.04960214187966184
46.6072370827244	0.4515420607752707	0.008435729648125317	0.04960214187966184
46.929472422817035	0.4542603652663707	0.00843582915113316	0.04960214187966184
47.25170776290968	0.4569787019488384	0.008435929127422364	0.04960214187966184
47.57394310300232	0.45969707097676793	0.008436029577244195	0.04960214187966184
47.89617844309495	0.46241547250425374	0.008436130500849917	0.04960214187966184
48.218413783187586	0.4651339066853901	0.0084362318984908	0.04960214187966184
48.540649123280225	0.46785237367427135	0.008436333770418109	0.04960214187966184
48.86288446337286	0.4705708736249917	0.008436436116883113	0.04960214187966184
49.1851198034655	0.47328940669164565	0.008436538938137075	0.04960214187966184
49.50735514355814	0.4760079730283273	0.008436642234431267	0.04960214187966184
49.829590483650776	0.478726572789131	0.008436746006016953	0.04960214187966184
50.15182582374341	0.4814452061281511	0.0084368502531454	0.04960214187966184
50.47406116383605	0.48416387319948184	0.008436954976067872	0.04960214187966184
50.79629650392868	0.4868825741572176	0.008437060175035642	0.04960214187966184
51.11853184402132	0.4896013091554525	0.008437165850299973	0.04960214187966184
51.44076718411395	0.49232007834828106	0.00843727200211213	0.04960214187966184
51.76300252420659	0.4950388818897976	0.008437378630723386	0.04960214187966184
52.08523786429923	0.49775771993409623	0.008437485736385001	0.04960214187966184
52.40747320439187	0.5004765926352714	0.008437593319348246	0.04960214187966184
52.7297085444845	0.5031955001474173	0.008437701379864387	0.04960214187966184
53.05194388457714	0.5059144426246284	0.00843780991818469	0.04960214187966184
53.374179224669774	0.5086334202209988	0.008437918934560423	0.04960214187966184
53.696414564762414	0.511352433090623	0.008438028429242853	0.04960214187966184
54.018649904855046	0.514071481387595	0.008438138402483244	0.04960214187966184
54.34088524494769	0.5167905652660095	0.008438248854532867	0.04960214187966184
54.663120585040325	0.5195096848799605	0.008438359785642984	0.04960214187966184
54.985355925132964	0.5222288403835424	0.008438471196064867	0.04960214187966184
55.3075912652256	0.5249480319308496	0.00843858308604978	0.04960214187966184
55.62982660531823	0.5276672596759763	0.00843869545584899	0.04960214187966184
55.95206194541087	0.5303865237730168	0.008438808305713764	0.04960214187966184
56.2742972855035	0.5331058243760652	0.008438921635895368	0.04960214187966184
56.59653262559614	0.5358251616392163	0.008439035446645071	0.04960214187966184
56.91876796568878	0.5385445357165641	0.008439149738214139	0.04960214187966184
57.24100330578142	0.5412639467622029	0.008439264510853837	0.04960214187966184
57.56323864587405	0.543983394930227	0.008439379764815434	0.04960214187966184
57.88547398596669	0.5467028803747307	0.008439495500350195	0.04960214187966184
58.20770932605932	0.5494224032498083	0.00843961171770939	0.04960214187966184
58.52994466615196	0.5521419637095542	0.008439728417144283	0.04960214187966184
58.852180006244595	0.5548615619080627	0.008439845598906141	0.04960214187966184
59.17441534633724	0.557581197999428	0.008439963263246232	0.04960214187966184
59.496650686429874	0.5603008721377444	0.008440081410415821	0.04960214187966184
59.81888602652251	0.5630205844771061	0.008440200040666179	0.04960214187966184
60.141121366615145	0.5657403351716078	0.008440319154248567	0.04960214187966184
60.463356706707785	0.5684601243753434	0.008440438751414257	0.04960214187966184
60.78559204680042	0.5711799522424075	0.008440558832414513	0.04960214187966184
61.10782738689306	0.573899818926894	0.008440679397500601	0.04960214187966184
61.43006272698569	0.5766197245828977	0.008440800446923791	0.04960214187966184
61.752298067078335	0.5793396693645126	0.008440921980935347	0.04960214187966184
62.07453340717097	0.5820596534258331	0.008441043999786539	0.04960214187966184
62.39676874726361	0.5847796769209533	0.00844116650372863	0.04960214187966184
62.71900408735624	0.5874997400039678	0.008441289493012889	0.04960214187966184
63.04123942744887	0.5902198428289707	0.008441412967890582	0.04960214187966184
63.36347476754151	0.5929399855500564	0.008441536928612976	0.04960214187966184
63.685710107634144	0.5956601683213192	0.00844166137543134	0.04960214187966184
64.0079454477268	0.5983803912968534	0.008441786308596938	0.04960214187966184
64.33018078781943	0.6011006546307532	0.008441911728361038	0.04960214187966184
64.65241612791206	0.603820958477113	0.008442037634974905	0.04960214187966184
64.9746514680047	0.6065413029900272	0.00844216402868981	0.04960214187966184
65.29688680809733	0.6092616883235898	0.008442290909757016	0.04960214187966184
65.61912214818997	0.6119821146318954	0.008442418278427791	0.04960214187966184
65.9413574882826	0.6147025820690382	0.008442546134953403	0.04960214187966184
66.26359282837524	0.6174230907891124	0.008442674479585117	0.04960214187966184
66.58582816846788	0.6201436409462125	0.008442803312574201	0.04960214187966184
66.90806350856052	0.6228642326944328	0.008442932634171922	0.04960214187966184
67.23029884865315	0.6255848661878672	0.008443062444629546	0.04960214187966184
67.5525341887458	0.6283055415806106	0.00844319274419834	0.04960214187966184
67.87476952883843	0.6310262590267568	0.008443323533129573	0.04960214187966184
68.19700486893106	0.6337470186804004	0.008443454811674507	0.04960214187966184
68.51924020902369	0.6364678206956356	0.008443586580084412	0.04960214187966184
68.84147554911632	0.6391886652265567	0.008443718838610555	0.04960214187966184
69.16371088920897	0.6419095524272581	0.008443851587504204	0.04960214187966184
69.48594622930162	0.6446304824518339	0.008443984827016623	0.04960214187966184
69.80818156939425	0.6473514554543784	0.00844411855739908	0.04960214187966184
70.13041690948688	0.6500724715889863	0.00844425277890284	0.04960214187966184
70.45265224957951	0.6527935310097515	0.008444387491779176	0.04960214187966184
70.77488758967215	0.6555146338707685	0.008444522696279348	0.04960214187966184
71.0971229297648	0.6582357803261314	0.008444658392654625	0.04960214187966184
71.41935826985744	0.6609569705299347	0.008444794581156274	0.04960214187966184
71.74159360995007	0.6636782046362727	0.008444931262035564	0.04960214187966184
72.0638289500427	0.6663994827992396	0.008445068435543759	0.04960214187966184
72.38606429013534	0.6691208051729297	0.008445206101932126	0.04960214187966184
72.70829963022797	0.6718421719114372	0.008445344261451933	0.04960214187966184
73.03053497032062	0.6745635831688568	0.008445482914354447	0.04960214187966184
73.35277031041325	0.6772850390992825	0.008445622060890933	0.04960214187966184
73.67500565050588	0.6800065398568086	0.00844576170131266	0.04960214187966184
73.99724099059853	0.6827280855955294	0.008445901835870894	0.04960214187966184
74.31947633069116	0.6854496764695394	0.008446042464816901	0.04960214187966184
74.64171167078379	0.6881713126329326	0.00844618358840195	0.04960214187966184
74.96394701087644	0.6908930467566705	0.008446325229110029	0.04960214187966184
75.28618235096907	0.6936148360823544	0.008446467365858383	0.04960214187966184
75.6084176910617	0.6963366703806105	0.008446609994024301	0.04960214187966184
75.93065303115434	0.6990585498157026	0.008446753113657444	0.04960214187966184
76.25288837124698	0.7017804745518942	0.008446896724807477	0.04960214187966184
76.57512371133961	0.7045024447534489	0.008447040827524059	0.04960214187966184
76.89735905143226	0.7072244605846304	0.008447185421856853	0.04960214187966184
77.2195943915249	0.7099465222097022	0.00844733050785552	0.04960214187966184
77.54182973161753	0.7126686297929282	0.008447476085569722	0.04960214187966184
77.86406507171016	0.7153907834985719	0.008447622155049123	0.04960214187966184
78.18630041180279	0.7181129834908968	0.008447768716343382	0.04960214187966184
78.50853575189544	0.7208352299341668	0.008447915769502162	0.04960214187966184
78.83077109198808	0.7235575229926454	0.008448063314575125	0.04960214187966184
79.15300643208072	0.7262798628305962	0.008448211351611933	0.04960214187966184
79.47524177217335	0.7290022496122829	0.008448359880662247	0.04960214187966184
79.79747711226598	0.7317246835019691	0.00844850890177573	0.04960214187966184
80.11971245235861	0.7344471646639185	0.008448658415002043	0.04960214187966184
80.44194779245126	0.7371696932623946	0.008448808420390847	0.04960214187966184
80.76418313254389	0.7398922694616611	0.008448958917991807	0.04960214187966184
81.08641847263654	0.7426148934259819	0.008449109907854581	0.04960214187966184
81.40865381272918	0.7453375653196203	0.008449261390028833	0.04960214187966184
81.7308891528218	0.7480602853068398	0.008449413364564225	0.04960214187966184
82.05312449291445	0.7507830535519044	0.008449565831510419	0.04960214187966184
82.37535983300708	0.7535058702190776	0.008449718790917075	0.04960214187966184
82.69759517309971	0.7562287354726231	0.008449872242833858	0.04960214187966184
83.01983051319235	0.7589516494768044	0.008450026187310425	0.04960214187966184
83.34206585328499	0.7616746123958853	0.008450180624396442	0.04960214187966184
83.66430119337761	0.7643976243941293	0.008450335554141571	0.04960214187966184
83.98653653347026	0.7671206856358002	0.008450490976595471	0.04960214187966184
84.30877187356289	0.7698437962851612	0.008450646891807806	0.04960214187966184
84.63100721365554	0.7725669565064766	0.008450803299828235	0.04960214187966184
84.95324255374818	0.7752901664640096	0.008450960200706424	0.04960214187966184
85.2754778938408	0.7780134263220239	0.008451117594492033	0.04960214187966184
85.59771323393345	0.7807367362447832	0.008451275481234723	0.04960214187966184
85.91994857402608	0.783460096396551	0.008451433860984157	0.04960214187966184
86.24218391411873	0.7861835069415912	0.008451592733789997	0.04960214187966184
86.56441925421134	0.7889069680441672	0.008451752099701903	0.04960214187966184
86.88665459430399	0.7916304798685427	0.008451911958769537	0.04960214187966184
87.20888993439664	0.7943540425789815	0.008452072311042565	0.04960214187966184
87.53112527448926	0.7970776563397468	0.008452233156570644	0.04960214187966184
87.8533606145819	0.7998013213151027	0.008452394495403437	0.04960214187966184
88.17559595467453	0.8025250376693126	0.008452556327590607	0.04960214187966184
88.49783129476718	0.8052488055666404	0.008452718653181816	0.04960214187966184
88.8200666348598	0.8079726251713493	0.008452881472226725	0.04960214187966184
89.14230197495245	0.8106964966477033	0.008453044784774997	0.04960214187966184
89.46453731504508	0.8134204201599657	0.00845320859087629	0.04960214187966184
89.78677265513772	0.8161443958724006	0.008453372890580272	0.04960214187966184
90.10900799523036	0.8188684239492714	0.0084535376839366	0.04960214187966184
90.43124333532299	0.8215925045548415	0.008453702970994938	0.04960214187966184
90.75347867541564	0.8243166378533748	0.008453868751804946	0.04960214187966184
91.07571401550825	0.8270408240091349	0.008454035026416288	0.04960214187966184
91.3979493556009	0.8297650631863855	0.008454201794878626	0.04960214187966184
91.72018469569353	0.8324893555493901	0.00845436905724162	0.04960214187966184
92.04242003578618	0.8352137012624125	0.008454536813554932	0.04960214187966184
92.36465537587883	0.8379381004897162	0.008454705063868225	0.04960214187966184
92.68689071597144	0.8406625533955647	0.00845487380823116	0.04960214187966184
93.00912605606409	0.8433870601442219	0.0084550430466934	0.04960214187966184
93.33136139615672	0.8461116208999513	0.008455212779304607	0.04960214187966184
93.65359673624937	0.8488362358270167	0.008455383006114441	0.04960214187966184
93.97583207634199	0.8515609050896815	0.008455553727172565	0.04960214187966184
94.29806741643463	0.8542856288522096	0.00845572494252864	0.04960214187966184
94.62030275652728	0.8570104072788645	0.008455896652232328	0.04960214187966184
94.9425380966199	0.8597352405339096	0.008456068856333291	0.04960214187966184
95.26477343671255	0.8624601287816089	0.008456241554881193	0.04960214187966184
95.58700877680518	0.8651850721862259	0.008456414747925694	0.04960214187966184
95.90924411689782	0.8679100709120242	0.008456588435516455	0.04960214187966184
96.23147945699044	0.8706351251232675	0.008456762617703138	0.04960214187966184
96.55371479708309	0.8733602349842194	0.008456937294535408	0.04960214187966184
96.87595013717574	0.8760854006591436	0.008457112466062922	0.04960214187966184
97.19818547726837	0.8788106223123036	0.008457288132335346	0.04960214187966184
97.520420817361	0.8815359001079631	0.008457464293402338	0.04960214187966184
97.84265615745363	0.8842612342103857	0.008457640949313564	0.04960214187966184
98.16489149754628	0.8869866247838353	0.008457818100118683	0.04960214187966184
98.4871268376389	0.8897120719925751	0.008457995745867359	0.04960214187966184
98.80936217773154	0.8924375760008691	0.00845817388660925	0.04960214187966184
99.13159751782418	0.8951631369729807	0.008458352522394023	0.04960214187966184
99.45383285791682	0.8978887550731738	0.008458531653271336	0.04960214187966184
99.77606819800947	0.9006144304657118	0.008458711279290853	0.04960214187966184
100.09830353810209	0.9033401633148583	0.008458891400502233	0.04960214187966184
100.42053887819473	0.9060659537848772	0.008459072016955142	0.04960214187966184
100.74277421828737	0.9087918020400318	0.008459253128699239	0.04960214187966184
101.06500955838001	0.9115177082445861	0.008459434735784185	0.04960214187966184
101.38724489847263	0.9142436725628034	0.008459616838259645	0.04960214187966184
101.70948023856528	0.9169696951589476	0.008459799436175279	0.04960214187966184
102.03171557865792	0.9196957761972823	0.008459982529580749	0.04960214187966184
102.35395091875054	0.9224219158420708	0.008460166118525717	0.04960214187966184
102.67618625884319	0.9251481142575771	0.008460350203059843	0.04960214187966184
102.99842159893582	0.9278743716080649	0.008460534783232793	0.04960214187966184
103.32065693902847	0.9306006880577975	0.008460719859094225	0.04960214187966184
103.64289227912109	0.9333270637710387	0.008460905430693803	0.04960214187966184
103.96512761921373	0.9360534989120521	0.008461091498081188	0.04960214187966184
104.28736295930638	0.9387799936451017	0.008461278061306041	0.04960214187966184
104.60959829939901	0.9415065481344504	0.008461465120418026	0.04960214187966184
104.93183363949164	0.9442331625443625	0.008461652675466804	0.04960214187966184
105.25406897958428	0.9469598370391014	0.008461840726502036	0.04960214187966184
105.57630431967692	0.9496865717829306	0.008462029273573384	0.04960214187966184
105.89853965976954	0.952413366940114	0.00846221831673051	0.04960214187966184
106.22077499986219	0.955140222674915	0.008462407856023077	0.04960214187966184
106.54301033995483	0.9578671391515974	0.008462597891500745	0.04960214187966184
106.86524568004747	0.9605941165344247	0.008462788423213177	0.04960214187966184
107.18748102014011	0.9633211549876607	0.008462979451210035	0.04960214187966184
107.50971636023273	0.9660482546755688	0.00846317097554098	0.04960214187966184
107.83195170032538	0.9687754157624129	0.008463362996255675	0.04960214187966184
108.15418704041801	0.9715026384124564	0.008463555513403782	0.04960214187966184
108.47642238051066	0.9742299227899632	0.008463748527034961	0.04960214187966184
108.79865772060327	0.9769572690591968	0.008463942037198875	0.04960214187966184
109.12089306069592	0.9796846773844208	0.008464136043945187	0.04960214187966184
109.44312840078857	0.9824121479298988	0.008464330547323555	0.04960214187966184
109.76536374088118	0.9851396808598945	0.008464525547383644	0.04960214187966184
110.08759908097383	0.9878672763386716	0.008464721044175116	0.04960214187966184
110.40983442106646	0.9905949345304934	0.008464917037747634	0.04960214187966184
110.73206976115911	0.9933226555996242	0.008465113528150854	0.04960214187966184
111.05430510125173	0.9960504397103269	0.008465310515434445	0.04960214187966184
111.37654044134437	0.9987782870268658	0.008465507999648065	0.04960214187966184
111.69877578143702	1.001506197713504	0.008465705980841376	0.04960214187966184
112.02101112152965	1.0042341719345054	0.00846590445906404	0.04960214187966184
112.34324646162229	1.0069622098541338	0.008466103434365721	0.04960214187966184
112.66548180171492	1.0096903116366522	0.008466302906796078	0.04960214187966184
112.98771714180756	1.012418477446325	0.008466502876404774	0.04960214187966184
113.30995248190018	1.0151467074474154	0.00846670334324147	0.04960214187966184
113.63218782199283	1.017875001804187	0.008466904307355829	0.04960214187966184
113.95442316208548	1.020603360680904	0.008467105768797514	0.04960214187966184
114.27665850217811	1.023331784241829	0.008467307727616185	0.04960214187966184
114.59889384227075	1.0260602726512267	0.008467510183861502	0.04960214187966184
114.92112918236337	1.0287888260733602	0.00846771313758313	0.04960214187966184
115.24336452245602	1.031517444672493	0.008467916588830731	0.04960214187966184
115.56559986254865	1.0342461286128892	0.008468120537653966	0.04960214187966184
115.8878352026413	1.0369748780588122	0.008468324984102495	0.04960214187966184
116.21007054273393	1.0397036931745256	0.008468529928225981	0.04960214187966184
116.53230588282656	1.0424325741242928	0.008468735370074087	0.04960214187966184
116.85454122291921	1.0451615210723781	0.008468941309696476	0.04960214187966184
117.17677656301183	1.0478905341830445	0.008469147747142806	0.04960214187966184
117.49901190310447	1.050619613620556	0.008469354682462741	0.04960214187966184
117.8212472431971	1.053348759549176	0.008469562115705943	0.04960214187966184
118.14348258328975	1.0560779721331681	0.008469770046922074	0.04960214187966184
118.46571792338237	1.0588072515367961	0.008469978476160794	0.04960214187966184
118.78795326347502	1.061536597924324	0.008470187403471769	0.04960214187966184
119.11018860356766	1.0642660114600149	0.008470396828904655	0.04960214187966184
119.4324239436603	1.0669954923081324	0.00847060675250912	0.04960214187966184
119.75465928375293	1.0697250406329406	0.00847081717433482	0.04960214187966184
120.07689462384556	1.0724546565987025	0.008471028094431421	0.04960214187966184
120.39912996393821	1.0751843403696824	0.008471239512848583	0.04960214187966184
120.72136530403083	1.0779140921101433	0.008471451429635969	0.04960214187966184
121.04360064412347	1.0806439119843496	0.00847166384484324	0.04960214187966184
121.36583598421612	1.0833738001565643	0.008471876758520057	0.04960214187966184
121.68807132430875	1.0861037567910512	0.008472090170716083	0.04960214187966184
122.0103066644014	1.0888337820520742	0.00847230408148098	0.04960214187966184
122.33254200449402	1.0915638761038964	0.00847251849086441	0.04960214187966184
122.65477734458666	1.094294039110782	0.008472733398916035	0.04960214187966184
122.9770126846793	1.0970242712369942	0.008472948805685516	0.04960214187966184
123.29924802477194	1.099754572646797	0.008473164711222515	0.04960214187966184
123.62148336486457	1.102484943504454	0.008473381115576693	0.04960214187966184
123.9437187049572	1.1052153839742282	0.008473598018797714	0.04960214187966184
124.26595404504985	1.1079458942203844	0.008473815420935239	0.04960214187966184
124.58818938514247	1.1106764744071849	0.008474033322038927	0.04960214187966184
124.91042472523512	1.1134071246988944	0.008474251722158446	0.04960214187966184
125.23266006532775	1.116137845259776	0.008474470621343452	0.04960214187966184
125.5548954054204	1.1188686362540938	0.00847469001964361	0.04960214187966184
125.87713074551304	1.1215994978461108	0.00847490991710858	0.04960214187966184
126.19936608560566	1.124330430200091	0.008475130313788026	0.04960214187966184
126.52160142569831	1.127061433480298	0.008475351209731608	0.04960214187966184
126.84383676579094	1.1297925078509954	0.008475572604988988	0.04960214187966184
127.16607210588357	1.132523653476447	0.00847579449960983	0.04960214187966184
127.4883074459762	1.135254870520916	0.008476016893643792	0.04960214187966184
127.81054278606885	1.1379861591486669	0.008476239787140539	0.04960214187966184
128.13277812616147	1.140717519523962	0.008476463180149732	0.04960214187966184
128.45501346625412	1.1434489518110662	0.008476687072721032	0.04960214187966184
128.77724880634676	1.1461804561742428	0.008476911464904103	0.04960214187966184
129.09948414643938	1.1489120327777549	0.008477136356748604	0.04960214187966184
129.42171948653203	1.1516436817858668	0.008477361748304199	0.04960214187966184
129.74395482662467	1.1543754033628417	0.00847758763962055	0.04960214187966184
130.06619016671732	1.1571071976729435	0.008477814030747316	0.04960214187966184
130.38842550680994	1.1598390648804355	0.008478040921734162	0.04960214187966184
130.71066084690258	1.162571005149582	0.008478268312630748	0.04960214187966184
131.03289618699523	1.1653030186446458	0.008478496203486738	0.04960214187966184
131.35513152708785	1.168035105529891	0.008478724594351792	0.04960214187966184
131.6773668671805	1.1707672659695811	0.008478953485275572	0.04960214187966184
131.9996022072731	1.17349950012798	0.00847918287630774	0.04960214187966184
132.32183754736576	1.176231808169351	0.008479412767497958	0.04960214187966184
132.64407288745838	1.178964190257958	0.008479643158895886	0.04960214187966184
132.96630822755102	1.1816966465580645	0.00847987405055119	0.04960214187966184
133.28854356764367	1.1844291772339344	0.00848010544251353	0.04960214187966184
133.61077890773632	1.1871617824498306	0.008480337334832565	0.04960214187966184
133.93301424782896	1.1898944623700176	0.00848056972755796	0.04960214187966184
134.25524958792158	1.1926272171587584	0.008480802620739376	0.04960214187966184
134.57748492801423	1.1953600469803172	0.008481036014426476	0.04960214187966184
134.89972026810685	1.198092951998957	0.00848126990866892	0.04960214187966184
135.2219556081995	1.200825932378942	0.00848150430351637	0.04960214187966184
135.5441909482921	1.2035589882845357	0.00848173919901849	0.04960214187966184
135.86642628838476	1.2062921198800014	0.008481974595224939	0.04960214187966184
136.1886616284774	1.2090253273296032	0.00848221049218538	0.04960214187966184
136.51089696857002	1.2117586107976042	0.008482446889949475	0.04960214187966184
136.83313230866267	1.2144919704482686	0.008482683788566887	0.04960214187966184
137.15536764875532	1.2172254064458596	0.008482921188087276	0.04960214187966184
137.47760298884796	1.2199589189546414	0.008483159088560304	0.04960214187966184
137.79983832894058	1.222692508138877	0.008483397490035634	0.04960214187966184
138.12207366903323	1.2254261741628305	0.008483636392562926	0.04960214187966184
138.44430900912587	1.2281599171907651	0.008483875796191845	0.04960214187966184
138.7665443492185	1.2308937373869449	0.00848411570097205	0.04960214187966184
139.08877968931114	1.2336276349156332	0.008484356106953203	0.04960214187966184
139.41101502940376	1.2363616099410937	0.008484597014184967	0.04960214187966184
139.7332503694964	1.23909566262759	0.008484838422717005	0.04960214187966184
140.05548570958902	1.2418297931393858	0.008485080332598977	0.04960214187966184
140.37772104968167	1.2445640016407449	0.008485322743880544	0.04960214187966184
140.69995638977431	1.247298288295931	0.00848556565661137	0.04960214187966184
141.02219172986696	1.2500326532692072	0.008485809070841115	0.04960214187966184
141.3444270699596	1.2527670967248379	0.008486052986619442	0.04960214187966184
141.66666241005223	1.2555016188270858	0.008486297403996012	0.04960214187966184
141.98889775014487	1.258236219740215	0.008486542323020489	0.04960214187966184
142.3111330902375	1.2609708996284894	0.008486787743742532	0.04960214187966184
142.63336843033014	1.2637056586561726	0.008487033666211806	0.04960214187966184
142.95560377042278	1.2664404969875278	0.008487280090477969	0.04960214187966184
143.2778391105154	1.2691754147868188	0.008487527016590685	0.04960214187966184
143.60007445060805	1.2719104122183098	0.008487774444599616	0.04960214187966184
143.92230979070067	1.2746454894462635	0.008488022374554424	0.04960214187966184
144.2445451307933	1.277380646634944	0.00848827080650477	0.04960214187966184
144.56678047088596	1.2801158839486149	0.008488519740500317	0.04960214187966184
144.8890158109786	1.2828512015515403	0.008488769176590725	0.04960214187966184
145.21125115107122	1.2855865996079827	0.008489019114825658	0.04960214187966184
145.53348649116387	1.288322078282207	0.008489269555254775	0.04960214187966184
145.85572183125652	1.2910576377384761	0.008489520497927741	0.04960214187966184
146.17795717134914	1.2937932781410537	0.008489771942894216	0.04960214187966184
146.50019251144178	1.2965289996542038	0.008490023890203863	0.04960214187966184
146.8224278515344	1.2992648024421896	0.008490276339906342	0.04960214187966184
147.14466319162705	1.3020006866692753	0.008490529292051317	0.04960214187966184
147.46689853171966	1.3047366524997235	0.00849078274668845	0.04960214187966184
147.7891338718123	1.307472700097799	0.008491036703867399	0.04960214187966184
148.11136921190496	1.310208829627765	0.00849129116363783	0.04960214187966184
148.4336045519976	1.3129450412538848	0.008491546126049404	0.04960214187966184
148.75583989209025	1.3156813351404222	0.008491801591151782	0.04960214187966184
149.07807523218287	1.3184177114516409	0.008492057558994626	0.04960214187966184
149.40031057227552	1.3211541703518048	0.008492314029627598	0.04960214187966184
149.72254591236813	1.3238907120051773	0.00849257100310036	0.04960214187966184
150.04478125246078	1.326627336576022	0.008492828479462573	0.04960214187966184
150.36701659255343	1.3293640442286025	0.008493086458763899	0.04960214187966184
150.68925193264604	1.3321008351271828	0.008493344941054002	0.04960214187966184
151.0114872727387	1.3348377094360262	0.00849360392638254	0.04960214187966184
151.3337226128313	1.337574667319396	0.00849386341479918	0.04960214187966184
151.65595795292396	1.3403117089415566	0.008494123406353579	0.04960214187966184
151.9781932930166	1.343048834466771	0.008494383901095401	0.04960214187966184
152.30042863310925	1.3457860440593037	0.008494644899074309	0.04960214187966184
152.62266397320187	1.348523337883417	0.008494906400339963	0.04960214187966184
152.9448993132945	1.3512607161033756	0.008495168404942023	0.04960214187966184
153.26713465338716	1.353998178883443	0.008495430912930155	0.04960214187966184
153.58936999347978	1.3567357263878823	0.008495693924354019	0.04960214187966184
153.91160533357242	1.3594733587809578	0.008495957439263277	0.04960214187966184
154.23384067366504	1.3622110762269324	0.00849622145770759	0.04960214187966184
154.5560760137577	1.3649488788900705	0.008496485979736623	0.04960214187966184
154.8783113538503	1.367686766934635	0.008496751005400033	0.04960214187966184
155.20054669394295	1.3704247405248906	0.008497016534747485	0.04960214187966184
155.5227820340356	1.3731627998250997	0.00849728256782864	0.04960214187966184
155.84501737412825	1.3759009449995268	0.00849754910469316	0.04960214187966184
156.1672527142209	1.3786391762124353	0.008497816145390706	0.04960214187966184
156.4894880543135	1.3813774936280885	0.008498083689970943	0.04960214187966184
156.81172339440616	1.3841158974107506	0.008498351738483529	0.04960214187966184
157.13395873449878	1.3868543877246846	0.008498620290978127	0.04960214187966184
157.45619407459142	1.3895929647341547	0.0084988893475044	0.04960214187966184
157.77842941468407	1.3923316286034242	0.008499158908112009	0.04960214187966184
158.1006647547767	1.395070379496757	0.008499428972850616	0.04960214187966184
158.42290009486933	1.3978092175784167	0.008499699541769882	0.04960214187966184
158.74513543496195	1.4005481430126665	0.00849997061491947	0.04960214187966184
159.0673707750546	1.4032871559637705	0.008500242192349041	0.04960214187966184
159.38960611514725	1.4060262565959922	0.00850051427410826	0.04960214187966184
159.7118414552399	1.4087654450735956	0.008500786860246783	0.04960214187966184
160.0340767953325	1.4115047215608434	0.008501059950814276	0.04960214187966184
160.35631213542516	1.414244086222	0.0085013335458604	0.04960214187966184
160.6785474755178	1.416983539221329	0.008501607645434816	0.04960214187966184
161.00078281561042	1.4197230807230938	0.008501882249587188	0.04960214187966184
161.32301815570307	1.4224627108915584	0.008502157358367176	0.04960214187966184
161.64525349579569	1.4252024298909856	0.008502432971824443	0.04960214187966184
161.96748883588833	1.4279422378856401	0.008502709090008649	0.04960214187966184
162.289724175981	1.4306821350397851	0.008502985712969457	0.04960214187966184
162.6119595160736	1.4334221215176837	0.008503262840756528	0.04960214187966184
162.93419485616624	1.4361621974836	0.008503540473419526	0.04960214187966184
163.2564301962589	1.438902363101798	0.008503818611008112	0.04960214187966184
163.57866553635154	1.441642618536541	0.008504097253571947	0.04960214187966184
163.90090087644415	1.4443829639520922	0.008504376401160692	0.04960214187966184
164.2231362165368	1.4471233995127157	0.00850465605382401	0.04960214187966184
164.54537155662945	1.4498639253826755	0.008504936211611564	0.04960214187966184
164.8676068967221	1.4526045417262345	0.008505216874573016	0.04960214187966184
165.18984223681468	1.4553452487076566	0.008505498042758025	0.04960214187966184
165.51207757690733	1.4580860464912058	0.008505779716216254	0.04960214187966184
165.83431291699998	1.4608269352411454	0.008506061894997367	0.04960214187966184
166.15654825709262	1.4635679151217387	0.008506344579151023	0.04960214187966184
166.47878359718524	1.4663089862972498	0.008506627768726885	0.04960214187966184
166.8010189372779	1.4690501489319425	0.008506911463774617	0.04960214187966184
167.12325427737053	1.47179140319008	0.008507195664343875	0.04960214187966184
167.44548961746315	1.4745327492359264	0.008507480370484327	0.04960214187966184
167.7677249575558	1.477274187233745	0.008507765582245632	0.04960214187966184
168.08996029764842	1.480015717347799	0.008508051299677452	0.04960214187966184
168.41219563774106	1.4827573397423528	0.008508337522829451	0.04960214187966184
168.7344309778337	1.48549905458167	0.008508624251751286	0.04960214187966184
169.05666631792636	1.4882408620300138	0.008508911486492623	0.04960214187966184
169.37890165801898	1.4909827622516478	0.008509199227103123	0.04960214187966184
169.7011369981116	1.493724755410836	0.008509487473632449	0.04960214187966184
170.02337233820424	1.4964668416718423	0.008509776226130259	0.04960214187966184
170.3456076782969	1.4992090211989297	0.008510065484646218	0.04960214187966184
170.66784301838953	1.501951294156362	0.008510355249229988	0.04960214187966184
170.99007835848215	1.5046936607084027	0.008510645519931229	0.04960214187966184
171.3123136985748	1.5074361210193161	0.008510936296799602	0.04960214187966184
171.63454903866744	1.510178675253365	0.008511227579884774	0.04960214187966184
171.9567843787601	1.5129213235748138	0.008511519369236402	0.04960214187966184
172.27901971885274	1.5156640661479255	0.008511811664904148	0.04960214187966184
172.60125505894533	1.518406903136964	0.008512104466937677	0.04960214187966184
172.92349039903797	1.521149834706193	0.008512397775386649	0.04960214187966184
173.24572573913062	1.5238928610198759	0.008512691590300726	0.04960214187966184
173.56796107922327	1.5266359822422768	0.008512985911729568	0.04960214187966184
173.89019641931588	1.5293791985376586	0.00851328073972284	0.04960214187966184
174.21243175940853	1.5321225100702858	0.008513576074330202	0.04960214187966184
174.53466709950118	1.5348659170044217	0.008513871915601316	0.04960214187966184
174.8569024395938	1.5376094195043297	0.008514168263585845	0.04960214187966184
175.17913777968644	1.5403530177342735	0.00851446511833345	0.04960214187966184
175.50137311977906	1.5430967118585166	0.008514762479893792	0.04960214187966184
175.8236084598717	1.545840502041323	0.008515060348316533	0.04960214187966184
176.14584379996435	1.5485843884469563	0.008515358723651337	0.04960214187966184
176.468079140057	1.5513283712396806	0.008515657605947864	0.04960214187966184
176.79031448014962	1.554072450583758	0.008515956995255777	0.04960214187966184
177.11254982024224	1.5568166266434535	0.008516256891624736	0.04960214187966184
177.43478516033488	1.5595608995830306	0.008516557295104404	0.04960214187966184
177.75702050042753	1.5623052695667523	0.008516858205744443	0.04960214187966184
178.07925584052018	1.5650497367588827	0.008517159623594514	0.04960214187966184
178.4014911806128	1.5677943013236852	0.00851746154870428	0.04960214187966184
178.72372652070544	1.5705389634254239	0.008517763981123402	0.04960214187966184
179.0459618607981	1.5732837232283623	0.008518066920901544	0.04960214187966184
179.36819720089073	1.5760285808967636	0.008518370368088364	0.04960214187966184
179.69043254098338	1.5787735365948916	0.008518674322733528	0.04960214187966184
180.01266788107597	1.58151859048701	0.008518978784886694	0.04960214187966184
180.33490322116862	1.5842637427373827	0.008519283754597526	0.04960214187966184
180.65713856126126	1.5870089935102727	0.008519589231915684	0.04960214187966184
180.9793739013539	1.5897543429699448	0.008519895216890833	0.04960214187966184
181.30160924144653	1.5924997912806609	0.008520201709572633	0.04960214187966184
181.62384458153917	1.595245338606686	0.008520508710010746	0.04960214187966184
181.94607992163182	1.5979909851122838	0.008520816218254833	0.04960214187966184
182.26831526172444	1.6007367309617173	0.008521124234354556	0.04960214187966184
182.59055060181709	1.6034825763192502	0.008521432758359579	0.04960214187966184
182.9127859419097	1.6062285213491458	0.008521741790319563	0.04960214187966184
183.23502128200235	1.608974566215669	0.008522051330284167	0.04960214187966184
183.557256622095	1.6117207110830822	0.008522361378303056	0.04960214187966184
183.87949196218764	1.6144669561156497	0.008522671934425893	0.04960214187966184
184.2017273022803	1.6172133014776349	0.008522982998702336	0.04960214187966184
184.52396264237288	1.619959747333301	0.008523294571182049	0.04960214187966184
184.84619798246553	1.6227062938469126	0.008523606651914692	0.04960214187966184
185.16843332255817	1.6254529411827323	0.00852391924094993	0.04960214187966184
185.49066866265082	1.6281996895050246	0.008524232338337422	0.04960214187966184
185.81290400274344	1.6309465389780526	0.008524545944126832	0.04960214187966184
186.13513934283608	1.6336934897660802	0.008524860058367821	0.04960214187966184
186.45737468292873	1.6364405420333714	0.00852517468111005	0.04960214187966184
186.77961002302138	1.639187695944189	0.008525489812403182	0.04960214187966184
187.10184536311402	1.641934951662797	0.008525805452296878	0.04960214187966184
187.4240807032066	1.6446823093534588	0.008526121600840802	0.04960214187966184
187.74631604329926	1.6474297691804387	0.008526438258084612	0.04960214187966184
188.0685513833919	1.650177331308	0.008526755424077973	0.04960214187966184
188.39078672348455	1.6529249959004062	0.008527073098870545	0.04960214187966184
188.71302206357717	1.6556727631219208	0.008527391282511992	0.04960214187966184
189.03525740366982	1.6584206331368079	0.008527709975051973	0.04960214187966184
189.35749274376246	1.6611686061093307	0.008528029176540152	0.04960214187966184
189.67972808385508	1.6639166822037534	0.00852834888702619	0.04960214187966184
190.00196342394773	1.666664861584339	0.00852866910655975	0.04960214187966184
190.32419876404035	1.6694131444153513	0.008528989835190492	0.04960214187966184
190.646434104133	1.6721615308610538	0.00852931107296808	0.04960214187966184
190.96866944422564	1.674910021085711	0.008529632819942174	0.04960214187966184
191.2909047843183	1.6776586152535857	0.008529955076162436	0.04960214187966184
191.61314012441093	1.6804073135289417	0.008530277841678528	0.04960214187966184
191.93537546450352	1.6831561160760424	0.008530601116540113	0.04960214187966184
192.25761080459617	1.685905023059152	0.008530924900796853	0.04960214187966184
192.57984614468882	1.6886540346425338	0.008531249194498406	0.04960214187966184
192.90208148478146	1.6914031509904515	0.00853157399769444	0.04960214187966184
193.22431682487408	1.6941523722671685	0.008531899310434611	0.04960214187966184
193.54655216496673	1.696901698636949	0.008532225132768585	0.04960214187966184
193.86878750505937	1.6996511302640562	0.008532551464746022	0.04960214187966184
194.19102284515202	1.7024006673127539	0.008532878306416584	0.04960214187966184
194.51325818524467	1.7051503099473058	0.008533205657829931	0.04960214187966184
194.83549352533726	1.707900058331975	0.00853353351903573	0.04960214187966184
195.1577288654299	1.7106499126310255	0.008533861890083637	0.04960214187966184
195.47996420552255	1.7133998730087214	0.008534190771023319	0.04960214187966184
195.8021995456152	1.7161499396293258	0.008534520161904435	0.04960214187966184
196.1244348857078	1.718900112657102	0.008534850062776645	0.04960214187966184
196.44667022580046	1.7216503922563147	0.008535180473689615	0.04960214187966184
196.7689055658931	1.7244007785912268	0.008535511394693005	0.04960214187966184
197.09114090598572	1.727151271826102	0.008535842825836476	0.04960214187966184
197.41337624607837	1.7299018721252037	0.008536174767169691	0.04960214187966184
197.735611586171	1.7326525796527958	0.008536507218742311	0.04960214187966184
198.05784692626364	1.7354033945731426	0.008536840180604	0.04960214187966184
198.38008226635628	1.7381543170505067	0.008537173652804415	0.04960214187966184
198.70231760644893	1.7409053472491522	0.008537507635393224	0.04960214187966184
199.02455294654158	1.743656485333343	0.008537842128420084	0.04960214187966184
199.34678828663417	1.7464077314673419	0.00853817713193466	0.04960214187966184
199.6690236267268	1.7491590858154134	0.008538512645986611	0.04960214187966184
199.99125896681946	1.7519105485418207	0.008538848670625602	0.04960214187966184
200.3134943069121	1.7546621198108274	0.008539185205901294	0.04960214187966184
200.63572964700472	1.757413799786697	0.008539522251863345	0.04960214187966184
200.95796498709737	1.760165588633694	0.008539859808561423	0.04960214187966184
201.28020032719002	1.762917486516081	0.008540197876045185	0.04960214187966184
201.60243566728266	1.7656694935981223	0.008540536454364296	0.04960214187966184
201.9246710073753	1.7684216100440815	0.008540875543568416	0.04960214187966184
202.2469063474679	1.7711738360182216	0.008541215143707207	0.04960214187966184
202.56914168756055	1.773926171684807	0.008541555254830331	0.04960214187966184
202.8913770276532	1.7766786172081008	0.00854189587698745	0.04960214187966184
203.21361236774584	1.779431172752367	0.008542237010228227	0.04960214187966184
203.53584770783849	1.7821838384818693	0.008542578654602322	0.04960214187966184
203.8580830479311	1.7849366145608703	0.008542920810159399	0.04960214187966184
204.18031838802375	1.7876895011536353	0.008543263476949118	0.04960214187966184
204.50255372811637	1.790442498424427	0.00854360665502114	0.04960214187966184
204.82478906820901	1.793195606537509	0.008543950344425129	0.04960214187966184
205.14702440830163	1.7959488256571448	0.008544294545210745	0.04960214187966184
205.46925974839428	1.7987021559475986	0.008544639257427652	0.04960214187966184
205.79149508848693	1.8014555975731334	0.008544984481125511	0.04960214187966184
206.11373042857957	1.8042091506980138	0.008545330216353984	0.04960214187966184
206.43596576867222	1.8069628154865025	0.00854567646316273	0.04960214187966184
206.7582011087648	1.8097165921028633	0.008546023221601416	0.04960214187966184
207.08043644885745	1.81247048071136	0.008546370491719699	0.04960214187966184
207.4026717889501	1.8152244814762566	0.008546718273567244	0.04960214187966184
207.72490712904275	1.817978594561816	0.008547066567193711	0.04960214187966184
208.04714246913537	1.820732820132302	0.008547415372648763	0.04960214187966184
208.369377809228	1.823487158351979	0.008547764689982064	0.04960214187966184
208.69161314932066	1.8262416093851102	0.00854811451924327	0.04960214187966184
209.0138484894133	1.8289961733959588	0.008548464860482049	0.04960214187966184
209.33608382950595	1.8317508505487887	0.008548815713748058	0.04960214187966184
209.65831916959854	1.8345056410078635	0.008549167079090961	0.04960214187966184
209.9805545096912	1.8372605449374468	0.00854951895656042	0.04960214187966184
210.30278984978384	1.8400155625018024	0.008549871346206097	0.04960214187966184
210.62502518987648	1.8427706938651942	0.008550224248077654	0.04960214187966184
210.94726052996913	1.8455259391918855	0.008550577662224751	0.04960214187966184
211.26949587006175	1.8482812986461394	0.008550931588697052	0.04960214187966184
211.5917312101544	1.851036772392221	0.008551286027544219	0.04960214187966184
211.913966550247	1.8537923605943925	0.008551640978815911	0.04960214187966184
212.23620189033966	1.8565480634169182	0.008551996442561792	0.04960214187966184
212.55843723043228	1.8593038810240612	0.008552352418831524	0.04960214187966184
212.88067257052492	1.8620598135800859	0.00855270890767477	0.04960214187966184
213.20290791061757	1.8648158612492558	0.008553065909141188	0.04960214187966184
213.52514325071022	1.8675720241958342	0.008553423423280443	0.04960214187966184
213.84737859080286	1.8703283025840844	0.008553781450142196	0.04960214187966184
214.16961393089545	1.873084696578271	0.008554139989776109	0.04960214187966184
214.4918492709881	1.8758412063426568	0.008554499042231843	0.04960214187966184
214.81408461108074	1.878597832041506	0.00855485860755906	0.04960214187966184
215.1363199511734	1.881354573839082	0.008555218685807425	0.04960214187966184
215.458555291266	1.8841114318996481	0.008555579277026595	0.04960214187966184
215.78079063135866	1.8868684063874686	0.008555940381266235	0.04960214187966184
216.1030259714513	1.8896254974668072	0.008556301998576005	0.04960214187966184
216.42526131154395	1.8923827053019266	0.008556664129005569	0.04960214187966184
216.7474966516366	1.895140030057091	0.008557026772604587	0.04960214187966184
217.06973199172918	1.897897471896564	0.008557389929422721	0.04960214187966184
217.39196733182183	1.9006550309846093	0.008557753599509634	0.04960214187966184
217.71420267191448	1.9034127074854905	0.008558117782914987	0.04960214187966184
218.03643801200712	1.9061705015634718	0.008558482479688441	0.04960214187966184
218.35867335209977	1.9089284133828155	0.00855884768987966	0.04960214187966184
218.6809086921924	1.911686443107786	0.008559213413538304	0.04960214187966184
219.00314403228504	1.914444590902647	0.008559579650714038	0.04960214187966184
219.32537937237765	1.9172028569316624	0.008559946401456518	0.04960214187966184
219.6476147124703	1.9199612413590954	0.008560313665815411	0.04960214187966184
219.96985005256292	1.9227197443492097	0.008560681443840376	0.04960214187966184
220.29208539265557	1.9254783660662689	0.008561049735581078	0.04960214187966184
220.6143207327482	1.928237106674537	0.008561418541087176	0.04960214187966184
220.93655607284086	1.9309959663382772	0.008561787860408333	0.04960214187966184
221.2587914129335	1.9337549452217533	0.008562157693594209	0.04960214187966184
221.5810267530261	1.9365140434892287	0.008562528040694468	0.04960214187966184
221.90326209311874	1.9392732613049675	0.008562898901758771	0.04960214187966184
222.2254974332114	1.942032598833233	0.008563270276836782	0.04960214187966184
222.54773277330403	1.944792056238289	0.00856364216597816	0.04960214187966184
222.86996811339665	1.947551633684399	0.008564014569232566	0.04960214187966184
223.1922034534893	1.9503113313358267	0.008564387486649665	0.04960214187966184
223.51443879358195	1.953071149356836	0.008564760918279117	0.04960214187966184
223.8366741336746	1.95583108791169	0.008565134864170586	0.04960214187966184
224.15890947376724	1.9585911471646527	0.00856550932437373	0.04960214187966184
224.48114481385983	1.9613513272799876	0.008565884298938214	0.04960214187966184
224.80338015395247	1.9641116284219584	0.0085662597879137	0.04960214187966184
225.12561549404512	1.966872050754829	0.008566635791349846	0.04960214187966184
225.44785083413777	1.9696325944428628	0.008567012309296318	0.04960214187966184
225.7700861742304	1.972393259650323	0.008567389341802777	0.04960214187966184
226.09232151432303	1.9751540465414736	0.008567766888918884	0.04960214187966184
226.41455685441568	1.9779149552805786	0.0085681449506943	0.04960214187966184
226.7367921945083	1.9806759860319014	0.00856852352717869	0.04960214187966184
227.05902753460094	1.9834371389597052	0.008568902618421713	0.04960214187966184
227.38126287469356	1.986198414228254	0.00856928222447303	0.04960214187966184
227.7034982147862	1.9889598120018117	0.008569662345382307	0.04960214187966184
228.02573355487885	1.991721332444641	0.008570042981199202	0.04960214187966184
228.3479688949715	1.994482975721007	0.008570424131973379	0.04960214187966184
228.67020423506415	1.9972447419951724	0.008570805797754497	0.04960214187966184
228.99243957515674	2.0000066314314005	0.008571187978592222	0.04960214187966184
229.31467491524938	2.0027686441939556	0.008571570674536214	0.04960214187966184
229.63691025534203	2.0055307804471014	0.008571953885636134	0.04960214187966184
229.95914559543468	2.008293040355101	0.008572337611941644	0.04960214187966184
230.28138093552732	2.011055424082219	0.008572721853502406	0.04960214187966184
230.60361627561994	2.013817931792717	0.008573106610368083	0.04960214187966184
230.9258516157126	2.016580563650861	0.008573491882588337	0.04960214187966184
231.24808695580523	2.0193433198209134	0.008573877670212827	0.04960214187966184
231.57032229589788	2.022106200467138	0.008574263973291217	0.04960214187966184
231.89255763599047	2.0248692057537987	0.008574650791873169	0.04960214187966184
232.21479297608312	2.0276323358451585	0.008575038126008344	0.04960214187966184
232.53702831617576	2.0303955909054814	0.008575425975746405	0.04960214187966184
232.8592636562684	2.0331589710990317	0.008575814341137014	0.04960214187966184
233.18149899636106	2.035922476590072	0.00857620322222983	0.04960214187966184
233.50373433645368	2.0386861075428664	0.008576592619074518	0.04960214187966184
233.82596967654632	2.041449864121679	0.008576982531720737	0.04960214187966184
234.14820501663894	2.0442137464907724	0.008577372960218153	0.04960214187966184
234.4704403567316	2.046977754814411	0.008577763904616424	0.04960214187966184
234.7926756968242	2.049741889256858	0.008578155364965213	0.04960214187966184
235.11491103691685	2.052506149982378	0.008578547341314182	0.04960214187966184
235.4371463770095	2.055270537155233	0.008578939833712995	0.04960214187966184
235.75938171710214	2.0580350509396883	0.00857933284221131	0.04960214187966184
236.0816170571948	2.060799691500006	0.008579726366858791	0.04960214187966184
236.40385239728738	2.0635644590004505	0.008580120407705099	0.04960214187966184
236.72608773738003	2.066329353605286	0.008580514964799897	0.04960214187966184
237.04832307747267	2.069094375478775	0.008580910038192845	0.04960214187966184
237.37055841756532	2.0718595247851823	0.008581305627933607	0.04960214187966184
237.69279375765797	2.0746248016887705	0.008581701734071844	0.04960214187966184
238.01502909775058	2.0773902063538037	0.008582098356657217	0.04960214187966184
238.33726443784323	2.080155738944546	0.00858249549573939	0.04960214187966184
238.65949977793588	2.0829213996252607	0.008582893151368022	0.04960214187966184
238.98173511802852	2.0856871885602106	0.008583291323592776	0.04960214187966184
239.3039704581211	2.08845310591366	0.008583690012463315	0.04960214187966184
239.62620579821376	2.091219151849873	0.008584089218029299	0.04960214187966184
239.9484411383064	2.0939853265331125	0.008584488940340392	0.04960214187966184
240.27067647839905	2.0967516301276428	0.008584889179446255	0.04960214187966184
240.5929118184917	2.099518062797727	0.008585289935396548	0.04960214187966184
240.91514715858432	2.102284624707629	0.008585691208240934	0.04960214187966184
241.23738249867696	2.105051316021612	0.008586092998029078	0.04960214187966184
241.55961783876958	2.10781813690394	0.008586495304810636	0.04960214187966184
241.88185317886223	2.110585087518877	0.008586898128635275	0.04960214187966184
242.20408851895485	2.113352168030686	0.008587301469552654	0.04960214187966184
242.5263238590475	2.116119378603631	0.008587705327612436	0.04960214187966184
242.84855919914014	2.1188867194019756	0.008588109702864282	0.04960214187966184
243.1707945392328	2.1216541905899833	0.008588514595357855	0.04960214187966184
243.49302987932543	2.124421792331918	0.008588920005142815	0.04960214187966184
243.81526521941802	2.1271895247920427	0.008589325932268826	0.04960214187966184
244.13750055951067	2.1299573881346214	0.008589732376785548	0.04960214187966184
244.45973589960332	2.1327253825239185	0.008590139338742645	0.04960214187966184
244.78197123969596	2.1354935081241964	0.008590546818189777	0.04960214187966184
245.1042065797886	2.1382617650997195	0.008590954815176606	0.04960214187966184
245.42644191988123	2.141030153614751	0.008591363329752794	0.04960214187966184
245.74867725997387	2.1437986738335555	0.008591772361968005	0.04960214187966184
246.07091260006652	2.146567325920395	0.008592181911871897	0.04960214187966184
246.39314794015917	2.1493361100395347	0.008592591979514135	0.04960214187966184
246.71538328025176	2.152105026355237	0.008593002564944378	0.04960214187966184
247.0376186203444	2.154874075031766	0.008593413668212292	0.04960214187966184
247.35985396043705	2.157643256233386	0.008593825289367535	0.04960214187966184
247.6820893005297	2.16041257012436	0.008594237428459769	0.04960214187966184
248.00432464062234	2.1631820168689515	0.008594650085538658	0.04960214187966184
248.32655998071496	2.165951596631424	0.008595063260653865	0.04960214187966184
248.6487953208076	2.1687213095760423	0.008595476953855046	0.04960214187966184
248.97103066090023	2.171491155867069	0.00859589116519187	0.04960214187966184
249.29326600099287	2.1742611356687678	0.008596305894713994	0.04960214187966184
249.61550134108552	2.1770312491454025	0.008596721142471082	0.04960214187966184
249.93773668117814	2.1798014964612364	0.008597136908512795	0.04960214187966184
250.25997202127078	2.182571877780534	0.008597553192888794	0.04960214187966184
250.58220736136343	2.185342393267558	0.008597969995648743	0.04960214187966184
250.90444270145608	2.188113043086573	0.008598387316842301	0.04960214187966184
251.22667804154867	2.190883827401841	0.008598805156519132	0.04960214187966184
251.5489133816413	2.1936547463776277	0.0085992235147289	0.04960214187966184
251.87114872173396	2.1964258001781953	0.008599642391521261	0.04960214187966184
252.1933840618266	2.1991969889678082	0.008600061786945883	0.04960214187966184
252.51561940191925	2.20196831291073	0.008600481701052423	0.04960214187966184
252.83785474201187	2.204739772171223	0.008600902133890545	0.04960214187966184
253.16009008210452	2.2075113669135527	0.008601323085509911	0.04960214187966184
253.48232542219716	2.210283097301982	0.008601744555960182	0.04960214187966184
253.8045607622898	2.213054963500774	0.008602166545291022	0.04960214187966184
254.1267961023824	2.215826965674193	0.008602589053552089	0.04960214187966184
254.44903144247505	2.2185991039865023	0.00860301208079305	0.04960214187966184
254.7712667825677	2.2213713786019658	0.00860343562706356	0.04960214187966184
255.09350212266034	2.224143789684847	0.008603859692413288	0.04960214187966184
255.415737462753	2.22691633739941	0.008604284276891892	0.04960214187966184
255.7379728028456	2.229689021909917	0.008604709380549034	0.04960214187966184
256.0602081429382	2.2324618433806336	0.008605135003434376	0.04960214187966184
256.3824434830309	2.235234801975822	0.00860556114559758	0.04960214187966184
256.7046788231235	2.238007897859746	0.008605987807088308	0.04960214187966184
257.0269141632162	2.2407811311966706	0.008606414987956224	0.04960214187966184
257.34914950330875	2.2435545021508574	0.008606842688250984	0.04960214187966184
257.6713848434014	2.2463280108865713	0.008607270908022257	0.04960214187966184
257.99362018349404	2.249101657568076	0.0086076996473197	0.04960214187966184
258.3158555235867	2.2518754423596343	0.008608128906192976	0.04960214187966184
258.63809086367934	2.25464936542551	0.008608558684691747	0.04960214187966184
258.96032620377196	2.257423426929967	0.008608988982865676	0.04960214187966184
259.28256154386463	2.26019762703727	0.008609419800764424	0.04960214187966184
259.60479688395725	2.2629719659116807	0.00860985113843765	0.04960214187966184
259.9270322240499	2.2657464437174646	0.00861028299593502	0.04960214187966184
260.2492675641425	2.268521060618883	0.008610715373306196	0.04960214187966184
260.57150290423516	2.271295816780202	0.008611148270600838	0.04960214187966184
260.8937382443278	2.2740707123656843	0.008611581687868606	0.04960214187966184
261.21597358442045	2.2768457475395927	0.008612015625159165	0.04960214187966184
261.53820892451307	2.279620922466192	0.008612450082522176	0.04960214187966184
261.8604442646057	2.2823962373097455	0.0086128850600073	0.04960214187966184
262.18267960469836	2.285171692234516	0.0086133205576642	0.04960214187966184
262.504914944791	2.287947287404769	0.008613756575542537	0.04960214187966184
262.8271502848836	2.290723022984766	0.008614193113691973	0.04960214187966184
263.1493856249762	2.2934988991387715	0.00861463017216217	0.04960214187966184
263.4716209650689	2.2962749160310496	0.00861506775100279	0.04960214187966184
263.7938563051615	2.299051073825864	0.008615505850263496	0.04960214187966184
264.1160916452542	2.3018273726874776	0.008615944469993947	0.04960214187966184
264.4383269853468	2.3046038127801545	0.008616383610243807	0.04960214187966184
264.7605623254394	2.307380394268158	0.008616823271062737	0.04960214187966184
265.08279766553204	2.3101571173157516	0.0086172634525004	0.04960214187966184
265.4050330056247	2.3129339820872	0.008617704154606455	0.04960214187966184
265.72726834571733	2.315710988746766	0.008618145377430568	0.04960214187966184
266.04950368580995	2.3184881374587127	0.008618587121022397	0.04960214187966184
266.3717390259026	2.321265428387305	0.008619029385431607	0.04960214187966184
266.69397436599525	2.324042861696806	0.008619472170707857	0.04960214187966184
267.0162097060879	2.326820437551479	0.008619915476900811	0.04960214187966184
267.33844504618054	2.329598156115588	0.00862035930406013	0.04960214187966184
267.66068038627316	2.332376017553396	0.008620803652235475	0.04960214187966184
267.9829157263658	2.335154022029168	0.008621248521476511	0.04960214187966184
268.30515106645845	2.3379321697071664	0.008621693911832895	0.04960214187966184
268.62738640655107	2.340710460751655	0.008622139823354294	0.04960214187966184
268.9496217466437	2.3434888953268977	0.008622586256090366	0.04960214187966184
269.27185708673636	2.346267473597159	0.008623033210090773	0.04960214187966184
269.594092426829	2.349046195726701	0.00862348068540518	0.04960214187966184
269.91632776692165	2.3518250618797882	0.008623928682083245	0.04960214187966184
270.2385631070143	2.354604072220684	0.008624377200174633	0.04960214187966184
270.5607984471069	2.357383226913651	0.008624826239729004	0.04960214187966184
270.8830337871995	2.3601625261229553	0.008625275800796021	0.04960214187966184
271.2052691272922	2.3629419700128587	0.008625725883425346	0.04960214187966184
271.5275044673848	2.365721558747625	0.008626176487666637	0.04960214187966184
271.8497398074775	2.3685012924915183	0.008626627613569563	0.04960214187966184
272.17197514757004	2.371281171408802	0.008627079261183779	0.04960214187966184
272.4942104876627	2.3740611956637396	0.00862753143055895	0.04960214187966184
272.81644582775533	2.3768413654205958	0.00862798412174474	0.04960214187966184
273.138681167848	2.3796216808436323	0.008628437334790805	0.04960214187966184
273.4609165079406	2.3824021420971144	0.008628891069746812	0.04960214187966184
273.78315184803324	2.3851827493453044	0.008629345326662421	0.04960214187966184
274.1053871881259	2.3879635028966497	0.00862980010931914	0.04960214187966184
274.42762252821854	2.3907444042042623	0.008630255448293883	0.04960214187966184
274.7498578683112	2.393525452241555	0.008630711310393592	0.04960214187966184
275.07209320840377	2.3963066471792187	0.00863116769568987	0.04960214187966184
275.39432854849645	2.3990879891879455	0.008631624604254325	0.04960214187966184
275.71656388858906	2.4018694784384254	0.008632082036158556	0.04960214187966184
276.03879922868174	2.40465111510135	0.008632539991474168	0.04960214187966184
276.36103456877436	2.407432899347411	0.008632998470272768	0.04960214187966184
276.683269908867	2.4102148313472984	0.008633457472625956	0.04960214187966184
277.00550524895965	2.412996911271705	0.008633916998605337	0.04960214187966184
277.32774058905227	2.4157791392913204	0.008634377048282517	0.04960214187966184
277.6499759291449	2.4185615155768367	0.008634837621729098	0.04960214187966184
277.9722112692375	2.4213440402989446	0.008635298719016684	0.04960214187966184
278.2944466093302	2.4241267136283358	0.00863576034021688	0.04960214187966184
278.6166819494228	2.426909535735701	0.00863622248540129	0.04960214187966184
278.9389172895155	2.429692506791732	0.008636685154641515	0.04960214187966184
279.2611526296081	2.432475626967119	0.008637148348009162	0.04960214187966184
279.5833879697007	2.4352588964325537	0.008637612065575832	0.04960214187966184
279.9056233097933	2.4380423153587274	0.008638076307413133	0.04960214187966184
280.227858649886	2.4408258839163315	0.008638541073592666	0.04960214187966184
280.5500939899786	2.4436096022760565	0.008639006364186035	0.04960214187966184
280.87232933007124	2.4463934706085935	0.008639472179264845	0.04960214187966184
281.1945646701639	2.4491774890846347	0.0086399385189007	0.04960214187966184
281.51680001025653	2.451961657874871	0.008640405383165201	0.04960214187966184
281.8390353503492	2.4547459771499924	0.008640872772129956	0.04960214187966184
282.1612706904418	2.4575304470806913	0.008641340685866566	0.04960214187966184
282.48350603053444	2.460315067837658	0.008641809124446637	0.04960214187966184
282.80574137062706	2.463099839591585	0.008642278087941772	0.04960214187966184
283.12797671071974	2.4658847625131624	0.008642747576423573	0.04960214187966184
283.45021205081235	2.4686698367730813	0.008643217589963647	0.04960214187966184
283.77244739090503	2.4714550625420335	0.008643688128633597	0.04960214187966184
284.09468273099765	2.4742404399907096	0.008644159192505024	0.04960214187966184
284.41691807109027	2.477025969289801	0.008644630781649537	0.04960214187966184
284.73915341118294	2.4798116506099994	0.008645102896138736	0.04960214187966184
285.06138875127556	2.4825974841219955	0.008645575536044227	0.04960214187966184
285.3836240913682	2.4853834699964796	0.008646048701437613	0.04960214187966184
285.7058594314608	2.4881696084041445	0.008646522392390497	0.04960214187966184
286.02809477155347	2.4909558995156806	0.008646996608974484	0.04960214187966184
286.3503301116461	2.493742343501779	0.008647471351261178	0.04960214187966184
286.67256545173876	2.496528940533131	0.008647946619322184	0.04960214187966184
286.9948007918313	2.4993156907804277	0.008648422413229103	0.04960214187966184
287.317036131924	2.5021025944143602	0.008648898733053542	0.04960214187966184
287.6392714720166	2.50488965160562	0.008649375578867101	0.04960214187966184
287.9615068121093	2.507676862524898	0.008649852950741388	0.04960214187966184
288.2837421522019	2.510464227342885	0.008650330848748005	0.04960214187966184
288.6059774922945	2.5132517462302735	0.008650809272958556	0.04960214187966184
288.9282128323872	2.5160394193577535	0.008651288223444645	0.04960214187966184
289.2504481724798	2.5188272468960164	0.008651767700277875	0.04960214187966184
289.5726835125725	2.5216152290157536	0.008652247703529852	0.04960214187966184
289.89491885266506	2.5244033658876557	0.00865272823327218	0.04960214187966184
290.21715419275773	2.5271916576824145	0.008653209289576459	0.04960214187966184
290.53938953285035	2.529980104570721	0.008653690872514296	0.04960214187966184
290.861624872943	2.5327687067232665	0.008654172982157295	0.04960214187966184
291.18386021303564	2.535557464310742	0.00865465561857706	0.04960214187966184
291.50609555312826	2.5383463775038386	0.008655138781845192	0.04960214187966184
291.82833089322094	2.541135446473248	0.0086556224720333	0.04960214187966184
292.15056623331355	2.5439246713896604	0.008656106689212984	0.04960214187966184
292.4728015734062	2.5467140524237677	0.008656591433455848	0.04960214187966184
292.7950369134988	2.549503589746261	0.008657076704833497	0.04960214187966184
293.11727225359147	2.5522932835278316	0.008657562503417536	0.04960214187966184
293.4395075936841	2.55508313393917	0.008658048829279567	0.04960214187966184
293.76174293377676	2.557873141150968	0.008658535682491194	0.04960214187966184
294.0839782738694	2.560663305333917	0.008659023063124022	0.04960214187966184
294.406213613962	2.5634536266587076	0.008659510971249654	0.04960214187966184
294.7284489540546	2.5662441052960308	0.008659999406939694	0.04960214187966184
295.0506842941473	2.5690347414165786	0.008660488370265746	0.04960214187966184
295.3729196342399	2.5718255351910417	0.008660977861299416	0.04960214187966184
295.6951549743325	2.574616486790111	0.008661467880112303	0.04960214187966184
296.0173903144252	2.5774075963844782	0.008661958426776016	0.04960214187966184
296.3396256545178	2.580198864144834	0.008662449501362156	0.04960214187966184
296.6618609946105	2.58299029024187	0.008662941103942327	0.04960214187966184
296.9840963347031	2.5857818748462775	0.008663433234588135	0.04960214187966184
297.30633167479573	2.588573618128747	0.008663925893371182	0.04960214187966184
297.62856701488835	2.59136552025997	0.008664419080363073	0.04960214187966184
297.950802354981	2.594157581410638	0.00866491279563541	0.04960214187966184
298.27303769507364	2.596949801751442	0.008665407039259799	0.04960214187966184
298.5952730351663	2.599742181453073	0.008665901811307842	0.04960214187966184
298.91750837525893	2.6025347206862217	0.008666397111851146	0.04960214187966184
299.23974371535155	2.6053274196215805	0.008666892940961311	0.04960214187966184
299.5619790554442	2.6081202784298396	0.008667389298709945	0.04960214187966184
299.88421439553684	2.610913297281691	0.008667886185168647	0.04960214187966184
300.20644973562946	2.6137064763478244	0.008668383600409025	0.04960214187966184
300.5286850757221	2.6164998157989325	0.008668881544502682	0.04960214187966184
300.85092041581476	2.619293315805706	0.00866938001752122	0.04960214187966184
301.1731557559074	2.622086976538836	0.008669879019536246	0.04960214187966184
301.49539109600005	2.6248807981690137	0.00867037855061936	0.04960214187966184
301.8176264360926	2.6276747808669296	0.00867087861084217	0.04960214187966184
302.1398617761853	2.630468924803276	0.008671379200276278	0.04960214187966184
302.4620971162779	2.6332632301487435	0.008671880318993287	0.04960214187966184
302.7843324563706	2.6360576970740235	0.008672381967064801	0.04960214187966184
303.1065677964632	2.638852325749807	0.008672884144562427	0.04960214187966184
303.4288031365558	2.6416471163467854	0.008673386851557765	0.04960214187966184
303.7510384766485	2.6444420690356494	0.008673890088122421	0.04960214187966184
304.0732738167411	2.6472371839870905	0.008674393854327998	0.04960214187966184
304.3955091568338	2.6500324613718003	0.0086748981502461	0.04960214187966184
304.71774449692634	2.6528279013604688	0.008675402975948333	0.04960214187966184
305.039979837019	2.6556235041237883	0.0086759083315063	0.04960214187966184
305.36221517711164	2.6584192698324496	0.0086764142169916	0.04960214187966184
305.6844505172043	2.661215198657144	0.008676920632475844	0.04960214187966184
306.00668585729693	2.664011290768562	0.008677427578030632	0.04960214187966184
306.32892119738955	2.6668075463373957	0.008677935053727569	0.04960214187966184
306.6511565374822	2.6696039655343355	0.008678443059638259	0.04960214187966184
306.97339187757484	2.6724005485300735	0.008678951595834304	0.04960214187966184
307.29562721766746	2.6751972954953	0.008679460662387312	0.04960214187966184
307.6178625577601	2.6779942066007063	0.008679970259368881	0.04960214187966184
307.94009789785275	2.680791282016984	0.00868048038685062	0.04960214187966184
308.26233323794537	2.6835885219148246	0.008680991044904132	0.04960214187966184
308.58456857803804	2.686385926464918	0.00868150223360102	0.04960214187966184
308.90680391813066	2.6891834958379564	0.008682013953012886	0.04960214187966184
309.2290392582233	2.6919812302046306	0.008682526203211338	0.04960214187966184
309.5512745983159	2.6947791297356316	0.008683038984267977	0.04960214187966184
309.8735099384086	2.6975771946016516	0.008683552296254407	0.04960214187966184
310.1957452785012	2.7003754249733802	0.008684066139242233	0.04960214187966184
310.51798061859387	2.70317382102151	0.008684580513303059	0.04960214187966184
310.8402159586865	2.7059723829167313	0.008685095418508489	0.04960214187966184
311.1624512987791	2.708771110829735	0.008685610854930125	0.04960214187966184
311.4846866388718	2.7115700049312137	0.008686126822639573	0.04960214187966184
311.8069219789644	2.7143690653918577	0.008686643321708435	0.04960214187966184
312.129157319057	2.7171682923823575	0.008687160352208317	0.04960214187966184
312.45139265914963	2.719967686073405	0.008687677914210821	0.04960214187966184
312.7736279992423	2.722767246635692	0.008688196007787554	0.04960214187966184
313.0958633393349	2.7255669742399085	0.008688714633010115	0.04960214187966184
313.4180986794276	2.7283668690567464	0.008689233789950112	0.04960214187966184
313.7403340195202	2.731166931256896	0.008689753478679148	0.04960214187966184
314.06256935961284	2.7339671610110496	0.008690273699268825	0.04960214187966184
314.3848046997055	2.7367675584898983	0.008690794451790749	0.04960214187966184
314.70704003979813	2.7395681238641325	0.008691315736316523	0.04960214187966184
315.02927537989075	2.7423688573044434	0.008691837552917752	0.04960214187966184
315.35151071998337	2.7451697589815227	0.008692359901666039	0.04960214187966184
315.67374606007604	2.7479708290660616	0.008692882782632987	0.04960214187966184
315.99598140016866	2.7507720677287515	0.0086934061958902	0.04960214187966184
316.31821674026133	2.7535734751402825	0.008693930141509284	0.04960214187966184
316.6404520803539	2.7563750514713465	0.008694454619561842	0.04960214187966184
316.96268742044657	2.7591767968926346	0.008694979630119478	0.04960214187966184
317.2849227605392	2.761978711574838	0.008695505173253794	0.04960214187966184
317.60715810063186	2.7647807956886483	0.008696031249036396	0.04960214187966184
317.9293934407245	2.767583049404756	0.008696557857538888	0.04960214187966184
318.2516287808171	2.770385472893852	0.008697084998832871	0.04960214187966184
318.5738641209098	2.7731880663266284	0.008697612672989952	0.04960214187966184
318.8960994610024	2.775990829873776	0.008698140880081735	0.04960214187966184
319.21833480109507	2.778793763705986	0.008698669620179823	0.04960214187966184
319.54057014118763	2.781596867993949	0.008699198893355818	0.04960214187966184
319.8628054812803	2.7844001429083574	0.008699728699681327	0.04960214187966184
320.1850408213729	2.7872035886199016	0.008700259039227953	0.04960214187966184
320.5072761614656	2.7900072052992724	0.008700789912067299	0.04960214187966184
320.8295115015582	2.7928109931171616	0.008701321318270968	0.04960214187966184
321.15174684165083	2.79561495224426	0.008701853257910567	0.04960214187966184
321.4739821817435	2.798419082851259	0.008702385731057697	0.04960214187966184
321.7962175218361	2.80122338510885	0.008702918737783965	0.04960214187966184
322.11845286192874	2.804027859187724	0.00870345227816097	0.04960214187966184
322.4406882020214	2.806832505258572	0.008703986352260322	0.04960214187966184
322.76292354211404	2.809637323492085	0.00870452096015362	0.04960214187966184
323.08515888220666	2.8124423140589547	0.00870505610191247	0.04960214187966184
323.40739422229933	2.815247477129872	0.008705591777608476	0.04960214187966184
323.72962956239195	2.818052812875528	0.00870612798731324	0.04960214187966184
324.05186490248457	2.8208583214666136	0.008706664731098369	0.04960214187966184
