x	chi	dchidx	s0
0.0015446383586136868	0.0	0.06178911600382629	0.06178911600382629
0.023132673829138254	0.0013338688901718182	0.061784311458215425	0.06178911600382629
0.04472070929966283	0.002667543324558964	0.061771100864970604	0.06178911600382629
0.06630874477018739	0.004000841833244052	0.06174948423108427	0.06178911600382629
0.08789678024071196	0.005333582946335312	0.061719461557230196	0.06178911600382629
0.10948481571123653	0.0066655851939376246	0.06168103284355669	0.06178911600382629
0.1310728511817611	0.007996667106152522	0.0616341980896866	0.06178911600382629
0.15266088665228567	0.009326647213078191	0.06157895729471731	0.06178911600382629
0.17424892212281023	0.010655344042924347	0.061515310469690616	0.06178911600382629
0.19583695759333478	0.01198257612255843	0.0614432576359633	0.06178911600382629
0.21742499306385935	0.013308161983006075	0.061362798788321675	0.06178911600382629
0.23901302853438394	0.014631920155286044	0.061273933920817	0.06178911600382629
0.2606010640049085	0.01595366917028982	0.06117666302753758	0.06178911600382629
0.282189099475433	0.017273227558781613	0.06107098610260874	0.06178911600382629
0.30377713494595765	0.01859041385139836	0.060956903140192864	0.06178911600382629
0.3253651704164822	0.0199050465786497	0.06083441413448938	0.06178911600382629
0.34695320588700673	0.021216944270918015	0.060703519079734744	0.06178911600382629
0.3685412413575313	0.0225259254584584	0.060564217970202464	0.06178911600382629
0.39012927682805587	0.02383180867139867	0.06041651080020309	0.06178911600382629
0.4117173122985805	0.02513441243973937	0.06026039756408423	0.06178911600382629
0.433305347769105	0.026433555293353755	0.0600958782562305	0.06178911600382629
0.4548933832396296	0.027729055761987816	0.05992295287106359	0.06178911600382629
0.4764814187101542	0.029020732375260268	0.05974162140304222	0.06178911600382629
0.4980694541806787	0.030308403662662513	0.05955188384666215	0.06178911600382629
0.5196574896512033	0.03159188815355872	0.05935374019645619	0.06178911600382629
0.5412455251217279	0.03287100437718575	0.05914719044699418	0.06178911600382629
0.5628335605922524	0.03414557086265322	0.05893223459288302	0.06178911600382629
0.584421596062777	0.03541540613894342	0.05870887262876664	0.06178911600382629
0.6060096315333016	0.03668032873491141	0.05847710454932602	0.06178911600382629
0.6275976670038261	0.03794015717928493	0.058236930349279174	0.06178911600382629
0.6491857024743507	0.039194710000664476	0.05798835002338117	0.06178911600382629
0.6707737379448752	0.04044380572752325	0.05773136356642412	0.06178911600382629
0.6923617734153997	0.04168726288820718	0.05746597097323715	0.06178911600382629
0.7139498088859243	0.04292490001093491	0.05719217223868646	0.06178911600382629
0.7355378443564489	0.04415653562379781	0.056909967357675284	0.06178911600382629
0.7571258798269734	0.045381988254759975	0.056619356325143894	0.06178911600382629
0.7787139152974979	0.04660107643165823	0.05632033913606961	0.06178911600382629
0.8003019507680227	0.04781361868220211	0.05601291578546679	0.06178911600382629
0.8218899862385471	0.049019433533973845	0.05569708626838684	0.06178911600382629
0.8434780217090717	0.050218339514428445	0.055372850579918205	0.06178911600382629
0.8650660571795963	0.0514101551508936	0.05504020871518637	0.06178911600382629
0.8866540926501209	0.05259469897056975	0.05469916066935386	0.06178911600382629
0.9082421281206454	0.053771789500530014	0.054349706437620264	0.06178911600382629
0.9298301635911699	0.0549412452677203	0.05399184601522219	0.06178911600382629
0.9514181990616947	0.05610288479895918	0.05362557939743328	0.06178911600382629
0.9730062345322191	0.05725652662093795	0.053250906579564265	0.06178911600382629
0.9945942700027437	0.058401989260220666	0.052867827556962864	0.06178911600382629
1.0161823054732682	0.059539091243244066	0.05247634232501388	0.06178911600382629
1.0377703409437928	0.060667651096317665	0.05207645087913913	0.06178911600382629
1.0593583764143173	0.06178748734562363	0.051668153214797494	0.06178911600382629
1.080946411884842	0.06289841851721688	0.051251449327484884	0.06178911600382629
1.1025344473553664	0.0640002631370251	0.050826339212734245	0.06178911600382629
1.1241224828258911	0.0650928397308486	0.0503928228661156	0.06178911600382629
1.1457105182964158	0.06617596682436053	0.04995090028323596	0.06178911600382629
1.1672985537669403	0.06724946294310669	0.049500571459739434	0.06178911600382629
1.1888865892374647	0.06831314661250555	0.04904183639130715	0.06178911600382629
1.2104746247079894	0.06936683635784847	0.04857469507365726	0.06178911600382629
1.2320626601785138	0.07041035070429932	0.048099147502544994	0.06178911600382629
1.2536506956490385	0.07144350817689488	0.04761519367376259	0.06178911600382629
1.275238731119563	0.07246612730054451	0.04712283358313936	0.06178911600382629
1.2968267665900877	0.0734780266000304	0.046622067226541636	0.06178911600382629
1.3184148020606121	0.0744790246000074	0.046112894599872806	0.06178911600382629
1.3400028375311368	0.07546893982500309	0.04559531569907329	0.06178911600382629
1.3615908730016613	0.0764475907994178	0.04506933052012056	0.06178911600382629
1.383178908472186	0.07741479604752458	0.044534939059029124	0.06178911600382629
1.4047669439427106	0.07837037409346911	0.04399214131185054	0.06178911600382629
1.426354979413235	0.07931414346126991	0.0434409372746734	0.06178911600382629
1.4479430148837598	0.0802459226748182	0.04288132694362334	0.06178911600382629
1.469531050354284	0.08116553025787786	0.042313310314863045	0.06178911600382629
1.4911190858248087	0.08207278473408557	0.04173688738459223	0.06178911600382629
1.5127071212953331	0.08296750462695064	0.041152058149047696	0.06178911600382629
1.5342951567658578	0.0838495084598552	0.0405588226045032	0.06178911600382629
1.5558831922363823	0.08471861475605405	0.03995718074726962	0.06178911600382629
1.577471227706907	0.08557464204329321	0.03934713254623698	0.06178911600382629
1.5990592631774316	0.08641740884965297	0.03872867796442522	0.06178911600382629
1.620647298647956	0.08724673369782682	0.038101816994280786	0.06178911600382629
1.6422353341184808	0.08806243511034231	0.037466549628305604	0.06178911600382629
1.6638233695890052	0.08886433160956535	0.03682287585903253	0.06178911600382629
1.68541140505953	0.08965224171770017	0.03617079567902531	0.06178911600382629
1.7069994405300541	0.09042598395678929	0.035510309080878606	0.06178911600382629
1.728587476000579	0.09118537684871361	0.03484141605721796	0.06178911600382629
1.7501755114711037	0.09193023891519232	0.03416411660069983	0.06178911600382629
1.771763546941628	0.09266038867778292	0.033478410704011585	0.06178911600382629
1.7933515824121526	0.0933756446578813	0.03278429835987145	0.06178911600382629
1.814939617882677	0.09407582537672159	0.0320817795610286	0.06178911600382629
1.8365276533532018	0.09476074935537632	0.03137085430026309	0.06178911600382629
1.8581156888237262	0.09543023511475626	0.03065152257038588	0.06178911600382629
1.879703724294251	0.09608410117561061	0.02992378436423881	0.06178911600382629
1.9012917597647756	0.09672216605852685	0.029187639674694656	0.06178911600382629
1.9228797952353	0.09734424828393072	0.02844308849465708	0.06178911600382629
1.9444678307058247	0.09795016637208728	0.027690130817061207	0.06178911600382629
1.9660558661763492	0.09853973884319552	0.026928766634940992	0.06178911600382629
1.9876439016468739	0.09911278421731096	0.02615899594141137	0.06178911600382629
2.009231937117398	0.09966912101429545	0.02538081872963423	0.06178911600382629
2.030819972587923	0.10020856775386446	0.024594234992844785	0.06178911600382629
2.0524080080584475	0.10073094295558696	0.02379924472435166	0.06178911600382629
2.073996043528972	0.10123606513888557	0.022995847917536782	0.06178911600382629
2.095584078999497	0.10172379705928511	0.02218392382173139	0.06178911600382629
2.117172114470021	0.10219399343137221	0.02132401101978071	0.06178911600382629
2.1387601499405458	0.10264609877032375	0.020767185442153963	0.06178911600382629
2.2912377032052387	0.10581264171355566	0.020767316428787423	0.06178911600382629
2.4437152564699316	0.10897920311319031	0.02076744506408885	0.06178911600382629
2.5961928097346245	0.11214578287224554	0.02076757148363721	0.06178911600382629
2.748670362999317	0.1153123808937391	0.02076769582301146	0.06178911600382629
2.90114791626401	0.11847899708068885	0.020767818217790564	0.06178911600382629
3.0536254695287024	0.12164563133611253	0.020767938803553484	0.06178911600382629
3.2061030227933953	0.124812283563028	0.020768057715879185	0.06178911600382629
3.3585805760580882	0.127978953664453	0.02076817509034663	0.06178911600382629
3.5110581293227807	0.13114564154340538	0.020768291062534777	0.06178911600382629
3.6635356825874736	0.13431234710290293	0.020768405768022594	0.06178911600382629
3.816013235852167	0.13747907024596345	0.020768519342389043	0.06178911600382629
3.9684907891168595	0.14064581087560474	0.02076863192121308	0.06178911600382629
4.120968342381552	0.1438125688948446	0.020768743640073677	0.06178911600382629
4.273445895646246	0.1469793442067008	0.020768854634549788	0.06178911600382629
4.425923448910939	0.1501461367141912	0.020768965040220383	0.06178911600382629
4.578401002175631	0.15331294632033354	0.020769074992664418	0.06178911600382629
4.730878555440324	0.15647977292814566	0.02076918462746086	0.06178911600382629
4.883356108705017	0.15964661644064534	0.020769294080188672	0.06178911600382629
5.0358336619697095	0.1628134767608504	0.02076940348642681	0.06178911600382629
5.188311215234402	0.16598035379177867	0.020769512981754248	0.06178911600382629
5.340788768499095	0.16914724743644788	0.020769622701749937	0.06178911600382629
5.493266321763787	0.17231415759787586	0.020769732781992845	0.06178911600382629
5.64574387502848	0.17548108586261357	0.02076984235319266	0.06178911600382629
5.798221428293173	0.17864803522137376	0.020769949559319534	0.06178911600382629
5.950698981557866	0.1818150004190511	0.020770057530804437	0.06178911600382629
6.103176534822559	0.1849819815946592	0.02077016627003192	0.06178911600382629
6.255654088087251	0.1881489788872117	0.02077027577938652	0.06178911600382629
6.408131641351945	0.1913159924357222	0.02077038606125278	0.06178911600382629
6.560609194616638	0.19448302237920434	0.020770497118015246	0.06178911600382629
6.713086747881331	0.19765006885667175	0.020770608952058456	0.06178911600382629
6.865564301146024	0.20081713200713802	0.02077072156576696	0.06178911600382629
7.018041854410717	0.20398421196961686	0.020770834961525295	0.06178911600382629
7.170519407675409	0.20715130888312183	0.020770949141718006	0.06178911600382629
7.3229969609401016	0.2103184228866666	0.020771064108729632	0.06178911600382629
7.4754745142047945	0.21348555411926476	0.020771179864944724	0.06178911600382629
7.627952067469487	0.21665270271992998	0.020771296412747817	0.06178911600382629
7.78042962073418	0.21981986882767585	0.02077141375452346	0.06178911600382629
7.932907173998872	0.22298705258151602	0.02077153189265619	0.06178911600382629
8.085384727263566	0.2261542541204641	0.020771650829530554	0.06178911600382629
8.237862280528258	0.22932147358353377	0.020771770567531093	0.06178911600382629
8.390339833792952	0.23248871110973862	0.02077189110904235	0.06178911600382629
8.542817387057644	0.23565596683809226	0.020772012456448868	0.06178911600382629
8.695294940322338	0.23882324090760831	0.02077213461213519	0.06178911600382629
8.84777249358703	0.24199053345730043	0.02077225757848586	0.06178911600382629
9.000250046851724	0.2451578446261823	0.02077238135788542	0.06178911600382629
9.152727600116416	0.2483251745532674	0.020772505952718408	0.06178911600382629
9.305205153381108	0.2514925233775695	0.020772631365369373	0.06178911600382629
9.457682706645802	0.2546598912381022	0.02077275759822286	0.06178911600382629
9.610160259910494	0.2578272782738791	0.020772884653663407	0.06178911600382629
9.762637813175187	0.2609946846239138	0.020773012534075555	0.06178911600382629
9.91511536643988	0.26416211042721993	0.02077314124184385	0.06178911600382629
10.067592919704573	0.2673295558228112	0.020773270779352836	0.06178911600382629
10.220070472969265	0.2704970209497012	0.020773401148987052	0.06178911600382629
10.372548026233957	0.2736645059469035	0.020773532353131046	0.06178911600382629
10.525025579498651	0.2768320109534318	0.020773664394169358	0.06178911600382629
10.677503132763343	0.27999953610829975	0.020773797274486527	0.06178911600382629
10.829980686028037	0.28316708155052084	0.020773930996467103	0.06178911600382629
10.982458239292729	0.28633464741910886	0.020774065562495624	0.06178911600382629
11.134935792557421	0.2895022338530774	0.020774200974956636	0.06178911600382629
11.287413345822115	0.29266984099143994	0.020774337236234678	0.06178911600382629
11.439890899086807	0.2958374689732103	0.020774474348714295	0.06178911600382629
11.5923684523515	0.29900511793740203	0.02077461231478003	0.06178911600382629
11.744846005616193	0.3021727880230287	0.020774751136816427	0.06178911600382629
11.897323558880885	0.3053404793691041	0.020774890817208028	0.06178911600382629
12.049801112145579	0.30850819211464164	0.020775031358339375	0.06178911600382629
12.20227866541027	0.31167592639865516	0.02077517276259501	0.06178911600382629
12.354756218674964	0.31484368236015814	0.020775315032359475	0.06178911600382629
12.507233771939656	0.3180114601381643	0.02077545817001732	0.06178911600382629
12.659711325204348	0.3211792598716873	0.020775602177953077	0.06178911600382629
12.812188878469042	0.3243470816997406	0.020775747058551296	0.06178911600382629
12.964666431733734	0.3275149257613379	0.02077589281419652	0.06178911600382629
13.117143984998428	0.3306827921954929	0.02077603944727329	0.06178911600382629
13.26962153826312	0.3338506811412192	0.02077618696016615	0.06178911600382629
13.422099091527812	0.3370185927375303	0.02077633535525964	0.06178911600382629
13.574576644792506	0.34018652712344005	0.020776484634938305	0.06178911600382629
13.727054198057198	0.343354484437962	0.020776634801586688	0.06178911600382629
13.879531751321892	0.3465224648201097	0.020776785857589332	0.06178911600382629
14.032009304586584	0.3496904684088968	0.020776937805330777	0.06178911600382629
14.184486857851276	0.35285849534333696	0.02077709064719557	0.06178911600382629
14.33696441111597	0.3560265457624438	0.02077724438556825	0.06178911600382629
14.489441964380664	0.35919461980523104	0.020777399022833362	0.06178911600382629
14.641919517645357	0.3623627176107121	0.02077755456137545	0.06178911600382629
14.79439707091005	0.36553083931790076	0.020777711003579055	0.06178911600382629
14.946874624174743	0.36869898506581067	0.02077786835182872	0.06178911600382629
15.099352177439435	0.3718671549934553	0.020778026608508988	0.06178911600382629
15.251829730704127	0.3750353492398484	0.0207781857760044	0.06178911600382629
15.404307283968821	0.37820356794400367	0.020778345856699503	0.06178911600382629
15.556784837233513	0.3813718112449346	0.02077850685297884	0.06178911600382629
15.709262390498207	0.38454007928165485	0.020778668767226945	0.06178911600382629
15.861739943762899	0.387708372193178	0.020778831601828373	0.06178911600382629
16.01421749702759	0.3908766901185178	0.020778995359167655	0.06178911600382629
16.166695050292283	0.3940450331966878	0.020779160041629344	0.06178911600382629
16.31917260355698	0.3972134015667017	0.020779325651597978	0.06178911600382629
16.47165015682167	0.400381795367573	0.020779492191458103	0.06178911600382629
16.624127710086363	0.40355021473831554	0.020779659663594255	0.06178911600382629
16.776605263351055	0.40671865981794275	0.020779828070390985	0.06178911600382629
16.929082816615747	0.40988713074546823	0.02077999741423283	0.06178911600382629
17.081560369880442	0.4130556276599058	0.020780167697504334	0.06178911600382629
17.234037923145134	0.41622415070026897	0.02078033892259004	0.06178911600382629
17.386515476409826	0.4193927000055713	0.020780511091874496	0.06178911600382629
17.53899302967452	0.4225612757148266	0.020780684207742237	0.06178911600382629
17.69147058293921	0.4257298779670483	0.02078085827257781	0.06178911600382629
17.843948136203906	0.42889850690125025	0.020781033288765755	0.06178911600382629
17.996425689468598	0.4320671626564459	0.02078120925869062	0.06178911600382629
18.14890324273329	0.435235845371649	0.020781386184736943	0.06178911600382629
18.301380795997982	0.438404555185873	0.02078156406928927	0.06178911600382629
18.453858349262674	0.44157329223813174	0.020781742914732143	0.06178911600382629
18.60633590252737	0.44474205666743866	0.0207819227234501	0.06178911600382629
18.758813455792062	0.44791084861280756	0.020782103497827692	0.06178911600382629
18.911291009056754	0.451079668213252	0.020782285240249457	0.06178911600382629
19.063768562321446	0.4542485156077855	0.020782467953099938	0.06178911600382629
19.21624611558614	0.45741739093542183	0.02078265163876368	0.06178911600382629
19.368723668850834	0.46058629433517456	0.020782836299625223	0.06178911600382629
19.52120122211553	0.4637552259460574	0.02078302193806911	0.06178911600382629
19.67367877538022	0.46692418590708384	0.020783208556479887	0.06178911600382629
19.826156328644913	0.47009317435726766	0.020783396157242097	0.06178911600382629
19.978633881909605	0.4732621914356223	0.020783584742740276	0.06178911600382629
20.131111435174297	0.4764312372811616	0.020783774315358976	0.06178911600382629
20.283588988438993	0.47960031203289893	0.020783964877482734	0.06178911600382629
20.436066541703685	0.4827694158298482	0.020784156431496094	0.06178911600382629
20.588544094968377	0.48593854881102283	0.0207843489797836	0.06178911600382629
20.74102164823307	0.4891077111154366	0.02078454252472979	0.06178911600382629
20.89349920149776	0.49227690288210296	0.020784737068719215	0.06178911600382629
21.045976754762457	0.4954461242500358	0.02078493261413641	0.06178911600382629
21.19845430802715	0.4986153753582485	0.020785129163365924	0.06178911600382629
21.35093186129184	0.5017846563457548	0.020785326718792296	0.06178911600382629
21.503409414556533	0.5049539673515682	0.02078552528280007	0.06178911600382629
21.655886967821225	0.5081233192549183	0.020785724268641753	0.06178911600382629
21.80836452108592	0.5112927026859999	0.020785924182786335	0.06178911600382629
21.960842074350612	0.514462116380719	0.020786125102233613	0.06178911600382629
22.113319627615304	0.5176315604956374	0.020786327027082486	0.06178911600382629
22.265797180879996	0.5208010351873168	0.020786529957431858	0.06178911600382629
22.41827473414469	0.5239705406123188	0.02078673389338064	0.06178911600382629
22.570752287409384	0.5271400769272055	0.020786938835027732	0.06178911600382629
22.723229840674076	0.5303096442885383	0.02078714478247204	0.06178911600382629
22.875707393938768	0.5334792428528792	0.02078735173581247	0.06178911600382629
23.02818494720346	0.5366488727767897	0.020787559695147922	0.06178911600382629
23.180662500468152	0.5398185342168317	0.02078776866057731	0.06178911600382629
23.333140053732848	0.5429882273295669	0.02078797863219953	0.06178911600382629
23.48561760699754	0.5461579522715571	0.020788189610113493	0.06178911600382629
23.638095160262232	0.5493277091993639	0.020788401594418096	0.06178911600382629
23.790572713526924	0.5524974982695492	0.020788614585212254	0.06178911600382629
23.943050266791616	0.5556673196386746	0.020788828582594863	0.06178911600382629
24.09552782005631	0.558837173463302	0.020789043586664835	0.06178911600382629
24.248005373321003	0.5620070598999929	0.02078925959752107	0.06178911600382629
24.400482926585696	0.5651769791053093	0.020789476615262474	0.06178911600382629
24.552960479850388	0.5683469312358129	0.020789694639987952	0.06178911600382629
24.70543803311508	0.5715169164480653	0.02078991367179641	0.06178911600382629
24.857915586379775	0.5746869348986284	0.02079013371078675	0.06178911600382629
25.010393139644467	0.5778569867440638	0.02079035475705788	0.06178911600382629
25.16287069290916	0.5810270721409334	0.020790576810708703	0.06178911600382629
25.31534824617385	0.5841971912457987	0.020790799871838125	0.06178911600382629
25.467825799438543	0.5873673442152217	0.020791023940545047	0.06178911600382629
25.62030335270324	0.5905375312057641	0.020791249016928377	0.06178911600382629
25.77278090596793	0.5937077523739875	0.02079147510108702	0.06178911600382629
25.925258459232623	0.5968780078764537	0.020791702193119883	0.06178911600382629
26.077736012497315	0.6000482978697246	0.020791930293125867	0.06178911600382629
26.230213565762007	0.6032186225103617	0.020792159401203877	0.06178911600382629
26.382691119026703	0.6063889819549269	0.020792389517452818	0.06178911600382629
26.535168672291395	0.6095593763599818	0.0207926206419716	0.06178911600382629
26.68764622555609	0.6127298058820884	0.02079285277485912	0.06178911600382629
26.840123778820782	0.6159002706778082	0.020793085916214284	0.06178911600382629
26.992601332085478	0.619070770903703	0.020793320066136003	0.06178911600382629
27.14507888535017	0.6222413067163346	0.020793555224723176	0.06178911600382629
27.297556438614862	0.6254118782722646	0.020793791392074712	0.06178911600382629
27.450033991879554	0.628582485728055	0.020794028568289512	0.06178911600382629
27.602511545144246	0.6317531292402673	0.020794266753466482	0.06178911600382629
27.75498909840894	0.6349238089654633	0.020794505947704527	0.06178911600382629
27.907466651673634	0.6380945250602048	0.020794746151102553	0.06178911600382629
28.059944204938326	0.6412652776810536	0.020794987363759464	0.06178911600382629
28.212421758203018	0.6444360669845712	0.020795229585774164	0.06178911600382629
28.36489931146771	0.6476068931273197	0.02079547281724556	0.06178911600382629
28.517376864732405	0.6507777562658605	0.020795717058272555	0.06178911600382629
28.669854417997097	0.6539486565567556	0.02079596230895405	0.06178911600382629
28.82233197126179	0.6571195941565665	0.02079620856938896	0.06178911600382629
28.97480952452648	0.6602905692218551	0.02079645583967618	0.06178911600382629
29.127287077791173	0.6634615819091833	0.02079670411991462	0.06178911600382629
29.27976463105587	0.6666326323751125	0.020796953410203184	0.06178911600382629
29.43224218432056	0.6698037207762046	0.020797203710640776	0.06178911600382629
29.584719737585253	0.6729748472690213	0.020797455021326298	0.06178911600382629
29.737197290849945	0.6761460120101246	0.02079770734235866	0.06178911600382629
29.889674844114637	0.6793172151560758	0.020797960673836765	0.06178911600382629
30.042152397379333	0.682488456863437	0.02079821501585952	0.06178911600382629
30.194629950644025	0.6856597372887697	0.020798470368525824	0.06178911600382629
30.347107503908717	0.6888310565886359	0.020798726731934586	0.06178911600382629
30.49958505717341	0.6920024149195971	0.02079898410618471	0.06178911600382629
30.6520626104381	0.6951738124382151	0.0207992424913751	0.06178911600382629
30.804540163702796	0.6983452493010518	0.02079950188760466	0.06178911600382629
30.95701771696749	0.7015167256646687	0.0207997622949723	0.06178911600382629
31.10949527023218	0.7046882416856278	0.02080002371357692	0.06178911600382629
31.261972823496873	0.7078597975204907	0.02080028614351743	0.06178911600382629
31.414450376761565	0.711031393325819	0.020800549584892723	0.06178911600382629
31.56692793002626	0.7142030292581747	0.020800814037801717	0.06178911600382629
31.719405483290952	0.7173747054741195	0.02080107950234331	0.06178911600382629
31.871883036555644	0.720546422130215	0.02080134597861641	0.06178911600382629
32.02436058982034	0.723718179383023	0.020801613466719916	0.06178911600382629
32.17683814308503	0.7268899773891053	0.02080188196675274	0.06178911600382629
32.329315696349724	0.7300618163050236	0.02080215147881378	0.06178911600382629
32.48179324961441	0.7332336962873397	0.02080242200300195	0.06178911600382629
32.63427080287911	0.7364056174926152	0.020802693539416148	0.06178911600382629
32.786748356143804	0.739577580077412	0.02080296608815528	0.06178911600382629
32.93922590940849	0.7427495841982918	0.02080323964931825	0.06178911600382629
33.09170346267319	0.7459216300118163	0.020803514223003965	0.06178911600382629
33.244181015937876	0.7490937176745472	0.02080378980931133	0.06178911600382629
33.39665856920257	0.7522658473430465	0.020804066408339247	0.06178911600382629
33.54913612246727	0.7554380191738755	0.020804344020186622	0.06178911600382629
33.701613675731956	0.7586102333235963	0.02080462264495236	0.06178911600382629
33.85409122899665	0.7617824899487706	0.020804902282735366	0.06178911600382629
34.00656878226134	0.76495478920596	0.020805182933634547	0.06178911600382629
34.159046335526035	0.7681271312517264	0.0208054645977488	0.06178911600382629
34.31152388879073	0.7712995162426313	0.020805747275177044	0.06178911600382629
34.46400144205542	0.7744719443352366	0.020806030966018168	0.06178911600382629
34.616478995320115	0.7776444156861042	0.020806315670371087	0.06178911600382629
34.768956548584804	0.7808169304517957	0.020806601388334702	0.06178911600382629
34.9214341018495	0.7839894887888726	0.02080688812000792	0.06178911600382629
35.073911655114195	0.787162090853897	0.020807175865489646	0.06178911600382629
35.22638920837888	0.7903347368034306	0.02080746462487878	0.06178911600382629
35.37886676164358	0.793507426794035	0.02080775439827423	0.06178911600382629
35.53134431490827	0.796680160982272	0.020808045185774903	0.06178911600382629
35.68382186817296	0.7998529395247034	0.020808336987479702	0.06178911600382629
35.83629942143766	0.8030257625778907	0.020808629803487532	0.06178911600382629
35.98877697470235	0.806198630298396	0.020808923633897296	0.06178911600382629
36.14125452796704	0.8093715428427808	0.0208092184788079	0.06178911600382629
36.29373208123174	0.8125445003676071	0.02080951433831825	0.06178911600382629
36.446209634496434	0.8157175030294362	0.02080981121252725	0.06178911600382629
36.59868718776112	0.8188905509848302	0.020810109101533802	0.06178911600382629
36.75116474102582	0.8220636443903507	0.020810408005436817	0.06178911600382629
36.903642294290506	0.8252367834025596	0.020810707924335196	0.06178911600382629
37.0561198475552	0.8284099681780184	0.020811008858327845	0.06178911600382629
37.2085974008199	0.8315831988732889	0.020811310807513667	0.06178911600382629
37.361074954084586	0.834756475644933	0.020811613771991564	0.06178911600382629
37.51355250734928	0.8379297986495124	0.02081191775186045	0.06178911600382629
37.66603006061397	0.8411031680435888	0.020812222747219222	0.06178911600382629
37.818507613878666	0.8442765839837238	0.02081252875816679	0.06178911600382629
37.97098516714336	0.8474500466264794	0.02081283578480205	0.06178911600382629
38.12346272040805	0.8506235561284172	0.02081314382722392	0.06178911600382629
38.275940273672745	0.853797112646099	0.020813452885531294	0.06178911600382629
38.42841782693744	0.8569707163360865	0.02081376295982308	0.06178911600382629
38.58089538020213	0.8601443673549414	0.020814074050198184	0.06178911600382629
38.733372933466825	0.8633180658592255	0.020814386156755512	0.06178911600382629
38.88585048673151	0.8664918120055005	0.020814699279593965	0.06178911600382629
39.038328039996216	0.8696656059503283	0.020815013418812454	0.06178911600382629
39.190805593260905	0.8728394478502703	0.020815328574509875	0.06178911600382629
39.3432831465256	0.8760133378618886	0.02081564474678514	0.06178911600382629
39.49576069979029	0.8791872761417447	0.02081596193573715	0.06178911600382629
39.648238253054984	0.8823612628464007	0.02081628014146481	0.06178911600382629
39.80071580631967	0.8855352981324178	0.020816599364067028	0.06178911600382629
39.95319335958437	0.8887093821563583	0.020816919603642705	0.06178911600382629
40.10567091284906	0.8918835150747834	0.02081724086029075	0.06178911600382629
40.25814846611375	0.8950576970442554	0.020817563134110064	0.06178911600382629
40.41062601937844	0.8982319282213356	0.020817886425199553	0.06178911600382629
40.56310357264314	0.9014062087625858	0.02081821073365812	0.06178911600382629
40.71558112590783	0.904580538824568	0.020818536059584676	0.06178911600382629
40.86805867917253	0.9077549185638438	0.02081886240307812	0.06178911600382629
41.020536232437216	0.9109293481369748	0.02081918976423736	0.06178911600382629
41.17301378570191	0.914103827700523	0.020819518143161297	0.06178911600382629
41.32549133896661	0.91727835741105	0.020819847539948838	0.06178911600382629
41.477968892231296	0.9204529374251175	0.020820177954698888	0.06178911600382629
41.63044644549599	0.9236275678992873	0.02082050938751035	0.06178911600382629
41.78292399876068	0.9268022489901211	0.020820841838482138	0.06178911600382629
41.93540155202538	0.9299769808541808	0.020821175307713144	0.06178911600382629
42.08787910529007	0.9331517636480279	0.020821509795302277	0.06178911600382629
42.24035665855477	0.9363265975282244	0.020821845301348445	0.06178911600382629
42.392834211819455	0.9395014826513317	0.02082218182595055	0.06178911600382629
42.54531176508415	0.942676419173912	0.0208225193692075	0.06178911600382629
42.69778931834884	0.9458514072525266	0.020822857931218196	0.06178911600382629
42.850266871613535	0.9490264470437377	0.020823197512081542	0.06178911600382629
43.00274442487822	0.9522015387041065	0.02082353811189645	0.06178911600382629
43.15522197814292	0.9553766823901952	0.020823879730761816	0.06178911600382629
43.30769953140761	0.9585518782585651	0.02082422236877655	0.06178911600382629
43.46017708467231	0.9617271264657786	0.020824566026039555	0.06178911600382629
43.612654637937	0.9649024271683968	0.02082491070264974	0.06178911600382629
43.765132191201694	0.9680777805229818	0.020825256398706003	0.06178911600382629
43.91760974446638	0.9712531866860951	0.020825603114307253	0.06178911600382629
44.07008729773108	0.9744286458142988	0.020825950849552393	0.06178911600382629
44.22256485099577	0.9776041580641541	0.020826299604540327	0.06178911600382629
44.37504240426046	0.9807797235922233	0.020826649379369965	0.06178911600382629
44.52751995752515	0.9839553425550678	0.020827000174140207	0.06178911600382629
44.679997510789846	0.9871310151092496	0.020827351988949958	0.06178911600382629
44.832475064054535	0.99030674141133	0.020827704823898126	0.06178911600382629
44.98495261731924	0.9934825216178713	0.020828058679083612	0.06178911600382629
45.137430170583926	0.9966583558854349	0.020828413554605324	0.06178911600382629
45.28990772384862	0.9998342443705827	0.020828769450562164	0.06178911600382629
45.44238527711331	1.0030101872298762	0.02082912636705304	0.06178911600382629
45.594862830378005	1.0061861846198774	0.020829484304176856	0.06178911600382629
45.747340383642694	1.009362236697148	0.020829843262032514	0.06178911600382629
45.89981793690739	1.0125383436182496	0.020830203240718922	0.06178911600382629
46.05229549017208	1.0157145055397439	0.02083056424033498	0.06178911600382629
46.204773043436774	1.018890722618193	0.020830926260979602	0.06178911600382629
46.35725059670146	1.0220669950101582	0.020831289302751684	0.06178911600382629
46.509728149966165	1.0252433228722015	0.020831653365750134	0.06178911600382629
46.66220570323085	1.0284197063608849	0.020832018450073854	0.06178911600382629
46.81468325649555	1.0315961456327696	0.020832384555821756	0.06178911600382629
46.96716080976024	1.0347726408444173	0.02083275168309274	0.06178911600382629
47.11963836302493	1.0379491921523907	0.02083311983198571	0.06178911600382629
47.27211591628962	1.0411257997132504	0.02083348900259957	0.06178911600382629
47.42459346955432	1.0443024636835587	0.020833859195033232	0.06178911600382629
47.577071022819005	1.0474791842198772	0.020834230409385594	0.06178911600382629
47.7295485760837	1.0506559614787678	0.02083460264575556	0.06178911600382629
47.88202612934839	1.053832795616792	0.020834975904242038	0.06178911600382629
48.03450368261309	1.057009686790512	0.020835350184943934	0.06178911600382629
48.18698123587778	1.060186635156489	0.02083572548796015	0.06178911600382629
48.339458789142476	1.0633636408712848	0.02083610181338959	0.06178911600382629
48.491936342407165	1.0665407040914616	0.020836479161331165	0.06178911600382629
48.64441389567186	1.0697178249735808	0.020836857531883773	0.06178911600382629
48.79689144893655	1.072895003674204	0.02083723692514632	0.06178911600382629
48.949369002201244	1.0760722403498935	0.020837617341217713	0.06178911600382629
49.10184655546593	1.0792495351572104	0.02083799878019686	0.06178911600382629
49.25432410873063	1.0824268882527166	0.020838381242182655	0.06178911600382629
49.40680166199532	1.0856042997929742	0.020838764727274015	0.06178911600382629
49.55927921526002	1.0887817699345448	0.020839149235569836	0.06178911600382629
49.71175676852471	1.0919592988339897	0.020839534767169026	0.06178911600382629
49.864234321789404	1.0951368866478712	0.020839921322170493	0.06178911600382629
50.01671187505409	1.0983145335327507	0.020840308900673135	0.06178911600382629
50.16918942831879	1.1014922396451905	0.020840697502775864	0.06178911600382629
50.321666981583476	1.1046700051417515	0.02084108712857758	0.06178911600382629
50.47414453484817	1.107847830178996	0.02084147777817719	0.06178911600382629
50.62662208811286	1.1110257149134855	0.020841869451673597	0.06178911600382629
50.779099641377556	1.114203659501782	0.020842262149165708	0.06178911600382629
50.931577194642244	1.117381664100447	0.020842655870752427	0.06178911600382629
51.08405474790695	1.1205597288660423	0.020843050616532657	0.06178911600382629
51.23653230117164	1.12373785395513	0.020843446386605305	0.06178911600382629
51.38900985443633	1.1269160395242712	0.020843843181069275	0.06178911600382629
51.54148740770103	1.1300942857300278	0.020844241000023474	0.06178911600382629
51.693964960965715	1.133272592728962	0.020844639843566805	0.06178911600382629
51.84644251423041	1.1364509606776352	0.020845039711798168	0.06178911600382629
51.9989200674951	1.139629389732609	0.020845440604816478	0.06178911600382629
52.151397620759795	1.1428078800504458	0.02084584252272063	0.06178911600382629
52.30387517402448	1.1459864317877062	0.020846245465609536	0.06178911600382629
52.456352727289186	1.1491650451009532	0.0208466494335821	0.06178911600382629
52.608830280553875	1.1523437201467472	0.02084705442673722	0.06178911600382629
52.76130783381857	1.1555224570816516	0.020847460445173806	0.06178911600382629
52.91378538708326	1.1587012560622267	0.020847867488990764	0.06178911600382629
53.066262940347954	1.161880117245035	0.020848275558287	0.06178911600382629
53.21874049361264	1.165059040786638	0.02084868465316141	0.06178911600382629
53.37121804687734	1.1682380268435972	0.02084909477371291	0.06178911600382629
53.52369560014203	1.1714170755724749	0.020849505920040395	0.06178911600382629
53.67617315340672	1.1745961871298327	0.020849918092242778	0.06178911600382629
53.82865070667141	1.1777753616722317	0.02085033129041896	0.06178911600382629
53.98112825993611	1.1809545993562345	0.020850745514667847	0.06178911600382629
54.1336058132008	1.1841339003384024	0.02085116076508834	0.06178911600382629
54.2860833664655	1.1873132647752973	0.02085157704177935	0.06178911600382629
54.438560919730186	1.1904926928234807	0.020851994344839777	0.06178911600382629
54.59103847299488	1.1936721846395146	0.020852412674368527	0.06178911600382629
54.74351602625957	1.1968517403799606	0.020852832030464504	0.06178911600382629
54.895993579524266	1.2000313602013808	0.020853252413226615	0.06178911600382629
55.048471132788954	1.203211044260336	0.020853673822753768	0.06178911600382629
55.20094868605365	1.206390792713389	0.020854096259144857	0.06178911600382629
55.35342623931834	1.2095706057171012	0.0208545197224988	0.06178911600382629
55.50590379258304	1.2127504834280343	0.020854944212914492	0.06178911600382629
55.65838134584773	1.2159304260027497	0.02085536973049084	0.06178911600382629
55.810858899112425	1.2191104335978094	0.02085579627532675	0.06178911600382629
55.96333645237711	1.2222905063697755	0.02085622384752113	0.06178911600382629
56.11581400564181	1.2254706444752093	0.02085665244717288	0.06178911600382629
56.2682915589065	1.2286508480706726	0.020857082074380903	0.06178911600382629
56.42076911217119	1.2318311173127274	0.02085751272924411	0.06178911600382629
56.57324666543588	1.2350114523579352	0.020857944411861406	0.06178911600382629
56.72572421870058	1.2381918533628578	0.02085837712233169	0.06178911600382629
56.878201771965266	1.2413723204840568	0.02085881086075387	0.06178911600382629
57.03067932522997	1.2445528538780943	0.02085924562722685	0.06178911600382629
57.18315687849466	1.2477334537015317	0.020859681421849536	0.06178911600382629
57.33563443175935	1.2509141201109308	0.02086011824472083	0.06178911600382629
57.48811198502404	1.2540948532628535	0.020860556095939644	0.06178911600382629
57.64058953828874	1.2572756533138616	0.020860994975604875	0.06178911600382629
57.793067091553425	1.2604565204205165	0.02086143488381543	0.06178911600382629
57.94554464481812	1.2636374547393803	0.020861875820670214	0.06178911600382629
58.09802219808281	1.2668184564270142	0.020862317786268132	0.06178911600382629
58.250499751347505	1.269999525639981	0.020862760780708093	0.06178911600382629
58.40297730461219	1.2731806625348412	0.020863204804088993	0.06178911600382629
58.555454857876896	1.2763618672681574	0.020863649856509747	0.06178911600382629
58.707932411141584	1.279543139996491	0.02086409593806925	0.06178911600382629
58.86040996440628	1.2827244808764036	0.020864543048866414	0.06178911600382629
59.01288751767097	1.2859058900644573	0.020864991189000138	0.06178911600382629
59.165365070935664	1.2890873677172139	0.020865440358569333	0.06178911600382629
59.31784262420035	1.2922689139912347	0.0208658905576729	0.06178911600382629
59.47032017746505	1.2954505290430816	0.020866341786409743	0.06178911600382629
59.62279773072974	1.2986322130293162	0.020866794044878772	0.06178911600382629
59.77527528399443	1.3018139661065011	0.020867247333178886	0.06178911600382629
59.92775283725912	1.3049957884311967	0.02086770165140899	0.06178911600382629
60.08023039052382	1.3081776801599658	0.020868156999667993	0.06178911600382629
60.23270794378851	1.3113596414493698	0.0208686133780548	0.06178911600382629
60.38518549705321	1.3145416724559704	0.02086907078666831	0.06178911600382629
60.537663050317896	1.3177237733363292	0.020869529225607433	0.06178911600382629
60.69014060358259	1.3209059442470086	0.020869988694971073	0.06178911600382629
60.84261815684729	1.3240881853445692	0.020870449194858132	0.06178911600382629
60.995095710111976	1.3272704967855737	0.02087091072536752	0.06178911600382629
61.14757326337667	1.3304528787265837	0.020871373286598136	0.06178911600382629
61.30005081664136	1.3336353313241605	0.020871836878648888	0.06178911600382629
61.45252836990606	1.3368178547348664	0.02087230150161868	0.06178911600382629
61.60500592317075	1.3400004491152624	0.020872767155606417	0.06178911600382629
61.757483476435446	1.3431831146219113	0.020873233840711006	0.06178911600382629
61.909961029700135	1.3463658514113737	0.020873701557031346	0.06178911600382629
62.06243858296483	1.349548659640212	0.02087417030466635	0.06178911600382629
62.21491613622952	1.352731539464988	0.020874640083714913	0.06178911600382629
62.367393689494214	1.3559144910422634	0.02087511089427595	0.06178911600382629
62.5198712427589	1.3590975145285995	0.02087558273644836	0.06178911600382629
62.6723487960236	1.3622806100805585	0.020876055610331047	0.06178911600382629
62.82482634928829	1.365463777854702	0.02087652951602292	0.06178911600382629
62.97730390255299	1.368647018007592	0.02087700445362288	0.06178911600382629
63.12978145581768	1.3718303306957895	0.020877480423229833	0.06178911600382629
63.282259009082374	1.3750137160758569	0.020877957424942684	0.06178911600382629
63.43473656234706	1.3781971743043555	0.02087843545886034	0.06178911600382629
63.58721411561176	1.3813807055378482	0.020878914525081702	0.06178911600382629
63.739691668876446	1.384564309932895	0.020879394623705676	0.06178911600382629
63.89216922214114	1.3877479876460588	0.02087987575483117	0.06178911600382629
64.04464677540584	1.3909317388339009	0.020880357918557083	0.06178911600382629
64.19712432867053	1.3941155636529836	0.020880841114982326	0.06178911600382629
64.34960188193521	1.397299462259868	0.0208813253442058	0.06178911600382629
64.50207943519992	1.400483434811116	0.02088181060632641	0.06178911600382629
64.6545569884646	1.403667481463289	0.02088229690144306	0.06178911600382629
64.8070345417293	1.4068516023729498	0.02088278422965466	0.06178911600382629
64.95951209499398	1.410035797696659	0.02088327259106011	0.06178911600382629
65.11198964825869	1.4132200675909794	0.020883761985758316	0.06178911600382629
65.26446720152337	1.4164044122124717	0.02088425241384818	0.06178911600382629
65.41694475478808	1.4195888317176986	0.020884743875428612	0.06178911600382629
65.56942230805276	1.422773326263221	0.020885236370598515	0.06178911600382629
65.72189986131745	1.425957896005601	0.020885729899456792	0.06178911600382629
65.87437741458214	1.4291425411014003	0.020886224462102348	0.06178911600382629
66.02685496784684	1.4323272617071812	0.02088672005863409	0.06178911600382629
66.17933252111153	1.4355120579795044	0.02088721668915092	0.06178911600382629
66.33181007437622	1.4386969300749322	0.02088771435375175	0.06178911600382629
66.48428762764091	1.4418818781500264	0.020888213052535475	0.06178911600382629
66.63676518090561	1.445066902361349	0.020888712785601005	0.06178911600382629
66.7892427341703	1.4482520028654609	0.020889213553047244	0.06178911600382629
66.941720287435	1.4514371798189245	0.020889715354973096	0.06178911600382629
67.09419784069969	1.4546224333783015	0.020890218191477464	0.06178911600382629
67.24667539396438	1.4578077637001536	0.02089072206265926	0.06178911600382629
67.39915294722907	1.4609931709410424	0.020891226968617383	0.06178911600382629
67.55163050049377	1.4641786552575298	0.02089173290945074	0.06178911600382629
67.70410805375846	1.4673642168061773	0.02089223988525823	0.06178911600382629
67.85658560702315	1.470549855743547	0.02089274789613877	0.06178911600382629
68.00906316028784	1.4737355722262002	0.020893256942191255	0.06178911600382629
68.16154071355254	1.476921366410699	0.02089376702351459	0.06178911600382629
68.31401826681723	1.4801072384536047	0.020894278140207685	0.06178911600382629
68.46649582008193	1.48329318851148	0.020894790292369438	0.06178911600382629
68.61897337334662	1.4864792167408858	0.02089530348009876	0.06178911600382629
68.77145092661131	1.4896653232983836	0.020895817703494555	0.06178911600382629
68.923928479876	1.4928515083405358	0.020896332962655726	0.06178911600382629
69.0764060331407	1.4960377720239046	0.020896849257681177	0.06178911600382629
69.22888358640539	1.4992241145050504	0.020897366588669815	0.06178911600382629
69.38136113967008	1.5024105359405358	0.020897884955720543	0.06178911600382629
69.53383869293476	1.5055970364869222	0.020898404358932268	0.06178911600382629
69.68631624619947	1.508783616300772	0.02089892479840389	0.06178911600382629
69.83879379946416	1.5119702755386462	0.02089944627423432	0.06178911600382629
69.99127135272886	1.5151570143571065	0.020899968786522463	0.06178911600382629
70.14374890599355	1.518343832912715	0.020900492335367216	0.06178911600382629
70.29622645925824	1.5215307313620339	0.02090101692086749	0.06178911600382629
70.44870401252294	1.524717709861624	0.02090154254312219	0.06178911600382629
70.60118156578763	1.5279047685680478	0.02090206920223022	0.06178911600382629
70.75365911905232	1.5310919076378666	0.020902596898290486	0.06178911600382629
70.906136672317	1.5342791272276421	0.020903125631401887	0.06178911600382629
71.0586142255817	1.5374664274939362	0.020903655401663335	0.06178911600382629
71.2110917788464	1.5406538085933104	0.02090418620917373	0.06178911600382629
71.3635693321111	1.5438412706823272	0.020904718054031976	0.06178911600382629
71.51604688537579	1.5470288139175477	0.020905250936336984	0.06178911600382629
71.66852443864047	1.5502164384555333	0.020905784856187656	0.06178911600382629
71.82100199190516	1.5534041444528464	0.02090631981368289	0.06178911600382629
71.97347954516987	1.556591932066049	0.020906855808921605	0.06178911600382629
72.12595709843455	1.5597798014517017	0.020907392842002694	0.06178911600382629
72.27843465169924	1.5629677527663675	0.020907930913025063	0.06178911600382629
72.43091220496393	1.5661557861666073	0.020908470022087622	0.06178911600382629
72.58338975822863	1.5693439018089836	0.020909010169289272	0.06178911600382629
72.73586731149332	1.572532099850057	0.020909551354728922	0.06178911600382629
72.88834486475803	1.5757203804463904	0.02091009357850547	0.06178911600382629
73.04082241802271	1.5789087437545446	0.020910636840717825	0.06178911600382629
73.1932999712874	1.5820971899310823	0.020911181141464893	0.06178911600382629
73.34577752455209	1.5852857191325642	0.020911726480845577	0.06178911600382629
73.4982550778168	1.588474331515553	0.02091227285895878	0.06178911600382629
73.65073263108148	1.5916630272366095	0.02091282027590341	0.06178911600382629
73.80321018434617	1.5948518064522965	0.020913368731778372	0.06178911600382629
73.95568773761086	1.5980406693191749	0.02091391822668257	0.06178911600382629
74.10816529087556	1.6012296159938066	0.020914468760714906	0.06178911600382629
74.26064284414025	1.6044186466327537	0.020915020333974285	0.06178911600382629
74.41312039740495	1.607607761392578	0.02091557294655962	0.06178911600382629
74.56559795066964	1.6107969604298407	0.020916126598569805	0.06178911600382629
74.71807550393433	1.613986243901104	0.02091668129010375	0.06178911600382629
74.87055305719902	1.6171756119629288	0.02091723702126036	0.06178911600382629
75.02303061046372	1.6203650647718784	0.020917793792138543	0.06178911600382629
75.17550816372841	1.623554602484513	0.020918351602837195	0.06178911600382629
75.3279857169931	1.6267442252573951	0.020918910453455227	0.06178911600382629
75.48046327025779	1.6299339332470864	0.020919470344091542	0.06178911600382629
75.63294082352249	1.6331237266101488	0.020920031274845048	0.06178911600382629
75.78541837678718	1.6363136055031435	0.020920593245814648	0.06178911600382629
75.93789593005188	1.6395035700826326	0.02092115625709924	0.06178911600382629
76.09037348331657	1.6426936205051779	0.020921720308797742	0.06178911600382629
76.24285103658126	1.645883756927341	0.020922285401009048	0.06178911600382629
76.39532858984595	1.649073979505684	0.020922851533832068	0.06178911600382629
76.54780614311065	1.6522642883967678	0.020923418707365703	0.06178911600382629
76.70028369637534	1.655454683757155	0.020923986921708864	0.06178911600382629
76.85276124964004	1.658645165743407	0.02092455617696045	0.06178911600382629
77.00523880290473	1.6618357345120853	0.02092512647321937	0.06178911600382629
77.15771635616942	1.665026390219752	0.020925697810584523	0.06178911600382629
77.3101939094341	1.668217162305894	0.020926270386403514	0.06178911600382629
77.4626714626988	1.6714080318573346	0.020926844070881866	0.06178911600382629
77.61514901596348	1.674598988257587	0.020927418791306756	0.06178911600382629
77.76762656922818	1.6777900316702137	0.020927994547799738	0.06178911600382629
77.92010412249287	1.6809811622587756	0.020928571340482375	0.06178911600382629
78.07258167575756	1.684172380186835	0.020929149169476226	0.06178911600382629
78.22505922902225	1.6873636856179535	0.020929728034902846	0.06178911600382629
78.37753678228697	1.6905550787156935	0.02093030793688379	0.06178911600382629
78.53001433555166	1.6937465596436163	0.020930888875540628	0.06178911600382629
78.68249188881634	1.6969381285652838	0.02093147085099491	0.06178911600382629
78.83496944208103	1.7001297856442579	0.0209320538633682	0.06178911600382629
78.98744699534573	1.7033215310441008	0.02093263791278205	0.06178911600382629
79.13992454861042	1.706513364928374	0.02093322299935802	0.06178911600382629
79.29240210187511	1.7097052874606389	0.020933809123217677	0.06178911600382629
79.44487965513981	1.7128972988044584	0.020934396284482567	0.06178911600382629
79.5973572084045	1.7160893991233934	0.020934984483274258	0.06178911600382629
79.74983476166919	1.719281588581006	0.020935573719714305	0.06178911600382629
79.90231231493388	1.7224738673408582	0.020936163993924266	0.06178911600382629
80.05478986819858	1.7256662355665122	0.0209367553060257	0.06178911600382629
80.20726742146327	1.7288586934215289	0.02093734765614017	0.06178911600382629
80.35974497472796	1.7320512410694708	0.020937941044389227	0.06178911600382629
80.51222252799266	1.7352438786739	0.020938535470894432	0.06178911600382629
80.66470008125735	1.7384366063983774	0.020939130935777345	0.06178911600382629
80.81717763452204	1.7416294244064654	0.020939727439159526	0.06178911600382629
80.96965518778673	1.7448223328617258	0.020940324981162533	0.06178911600382629
81.12213274105144	1.748015331927721	0.020940923561907923	0.06178911600382629
81.27461029431613	1.7512084217680117	0.020941523181517253	0.06178911600382629
81.42708784758082	1.7544016025461606	0.020942123840112088	0.06178911600382629
81.57956540084551	1.7575948744257293	0.02094272553781398	0.06178911600382629
81.73204295411021	1.7607882375702797	0.020943328274744488	0.06178911600382629
81.8845205073749	1.7639816921433733	0.020943932051025172	0.06178911600382629
82.03699806063959	1.7671752383085724	0.020944536866777594	0.06178911600382629
82.18947561390428	1.7703688762294385	0.02094514272212331	0.06178911600382629
82.34195316716898	1.773562606069534	0.020945749617183877	0.06178911600382629
82.49443072043367	1.77675642799242	0.020946357552080856	0.06178911600382629
82.64690827369836	1.7799503421616585	0.0209469665269358	0.06178911600382629
82.79938582696305	1.7831443487408116	0.020947576541870277	0.06178911600382629
82.95186338022775	1.7863384478934416	0.020948187597005837	0.06178911600382629
83.10434093349244	1.7895326397831093	0.020948799692464045	0.06178911600382629
83.25681848675713	1.792726924573377	0.020949412828366456	0.06178911600382629
83.40929604002181	1.7959213024278067	0.02095002700483463	0.06178911600382629
83.56177359328652	1.7991157735099603	0.020950642221990123	0.06178911600382629
83.7142511465512	1.8023103379833991	0.020951258479954497	0.06178911600382629
83.8667286998159	1.8055049960116856	0.020951875778849306	0.06178911600382629
84.01920625308058	1.808699747758381	0.020952494118796114	0.06178911600382629
84.1716838063453	1.811894593387048	0.02095311349991648	0.06178911600382629
84.32416135960999	1.8150895330612475	0.020953733922331956	0.06178911600382629
84.47663891287468	1.818284566944542	0.020954355386164105	0.06178911600382629
84.62911646613937	1.8214796952004928	0.020954977891534485	0.06178911600382629
84.78159401940407	1.8246749179926627	0.020955601438564654	0.06178911600382629
84.93407157266876	1.8278702354846124	0.020956226027376172	0.06178911600382629
85.08654912593344	1.831065647839904	0.020956851658090598	0.06178911600382629
85.23902667919813	1.8342611552221	0.020957478330829487	0.06178911600382629
85.39150423246284	1.837456757794762	0.0209581060457144	0.06178911600382629
85.54398178572752	1.8406524557214512	0.020958734802866898	0.06178911600382629
85.69645933899221	1.84384824916573	0.020959364602408537	0.06178911600382629
85.8489368922569	1.8470441382911602	0.020959995444460873	0.06178911600382629
86.0014144455216	1.8502401232613037	0.02096062732914547	0.06178911600382629
86.15389199878629	1.853436204239722	0.02096126025658388	0.06178911600382629
86.30636955205098	1.8566323813899774	0.02096189422689767	0.06178911600382629
86.45884710531567	1.8598286548756313	0.020962529240208392	0.06178911600382629
86.61132465858037	1.863025024860246	0.020963165296637606	0.06178911600382629
86.76380221184506	1.866221491507383	0.020963802396306873	0.06178911600382629
86.91627976510975	1.8694180549806039	0.020964440539337745	0.06178911600382629
87.06875731837444	1.8726147154434711	0.02096507972585179	0.06178911600382629
87.22123487163915	1.8758114730595463	0.02096571995597056	0.06178911600382629
87.37371242490384	1.8790083279923913	0.020966361229815617	0.06178911600382629
87.52618997816853	1.8822052804055676	0.020967003547508516	0.06178911600382629
87.67866753143322	1.8854023304626375	0.020967646909170818	0.06178911600382629
87.83114508469792	1.888599478327163	0.020968291314924083	0.06178911600382629
87.98362263796261	1.8917967241627052	0.020968936764889867	0.06178911600382629
88.1361001912273	1.8949940681328263	0.02096958325918973	0.06178911600382629
88.28857774449199	1.8981915104010882	0.020970230797945227	0.06178911600382629
88.44105529775669	1.9013890511310532	0.02097087938127792	0.06178911600382629
88.59353285102138	1.9045866904862823	0.02097152900930937	0.06178911600382629
88.74601040428607	1.9077844286303378	0.02097217968216113	0.06178911600382629
88.89848795755076	1.9109822657267814	0.020972831399954765	0.06178911600382629
89.05096551081546	1.9141802019391754	0.020973484162811827	0.06178911600382629
89.20344306408015	1.9173782374310808	0.020974137970853877	0.06178911600382629
89.35592061734484	1.9205763723660598	0.020974792824202476	0.06178911600382629
89.50839817060952	1.9237746069076747	0.02097544872297918	0.06178911600382629
89.66087572387423	1.926972941219487	0.02097610566730555	0.06178911600382629
89.81335327713892	1.9301713754650582	0.020976763657303138	0.06178911600382629
89.9658308304036	1.9333699098079506	0.020977422693093512	0.06178911600382629
90.11830838366832	1.936568544411726	0.020978082774798224	0.06178911600382629
90.27078593693301	1.9397672794399459	0.020978743902538833	0.06178911600382629
90.4232634901977	1.9429661150561726	0.0209794060764369	0.06178911600382629
90.57574104346239	1.9461650514239675	0.020980069296613987	0.06178911600382629
90.72821859672709	1.949364088706893	0.020980733563191644	0.06178911600382629
90.88069614999178	1.9525632270685103	0.020981398876291434	0.06178911600382629
91.03317370325647	1.9557624666723816	0.02098206523603492	0.06178911600382629
91.18565125652115	1.9589618076820685	0.02098273264254365	0.06178911600382629
91.33812880978586	1.9621612502611336	0.02098340109593919	0.06178911600382629
91.49060636305055	1.9653607945731377	0.0209840705963431	0.06178911600382629
91.64308391631523	1.968560440781643	0.020984741143876932	0.06178911600382629
91.79556146957992	1.9717601890502117	0.02098541273866225	0.06178911600382629
91.94803902284463	1.9749600395424056	0.020986085380820613	0.06178911600382629
92.10051657610931	1.9781599924217859	0.020986759070473576	0.06178911600382629
92.252994129374	1.9813600478519149	0.0209874338077427	0.06178911600382629
92.40547168263869	1.9845602059963547	0.020988109592749542	0.06178911600382629
92.5579492359034	1.9877604670186668	0.020988786425615663	0.06178911600382629
92.71042678916808	1.990960831082413	0.020989464306462615	0.06178911600382629
92.86290434243277	1.9941612983511552	0.020990143235411967	0.06178911600382629
93.01538189569746	1.9973618689884551	0.020990823212585268	0.06178911600382629
93.16785944896218	2.0005625431578755	0.020991504238104083	0.06178911600382629
93.32033700222686	2.003763321022977	0.020992186312089968	0.06178911600382629
93.47281455549155	2.0069642027473216	0.020992869434664482	0.06178911600382629
93.62529210875624	2.0101651884944713	0.02099355360594918	0.06178911600382629
93.77776966202094	2.0133662784279887	0.02099423882606563	0.06178911600382629
93.93024721528563	2.0165674727114347	0.02099492509513538	0.06178911600382629
94.08272476855032	2.0197687715083714	0.020995612413279994	0.06178911600382629
94.23520232181501	2.022970174982361	0.020996300780621032	0.06178911600382629
94.38767987507971	2.026171683296965	0.02099699019728005	0.06178911600382629
94.5401574283444	2.029373296615745	0.020997680663378603	0.06178911600382629
94.69263498160909	2.0325750151022635	0.020998372179038258	0.06178911600382629
94.84511253487378	2.0357768389200817	0.020999064744380565	0.06178911600382629
94.99759008813848	2.038978768232762	0.02099975835952709	0.06178911600382629
95.15006764140317	2.0421808032038657	0.021000453024599387	0.06178911600382629
95.30254519466786	2.045382943996955	0.021001148739719016	0.06178911600382629
95.45502274793255	2.0485851907755914	0.021001845505007534	0.06178911600382629
95.60750030119725	2.0517875437033375	0.021002543320586504	0.06178911600382629
95.75997785446194	2.0549900029437542	0.021003242186577478	0.06178911600382629
95.91245540772663	2.0581925686604037	0.02100394210310202	0.06178911600382629
96.06493296099131	2.061395241016848	0.021004643070281687	0.06178911600382629
96.21741051425603	2.064598020176649	0.021005345088238037	0.06178911600382629
96.36988806752072	2.0678009063033684	0.02100604815709263	0.06178911600382629
96.52236562078541	2.071003899560568	0.021006752276967022	0.06178911600382629
96.6748431740501	2.074207000111809	0.021007457447982773	0.06178911600382629
96.8273207273148	2.077410208120655	0.021008163670261443	0.06178911600382629
96.97979828057949	2.0806135237506664	0.021008870943924587	0.06178911600382629
97.13227583384418	2.083816947165405	0.02100957926909377	0.06178911600382629
97.28475338710886	2.087020478528433	0.02101028864589054	0.06178911600382629
97.43723094037357	2.090224118003313	0.021010999074436466	0.06178911600382629
97.58970849363826	2.093427865753606	0.021011710554853104	0.06178911600382629
97.74218604690294	2.0966317219428734	0.02101242308726201	0.06178911600382629
97.89466360016763	2.0998356867346777	0.02101313667178474	0.06178911600382629
98.04714115343234	2.1030397602925808	0.021013851308542858	0.06178911600382629
98.19961870669702	2.1062439427801443	0.021014566997657923	0.06178911600382629
98.35209625996171	2.10944823436093	0.021015283739251493	0.06178911600382629
98.5045738132264	2.1126526351985	0.02101600153344512	0.06178911600382629
98.6570513664911	2.1158571454564163	0.02101672038036037	0.06178911600382629
98.80952891975579	2.11906176529824	0.0210174402801188	0.06178911600382629
98.96200647302048	2.122266494887534	0.02101816123284197	0.06178911600382629
99.11448402628517	2.125471334387859	0.02101888323865143	0.06178911600382629
99.26696157954989	2.1286762839627773	0.02101960629766875	0.06178911600382629
99.41943913281457	2.1318813437758513	0.021020330410015484	0.06178911600382629
99.57191668607926	2.1350865139906414	0.02102105557581319	0.06178911600382629
99.72439423934395	2.138291794770711	0.021021781795183422	0.06178911600382629
99.87687179260865	2.1414971862796217	0.02102250906824775	0.06178911600382629
100.02934934587334	2.1447026886809346	0.02102323739512772	0.06178911600382629
100.18182689913803	2.147908302138212	0.0210239667759449	0.06178911600382629
100.33430445240273	2.1511140268150157	0.021024697210820842	0.06178911600382629
100.48678200566742	2.1543198628749076	0.02102542869987711	0.06178911600382629
100.63925955893211	2.157525810481449	0.02102616124323526	0.06178911600382629
100.7917371121968	2.1607318697982025	0.02102689484101685	0.06178911600382629
100.9442146654615	2.1639380409887297	0.02102762949334344	0.06178911600382629
101.09669221872619	2.167144324216592	0.02102836520033659	0.06178911600382629
101.24916977199088	2.1703507196453518	0.021029101962117856	0.06178911600382629
101.40164732525557	2.173557227438571	0.021029839778808793	0.06178911600382629
101.55412487852027	2.176763847759811	0.021030578650530967	0.06178911600382629
101.70660243178496	2.1799705807726335	0.021031318577405936	0.06178911600382629
101.85907998504965	2.183177426640601	0.02103205955955525	0.06178911600382629
102.01155753831434	2.1863843855272753	0.021032801597100477	0.06178911600382629
102.16403509157905	2.189591457596218	0.02103354469016317	0.06178911600382629
102.31651264484374	2.19279864301099	0.021034288838864892	0.06178911600382629
102.46899019810843	2.1960059419351547	0.0210350340433272	0.06178911600382629
102.62146775137312	2.1992133545322727	0.021035780303671647	0.06178911600382629
102.77394530463782	2.2024208809659074	0.021036527620019802	0.06178911600382629
102.92642285790251	2.205628521399619	0.021037275992493214	0.06178911600382629
103.0789004111672	2.20883627599697	0.021038025421213448	0.06178911600382629
103.23137796443189	2.2120441449215225	0.02103877590630206	0.06178911600382629
103.38385551769659	2.215252128336838	0.021039527447880606	0.06178911600382629
103.53633307096128	2.2184602264064783	0.02104028004607065	0.06178911600382629
103.68881062422597	2.2216684392940054	0.021041033700993746	0.06178911600382629
103.84128817749065	2.2248767671629808	0.021041788412771458	0.06178911600382629
103.99376573075536	2.2280852101769675	0.02104254418152534	0.06178911600382629
104.14624328402004	2.2312937684995258	0.021043301007376947	0.06178911600382629
104.29872083728473	2.234502442294218	0.02104405889044785	0.06178911600382629
104.45119839054942	2.2377112317246066	0.021044817830859593	0.06178911600382629
104.60367594381412	2.2409201369542533	0.021045577828733744	0.06178911600382629
104.75615349707881	2.2441291581467193	0.021046338884191856	0.06178911600382629
104.9086310503435	2.2473382954655667	0.021047100997355496	0.06178911600382629
105.06110860360819	2.2505475490743576	0.021047864168346215	0.06178911600382629
105.2135861568729	2.253756919136654	0.021048628397285572	0.06178911600382629
105.3660637101376	2.256966405816017	0.02104939368429513	0.06178911600382629
105.51854126340228	2.260176009276009	0.021050160029496442	0.06178911600382629
105.67101881666697	2.2633857296801914	0.021050927433011072	0.06178911600382629
105.82349636993168	2.2665955671921267	0.021051695894960573	0.06178911600382629
105.97597392319636	2.2698055219753765	0.02105246541546651	0.06178911600382629
106.12845147646105	2.273015594193502	0.02105323599465044	0.06178911600382629
106.28092902972574	2.276225784010066	0.021054007632633914	0.06178911600382629
106.43340658299044	2.2794360915886296	0.0210547803295385	0.06178911600382629
106.58588413625513	2.282646517092755	0.02105555408548575	0.06178911600382629
106.73836168951982	2.2858570606860042	0.021056328900597228	0.06178911600382629
106.89083924278451	2.2890677225319385	0.021057104774994492	0.06178911600382629
107.04331679604921	2.2922785027941206	0.021057881708799096	0.06178911600382629
107.1957943493139	2.295489401636112	0.021058659702132602	0.06178911600382629
107.34827190257859	2.2987004192214733	0.021059438755116566	0.06178911600382629
107.50074945584328	2.301911555713768	0.02106021886787255	0.06178911600382629
107.65322700910798	2.305122811276558	0.021061000040522113	0.06178911600382629
107.80570456237267	2.3083341860734032	0.02106178227318681	0.06178911600382629
107.95818211563736	2.3115456802678676	0.021062565565988203	0.06178911600382629
108.11065966890204	2.3147572940235115	0.021063349919047847	0.06178911600382629
108.26313722216676	2.317969027503898	0.021064135332487303	0.06178911600382629
108.41561477543145	2.3211808808725882	0.021064921806428126	0.06178911600382629
108.56809232869614	2.324392854293144	0.021065709340991882	0.06178911600382629
108.72056988196083	2.327604947929127	0.02106649793630012	0.06178911600382629
108.87304743522553	2.3308171619441	0.02106728759247441	0.06178911600382629
109.02552498849022	2.334029496501624	0.0210680783096363	0.06178911600382629
109.1780025417549	2.337241951765261	0.021068870087907355	0.06178911600382629
109.3304800950196	2.3404545278985722	0.02106966292740913	0.06178911600382629
109.4829576482843	2.343667225065121	0.021070456828263185	0.06178911600382629
109.63543520154899	2.3468800434284685	0.02107125179059108	0.06178911600382629
109.78791275481368	2.3500929831521757	0.021072047814514373	0.06178911600382629
109.94039030807838	2.353306044399806	0.02107284490015462	0.06178911600382629
110.09286786134307	2.35651922733492	0.021073643047633383	0.06178911600382629
110.24534541460775	2.35973253212108	0.021074442257072216	0.06178911600382629
110.39782296787244	2.362945958921847	0.021075242528592684	0.06178911600382629
110.55030052113715	2.3661595079007847	0.02107604386231634	0.06178911600382629
110.70277807440183	2.369373179221453	0.021076846258364746	0.06178911600382629
110.85525562766652	2.372586973047415	0.021077649716859458	0.06178911600382629
111.00773318093121	2.3758008895422327	0.021078454237922036	0.06178911600382629
111.16021073419593	2.379014928869467	0.02107925982167404	0.06178911600382629
111.31268828746062	2.38222909119268	0.021080066468237027	0.06178911600382629
111.4651658407253	2.3854433766754335	0.021080874177732554	0.06178911600382629
111.61764339399	2.388657785481289	0.02108168295028218	0.06178911600382629
111.7701209472547	2.39187231777381	0.02108249278600747	0.06178911600382629
111.92259850051938	2.3950869737165568	0.02108330368502997	0.06178911600382629
112.07507605378407	2.3983017534730915	0.021084115647471254	0.06178911600382629
112.22755360704876	2.401516657206976	0.02108492867345287	0.06178911600382629
112.38003116031346	2.4047316850817726	0.021085742763096375	0.06178911600382629
112.53250871357815	2.4079468372610426	0.021086557916523335	0.06178911600382629
112.68498626684284	2.4111621139083477	0.021087374133855304	0.06178911600382629
112.83746382010753	2.41437751518725	0.021088191415213845	0.06178911600382629
112.98994137337223	2.4175930412613122	0.02108900976072051	0.06178911600382629
113.14241892663692	2.420808692294094	0.021089829170496864	0.06178911600382629
113.29489647990161	2.4240244684491596	0.02109064964466446	0.06178911600382629
113.4473740331663	2.4272403698900695	0.02109147118334486	0.06178911600382629
113.599851586431	2.430456396780386	0.021092293786659624	0.06178911600382629
113.75232913969569	2.4336725492836706	0.021093117454730307	0.06178911600382629
113.90480669296038	2.4368888275634855	0.021093942187678467	0.06178911600382629
114.05728424622507	2.440105231783392	0.02109476798562567	0.06178911600382629
114.20976179948978	2.4433217621069527	0.02109559484869346	0.06178911600382629
114.36223935275447	2.446538418697729	0.021096422777003413	0.06178911600382629
114.51471690601916	2.4497552017192827	0.021097251770677075	0.06178911600382629
114.66719445928385	2.4529721113351757	0.02109808182983601	0.06178911600382629
114.81967201254855	2.4561891477089697	0.021098912954601777	0.06178911600382629
114.97214956581324	2.4594063110042272	0.02109974514509593	0.06178911600382629
115.12462711907793	2.462623601384509	0.021100578401440036	0.06178911600382629
115.27710467234262	2.4658410190133777	0.021101412723755642	0.06178911600382629
115.42958222560732	2.4690585640543956	0.021102248112164317	0.06178911600382629
115.58205977887201	2.472276236671123	0.021103084566787614	0.06178911600382629
115.7345373321367	2.475494037027123	0.02110392208774709	0.06178911600382629
115.88701488540138	2.4787119652859566	0.021104760675164314	0.06178911600382629
116.03949243866609	2.481930021611187	0.021105600329160833	0.06178911600382629
116.19196999193078	2.4851482061663743	0.021106441049858208	0.06178911600382629
116.34444754519546	2.4883665191150817	0.021107282837378002	0.06178911600382629
116.49692509846015	2.4915849606208704	0.02110812569184177	0.06178911600382629
116.64940265172486	2.4948035308473027	0.02110896961337107	0.06178911600382629
116.80188020498954	2.4980222299579395	0.021109814602087464	0.06178911600382629
116.95435775825423	2.501241058116343	0.021110660658112505	0.06178911600382629
117.10683531151892	2.5044600154860763	0.02111150778156776	0.06178911600382629
117.25931286478364	2.5076791022307	0.02111235597257478	0.06178911600382629
117.41179041804833	2.5108983185137754	0.02111320523125513	0.06178911600382629
117.56426797131301	2.5141176644988654	0.02111405555773036	0.06178911600382629
117.7167455245777	2.5173371403495324	0.021114906952122037	0.06178911600382629
117.8692230778424	2.520556746229337	0.021115759414551714	0.06178911600382629
118.0217006311071	2.523776482301841	0.021116612945140955	0.06178911600382629
118.17417818437178	2.5269963487306066	0.021117467544011313	0.06178911600382629
118.32665573763647	2.530216345679196	0.02111832321128435	0.06178911600382629
118.47913329090117	2.533436473311171	0.02111917994708162	0.06178911600382629
118.63161084416586	2.536656731790093	0.021120037751524687	0.06178911600382629
118.78408839743055	2.539877121279524	0.02112089662473511	0.06178911600382629
118.93656595069524	2.5430976419430262	0.021121756566834442	0.06178911600382629
119.08904350395994	2.546318293944161	0.021122617577944248	0.06178911600382629
119.24152105722463	2.5495390774464903	0.021123479658186083	0.06178911600382629
119.39399861048932	2.552759992613576	0.021124342807681502	0.06178911600382629
119.54647616375402	2.5559810396089797	0.021125207026552073	0.06178911600382629
119.69895371701871	2.5592022185962637	0.021126072314919347	0.06178911600382629
119.8514312702834	2.5624235297389895	0.021126938672904882	0.06178911600382629
120.00390882354809	2.5656449732007194	0.021127806100630243	0.06178911600382629
120.1563863768128	2.568866549145015	0.021128674598216983	0.06178911600382629
120.3088639300775	2.572088257735438	0.021129544165786662	0.06178911600382629
120.46134148334218	2.5753100991355495	0.021130414803460843	0.06178911600382629
120.61381903660687	2.578532073508913	0.021131286511361078	0.06178911600382629
120.76629658987157	2.5817541810190896	0.021132159289608925	0.06178911600382629
120.91877414313626	2.5849764218296403	0.02113303313832595	0.06178911600382629
121.07125169640095	2.5881987961041277	0.021133908057633707	0.06178911600382629
121.22372924966564	2.591421304006114	0.021134784047653753	0.06178911600382629
121.37620680293034	2.5946439456991612	0.02113566110850765	0.06178911600382629
121.52868435619503	2.59786672134683	0.021136539240316957	0.06178911600382629
121.68116190945972	2.6010896311126825	0.021137418443203226	0.06178911600382629
121.8336394627244	2.6043126751602808	0.021138298717288024	0.06178911600382629
121.98611701598911	2.6075358536531876	0.021139180062692903	0.06178911600382629
122.1385945692538	2.6107591667549634	0.02114006247953943	0.06178911600382629
122.29107212251849	2.6139826146291707	0.021140945967949153	0.06178911600382629
122.44354967578317	2.6172061974393714	0.021141830528043637	0.06178911600382629
122.59602722904788	2.6204299153491273	0.02114271615994444	0.06178911600382629
122.74850478231257	2.623653768522	0.02114360286377312	0.06178911600382629
122.90098233557725	2.626877757121551	0.021144490639651233	0.06178911600382629
123.05345988884194	2.630101881311343	0.02114537948770034	0.06178911600382629
123.20593744210666	2.633326141254938	0.021146269408042005	0.06178911600382629
123.35841499537135	2.6365505371158964	0.021147160400797775	0.06178911600382629
123.51089254863604	2.639775069057781	0.021148052466089216	0.06178911600382629
123.66337010190072	2.642999737244154	0.021148945604037888	0.06178911600382629
123.81584765516543	2.646224541838577	0.021149839814765346	0.06178911600382629
123.96832520843012	2.6494494830046107	0.021150735098393148	0.06178911600382629
124.1208027616948	2.6526745609058184	0.021151631455042855	0.06178911600382629
124.2732803149595	2.655899775705761	0.021152528884836024	0.06178911600382629
124.4257578682242	2.659125127568002	0.021153427387894216	0.06178911600382629
124.57823542148888	2.662350616656101	0.021154326964338988	0.06178911600382629
124.73071297475357	2.665576243133621	0.021155227614291897	0.06178911600382629
124.88319052801826	2.668802007164124	0.021156129337874502	0.06178911600382629
125.03566808128296	2.672027908911171	0.021157032135208365	0.06178911600382629
125.18814563454765	2.6752539485383253	0.02115793600641504	0.06178911600382629
125.34062318781234	2.6784801262091467	0.02115884095161609	0.06178911600382629
125.49310074107703	2.681706442087199	0.021159746970933067	0.06178911600382629
125.64557829434173	2.684932896336043	0.021160654064487538	0.06178911600382629
125.79805584760642	2.688159489119241	0.021161562232401055	0.06178911600382629
125.95053340087111	2.691386220600354	0.02116247147479518	0.06178911600382629
126.1030109541358	2.694613090942944	0.02116338179179147	0.06178911600382629
126.25548850740051	2.6978401003105748	0.021164293183511488	0.06178911600382629
126.4079660606652	2.7010672488668055	0.021165205650076787	0.06178911600382629
126.56044361392989	2.7042945367751994	0.021166119191608924	0.06178911600382629
126.71292116719458	2.7075219641993185	0.021167033808229464	0.06178911600382629
126.86539872045928	2.710749531302724	0.021167949500059964	0.06178911600382629
127.01787627372397	2.7139772382489777	0.02116886626722198	0.06178911600382629
127.17035382698866	2.717205085201642	0.02116978410983707	0.06178911600382629
127.32283138025335	2.7204330723242784	0.021170703028026795	0.06178911600382629
127.47530893351805	2.723661199780449	0.021171623021912712	0.06178911600382629
127.62778648678274	2.7268894677337148	0.021172544091616383	0.06178911600382629
127.78026404004743	2.730117876347639	0.021173466237259363	0.06178911600382629
127.93274159331212	2.7333464257857822	0.02117438945896321	0.06178911600382629
128.08521914657683	2.736575116211707	0.021175313756849487	0.06178911600382629
128.2376966998415	2.7398039477889755	0.021176239131039748	0.06178911600382629
128.3901742531062	2.7430329206811486	0.021177165581655555	0.06178911600382629
128.54265180637088	2.746262035051788	0.021178093108818463	0.06178911600382629
128.6951293596356	2.749491291064457	0.021179021712650032	0.06178911600382629
128.8476069129003	2.7527206888827163	0.021179951393271824	0.06178911600382629
129.00008446616496	2.7559502286701276	0.021180882150805394	0.06178911600382629
129.15256201942967	2.759179910590254	0.021181813985372302	0.06178911600382629
129.30503957269437	2.7624097348066554	0.021182746897094103	0.06178911600382629
129.45751712595904	2.7656397014828955	0.02118368088609236	0.06178911600382629
129.60999467922375	2.7688698107825354	0.02118461595248863	0.06178911600382629
129.76247223248845	2.7721000628691366	0.02118555209640447	0.06178911600382629
129.91494978575312	2.7753304579062616	0.021186489317961445	0.06178911600382629
130.06742733901783	2.7785609960574713	0.021187427617281106	0.06178911600382629
130.2199048922825	2.7817916774863285	0.021188366994485015	0.06178911600382629
130.37238244554723	2.785022502356395	0.021189307449694727	0.06178911600382629
130.5248599988119	2.7882534708312323	0.021190248983031807	0.06178911600382629
130.6773375520766	2.7914845830744017	0.021191191594617808	0.06178911600382629
130.82981510534128	2.7947158392494655	0.021192135284574292	0.06178911600382629
130.98229265860599	2.7979472395199867	0.02119308005302282	0.06178911600382629
131.1347702118707	2.801178784049525	0.02119402590008494	0.06178911600382629
131.28724776513536	2.804410473001644	0.02119497282588222	0.06178911600382629
131.43972531840006	2.807642306539904	0.021195920830536216	0.06178911600382629
131.59220287166477	2.810874284827869	0.021196869914168488	0.06178911600382629
131.74468042492944	2.814106408029099	0.021197820076900593	0.06178911600382629
131.89715797819414	2.8173386763071564	0.02119877131885409	0.06178911600382629
132.04963553145882	2.8205710898256022	0.021199723640150537	0.06178911600382629
132.20211308472352	2.8238036487480005	0.021200677040911494	0.06178911600382629
132.35459063798822	2.8270363532379106	0.021201631521258518	0.06178911600382629
132.5070681912529	2.830269203458896	0.021202587081313166	0.06178911600382629
132.6595457445176	2.833502199574518	0.021203543721197	0.06178911600382629
132.8120232977823	2.8367353417483385	0.021204501441031576	0.06178911600382629
132.96450085104698	2.839968630143919	0.02120546024093846	0.06178911600382629
133.11697840431168	2.8432020649248217	0.021206420121039196	0.06178911600382629
133.26945595757635	2.8464356462546085	0.021207381081455357	0.06178911600382629
133.4219335108411	2.849669374296841	0.021208343122308494	0.06178911600382629
133.57441106410576	2.852903249215081	0.021209306243720166	0.06178911600382629
133.72688861737046	2.8561372711728907	0.021210270445811936	0.06178911600382629
133.87936617063514	2.8593714403338315	0.021211235728705355	0.06178911600382629
134.03184372389984	2.8626057568614662	0.02121220209252199	0.06178911600382629
134.18432127716454	2.865840220919355	0.02121316953738339	0.06178911600382629
134.33679883042922	2.8690748326710613	0.021214138063411127	0.06178911600382629
134.48927638369392	2.872309592280146	0.021215107670726745	0.06178911600382629
134.64175393695862	2.875544499910171	0.021216078359451815	0.06178911600382629
134.7942314902233	2.878779555724699	0.021217050129707885	0.06178911600382629
134.946709043488	2.8820147598872907	0.02121802298161652	0.06178911600382629
135.09918659675267	2.8852501125615087	0.021218996915299278	0.06178911600382629
135.25166415001738	2.8884856139109147	0.021219971930877716	0.06178911600382629
135.40414170328208	2.89172126409907	0.021220948028473394	0.06178911600382629
135.55661925654675	2.894957063289537	0.02122192520820787	0.06178911600382629
135.70909680981146	2.898193011645877	0.0212229034702027	0.06178911600382629
135.86157436307616	2.9014291093316538	0.02122388281457945	0.06178911600382629
136.01405191634083	2.9046653565104266	0.02122486324145967	0.06178911600382629
136.16652946960554	2.907901753345758	0.021225844750964923	0.06178911600382629
136.3190070228702	2.9111383000012108	0.021226827343216764	0.06178911600382629
136.47148457613494	2.9143749966403467	0.02122781101833676	0.06178911600382629
136.62396212939962	2.917611843426726	0.021228795776446457	0.06178911600382629
136.77643968266432	2.920848840523912	0.021229781617667424	0.06178911600382629
136.928917235929	2.9240859880954666	0.021230768542121217	0.06178911600382629
137.0813947891937	2.9273232863049508	0.021231756549929395	0.06178911600382629
137.2338723424584	2.9305607353159266	0.02123274564121351	0.06178911600382629
137.38634989572307	2.9337983352919563	0.02123373581609513	0.06178911600382629
137.53882744898777	2.937036086396602	0.021234727074695807	0.06178911600382629
137.69130500225248	2.940273988793425	0.021235719417137103	0.06178911600382629
137.84378255551715	2.9435120426459864	0.021236712843540576	0.06178911600382629
137.99626010878185	2.9467502481178496	0.021237707354027784	0.06178911600382629
138.14873766204653	2.949988605372575	0.021238702948720288	0.06178911600382629
138.30121521531123	2.9532271145737257	0.021239699627739642	0.06178911600382629
138.45369276857593	2.9564657758848627	0.021240697391207406	0.06178911600382629
138.6061703218406	2.959704589469548	0.021241696239245142	0.06178911600382629
138.7586478751053	2.9629435554913446	0.021242696171974402	0.06178911600382629
138.91112542837	2.966182674113812	0.021243697189516752	0.06178911600382629
139.0636029816347	2.969421945500514	0.021244699291993747	0.06178911600382629
139.2160805348994	2.972661369815011	0.021245702479526944	0.06178911600382629
139.3685580881641	2.9759009472208664	0.021246706752237905	0.06178911600382629
139.5210356414288	2.979140677881641	0.021247712110248188	0.06178911600382629
139.67351319469347	2.9823805619608974	0.02124871855367935	0.06178911600382629
139.82599074795817	2.9856205996221963	0.021249726082652947	0.06178911600382629
139.97846830122288	2.9888607910291007	0.021250734697290545	0.06178911600382629
140.13094585448755	2.9921011363451715	0.021251744397713695	0.06178911600382629
140.28342340775225	2.99534163573397	0.021252755184043962	0.06178911600382629
140.43590096101693	2.9985822893590606	0.0212537670564029	0.06178911600382629
140.58837851428163	3.001823097384003	0.02125478001491207	0.06178911600382629
140.74085606754633	3.0050640599723595	0.021255794059693026	0.06178911600382629
140.893333620811	3.008305177287692	0.021256809190867334	0.06178911600382629
141.0458111740757	3.0115464494935624	0.021257825408556547	0.06178911600382629
141.1982887273404	3.014787876753533	0.021258842712882225	0.06178911600382629
141.3507662806051	3.0180294592311645	0.02125986110396593	0.06178911600382629
141.5032438338698	3.0212711970900195	0.021260880581929216	0.06178911600382629
141.65572138713446	3.02451309049366	0.021261901146893643	0.06178911600382629
141.80819894039917	3.0277551396056475	0.02126292279898077	0.06178911600382629
141.96067649366387	3.0309973445895437	0.021263945538312155	0.06178911600382629
142.11315404692854	3.034239705608911	0.021264969365009358	0.06178911600382629
142.26563160019325	3.037482222827311	0.021265994279193935	0.06178911600382629
142.41810915345795	3.040724896408305	0.021267020280987446	0.06178911600382629
142.57058670672265	3.043967726515455	0.02126804737051145	0.06178911600382629
142.72306425998732	3.0472107133123236	0.021269075547887505	0.06178911600382629
142.87554181325203	3.050453856962472	0.02127010481323717	0.06178911600382629
143.02801936651673	3.053697157629463	0.021271135166682005	0.06178911600382629
143.1804969197814	3.0569406154768566	0.021272166608343565	0.06178911600382629
143.3329744730461	3.0601842306682157	0.021273199138343413	0.06178911600382629
143.48545202631078	3.063428003367103	0.021274232756803103	0.06178911600382629
143.63792957957548	3.066671933737079	0.021275267463844196	0.06178911600382629
143.7904071328402	3.069916021941706	0.02127630325958825	0.06178911600382629
143.94288468610486	3.0731602681445453	0.021277340144156824	0.06178911600382629
144.09536223936956	3.0764046725091596	0.021278378117671477	0.06178911600382629
144.24783979263427	3.079649235199111	0.02127941718025377	0.06178911600382629
144.40031734589894	3.0828939563779603	0.021280457332025254	0.06178911600382629
144.55279489916364	3.0861388362092703	0.02128149857310749	0.06178911600382629
144.70527245242832	3.089383874856602	0.021282540903622044	0.06178911600382629
144.85775000569302	3.0926290724835175	0.02128358432369047	0.06178911600382629
145.01022755895772	3.0958744292535787	0.021284628833434325	0.06178911600382629
145.1627051122224	3.0991199453303477	0.021285674432975167	0.06178911600382629
145.3151826654871	3.1023656208773858	0.021286721122434557	0.06178911600382629
145.4676602187518	3.1056114560582557	0.021287768901934054	0.06178911600382629
145.6201377720165	3.1088574510365183	0.021288817771595213	0.06178911600382629
145.77261532528118	3.112103605975736	0.021289867731539597	0.06178911600382629
145.92509287854588	3.1153499210394706	0.02129091878188876	0.06178911600382629
146.07757043181059	3.118596396391284	0.021291970922764265	0.06178911600382629
146.23004798507526	3.1218430321947372	0.021293024154287667	0.06178911600382629
146.38252553833996	3.125089828613393	0.02129407847658053	0.06178911600382629
146.53500309160464	3.128336785810813	0.021295133889764405	0.06178911600382629
146.68748064486934	3.1315839039505593	0.021296190393960857	0.06178911600382629
146.83995819813404	3.134831183196193	0.02129724798929144	0.06178911600382629
146.99243575139872	3.1380786237112765	0.021298306675877714	0.06178911600382629
147.14491330466342	3.1413262256593715	0.02129936645384124	0.06178911600382629
147.29739085792812	3.14457398920404	0.021300427323303575	0.06178911600382629
147.4498684111928	3.147821914508844	0.021301489284386275	0.06178911600382629
147.6023459644575	3.1510700017373443	0.021302552337210904	0.06178911600382629
147.75482351772217	3.1543182510531036	0.021303616481899015	0.06178911600382629
147.90730107098688	3.157566662619684	0.02130468171857217	0.06178911600382629
148.05977862425158	3.160815236600647	0.021305748047351927	0.06178911600382629
148.21225617751625	3.1640639731595543	0.021306815468359844	0.06178911600382629
148.36473373078096	3.1673128724599673	0.021307883981717478	0.06178911600382629
148.51721128404566	3.170561934665449	0.021308953587546392	0.06178911600382629
148.66968883731036	3.173811159939561	0.021310024285968142	0.06178911600382629
148.82216639057503	3.177060548445864	0.021311096077104286	0.06178911600382629
148.97464394383974	3.180310100347921	0.021312168961076385	0.06178911600382629
149.12712149710444	3.1835598158092937	0.021313242938005992	0.06178911600382629
149.27959905036911	3.186809694993543	0.02131431800801467	0.06178911600382629
149.43207660363382	3.1900597380642317	0.021315394171223977	0.06178911600382629
149.58455415689852	3.1933099451849216	0.021316471427755473	0.06178911600382629
149.7370317101632	3.1965603165191743	0.021317549777730715	0.06178911600382629
149.8895092634279	3.1998108522305513	0.02131862922127126	0.06178911600382629
150.04198681669257	3.203061552482615	0.021319709758498673	0.06178911600382629
150.19446436995727	3.2063124174389275	0.021320791389534504	0.06178911600382629
150.34694192322198	3.2095634472630494	0.021321874114500313	0.06178911600382629
150.49941947648665	3.212814642118544	0.021322957933517666	0.06178911600382629
150.65189702975135	3.216066002168972	0.021324042846708115	0.06178911600382629
150.80437458301606	3.2193175275778962	0.02132512885419322	0.06178911600382629
150.95685213628073	3.2225692185088777	0.021326215956094536	0.06178911600382629
151.10932968954543	3.225821075125478	0.02132730415253363	0.06178911600382629
151.2618072428101	3.22907309759126	0.021328393443632056	0.06178911600382629
151.41428479607484	3.2323252860697855	0.02132948382951137	0.06178911600382629
151.5667623493395	3.2355776407246157	0.021330575310293132	0.06178911600382629
151.71923990260422	3.238830161719312	0.021331667886098905	0.06178911600382629
151.8717174558689	3.2420828492174376	0.021332761557050245	0.06178911600382629
152.0241950091336	3.2453357033825534	0.021333856323268705	0.06178911600382629
152.1766725623983	3.2485887243782217	0.02133495218487585	0.06178911600382629
152.32915011566297	3.251841912368004	0.02133604914199324	0.06178911600382629
152.48162766892767	3.2550952675154616	0.02133714719474243	0.06178911600382629
152.63410522219237	3.258348789984158	0.02133824634324498	0.06178911600382629
152.78658277545705	3.261602479937654	0.021339346587622442	0.06178911600382629
152.93906032872175	3.264856337539511	0.021340447927996387	0.06178911600382629
153.09153788198643	3.2681103629532915	0.021341550364488364	0.06178911600382629
153.24401543525113	3.271364556342557	0.021342653897219933	0.06178911600382629
153.39649298851583	3.2746189178708693	0.021343758526312658	0.06178911600382629
153.5489705417805	3.277873447701791	0.02134486425188809	0.06178911600382629
153.7014480950452	3.281128145998883	0.021345971074067792	0.06178911600382629
153.8539256483099	3.2843830129257077	0.021347078992973324	0.06178911600382629
154.0064032015746	3.287638048645827	0.02134818800872624	0.06178911600382629
154.1588807548393	3.2908932533228024	0.0213492981214481	0.06178911600382629
154.311358308104	3.2941486271201956	0.021350409331260468	0.06178911600382629
154.46383586136866	3.2974041702015686	0.021351521638284895	0.06178911600382629
