x	chi	dchidx	s0
0.00014755747042011013	0.0	0.016352269679869424	0.016352269679869424
0.013758907558967061	0.00022256864546408794	0.016350563802148232	0.016352269679869424
0.02737025764751401	0.00044509134507827016	0.016345518571503858	0.016352269679869424
0.04098160773606096	0.0006675226457408283	0.016337133987936563	0.016352269679869424
0.054592957824607914	0.0008898170943502698	0.016325410051440482	0.016352269679869424
0.06820430791315486	0.0011119292378048826	0.01631034676200754	0.016352269679869424
0.08181565800170182	0.0013338136230027309	0.016291944119627463	0.016352269679869424
0.09542700809024876	0.0015554247968416557	0.016270202124287786	0.016352269679869424
0.10903835817879572	0.0017767173062192762	0.016245120775973836	0.016352269679869424
0.12264970826734267	0.0019976456980329866	0.016216700074668747	0.016352269679869424
0.13626105835588964	0.002218164519179957	0.016184940020353467	0.016352269679869424
0.14987240844443656	0.002438228316557137	0.016149840613006738	0.016352269679869424
0.16348375853298353	0.00265779163705326	0.01611140185266157	0.016352269679869424
0.17709510862153047	0.0028768090275515554	0.01606962373939057	0.016352269679869424
0.1907064587100774	0.003095235034952962	0.016024506273138606	0.016352269679869424
0.20431780879862438	0.003313024206157937	0.01597604945384662	0.016352269679869424
0.21792915888717132	0.0035301310880659223	0.01592425328145527	0.016352269679869424
0.23154050897571832	0.003746510227575348	0.01586911775590496	0.016352269679869424
0.24515185906426526	0.00396211617158363	0.015810642877135808	0.016352269679869424
0.2587632091528122	0.004176903466987172	0.015748828645087663	0.016352269679869424
0.27237455924135917	0.0043908266606813625	0.015683675059700114	0.016352269679869424
0.2859859093299061	0.004603840299560579	0.015615182120912462	0.016352269679869424
0.29959725941845305	0.004815898930518186	0.015543349828663747	0.016352269679869424
0.313208609507	0.0050269571004465325	0.015468178182892733	0.016352269679869424
0.32681995959554694	0.005236969356236958	0.015389667183537915	0.016352269679869424
0.3404313096840939	0.005445890244779784	0.015307816830537517	0.016352269679869424
0.3540426597726409	0.005653674312964324	0.015222627123829489	0.016352269679869424
0.36765400986118785	0.005860276107678872	0.01513409806335151	0.016352269679869424
0.3812653599497347	0.0060656501758107155	0.015042229649040988	0.016352269679869424
0.3948767100382817	0.0062697510642461245	0.01494702188083506	0.016352269679869424
0.40848806012682864	0.006472533319870358	0.014848474758670592	0.016352269679869424
0.4220994102153756	0.006673951489567663	0.014746588282484176	0.016352269679869424
0.4357107603039226	0.006873960120221267	0.014641362452212136	0.016352269679869424
0.4493221103924695	0.00707251375871339	0.014532797267790519	0.016352269679869424
0.46293346048101647	0.007269566951925238	0.014420892729155107	0.016352269679869424
0.4765448105695634	0.0074650742467370045	0.014305648836241407	0.016352269679869424
0.4901561606581104	0.007658990190027868	0.014187065588984655	0.016352269679869424
0.5037675107466573	0.007851269328675992	0.014065142987319814	0.016352269679869424
0.5173788608352043	0.008041866209558532	0.01393988103118158	0.016352269679869424
0.5309902109237512	0.008230735379551624	0.01381127972050437	0.016352269679869424
0.5446015610122982	0.0084178313855304	0.01367933905522234	0.016352269679869424
0.5582129111008451	0.008603108774368968	0.013544059035269361	0.016352269679869424
0.571824261189392	0.008786522092940428	0.013405439660579048	0.016352269679869424
0.5854356112779391	0.008968025888116874	0.01326348093108473	0.016352269679869424
0.5990469613664859	0.009147574706769369	0.013118182846719471	0.016352269679869424
0.6126583114550329	0.009325123095767983	0.01296954540741607	0.016352269679869424
0.6262696615435799	0.009500625601981755	0.012817568613107042	0.016352269679869424
0.6398810116321269	0.009674036772278724	0.012662252463724637	0.016352269679869424
0.6534923617206738	0.00984531115352591	0.012503596959200836	0.016352269679869424
0.6671037118092207	0.01001440329258932	0.01234160209946734	0.016352269679869424
0.6807150618977676	0.010181267736333951	0.01217626788445559	0.016352269679869424
0.6943264119863146	0.01034585903162378	0.012007594314096749	0.016352269679869424
0.7079377620748616	0.010508131725321782	0.011835581388321699	0.016352269679869424
0.7215491121634086	0.010668040364289902	0.011660229107061073	0.016352269679869424
0.7351604622519555	0.01082553949538909	0.011481537470245213	0.016352269679869424
0.7487718123405024	0.010980583665479273	0.011299506477804196	0.016352269679869424
0.7623831624290494	0.011133127421419363	0.011114136129667832	0.016352269679869424
0.7759945125175963	0.011283125310067265	0.010925426425765654	0.016352269679869424
0.7896058626061433	0.011430531878284255	0.010733377365970164	0.016352269679869424
0.8032172126946903	0.011575301672939334	0.010537988950022283	0.016352269679869424
0.8168285627832371	0.01171738924088719	0.01033926117781289	0.016352269679869424
0.8304399128717842	0.011856749128980229	0.010137194049245351	0.016352269679869424
0.8440512629603311	0.011993335884069561	0.009931787564223506	0.016352269679869424
0.857662613048878	0.012127104053005003	0.009723041722651633	0.016352269679869424
0.871273963137425	0.012258008182635064	0.00951095652443448	0.016352269679869424
0.8848853132259719	0.012386002819806969	0.009295531969477244	0.016352269679869424
0.8984966633145189	0.012511042511366633	0.009076768057685581	0.016352269679869424
0.9121080134030657	0.01263308180415868	0.00885466478896561	0.016352269679869424
0.9257193634916128	0.012752075245026437	0.00862922216322389	0.016352269679869424
0.9393307135801597	0.012867977380811928	0.008400440180367452	0.016352269679869424
0.9529420636687065	0.012980742758355883	0.00816831884030378	0.016352269679869424
0.9665534137572536	0.013090325924497735	0.007932858142940808	0.016352269679869424
0.9801647638458005	0.01319668142607562	0.007694058088186934	0.016352269679869424
0.9937761139343474	0.013299763809926368	0.007451918675951014	0.016352269679869424
1.0073874640228944	0.013399527622885524	0.007206439906142347	0.016352269679869424
1.0209988141114414	0.013495927411787328	0.006957621778670703	0.016352269679869424
1.0346101641999883	0.013588917723464721	0.006705464293446304	0.016352269679869424
1.0482215142885352	0.013678453104749352	0.006449967450379831	0.016352269679869424
1.0618328643770822	0.013764488102471566	0.006191131249382409	0.016352269679869424
1.075444214465629	0.013846977263460417	0.005928955690365636	0.016352269679869424
1.0890555645541762	0.013925875134543653	0.005663440773241557	0.016352269679869424
1.102666914642723	0.014001136262547733	0.005394586497922682	0.016352269679869424
1.1162782647312701	0.01407271519429909	0.005122392864322245	0.016352269679869424
1.129889614819817	0.01414056647662376	0.004846859872355117	0.016352269679869424
1.1435009649083638	0.014204644656345364	0.004567987521937579	0.016352269679869424
1.157112314996911	0.014264904280286438	0.004285775812987291	0.016352269679869424
1.1707236650854578	0.014321299895268425	0.00400022474542332	0.016352269679869424
1.1843350151740049	0.014373786048111684	0.0037113343191661208	0.016352269679869424
1.1979463652625517	0.014422317285635488	0.003419104534137545	0.016352269679869424
1.2115577153510986	0.014466848154658022	0.003123535390260822	0.016352269679869424
1.2251690654396457	0.014507333201996382	0.0028246268874605896	0.016352269679869424
1.2387804155281925	0.01454372697446658	0.0025223790256628745	0.016352269679869424
1.2523917656167396	0.014575984018883553	0.002216791804795101	0.016352269679869424
1.2660031157052865	0.014604058882061528	0.001907865224786522	0.016352269679869424
1.2796144657938335	0.014627906110813785	0.001595599285568133	0.016352269679869424
1.2932258158823804	0.014647480251952597	0.0012799939870726386	0.016352269679869424
1.3068371659709273	0.014662735852289327	0.0009610493292345275	0.016352269679869424
1.3204485160594743	0.01467362745863444	0.0006387653119901105	0.016352269679869424
1.3340598661480212	0.014680109617797565	0.00031314193527760055	0.016352269679869424
1.347671216236568	0.014682136876587508	-7.958260966591125e-06	0.016352269679869424
16.116839755570677	0.014564940487322832	-7.924071428115475e-06	0.016352269679869424
30.886008294904784	0.014448001068469815	-7.912431974782892e-06	0.016352269679869424
45.655176834238894	0.014331206621884673	-7.903426485859255e-06	0.016352269679869424
60.42434537357301	0.014214534070705833	-7.896233365030659e-06	0.016352269679869424
75.19351391290712	0.014097961680375174	-7.890144998377106e-06	0.016352269679869424
89.96268245224122	0.01398148395167138	-7.885070684842966e-06	0.016352269679869424
104.73185099157534	0.01386507115384232	-7.880277897765894e-06	0.016352269679869424
119.50101953090945	0.01374872114557446	-7.875752757270772e-06	0.016352269679869424
134.27018807024356	0.013632431785554273	-7.871481383482478e-06	0.016352269679869424
149.03935660957768	0.013516200932468221	-7.867449896525893e-06	0.016352269679869424
163.80852514891177	0.013400026445002778	-7.8636444165259e-06	0.016352269679869424
178.5776936882459	0.013283906181844407	-7.860051063607376e-06	0.016352269679869424
193.34686222758	0.013167838001679581	-7.856655957895202e-06	0.016352269679869424
208.11603076691412	0.013051819763194765	-7.853445219514262e-06	0.016352269679869424
222.8851993062482	0.012935849325076429	-7.850404968589434e-06	0.016352269679869424
237.6543678455823	0.01281992454601104	-7.847521325245598e-06	0.016352269679869424
252.42353638491645	0.012704043284685067	-7.844780409607635e-06	0.016352269679869424
267.1927049242505	0.012588203399784979	-7.842168341800427e-06	0.016352269679869424
281.9618734635846	0.012472402749997242	-7.839671241948852e-06	0.016352269679869424
296.73104200291874	0.012356639194008324	-7.837275230177792e-06	0.016352269679869424
311.5002105422529	0.012240910590504696	-7.834966426612127e-06	0.016352269679869424
326.269379081587	0.012125214798172825	-7.83273095137674e-06	0.016352269679869424
341.03854762092107	0.01200954967569918	-7.830554924596508e-06	0.016352269679869424
355.80771616025515	0.011893928596070047	-7.82861940571946e-06	0.016352269679869424
370.5768846995893	0.01177833446256046	-7.826733535742689e-06	0.016352269679869424
385.3460532389234	0.011662765462656375	-7.824878149927615e-06	0.016352269679869424
400.1152217782575	0.011547221338862164	-7.82305283833972e-06	0.016352269679869424
414.8843903175916	0.01143170183368219	-7.821257191044485e-06	0.016352269679869424
429.65355885692577	0.011316206689620823	-7.81949079810739e-06	0.016352269679869424
444.42272739625986	0.01120073564918243	-7.817753249593918e-06	0.016352269679869424
459.19189593559395	0.011085288454871375	-7.81604413556955e-06	0.016352269679869424
473.96106447492804	0.01096986484919203	-7.814363046099771e-06	0.016352269679869424
488.7302330142622	0.010854464574648759	-7.812709571250058e-06	0.016352269679869424
503.49940155359633	0.01073908737374593	-7.811083301085893e-06	0.016352269679869424
518.2685700929304	0.010623732988987911	-7.80948382567276e-06	0.016352269679869424
533.0377386322644	0.010508401162879068	-7.80791073507614e-06	0.016352269679869424
547.8069071715986	0.01039309163792377	-7.806363619361513e-06	0.016352269679869424
562.5760757109326	0.010277804156626382	-7.804842068594361e-06	0.016352269679869424
577.3452442502668	0.010162538461491271	-7.803345672840166e-06	0.016352269679869424
592.1144127896009	0.010047294295022805	-7.80187402216441e-06	0.016352269679869424
606.8835813289351	0.009932071399725352	-7.800426706632573e-06	0.016352269679869424
621.6527498682692	0.00981686951810328	-7.799003316310139e-06	0.016352269679869424
636.4219184076032	0.009701688392660954	-7.797603441262586e-06	0.016352269679869424
651.1910869469374	0.009586527765902741	-7.7962266715554e-06	0.016352269679869424
665.9602554862715	0.009471387380333013	-7.794872597254058e-06	0.016352269679869424
680.7294240256056	0.00935626697845613	-7.793540808424044e-06	0.016352269679869424
695.4985925649397	0.009241166302776464	-7.79223089513084e-06	0.016352269679869424
710.2677611042739	0.00912608509579838	-7.790942447439927e-06	0.016352269679869424
725.036929643608	0.009011023100026248	-7.789675055416786e-06	0.016352269679869424
739.806098182942	0.008895980057964431	-7.788428309126898e-06	0.016352269679869424
754.5752667222761	0.008780955712117301	-7.787201798635746e-06	0.016352269679869424
769.3444352616102	0.008665949804989222	-7.785995114008811e-06	0.016352269679869424
784.1136038009444	0.00855096207908456	-7.784807845311574e-06	0.016352269679869424
798.8827723402784	0.008435992276907686	-7.783639582609518e-06	0.016352269679869424
813.6519408796125	0.008321040140962965	-7.782489915968123e-06	0.016352269679869424
828.4211094189467	0.008206105413754765	-7.78135843545287e-06	0.016352269679869424
843.1902779582808	0.00809118783778745	-7.780244731129244e-06	0.016352269679869424
857.959446497615	0.007976287155565392	-7.779148393062723e-06	0.016352269679869424
872.728615036949	0.007861403109592957	-7.778069011318789e-06	0.016352269679869424
887.4977835762832	0.007746535442374512	-7.777006175962926e-06	0.016352269679869424
902.2669521156173	0.007631683896414421	-7.775959477060612e-06	0.016352269679869424
917.0361206549513	0.007516848214217055	-7.774928504677332e-06	0.016352269679869424
931.8052891942855	0.007402028138286781	-7.773912848878564e-06	0.016352269679869424
946.5744577336196	0.007287223411127963	-7.772912099729792e-06	0.016352269679869424
961.3436262729537	0.00717243377524497	-7.771925847296497e-06	0.016352269679869424
976.1127948122878	0.0070576589731421715	-7.770953681644162e-06	0.016352269679869424
990.881963351622	0.006942898747323932	-7.769995192838267e-06	0.016352269679869424
1005.6511318909561	0.00682815284029462	-7.769049970944291e-06	0.016352269679869424
1020.42030043029	0.0067134209945586025	-7.76811760602772e-06	0.016352269679869424
1035.1894689696242	0.0065987029526202445	-7.767197688154035e-06	0.016352269679869424
1049.9586375089584	0.006483998456983916	-7.766289807388714e-06	0.016352269679869424
1064.7278060482925	0.006369307250153985	-7.765393553797242e-06	0.016352269679869424
1079.4969745876265	0.006254629074634814	-7.764508517445099e-06	0.016352269679869424
1094.2661431269607	0.0061399636729307745	-7.763634288397767e-06	0.016352269679869424
1109.0353116662948	0.006025310787546233	-7.762770456720727e-06	0.016352269679869424
1123.8044802056288	0.005910670160985557	-7.761916612479461e-06	0.016352269679869424
1138.5736487449628	0.0057960415357531095	-7.76107234573945e-06	0.016352269679869424
1153.342817284297	0.005681424654353264	-7.760237246566177e-06	0.016352269679869424
1168.1119858236311	0.005566819259290383	-7.759410905025122e-06	0.016352269679869424
1182.8811543629654	0.00545223117886002	-7.75853279648256e-06	0.016352269679869424
1197.6503229022994	0.005337658488373785	-7.757627809678195e-06	0.016352269679869424
1212.4194914416337	0.005223098428286793	-7.756724628159605e-06	0.016352269679869424
1227.1886599809677	0.005108551002012644	-7.755823216995454e-06	0.016352269679869424
1241.957828520302	0.0049940162129649395	-7.754923541254406e-06	0.016352269679869424
1256.7269970596358	0.004879494064557283	-7.754025566005122e-06	0.016352269679869424
1271.49616559897	0.0047649845602032725	-7.75312925631627e-06	0.016352269679869424
1286.265334138304	0.004650487703316511	-7.75223457725651e-06	0.016352269679869424
1301.034502677638	0.004536003497310601	-7.75134149389451e-06	0.016352269679869424
1315.8036712169724	0.004421531945599143	-7.750449971298932e-06	0.016352269679869424
1330.5728397563064	0.004307073051595739	-7.74955997453844e-06	0.016352269679869424
1345.3420082956407	0.0041926268187139895	-7.748671468681698e-06	0.016352269679869424
1360.1111768349745	0.004078193250367498	-7.74778441879737e-06	0.016352269679869424
1374.8803453743087	0.003963772349969865	-7.74689878995412e-06	0.016352269679869424
1389.6495139136427	0.00384936412093469	-7.746014547220613e-06	0.016352269679869424
1404.418682452977	0.003734968566675577	-7.74513165566551e-06	0.016352269679869424
1419.187850992311	0.0036205856906061265	-7.744250080357478e-06	0.016352269679869424
1433.9570195316453	0.0035062154961399404	-7.743369786365181e-06	0.016352269679869424
1448.7261880709793	0.0033918579866906197	-7.742490738757281e-06	0.016352269679869424
1463.4953566103136	0.0032775131656717664	-7.741612902602442e-06	0.016352269679869424
1478.2645251496476	0.003163181036496982	-7.740736242969331e-06	0.016352269679869424
1493.0336936889817	0.0030488616025798696	-7.739860724926608e-06	0.016352269679869424
1507.8028622283157	0.0029345548673340273	-7.73898631354294e-06	0.016352269679869424
1522.5720307676497	0.0028202608341730577	-7.738112973886991e-06	0.016352269679869424
1537.341199306984	0.002705979506510563	-7.737240671027423e-06	0.016352269679869424
1552.110367846318	0.002591710887760145	-7.7363693700329e-06	0.016352269679869424
1566.8795363856523	0.0024774549813354045	-7.735499035972088e-06	0.016352269679869424
1581.6487049249863	0.0023632117906499427	-7.734629633913649e-06	0.016352269679869424
1596.4178734643203	0.002248981319117364	-7.733761128926248e-06	0.016352269679869424
1611.1870420036544	0.0021347635701512656	-7.732893486078548e-06	0.016352269679869424
1625.9562105429886	0.002020558547165251	-7.732026670439215e-06	0.016352269679869424
1640.7253790823227	0.0019063662535729218	-7.731160647076912e-06	0.016352269679869424
1655.494547621657	0.0017921866927878786	-7.730295381060302e-06	0.016352269679869424
1670.263716160991	0.001678019868223725	-7.729430837458051e-06	0.016352269679869424
1685.0328847003252	0.00156386578329406	-7.72856698133882e-06	0.016352269679869424
1699.8020532396592	0.0014497244414124867	-7.727703777771275e-06	0.016352269679869424
1714.5712217789933	0.001335595845992606	-7.726841191824081e-06	0.016352269679869424
1729.3403903183273	0.0012214800004480214	-7.7259791885659e-06	0.016352269679869424
1744.1095588576613	0.0011073769081923297	-7.725117733065398e-06	0.016352269679869424
1758.8787273969956	0.000993286572639137	-7.724256790391235e-06	0.016352269679869424
1773.6478959363296	0.0008792089972020417	-7.72339632561208e-06	0.016352269679869424
1788.417064475664	0.0007651441852946474	-7.722536303796594e-06	0.016352269679869424
1803.186233014998	0.0006510921403305534	-7.72167669001344e-06	0.016352269679869424
1817.9554015543322	0.0005370528657233642	-7.720817449331286e-06	0.016352269679869424
1832.724570093666	0.0004230263648866816	-7.719958546818793e-06	0.016352269679869424
1847.4937386330005	0.00030901264123410054	-7.719099947544626e-06	0.016352269679869424
1862.2629071723343	0.00019501169817923159	-7.718241616577446e-06	0.016352269679869424
1877.0320757116688	8.102353913566878e-05	-7.717383518985922e-06	0.016352269679869424
1891.8012442510026	-3.295183248298167e-05	-7.716525619838716e-06	0.016352269679869424
1906.5704127903366	-0.00014691441326311876	-7.71566788420449e-06	0.016352269679869424
1921.3395813296709	-0.00026086419979114584	-7.71481027715191e-06	0.016352269679869424
1936.108749869005	-0.0003748011886534541	-7.713952763749639e-06	0.016352269679869424
1950.8779184083392	-0.0004887253764364486	-7.713095309066343e-06	0.016352269679869424
1965.647086947673	-0.0006026367597265214	-7.712237878170683e-06	0.016352269679869424
1980.4162554870074	-0.0007165353351100794	-7.711380436131324e-06	0.016352269679869424
1995.1854240263413	-0.0008304210991735119	-7.710522948016932e-06	0.016352269679869424
2009.9545925656757	-0.000944294048503224	-7.70966537889617e-06	0.016352269679869424
2024.7237611050095	-0.0010581541796856097	-7.7088076938377e-06	0.016352269679869424
2039.4929296443436	-0.0011720014893070695	-7.707949857910187e-06	0.016352269679869424
2054.262098183678	-0.001285835973954006	-7.707091836182297e-06	0.016352269679869424
2069.031266723012	-0.0013996576302128102	-7.70623359372269e-06	0.016352269679869424
2083.800435262346	-0.0015134664546698857	-7.705375095600036e-06	0.016352269679869424
2098.56960380168	-0.001627262443911628	-7.704516306882992e-06	0.016352269679869424
2113.3387723410146	-0.0017410455945244393	-7.703657192640227e-06	0.016352269679869424
2128.1079408803485	-0.0018548159030947137	-7.702797717940403e-06	0.016352269679869424
2142.8771094196823	-0.0019685733662088527	-7.701937847852183e-06	0.016352269679869424
2157.6462779590165	-0.0020823179804532552	-7.701077547444235e-06	0.016352269679869424
2172.415446498351	-0.002196049742414316	-7.700216781785218e-06	0.016352269679869424
2187.184615037685	-0.002309768648678442	-7.699355515943799e-06	0.016352269679869424
2201.953783577019	-0.002423474695832018	-7.698493714988642e-06	0.016352269679869424
2216.722952116353	-0.0025371678804614545	-7.69763134398841e-06	0.016352269679869424
2231.492120655687	-0.0026508481991531453	-7.696768368011766e-06	0.016352269679869424
2246.261289195021	-0.0027645156484934876	-7.695904752127376e-06	0.016352269679869424
2261.0304577343554	-0.0028781702250688856	-7.695040461403904e-06	0.016352269679869424
2275.7996262736892	-0.0029918119254657314	-7.694175460910012e-06	0.016352269679869424
2290.5687948130235	-0.0031054407462704258	-7.693309715714366e-06	0.016352269679869424
2305.3379633523577	-0.003219056684069366	-7.69244319088563e-06	0.016352269679869424
2320.107131891692	-0.003332659735448956	-7.691575851492465e-06	0.016352269679869424
2334.876300431026	-0.0034462498969955865	-7.690707662603537e-06	0.016352269679869424
2349.64546897036	-0.0035598271652956632	-7.68983858928751e-06	0.016352269679869424
2364.4146375096943	-0.00367339153693558	-7.688968596613052e-06	0.016352269679869424
2379.183806049028	-0.003786943008501734	-7.68809764964882e-06	0.016352269679869424
2393.9529745883624	-0.003900481576580528	-7.68722571346348e-06	0.016352269679869424
2408.722143127696	-0.004014007237758359	-7.6863527531257e-06	0.016352269679869424
2423.4913116670305	-0.0041275199886216295	-7.685478733704138e-06	0.016352269679869424
2438.2604802063647	-0.004241019825756726	-7.684603620267463e-06	0.016352269679869424
2453.029648745699	-0.004354506745750061	-7.683727377884337e-06	0.016352269679869424
2467.798817285033	-0.004467980745188025	-7.682849971623423e-06	0.016352269679869424
2482.567985824367	-0.0045814418206570175	-7.681971366553387e-06	0.016352269679869424
2497.3371543637013	-0.004694889968743436	-7.68109152774289e-06	0.016352269679869424
2512.106322903035	-0.004808325186033683	-7.6802104202606e-06	0.016352269679869424
2526.8754914423694	-0.004921747469114155	-7.679328009175179e-06	0.016352269679869424
2541.644659981703	-0.005035156814571249	-7.678444259555289e-06	0.016352269679869424
2556.413828521038	-0.0051485532189913695	-7.677559136469598e-06	0.016352269679869424
2571.1829970603717	-0.005261936678960904	-7.676672604986768e-06	0.016352269679869424
2585.952165599706	-0.005375307191066262	-7.675784630175462e-06	0.016352269679869424
2600.7213341390398	-0.0054886647518938335	-7.674895177104343e-06	0.016352269679869424
2615.490502678374	-0.0056020093580300195	-7.67400421084208e-06	0.016352269679869424
2630.2596712177083	-0.005715341006061226	-7.673111696457333e-06	0.016352269679869424
2645.028839757042	-0.005828659692573843	-7.672217599018765e-06	0.016352269679869424
2659.7980082963763	-0.005941957179435381	-7.671330282508836e-06	0.016352269679869424
2674.56717683571	-0.006055238792576368	-7.670444414746714e-06	0.016352269679869424
2689.336345375045	-0.006168507668502968	-7.669556784391234e-06	0.016352269679869424
2704.1055139143787	-0.006281763775976882	-7.66866738932316e-06	0.016352269679869424
2718.8746824537125	-0.00639500708375982	-7.66777622742325e-06	0.016352269679869424
2733.6438509930467	-0.006508237560613492	-7.666883296572267e-06	0.016352269679869424
2748.413019532381	-0.0066214551752996	-7.665988594650976e-06	0.016352269679869424
2763.1821880717152	-0.006734659896579858	-7.665092119540137e-06	0.016352269679869424
2777.951356611049	-0.006847851693215966	-7.664193869120513e-06	0.016352269679869424
2792.7205251503833	-0.0069610305339696385	-7.663293841272867e-06	0.016352269679869424
2807.4896936897176	-0.0070741963876025755	-7.662392033877958e-06	0.016352269679869424
2822.258862229052	-0.0071873492228764916	-7.66148844481655e-06	0.016352269679869424
2837.0280307683856	-0.007300489008553087	-7.660583071969404e-06	0.016352269679869424
2851.7971993077194	-0.007413615713394074	-7.659675913217285e-06	0.016352269679869424
2866.5663678470537	-0.007526729306161162	-7.658766966440951e-06	0.016352269679869424
2881.335536386388	-0.0076398297556160505	-7.657856229521168e-06	0.016352269679869424
2896.104704925722	-0.007752917030520455	-7.656943700338696e-06	0.016352269679869424
2910.873873465056	-0.007865991099636076	-7.656029376774297e-06	0.016352269679869424
2925.6430420043903	-0.007979051931724629	-7.655113256708733e-06	0.016352269679869424
2940.4122105437245	-0.00809209949554781	-7.654195338022767e-06	0.016352269679869424
2955.181379083059	-0.008205133759867339	-7.65327561859716e-06	0.016352269679869424
2969.9505476223926	-0.008318154693444912	-7.652354096312676e-06	0.016352269679869424
2984.7197161617264	-0.008431162265042242	-7.651430769050076e-06	0.016352269679869424
2999.488884701061	-0.00854415644342104	-7.650505634690122e-06	0.016352269679869424
3014.258053240395	-0.008657137197343005	-7.649578691113574e-06	0.016352269679869424
3029.027221779729	-0.008770104495569853	-7.648649936201197e-06	0.016352269679869424
3043.796390319063	-0.008883058306863282	-7.647719367833754e-06	0.016352269679869424
3058.5655588583973	-0.00899599859998501	-7.646786983892004e-06	0.016352269679869424
3073.3347273977315	-0.009108925343696733	-7.64585278225671e-06	0.016352269679869424
3088.1038959370653	-0.009221838506760165	-7.644916760808636e-06	0.016352269679869424
3102.8730644763996	-0.009334738057937015	-7.643978917428542e-06	0.016352269679869424
3117.6422330157334	-0.009447623965988984	-7.643039249997191e-06	0.016352269679869424
3132.411401555068	-0.009560496199677786	-7.642097756395344e-06	0.016352269679869424
3147.180570094402	-0.009673354727765125	-7.641154434503765e-06	0.016352269679869424
3161.949738633736	-0.00978619951901271	-7.640209282203214e-06	0.016352269679869424
3176.71890717307	-0.009899030542182243	-7.639262297374454e-06	0.016352269679869424
3191.488075712404	-0.010011847766035437	-7.638313477898249e-06	0.016352269679869424
3206.2572442517385	-0.010124651159334001	-7.637362821655357e-06	0.016352269679869424
3221.0264127910723	-0.010237440690839636	-7.636410326526545e-06	0.016352269679869424
3235.7955813304065	-0.010350216329314054	-7.63545599039257e-06	0.016352269679869424
3250.564749869741	-0.01046297804351896	-7.634499811134199e-06	0.016352269679869424
3265.333918409075	-0.010575725802216064	-7.633541786632191e-06	0.016352269679869424
3280.103086948409	-0.010688459574167067	-7.632581914767307e-06	0.016352269679869424
3294.872255487743	-0.010801179328133686	-7.631620193420314e-06	0.016352269679869424
3309.641424027077	-0.010913885032877619	-7.630656620471969e-06	0.016352269679869424
3324.410592566411	-0.01102657665716058	-7.629691193803037e-06	0.016352269679869424
3339.1797611057455	-0.011139254169744275	-7.628723911294278e-06	0.016352269679869424
3353.9489296450793	-0.011251917539390408	-7.627754770826456e-06	0.016352269679869424
3368.7180981844135	-0.01136456673486069	-7.626783770280333e-06	0.016352269679869424
3383.487266723748	-0.011477201724916827	-7.62581090753667e-06	0.016352269679869424
3398.256435263082	-0.011589822478320525	-7.62483618047623e-06	0.016352269679869424
3413.025603802416	-0.011702428963833493	-7.623859586979774e-06	0.016352269679869424
3427.79477234175	-0.011815021150217441	-7.622881124928064e-06	0.016352269679869424
3442.5639408810844	-0.01192759900623407	-7.621900792201865e-06	0.016352269679869424
3457.333109420418	-0.012040162500645091	-7.620918586681936e-06	0.016352269679869424
3472.1022779597524	-0.012152711602212212	-7.61993450624904e-06	0.016352269679869424
3486.8714464990862	-0.01226524627969714	-7.618948548783939e-06	0.016352269679869424
3501.6406150384205	-0.012377766501861582	-7.617960712167395e-06	0.016352269679869424
3516.4097835777548	-0.012490272237467244	-7.616970994280171e-06	0.016352269679869424
3531.178952117089	-0.012602763455275837	-7.615979393003029e-06	0.016352269679869424
3545.948120656423	-0.012715240124049062	-7.61498590621673e-06	0.016352269679869424
3560.7172891957566	-0.012827702212548631	-7.613990531802037e-06	0.016352269679869424
3575.4864577350913	-0.012940149689536252	-7.612993267639711e-06	0.016352269679869424
3590.255626274425	-0.013052582523773629	-7.6119941116105156e-06	0.016352269679869424
3605.0247948137594	-0.013165000684022475	-7.6109930615952115e-06	0.016352269679869424
3619.793963353093	-0.01327740413904449	-7.609990115474562e-06	0.016352269679869424
3634.563131892428	-0.013389792857601389	-7.608985271129328e-06	0.016352269679869424
3649.3323004317617	-0.013502166808454872	-7.607978526440273e-06	0.016352269679869424
3664.1014689710955	-0.01361452596036665	-7.606969879288159e-06	0.016352269679869424
3678.87063751043	-0.01372687028209843	-7.605959327553746e-06	0.016352269679869424
3693.639806049764	-0.01383919974241192	-7.604946869117798e-06	0.016352269679869424
3708.408974589098	-0.013951514310068826	-7.603932501861077e-06	0.016352269679869424
3723.178143128432	-0.014063813953830856	-7.602916223664345e-06	0.016352269679869424
3737.9473116677664	-0.014176098642459722	-7.601898032408363e-06	0.016352269679869424
3752.7164802071006	-0.014288368344717126	-7.6008779259738946e-06	0.016352269679869424
3767.4856487464344	-0.014400623029364769	-7.599855902241701e-06	0.016352269679869424
3782.2548172857687	-0.01451286266516437	-7.598831959092544e-06	0.016352269679869424
3797.023985825103	-0.014625087220877634	-7.597806094407187e-06	0.016352269679869424
3811.7931543644363	-0.01473729666526626	-7.596778306066391e-06	0.016352269679869424
3826.562322903771	-0.014849490967091969	-7.595748591950919e-06	0.016352269679869424
3841.3314914431053	-0.014961670095116456	-7.594716949941532e-06	0.016352269679869424
3856.1006599824395	-0.015073834018101438	-7.593683377918993e-06	0.016352269679869424
3870.869828521773	-0.015185982704808608	-7.592647873764063e-06	0.016352269679869424
3885.6389970611076	-0.01529811612399969	-7.591610435357505e-06	0.016352269679869424
3900.408165600442	-0.01541023424443639	-7.590571060580081e-06	0.016352269679869424
3915.177334139775	-0.015522337034880394	-7.589529747312553e-06	0.016352269679869424
3929.9465026791095	-0.015634424464093435	-7.5884864934356836e-06	0.016352269679869424
3944.7156712184437	-0.01574649650083721	-7.587441296830234e-06	0.016352269679869424
3959.4848397577784	-0.015858553113873432	-7.586394155376967e-06	0.016352269679869424
3974.254008297112	-0.015970594271963793	-7.585345066956644e-06	0.016352269679869424
3989.023176836446	-0.016082619943870016	-7.5842940294500276e-06	0.016352269679869424
4003.7923453757803	-0.016194630098353802	-7.5832410407378795e-06	0.016352269679869424
4018.561513915115	-0.01630662470417686	-7.582186098700962e-06	0.016352269679869424
4033.3306824544484	-0.016418603730100893	-7.5811292012200385e-06	0.016352269679869424
4048.0998509937826	-0.016530567144887615	-7.580070346175869e-06	0.016352269679869424
4062.869019533117	-0.01664251491729873	-7.579009531449217e-06	0.016352269679869424
4077.6381880724507	-0.016754447016095943	-7.577946754920843e-06	0.016352269679869424
4092.407356611785	-0.016866363410040965	-7.5768820144715115e-06	0.016352269679869424
4107.17652515112	-0.016978264067895505	-7.575815307981982e-06	0.016352269679869424
4121.9456936904535	-0.017090148958421265	-7.574746633333019e-06	0.016352269679869424
4136.714862229787	-0.017202018050379953	-7.573675988405383e-06	0.016352269679869424
4151.484030769121	-0.017313871312533282	-7.572603371079837e-06	0.016352269679869424
4166.253199308456	-0.017425708713642955	-7.571528779237142e-06	0.016352269679869424
4181.02236784779	-0.017537530222470673	-7.570452210758061e-06	0.016352269679869424
4195.791536387123	-0.01764933580777816	-7.569373663523356e-06	0.016352269679869424
4210.560704926458	-0.017761125438327113	-7.5682931354137885e-06	0.016352269679869424
4225.329873465792	-0.01787289908287924	-7.567210624310121e-06	0.016352269679869424
4240.099042005126	-0.01798465671019624	-7.566126128093117e-06	0.016352269679869424
4254.86821054446	-0.018096398289039833	-7.565039644643536e-06	0.016352269679869424
4269.637379083794	-0.01820812378817173	-7.563951171842141e-06	0.016352269679869424
4284.406547623128	-0.01831983317635362	-7.562860707569696e-06	0.016352269679869424
4299.175716162463	-0.018431526422347223	-7.5617682497069605e-06	0.016352269679869424
4313.944884701797	-0.01854320349491425	-7.560673796134697e-06	0.016352269679869424
4328.714053241131	-0.0186548643628164	-7.55957734473367e-06	0.016352269679869424
4343.483221780464	-0.018766508994815377	-7.558478893384639e-06	0.016352269679869424
4358.252390319799	-0.018878137359672902	-7.557378439968366e-06	0.016352269679869424
4373.021558859134	-0.01898974942615067	-7.556275982365615e-06	0.016352269679869424
4387.7907273984665	-0.019101345163010392	-7.555171518457147e-06	0.016352269679869424
4402.559895937801	-0.01921292453901378	-7.554065046123724e-06	0.016352269679869424
4417.329064477135	-0.019324487522922536	-7.552956563246109e-06	0.016352269679869424
4432.09823301647	-0.019436034083498373	-7.551846067705062e-06	0.016352269679869424
4446.867401555804	-0.019547564189502983	-7.550733557381348e-06	0.016352269679869424
4461.636570095137	-0.019659077809698097	-7.549619030155727e-06	0.016352269679869424
4476.405738634472	-0.019770574912845406	-7.548502483908962e-06	0.016352269679869424
4491.174907173806	-0.019882055467706616	-7.547383916521814e-06	0.016352269679869424
4505.94407571314	-0.019993519443043443	-7.546263325875047e-06	0.016352269679869424
4520.713244252474	-0.020104966807617596	-7.545140709849422e-06	0.016352269679869424
4535.482412791808	-0.020216397530190777	-7.5440160663257e-06	0.016352269679869424
4550.251581331142	-0.020327811579524683	-7.542889393184645e-06	0.016352269679869424
4565.020749870477	-0.02043920892438104	-7.541760688307018e-06	0.016352269679869424
4579.7899184098105	-0.02055058953352155	-7.5406299495735815e-06	0.016352269679869424
4594.559086949145	-0.02066195337570792	-7.539497174865097e-06	0.016352269679869424
4609.328255488479	-0.020773300419701844	-7.538362362062328e-06	0.016352269679869424
4624.097424027813	-0.020884630634265048	-7.537225509046035e-06	0.016352269679869424
4638.866592567148	-0.02099594398815923	-7.536086613696981e-06	0.016352269679869424
4653.6357611064805	-0.021107240450146097	-7.534945673895928e-06	0.016352269679869424
4668.404929645815	-0.021218519988987366	-7.533802687523638e-06	0.016352269679869424
4683.17409818515	-0.02132978257344473	-7.532657652460873e-06	0.016352269679869424
4697.943266724484	-0.021441028172279906	-7.531510566588395e-06	0.016352269679869424
4712.7124352638175	-0.021552256754254595	-7.530361427786967e-06	0.016352269679869424
4727.481603803151	-0.021663468288130514	-7.5292102339373495e-06	0.016352269679869424
4742.250772342486	-0.02177466274266936	-7.5280569829203055e-06	0.016352269679869424
4757.01994088182	-0.021885840086632843	-7.526901672616598e-06	0.016352269679869424
4771.789109421154	-0.021997000288782678	-7.525744300906987e-06	0.016352269679869424
4786.558277960488	-0.02210814331788057	-7.524584865672236e-06	0.016352269679869424
4801.327446499822	-0.022219269142688215	-7.523423364793107e-06	0.016352269679869424
4816.096615039156	-0.02233037773196733	-7.522259796150362e-06	0.016352269679869424
4830.865783578491	-0.02244146905447962	-7.521094157624764e-06	0.016352269679869424
4845.6349521178245	-0.022552543078986794	-7.519926447097072e-06	0.016352269679869424
4860.404120657158	-0.022663599774250552	-7.518756662448052e-06	0.016352269679869424
4875.173289196493	-0.022774639109032612	-7.517584801558464e-06	0.016352269679869424
4889.942457735827	-0.022885661052094677	-7.51641086230907e-06	0.016352269679869424
4904.7116262751615	-0.022996665572198458	-7.515234842580633e-06	0.016352269679869424
4919.480794814494	-0.02310765263810565	-7.514056740253914e-06	0.016352269679869424
4934.249963353829	-0.023218622218577976	-7.512876553209677e-06	0.016352269679869424
4949.019131893164	-0.02332957428237714	-7.5116942793286815e-06	0.016352269679869424
4963.788300432498	-0.023440508798264842	-7.510509916491691e-06	0.016352269679869424
4978.557468971831	-0.02355142573500279	-7.509323462579468e-06	0.016352269679869424
4993.326637511166	-0.023662325061352695	-7.508134915472774e-06	0.016352269679869424
5008.0958060505	-0.023773206746076265	-7.506944273052371e-06	0.016352269679869424
5022.864974589834	-0.0238840707579352	-7.505751533199022e-06	0.016352269679869424
5037.634143129168	-0.02399491706569122	-7.504556693793488e-06	0.016352269679869424
5052.403311668502	-0.024105745638106028	-7.503359752716531e-06	0.016352269679869424
5067.172480207837	-0.024216556443941325	-7.502160707848915e-06	0.016352269679869424
5081.94164874717	-0.02432734945195882	-7.500959557071399e-06	0.016352269679869424
5096.710817286505	-0.02443812463092023	-7.499756298264748e-06	0.016352269679869424
5111.479985825838	-0.024548881949587254	-7.4985509293097225e-06	0.016352269679869424
5126.249154365172	-0.02465962137672159	-7.4973434480870846e-06	0.016352269679869424
5141.018322904507	-0.024770342881084963	-7.4961338524775975e-06	0.016352269679869424
5155.787491443841	-0.024881046431439076	-7.494922140362022e-06	0.016352269679869424
5170.556659983175	-0.02499173199654563	-7.493708309621121e-06	0.016352269679869424
5185.325828522509	-0.025102399545166333	-7.492492358135657e-06	0.016352269679869424
5200.094997061843	-0.0252130490460629	-7.49127428378639e-06	0.016352269679869424
5214.864165601178	-0.025323680467997038	-7.490054084454085e-06	0.016352269679869424
5229.633334140511	-0.02543429377973044	-7.4888317580195025e-06	0.016352269679869424
5244.402502679845	-0.02554488895002483	-7.487607302363404e-06	0.016352269679869424
5259.17167121918	-0.02565546594764191	-7.486380715366553e-06	0.016352269679869424
5273.940839758514	-0.025766024741343384	-7.485151994909711e-06	0.016352269679869424
5288.710008297848	-0.025876565299890956	-7.48392113887364e-06	0.016352269679869424
5303.4791768371815	-0.025987087592046345	-7.4826881451391015e-06	0.016352269679869424
5318.248345376516	-0.02609759158657125	-7.4814530115868585e-06	0.016352269679869424
5333.01751391585	-0.026208077252227374	-7.480215736097673e-06	0.016352269679869424
5347.786682455184	-0.02631854455777644	-7.478976316552308e-06	0.016352269679869424
5362.555850994519	-0.026428993471980144	-7.477734750831523e-06	0.016352269679869424
5377.325019533853	-0.0265394239636002	-7.476491036816082e-06	0.016352269679869424
5392.094188073186	-0.026649836001398298	-7.475245172386748e-06	0.016352269679869424
5406.863356612521	-0.02676022955413617	-7.47399715542428e-06	0.016352269679869424
5421.632525151855	-0.026870604590575508	-7.472746983809443e-06	0.016352269679869424
5436.4016936911885	-0.026980961079478016	-7.471494655422998e-06	0.016352269679869424
5451.170862230523	-0.027091298989605418	-7.470240168145707e-06	0.016352269679869424
5465.940030769857	-0.02720161828971941	-7.468983519858332e-06	0.016352269679869424
5480.709199309192	-0.0273119189485817	-7.467724708441635e-06	0.016352269679869424
5495.4783678485255	-0.02742220093495399	-7.46646373177638e-06	0.016352269679869424
5510.247536387859	-0.027532464217598	-7.465200587743326e-06	0.016352269679869424
5525.016704927194	-0.02764270876527543	-7.463935274223238e-06	0.016352269679869424
5539.785873466528	-0.02775293454674799	-7.462667789096875e-06	0.016352269679869424
5554.555042005862	-0.027863141530777378	-7.461398130245002e-06	0.016352269679869424
5569.324210545196	-0.02797332968612532	-7.4601262955483794e-06	0.016352269679869424
5584.09337908453	-0.02808349898155351	-7.45885228288777e-06	0.016352269679869424
5598.862547623864	-0.028193649385823652	-7.457576090143935e-06	0.016352269679869424
5613.631716163198	-0.028303780867697463	-7.4562977151976386e-06	0.016352269679869424
5628.4008847025325	-0.028413893395936647	-7.455017155929641e-06	0.016352269679869424
5643.170053241867	-0.02852398693930291	-7.453734410220704e-06	0.016352269679869424
5657.9392217812	-0.028634061466557954	-7.4524494759515915e-06	0.016352269679869424
5672.708390320535	-0.028744116946463498	-7.451162351003064e-06	0.016352269679869424
5687.477558859869	-0.028854153347781245	-7.449873033255885e-06	0.016352269679869424
5702.246727399202	-0.028964170639272896	-7.448581520590815e-06	0.016352269679869424
5717.015895938537	-0.029074168789700174	-7.447287810888617e-06	0.016352269679869424
5731.785064477871	-0.02918414776782477	-7.445991902030053e-06	0.016352269679869424
5746.554233017206	-0.0292941075424084	-7.444693791895885e-06	0.016352269679869424
5761.3234015565395	-0.02940404808221276	-7.443393478366875e-06	0.016352269679869424
5776.092570095873	-0.02951396935599957	-7.442090959323786e-06	0.016352269679869424
5790.861738635208	-0.029623871332530537	-7.440786232647379e-06	0.016352269679869424
5805.630907174541	-0.029733753980567358	-7.439479296218417e-06	0.016352269679869424
5820.400075713876	-0.02984361726887175	-7.438170147917661e-06	0.016352269679869424
5835.16924425321	-0.02995346116620542	-7.436858785625873e-06	0.016352269679869424
5849.938412792544	-0.030063285641330074	-7.435545207223817e-06	0.016352269679869424
5864.707581331878	-0.030173090663007416	-7.434229410592253e-06	0.016352269679869424
5879.476749871213	-0.03028287619999916	-7.432911393611945e-06	0.016352269679869424
5894.245918410546	-0.030392642221067002	-7.431591154163653e-06	0.016352269679869424
5909.015086949881	-0.03050238869497266	-7.43026869012814e-06	0.016352269679869424
5923.784255489214	-0.030612115590477832	-7.428943999386169e-06	0.016352269679869424
5938.553424028549	-0.030721822876344233	-7.427617079818501e-06	0.016352269679869424
5953.3225925678835	-0.03083151052133357	-7.4262879293058984e-06	0.016352269679869424
5968.091761107216	-0.030941178494207546	-7.424956545729124e-06	0.016352269679869424
5982.860929646551	-0.031050826763727873	-7.423622926968939e-06	0.016352269679869424
5997.630098185885	-0.03116045529865626	-7.422287070906105e-06	0.016352269679869424
6012.39926672522	-0.031270064067754406	-7.420948975421385e-06	0.016352269679869424
6027.168435264553	-0.031379653039784024	-7.419608638395541e-06	0.016352269679869424
6041.937603803887	-0.031489222183506825	-7.418266057709336e-06	0.016352269679869424
6056.706772343222	-0.03159877146768451	-7.41692123124353e-06	0.016352269679869424
6071.475940882556	-0.03170830086107877	-7.415574156878887e-06	0.016352269679869424
6086.2451094218895	-0.03181781033245135	-7.414224832496168e-06	0.016352269679869424
6101.014277961224	-0.03192729985056393	-7.412873255976135e-06	0.016352269679869424
6115.783446500558	-0.03203676938417823	-7.4115194251995505e-06	0.016352269679869424
6130.552615039892	-0.03214621890205595	-7.410163338047177e-06	0.016352269679869424
6145.321783579227	-0.0322556483729588	-7.408804992399776e-06	0.016352269679869424
6160.09095211856	-0.03236505776564849	-7.407444386138111e-06	0.016352269679869424
6174.860120657894	-0.03247444704888672	-7.406081517142941e-06	0.016352269679869424
6189.629289197228	-0.0325838161914352	-7.404716383295031e-06	0.016352269679869424
6204.398457736563	-0.03269316516205565	-7.403348982475142e-06	0.016352269679869424
6219.167626275897	-0.032802493929509756	-7.401979312564037e-06	0.016352269679869424
6233.93679481523	-0.03291180246255924	-7.400607371442476e-06	0.016352269679869424
6248.705963354565	-0.033021090729965806	-7.399233156991222e-06	0.016352269679869424
6263.4751318939	-0.03313035870049116	-7.397856667091039e-06	0.016352269679869424
6278.244300433233	-0.033239606342897	-7.396477899622687e-06	0.016352269679869424
6293.013468972567	-0.033348833625945054	-7.395096852466928e-06	0.016352269679869424
6307.782637511901	-0.03345804051839702	-7.393713523504526e-06	0.016352269679869424
6322.551806051236	-0.0335672269890146	-7.392327910616241e-06	0.016352269679869424
6337.32097459057	-0.033676393006559495	-7.390940011682837e-06	0.016352269679869424
6352.0901431299035	-0.03378553853979344	-7.389549824585074e-06	0.016352269679869424
6366.859311669238	-0.033894663557478125	-7.388157347203716e-06	0.016352269679869424
6381.628480208572	-0.03400376802837525	-7.386762577419524e-06	0.016352269679869424
6396.397648747906	-0.03411285192124652	-7.3853655131132595e-06	0.016352269679869424
6411.1668172872405	-0.03422191520485367	-7.383966152165686e-06	0.016352269679869424
6425.935985826574	-0.034330957847958386	-7.382564492457565e-06	0.016352269679869424
6440.705154365908	-0.03443997981932237	-7.3811605318696596e-06	0.016352269679869424
6455.474322905243	-0.03454898108770735	-7.37975426828273e-06	0.016352269679869424
6470.243491444577	-0.03465796162187501	-7.378345699577539e-06	0.016352269679869424
6485.012659983911	-0.03476692139058707	-7.37693482363485e-06	0.016352269679869424
6499.781828523244	-0.034875860362605246	-7.375521638335423e-06	0.016352269679869424
6514.550997062579	-0.034984778506691225	-7.374106141560021e-06	0.016352269679869424
6529.320165601914	-0.035093675791606736	-7.3726883311894074e-06	0.016352269679869424
6544.089334141247	-0.03520255218611346	-7.371268205104342e-06	0.016352269679869424
6558.858502680581	-0.03531140765897313	-7.36984576118559e-06	0.016352269679869424
6573.627671219915	-0.03542024217894744	-7.368420997313909e-06	0.016352269679869424
6588.39683975925	-0.035529055714798106	-7.366993911370065e-06	0.016352269679869424
6603.166008298584	-0.03563784823528682	-7.365564501234819e-06	0.016352269679869424
6617.935176837917	-0.0357466197091753	-7.364132764788932e-06	0.016352269679869424
6632.704345377252	-0.035855370105225264	-7.362698699913167e-06	0.016352269679869424
6647.473513916586	-0.0359640993921984	-7.361262304488286e-06	0.016352269679869424
6662.24268245592	-0.03607280753885642	-7.359823576395052e-06	0.016352269679869424
6677.0118509952545	-0.03618149451396104	-7.358382513514225e-06	0.016352269679869424
6691.781019534588	-0.03629016028627396	-7.356939113726569e-06	0.016352269679869424
6706.550188073922	-0.03639880482455688	-7.355493374912846e-06	0.016352269679869424
6721.319356613257	-0.03650742809757153	-7.354045294953817e-06	0.016352269679869424
6736.088525152591	-0.0366160300740796	-7.352594871730244e-06	0.016352269679869424
6750.857693691924	-0.036724610722842804	-7.351142103122891e-06	0.016352269679869424
6765.626862231259	-0.03683317001262284	-7.349686987012517e-06	0.016352269679869424
6780.396030770593	-0.036941707912181425	-7.348229521279887e-06	0.016352269679869424
6795.165199309928	-0.03705020074601813	-7.346769303757595e-06	0.016352269679869424
6809.9343678492605	-0.03715865812832425	-7.345306527274439e-06	0.016352269679869424
6824.703536388595	-0.03726709451914221	-7.343841443409402e-06	0.016352269679869424
6839.47270492793	-0.03737550987969436	-7.342374051174758e-06	0.016352269679869424
6854.241873467264	-0.0374839041712031	-7.340904349582781e-06	0.016352269679869424
6869.011042006598	-0.03759227735489079	-7.339432337645746e-06	0.016352269679869424
6883.780210545931	-0.03770062939197983	-7.337958014375927e-06	0.016352269679869424
6898.549379085266	-0.037808960243692576	-7.336481378785597e-06	0.016352269679869424
6913.3185476246	-0.037917269871251415	-7.33500242988703e-06	0.016352269679869424
6928.087716163934	-0.038025558235878734	-7.333521166692501e-06	0.016352269679869424
6942.856884703268	-0.03813382529879691	-7.332037588214285e-06	0.016352269679869424
6957.626053242602	-0.038242071021228306	-7.330551693464654e-06	0.016352269679869424
6972.395221781936	-0.03835029536439531	-7.329063481455883e-06	0.016352269679869424
6987.164390321271	-0.038458498289520304	-7.327572951200247e-06	0.016352269679869424
7001.9335588606045	-0.03856667975782566	-7.326080101710018e-06	0.016352269679869424
7016.702727399938	-0.03867483973053376	-7.3245849319974726e-06	0.016352269679869424
7031.471895939273	-0.03878297816886699	-7.323087441074883e-06	0.016352269679869424
7046.241064478607	-0.03889109503404772	-7.321587627954524e-06	0.016352269679869424
7061.010233017942	-0.03899919028729833	-7.32008549164867e-06	0.016352269679869424
7075.7794015572745	-0.03910726388984118	-7.318581031169595e-06	0.016352269679869424
7090.548570096609	-0.039215315802898686	-7.317074245529572e-06	0.016352269679869424
7105.317738635944	-0.0393233459876932	-7.315565133740876e-06	0.016352269679869424
7120.086907175277	-0.03943135440544711	-7.314053694815782e-06	0.016352269679869424
7134.8560757146115	-0.03953934101738278	-7.312539927766563e-06	0.016352269679869424
7149.625244253946	-0.039647305784722614	-7.311023831605493e-06	0.016352269679869424
7164.39441279328	-0.03975524866868897	-7.309505405344846e-06	0.016352269679869424
7179.163581332614	-0.039863169630504236	-7.307984647996897e-06	0.016352269679869424
7193.932749871948	-0.039971068631390785	-7.306461558573919e-06	0.016352269679869424
7208.701918411282	-0.040078945632571	-7.304936136088187e-06	0.016352269679869424
7223.471086950616	-0.040186800595267254	-7.303408379551975e-06	0.016352269679869424
7238.24025548995	-0.04029463348070193	-7.3018782879775565e-06	0.016352269679869424
7253.009424029285	-0.04040244425009742	-7.300345860377207e-06	0.016352269679869424
7267.7785925686185	-0.040510232864676074	-7.298811095763198e-06	0.016352269679869424
7282.547761107952	-0.04061799928566028	-7.297273993147806e-06	0.016352269679869424
7297.316929647287	-0.04072574347427243	-7.295734551543305e-06	0.016352269679869424
7312.086098186621	-0.04083346539173489	-7.294192769961967e-06	0.016352269679869424
7326.855266725955	-0.04094116499927004	-7.292648647416068e-06	0.016352269679869424
7341.624435265289	-0.04104884225810026	-7.291102182917882e-06	0.016352269679869424
7356.393603804623	-0.04115649712944793	-7.289553375479682e-06	0.016352269679869424
7371.162772343958	-0.04126412957453543	-7.288002224113743e-06	0.016352269679869424
7385.931940883292	-0.04137173955458513	-7.286448727832339e-06	0.016352269679869424
7400.701109422626	-0.04147932703081943	-7.2848928856477446e-06	0.016352269679869424
7415.470277961959	-0.041586891964460665	-7.2833346965722325e-06	0.016352269679869424
7430.239446501293	-0.041694434316731255	-7.281774159618078e-06	0.016352269679869424
7445.008615040628	-0.04180195404885357	-7.280211273797554e-06	0.016352269679869424
7459.777783579962	-0.04190945112204998	-7.278646038122936e-06	0.016352269679869424
7474.546952119296	-0.042016925497542865	-7.277078451606497e-06	0.016352269679869424
7489.316120658631	-0.04212437713655461	-7.2755085132605125e-06	0.016352269679869424
7504.085289197965	-0.042231806000307584	-7.273936222097255e-06	0.016352269679869424
7518.854457737298	-0.042339212050024166	-7.272361577128999e-06	0.016352269679869424
7533.623626276632	-0.04244659524692674	-7.270784577368019e-06	0.016352269679869424
7548.392794815966	-0.04255395555223769	-7.26920522182659e-06	0.016352269679869424
7563.161963355301	-0.04266129292717938	-7.267623509516984e-06	0.016352269679869424
7577.931131894635	-0.042768607332974204	-7.266039439451476e-06	0.016352269679869424
7592.7003004339695	-0.042875898730844526	-7.264453010642341e-06	0.016352269679869424
7607.469468973304	-0.04298316708201273	-7.262864222101852e-06	0.016352269679869424
7622.238637512636	-0.04309041234770119	-7.261273072842284e-06	0.016352269679869424
7637.007806051971	-0.043197634489132296	-7.25967956187591e-06	0.016352269679869424
7651.776974591306	-0.04330483346752843	-7.258083688215005e-06	0.016352269679869424
7666.546143130639	-0.04341200924411195	-7.256485450871842e-06	0.016352269679869424
7681.315311669974	-0.043519161780105245	-7.2548848488586965e-06	0.016352269679869424
7696.084480209308	-0.0436262910367307	-7.253281881187842e-06	0.016352269679869424
7710.853648748643	-0.043733396975210684	-7.251676546871553e-06	0.016352269679869424
7725.6228172879755	-0.043840479556767564	-7.250068844922102e-06	0.016352269679869424
7740.391985827309	-0.04394753874262375	-7.248458774351765e-06	0.016352269679869424
7755.161154366644	-0.0440545744940016	-7.2468463341728154e-06	0.016352269679869424
7769.930322905978	-0.04416158677212349	-7.245231523397528e-06	0.016352269679869424
7784.699491445313	-0.04426857553821182	-7.243614341038175e-06	0.016352269679869424
7799.468659984647	-0.04437554075348894	-7.241994786107032e-06	0.016352269679869424
7814.237828523981	-0.04448248237917725	-7.240372857616373e-06	0.016352269679869424
7829.006997063314	-0.044589400376499104	-7.238748554578471e-06	0.016352269679869424
7843.776165602649	-0.04469629470667691	-7.237121876005602e-06	0.016352269679869424
7858.5453341419825	-0.04480316533093302	-7.235492820910039e-06	0.016352269679869424
7873.314502681317	-0.04491001221048985	-7.233861388304056e-06	0.016352269679869424
7888.083671220651	-0.04501683530656973	-7.232227577199926e-06	0.016352269679869424
7902.852839759986	-0.045123634580395075	-7.230591386609926e-06	0.016352269679869424
7917.62200829932	-0.04523040999318825	-7.228952815546328e-06	0.016352269679869424
7932.391176838652	-0.04533716150617162	-7.227311863021407e-06	0.016352269679869424
7947.160345377987	-0.04544388908056759	-7.225668528047436e-06	0.016352269679869424
7961.929513917321	-0.04555059267759853	-7.22402280963669e-06	0.016352269679869424
7976.698682456656	-0.04565727225848681	-7.222374706801443e-06	0.016352269679869424
7991.46785099599	-0.04576392778445481	-7.220724218553969e-06	0.016352269679869424
8006.237019535324	-0.045870559216724914	-7.219071343906542e-06	0.016352269679869424
8021.006188074659	-0.0459771665165195	-7.217416081871436e-06	0.016352269679869424
8035.775356613993	-0.04608374964506094	-7.215758431460925e-06	0.016352269679869424
8050.544525153326	-0.04619030856357161	-7.214098391687284e-06	0.016352269679869424
8065.31369369266	-0.04629684323327391	-7.2124359615627866e-06	0.016352269679869424
8080.082862231994	-0.0464033536153902	-7.210771140099706e-06	0.016352269679869424
8094.852030771329	-0.04650983967114286	-7.2091039263103175e-06	0.016352269679869424
8109.6211993106635	-0.04661630136175428	-7.207434319206895e-06	0.016352269679869424
8124.390367849997	-0.04672273864844682	-7.205762317801712e-06	0.016352269679869424
8139.159536389332	-0.04682915149244287	-7.204087921107043e-06	0.016352269679869424
8153.928704928665	-0.04693553985496479	-7.202411128135162e-06	0.016352269679869424
8168.697873467999	-0.047041903697234995	-7.200731937898343e-06	0.016352269679869424
8183.4670420073335	-0.04714824298047584	-7.199050349408861e-06	0.016352269679869424
8198.236210546667	-0.047254557665909705	-7.1973663616789886e-06	0.016352269679869424
8213.005379086002	-0.04736084771475897	-7.195679973721001e-06	0.016352269679869424
8227.774547625337	-0.04746711308824602	-7.1939911845471726e-06	0.016352269679869424
8242.543716164671	-0.04757335374759322	-7.192299993169776e-06	0.016352269679869424
8257.312884704002	-0.04767956965402295	-7.190606398601087e-06	0.016352269679869424
8272.082053243337	-0.0477857607687576	-7.188910399853377e-06	0.016352269679869424
8286.851221782672	-0.04789192705301955	-7.187211995938924e-06	0.016352269679869424
8301.620390322007	-0.04799806846803116	-7.185511185869999e-06	0.016352269679869424
8316.389558861341	-0.04810418497501483	-7.183807968658878e-06	0.016352269679869424
8331.158727400674	-0.04821027653519292	-7.182102343317833e-06	0.016352269679869424
8345.927895940009	-0.04831634310978782	-7.1803943088591404e-06	0.016352269679869424
8360.697064479342	-0.04842238466002189	-7.1786838642950736e-06	0.016352269679869424
8375.466233018677	-0.04852840114711754	-7.1769710086379055e-06	0.016352269679869424
8390.235401558011	-0.04863439253229713	-7.175255740899911e-06	0.016352269679869424
8405.004570097344	-0.04874035877678304	-7.173538060093365e-06	0.016352269679869424
8419.773738636679	-0.04884629984179765	-7.17181796523054e-06	0.016352269679869424
8434.542907176014	-0.04895221568856334	-7.170095455323712e-06	0.016352269679869424
8449.312075715348	-0.049058106278302475	-7.168370529385153e-06	0.016352269679869424
8464.081244254681	-0.04916397157223744	-7.166643186427139e-06	0.016352269679869424
8478.850412794016	-0.04926981153159063	-7.164913425461943e-06	0.016352269679869424
8493.619581333349	-0.04937562611758441	-7.163181245501839e-06	0.016352269679869424
8508.388749872684	-0.04948141529144116	-7.161446645559101e-06	0.016352269679869424
8523.157918412018	-0.049587179014383254	-7.159709624646005e-06	0.016352269679869424
8537.927086951353	-0.049692917247633084	-7.157970181774823e-06	0.016352269679869424
8552.696255490688	-0.049798629952413014	-7.15622831595783e-06	0.016352269679869424
8567.465424030019	-0.04990431708994541	-7.1544840262073e-06	0.016352269679869424
8582.234592569353	-0.05000997862145269	-7.152737311535506e-06	0.016352269679869424
8597.003761108688	-0.0501156145081572	-7.150988170954724e-06	0.016352269679869424
8611.772929648023	-0.050221224711281334	-7.149236603477227e-06	0.016352269679869424
8626.542098187358	-0.05032680919204747	-7.147482608115288e-06	0.016352269679869424
8641.31126672669	-0.050432367911677975	-7.145726183881184e-06	0.016352269679869424
8656.080435266025	-0.05053790083139524	-7.143967329787187e-06	0.016352269679869424
8670.849603805358	-0.05064340791242162	-7.142206044845571e-06	0.016352269679869424
8685.618772344693	-0.05074888911597952	-7.140442328068612e-06	0.016352269679869424
8700.387940884028	-0.05085434440329133	-7.138676178468582e-06	0.016352269679869424
8715.15710942336	-0.05095977373557939	-7.136907595057755e-06	0.016352269679869424
8729.926277962695	-0.051065177074066104	-7.135136576848407e-06	0.016352269679869424
8744.69544650203	-0.05117055437997384	-7.133363122852811e-06	0.016352269679869424
8759.464615041365	-0.051275905614524976	-7.13158723208324e-06	0.016352269679869424
8774.233783580697	-0.05138123073894189	-7.129808903551971e-06	0.016352269679869424
8789.002952120032	-0.05148652971444697	-7.128028136271276e-06	0.016352269679869424
8803.772120659365	-0.05159180250226259	-7.126244929253428e-06	0.016352269679869424
8818.5412891987	-0.051697049063611125	-7.124459281510704e-06	0.016352269679869424
8833.310457738035	-0.051802269359714964	-7.122671192055377e-06	0.016352269679869424
8848.07962627737	-0.051907463351796475	-7.120880659899719e-06	0.016352269679869424
8862.848794816702	-0.05201263100107804	-7.1190876840560075e-06	0.016352269679869424
8877.617963356035	-0.05211777226878202	-7.117292263536515e-06	0.016352269679869424
8892.38713189537	-0.05222288711613082	-7.115494397353514e-06	0.016352269679869424
8907.156300434704	-0.05232797550434682	-7.1136940845192815e-06	0.016352269679869424
8921.92546897404	-0.052433037394652375	-7.1118913240460895e-06	0.016352269679869424
8936.694637513374	-0.05253807274826988	-7.110086114946214e-06	0.016352269679869424
8951.463806052707	-0.052643081526421706	-7.108278456231927e-06	0.016352269679869424
8966.232974592042	-0.052748063690330235	-7.1064683469155035e-06	0.016352269679869424
8981.002143131374	-0.052853019201217835	-7.1046557860092185e-06	0.016352269679869424
8995.77131167071	-0.052957948020306914	-7.102840772525344e-06	0.016352269679869424
9010.540480210044	-0.05306285010881982	-7.101023305476157e-06	0.016352269679869424
9025.309648749377	-0.05316772542797894	-7.099203383873929e-06	0.016352269679869424
9040.078817288711	-0.05327257393900667	-7.097381006730934e-06	0.016352269679869424
9054.847985828046	-0.05337739560312536	-7.095556173059449e-06	0.016352269679869424
9069.61715436738	-0.053482190381557396	-7.093728881871745e-06	0.016352269679869424
9084.386322906716	-0.05358695823552517	-7.091899132180098e-06	0.016352269679869424
9099.155491446048	-0.05369169912625105	-7.090066922996782e-06	0.016352269679869424
9113.924659985381	-0.05379641301495741	-7.088232253334069e-06	0.016352269679869424
9128.693828524716	-0.053901099862866654	-7.086395122204236e-06	0.016352269679869424
9143.46299706405	-0.05400575963120113	-7.084555528619555e-06	0.016352269679869424
9158.232165603386	-0.05411039228118324	-7.0827134715923016e-06	0.016352269679869424
9173.001334142718	-0.05421499777403534	-7.080868950134748e-06	0.016352269679869424
9187.770502682053	-0.05431957607097983	-7.0790219632591705e-06	0.016352269679869424
9202.539671221386	-0.05442412713323905	-7.077172509977842e-06	0.016352269679869424
9217.30883976072	-0.054528650922035425	-7.075320589303037e-06	0.016352269679869424
9232.078008300055	-0.05463314739859132	-7.073466200247029e-06	0.016352269679869424
9246.84717683939	-0.0547376165241291	-7.071609341822092e-06	0.016352269679869424
9261.616345378723	-0.05484205825987116	-7.069750013040501e-06	0.016352269679869424
9276.385513918058	-0.05494647256703986	-7.067888212914529e-06	0.016352269679869424
9291.154682457392	-0.0550508594068576	-7.066023940456452e-06	0.016352269679869424
9305.923850996725	-0.05515521874054673	-7.0641571946785424e-06	0.016352269679869424
9320.69301953606	-0.055259550529329654	-7.062287974593075e-06	0.016352269679869424
9335.462188075393	-0.055363854734428744	-7.060416279212323e-06	0.016352269679869424
9350.231356614728	-0.055468131317066384	-7.058542107548561e-06	0.016352269679869424
9365.000525154062	-0.05557238023846495	-7.056665458614064e-06	0.016352269679869424
9379.769693693397	-0.05567660145984679	-7.054786331421105e-06	0.016352269679869424
9394.538862232732	-0.055780794942434334	-7.052904724981959e-06	0.016352269679869424
9409.308030772063	-0.055884960647449904	-7.051020638308899e-06	0.016352269679869424
9424.077199311398	-0.05598909853611593	-7.0491340704142e-06	0.016352269679869424
9438.846367850732	-0.05609320856965477	-7.0472450203101355e-06	0.016352269679869424
9453.615536390067	-0.056197290709288805	-7.04535348700898e-06	0.016352269679869424
9468.384704929402	-0.056301344916240406	-7.043459469523007e-06	0.016352269679869424
9483.153873468735	-0.056405371151731956	-7.041562966864491e-06	0.016352269679869424
9497.92304200807	-0.05650936937698583	-7.039663978045707e-06	0.016352269679869424
9512.692210547402	-0.056613339553224395	-7.037762502078928e-06	0.016352269679869424
9527.461379086737	-0.056717281641670066	-7.035858537976428e-06	0.016352269679869424
9542.230547626072	-0.05682119560354519	-7.0339520847504815e-06	0.016352269679869424
9556.999716165406	-0.05692508140007217	-7.0320431414133625e-06	0.016352269679869424
9571.76888470474	-0.057028938992473355	-7.030131706977346e-06	0.016352269679869424
9586.538053244074	-0.057132768341971146	-7.028217780454705e-06	0.016352269679869424
9601.307221783409	-0.05723656940978791	-7.026301360857713e-06	0.016352269679869424
9616.076390322742	-0.05734034215714602	-7.024382447198646e-06	0.016352269679869424
9630.845558862076	-0.05744408654526787	-7.022461038489776e-06	0.016352269679869424
9645.61472740141	-0.05754780253537584	-7.020537133743379e-06	0.016352269679869424
9660.383895940744	-0.05765149008869229	-7.018610731971727e-06	0.016352269679869424
9675.153064480079	-0.05775514916643962	-7.016681832187096e-06	0.016352269679869424
9689.922233019413	-0.057858779729840194	-7.014750433401761e-06	0.016352269679869424
9704.691401558748	-0.05796238174011639	-7.012816534627993e-06	0.016352269679869424
9719.46057009808	-0.058065955158490584	-7.010880134878068e-06	0.016352269679869424
9734.229738637414	-0.05816949994618517	-7.008941233164259e-06	0.016352269679869424
9748.998907176749	-0.05827301606442252	-7.006999828498842e-06	0.016352269679869424
9763.768075716083	-0.058376503474425	-7.00505591989409e-06	0.016352269679869424
9778.537244255418	-0.05847996213741501	-7.003109506362276e-06	0.016352269679869424
9793.306412794751	-0.05858339201461492	-7.001160586915676e-06	0.016352269679869424
9808.075581334086	-0.05868679306724709	-6.999209160566563e-06	0.016352269679869424
9822.844749873419	-0.05879016525653391	-6.997255226327211e-06	0.016352269679869424
9837.613918412753	-0.05889350854369778	-6.995298783209895e-06	0.016352269679869424
9852.383086952088	-0.05899682288996105	-6.993339830226888e-06	0.016352269679869424
9867.152255491423	-0.059100108256546116	-6.9913783663904654e-06	0.016352269679869424
9881.921424030756	-0.059203364604675346	-6.9894143907129e-06	0.016352269679869424
9896.69059257009	-0.05930659189557112	-6.9874479022064665e-06	0.016352269679869424
9911.459761109425	-0.05940979009045583	-6.985478899883439e-06	0.016352269679869424
9926.22892964876	-0.059512959150551825	-6.983507382756092e-06	0.016352269679869424
9940.998098188093	-0.0596160990370815	-6.981533349836699e-06	0.016352269679869424
9955.767266727426	-0.05971920971126725	-6.979556800137534e-06	0.016352269679869424
9970.53643526676	-0.059822291134331435	-6.977577732670871e-06	0.016352269679869424
9985.305603806095	-0.059925343267496434	-6.975596146448985e-06	0.016352269679869424
10000.07477234543	-0.06002836607198463	-6.97361204048415e-06	0.016352269679869424
10014.843940884764	-0.060131359509018406	-6.9716254137886386e-06	0.016352269679869424
10029.613109424097	-0.060234323539820125	-6.969636265374726e-06	0.016352269679869424
10044.38227796343	-0.060337258125612164	-6.967644594254687e-06	0.016352269679869424
10059.151446502765	-0.06044016322761693	-6.9656503994407945e-06	0.016352269679869424
10073.9206150421	-0.06054303880705678	-6.963653679945324e-06	0.016352269679869424
10088.689783581434	-0.06064588482515411	-6.961654434780547e-06	0.016352269679869424
10103.458952120767	-0.06074870124313127	-6.9596526629587406e-06	0.016352269679869424
10118.228120660102	-0.060851488022210645	-6.957648363492176e-06	0.016352269679869424
10132.997289199437	-0.06095424512361464	-6.95564153539313e-06	0.016352269679869424
10147.76645773877	-0.06105697250856559	-6.9536321776738765e-06	0.016352269679869424
10162.535626278104	-0.061159670138285924	-6.951620289346687e-06	0.016352269679869424
10177.304794817437	-0.06126233797399798	-6.949605869423838e-06	0.016352269679869424
10192.073963356772	-0.06136497597692416	-6.947588916917603e-06	0.016352269679869424
10206.843131896107	-0.06146758410828684	-6.945569430840255e-06	0.016352269679869424
10221.612300435441	-0.06157016232930838	-6.94354741020407e-06	0.016352269679869424
10236.381468974776	-0.06167271060121118	-6.941522854021321e-06	0.016352269679869424
10251.150637514109	-0.061775228885217595	-6.939495761304283e-06	0.016352269679869424
10265.919806053442	-0.061877717142550026	-6.937466131065228e-06	0.016352269679869424
10280.688974592777	-0.06198017533443084	-6.935433962316432e-06	0.016352269679869424
10295.458143132111	-0.062082603422082425	-6.933399254070169e-06	0.016352269679869424
10310.227311671446	-0.06218500136672715	-6.931362005338712e-06	0.016352269679869424
10324.99648021078	-0.062287369129587405	-6.929322215134336e-06	0.016352269679869424
10339.765648750114	-0.06238970667188556	-6.927279882469314e-06	0.016352269679869424
10354.534817289446	-0.062492013954843974	-6.925235006355922e-06	0.016352269679869424
10369.303985828781	-0.06259429093968505	-6.923187585806433e-06	0.016352269679869424
10384.073154368116	-0.06269653758763118	-6.92113761983312e-06	0.016352269679869424
10398.84232290745	-0.06279875385990472	-6.91908510744826e-06	0.016352269679869424
10413.611491446783	-0.06290093971772805	-6.917030047664124e-06	0.016352269679869424
10428.380659986118	-0.06300309512232355	-6.914972439492988e-06	0.016352269679869424
10443.149828525453	-0.06310522003491359	-6.9129122819471254e-06	0.016352269679869424
10457.918997064786	-0.06320731441672056	-6.9108495740388115e-06	0.016352269679869424
10472.68816560412	-0.06330937822896684	-6.908784314780318e-06	0.016352269679869424
10487.457334143453	-0.0634114114328748	-6.906716503183921e-06	0.016352269679869424
10502.226502682788	-0.06351341398966684	-6.9046461382618935e-06	0.016352269679869424
10516.995671222123	-0.06361538586056531	-6.902573219026511e-06	0.016352269679869424
10531.764839761458	-0.06371732700679261	-6.9004977444900455e-06	0.016352269679869424
10546.534008300792	-0.0638192373895711	-6.898419713664772e-06	0.016352269679869424
10561.303176840125	-0.06392111697012316	-6.896339125562966e-06	0.016352269679869424
10576.072345379458	-0.0640229657096712	-6.8942559791969e-06	0.016352269679869424
10590.841513918793	-0.06412478356943756	-6.892170273578849e-06	0.016352269679869424
10605.610682458127	-0.06422657051064462	-6.890082007721086e-06	0.016352269679869424
10620.379850997462	-0.0643283264945148	-6.887991180635886e-06	0.016352269679869424
10635.149019536797	-0.06443005148227043	-6.885897791335522e-06	0.016352269679869424
10649.91818807613	-0.06453174543513392	-6.88380183883227e-06	0.016352269679869424
10664.687356615463	-0.06463340831432761	-6.881703322138403e-06	0.016352269679869424
10679.456525154797	-0.06473504008107392	-6.879602240266195e-06	0.016352269679869424
10694.225693694132	-0.06483664069659523	-6.87749859222792e-06	0.016352269679869424
10708.994862233467	-0.06493821012211388	-6.875392377035853e-06	0.016352269679869424
10723.7640307728	-0.06503974831885229	-6.8732835937022665e-06	0.016352269679869424
10738.533199312134	-0.0651412552480328	-6.871172241239437e-06	0.016352269679869424
10753.30236785147	-0.06524273087087783	-6.869058318659636e-06	0.016352269679869424
10768.071536390802	-0.06534417514860971	-6.866941824975139e-06	0.016352269679869424
10782.840704930137	-0.06544558804245086	-6.864822759198219e-06	0.016352269679869424
10797.60987346947	-0.06554696951362363	-6.862701120341152e-06	0.016352269679869424
10812.379042008804	-0.06564831952335043	-6.860576907416211e-06	0.016352269679869424
10827.14821054814	-0.06574963803285361	-6.85845011943567e-06	0.016352269679869424
10841.917379087474	-0.06585092500335557	-6.856320755411803e-06	0.016352269679869424
10856.686547626809	-0.06595218039607866	-6.8541888143568844e-06	0.016352269679869424
10871.455716166141	-0.06605340417224527	-6.8520542952831884e-06	0.016352269679869424
10886.224884705474	-0.0661545962930778	-6.84991719720299e-06	0.016352269679869424
10900.994053244809	-0.06625575671979861	-6.84777751912856e-06	0.016352269679869424
10915.763221784144	-0.06635688541363008	-6.845635260072176e-06	0.016352269679869424
10930.532390323478	-0.06645798233579459	-6.8434904190461115e-06	0.016352269679869424
10945.301558862811	-0.06655904744751452	-6.841342995062639e-06	0.016352269679869424
10960.070727402146	-0.06666008071001223	-6.839192987134033e-06	0.016352269679869424
10974.83989594148	-0.06676108208451013	-6.83704039427257e-06	0.016352269679869424
10989.609064480814	-0.06686205153223057	-6.834885215490521e-06	0.016352269679869424
11004.378233020148	-0.06696298901439596	-6.832727449800161e-06	0.016352269679869424
11019.147401559483	-0.06706389449222865	-6.830567096213765e-06	0.016352269679869424
11033.916570098816	-0.06716476792695103	-6.828404153743607e-06	0.016352269679869424
11048.68573863815	-0.06726560927978548	-6.8262386214019605e-06	0.016352269679869424
11063.454907177485	-0.06736641851195437	-6.824070498201099e-06	0.016352269679869424
11078.22407571682	-0.06746719558468009	-6.821899783153298e-06	0.016352269679869424
11092.993244256153	-0.067567940459185	-6.819726475270831e-06	0.016352269679869424
11107.762412795486	-0.0676686530966915	-6.817550573565971e-06	0.016352269679869424
11122.53158133482	-0.06776933345842195	-6.815372077050994e-06	0.016352269679869424
11137.300749874155	-0.06786998150559875	-6.813190984738174e-06	0.016352269679869424
11152.06991841349	-0.06797059719944426	-6.811007295639783e-06	0.016352269679869424
11166.839086952825	-0.06807118050118088	-6.808821008768097e-06	0.016352269679869424
11181.608255492158	-0.06817173137203096	-6.80663212313539e-06	0.016352269679869424
11196.37742403149	-0.06827224977321689	-6.804440637753935e-06	0.016352269679869424
11211.146592570825	-0.06837273566596104	-6.802246551636006e-06	0.016352269679869424
11225.91576111016	-0.06847318901148582	-6.800049863793879e-06	0.016352269679869424
11240.684929649495	-0.06857360977101357	-6.797850573239827e-06	0.016352269679869424
11255.454098188828	-0.0686739979057667	-6.795648678986124e-06	0.016352269679869424
11270.223266728162	-0.06877435337696758	-6.793444180045043e-06	0.016352269679869424
11284.992435267497	-0.06887467614583856	-6.791237075428861e-06	0.016352269679869424
11299.76160380683	-0.06897496617360205	-6.78902736414985e-06	0.016352269679869424
11314.530772346165	-0.06907522342148043	-6.786815045220284e-06	0.016352269679869424
11329.2999408855	-0.06917544785069604	-6.784600117652437e-06	0.016352269679869424
11344.069109424832	-0.06927563942247131	-6.782382580458584e-06	0.016352269679869424
11358.838277964167	-0.0693757980980286	-6.780162432650999e-06	0.016352269679869424
11373.607446503502	-0.06947592383859028	-6.777939673241955e-06	0.016352269679869424
11388.376615042836	-0.06957601660537871	-6.775714301243728e-06	0.016352269679869424
11403.14578358217	-0.06967607635961631	-6.773486315668591e-06	0.016352269679869424
11417.914952121502	-0.06977610306252544	-6.771255715528818e-06	0.016352269679869424
11432.684120660837	-0.06987609667532846	-6.7690224998366825e-06	0.016352269679869424
11447.453289200172	-0.06997605715924779	-6.76678666760446e-06	0.016352269679869424
11462.222457739506	-0.07007598447550575	-6.764548217844424e-06	0.016352269679869424
11476.991626278841	-0.07017587858532479	-6.762307149568849e-06	0.016352269679869424
11491.760794818174	-0.07027573944992724	-6.7600634617900075e-06	0.016352269679869424
11506.529963357507	-0.07037556703053546	-6.757817153520175e-06	0.016352269679869424
11521.299131896842	-0.0704753612883719	-6.7555682237716265e-06	0.016352269679869424
11536.068300436176	-0.07057512218465889	-6.753316671556634e-06	0.016352269679869424
11550.837468975511	-0.0706748496806188	-6.7510624958874725e-06	0.016352269679869424
11565.606637514844	-0.07077454373747402	-6.748805695776416e-06	0.016352269679869424
11580.375806054179	-0.07087420431644695	-6.7465462702357395e-06	0.016352269679869424
11595.144974593513	-0.07097383137875993	-6.744284218277716e-06	0.016352269679869424
11609.914143132846	-0.07107342488563537	-6.74201953891462e-06	0.016352269679869424
11624.683311672181	-0.07117298479829565	-6.739752231158725e-06	0.016352269679869424
11639.452480211516	-0.07127251107796312	-6.737482294022306e-06	0.016352269679869424
11654.221648750849	-0.07137200368586018	-6.7352097265176365e-06	0.016352269679869424
11668.990817290183	-0.07147146258320919	-6.732934527656991e-06	0.016352269679869424
11683.759985829518	-0.07157088773123256	-6.730656696452644e-06	0.016352269679869424
11698.529154368853	-0.07167027909115264	-6.728376231916868e-06	0.016352269679869424
11713.298322908186	-0.07176963662419181	-6.7260931330619395e-06	0.016352269679869424
11728.067491447518	-0.07186896029157247	-6.72380739890013e-06	0.016352269679869424
11742.836659986853	-0.07196825005451699	-6.721519028443716e-06	0.016352269679869424
11757.605828526188	-0.07206750587424773	-6.719228020704969e-06	0.016352269679869424
11772.374997065523	-0.0721667277119871	-6.716934374696166e-06	0.016352269679869424
11787.144165604857	-0.07226591552895745	-6.714638089429578e-06	0.016352269679869424
11801.91333414419	-0.07236506928638117	-6.712339163917482e-06	0.016352269679869424
11816.682502683525	-0.07246418894548062	-6.71003759717215e-06	0.016352269679869424
11831.451671222858	-0.0725632744674782	-6.707733388205858e-06	0.016352269679869424
11846.220839762193	-0.07266232581359632	-6.7054265360308785e-06	0.016352269679869424
11860.990008301527	-0.07276134294505729	-6.703117039659486e-06	0.016352269679869424
11875.75917684086	-0.07286032582308352	-6.700804898103955e-06	0.016352269679869424
11890.528345380195	-0.0729592744088974	-6.69849011037656e-06	0.016352269679869424
11905.29751391953	-0.07305818866372131	-6.696172675489573e-06	0.016352269679869424
11920.066682458864	-0.0731570685487776	-6.69385259245527e-06	0.016352269679869424
11934.835850998197	-0.07325591402528867	-6.691529860285925e-06	0.016352269679869424
11949.60501953753	-0.0733547250544769	-6.689204477993812e-06	0.016352269679869424
11964.374188076865	-0.07345350159756465	-6.686876444591204e-06	0.016352269679869424
11979.1433566162	-0.07355224361577432	-6.6845457590903765e-06	0.016352269679869424
11993.912525155534	-0.07365095107032829	-6.682212420503603e-06	0.016352269679869424
12008.681693694869	-0.07374962392244891	-6.679876427843157e-06	0.016352269679869424
12023.450862234202	-0.07384826213335859	-6.677537780121314e-06	0.016352269679869424
12038.220030773535	-0.07394686566427967	-6.675196476350348e-06	0.016352269679869424
12052.98919931287	-0.07404543447643457	-6.672852515542531e-06	0.016352269679869424
12067.758367852204	-0.07414396853104566	-6.670505896710139e-06	0.016352269679869424
12082.527536391539	-0.0742424677893353	-6.668156618865446e-06	0.016352269679869424
12097.296704930874	-0.07434093221252587	-6.665804681020725e-06	0.016352269679869424
12112.065873470206	-0.07443936176183977	-6.663450082188252e-06	0.016352269679869424
12126.835042009541	-0.07453775639849936	-6.661092821380299e-06	0.016352269679869424
12141.604210548874	-0.07463611608372701	-6.658732897609142e-06	0.016352269679869424
12156.373379088209	-0.07473444077874514	-6.656370309887053e-06	0.016352269679869424
12171.142547627544	-0.07483273044477609	-6.654005057226308e-06	0.016352269679869424
12185.911716166876	-0.07493098504304224	-6.65163713863918e-06	0.016352269679869424
12200.680884706211	-0.075029204534766	-6.649266553137944e-06	0.016352269679869424
12215.450053245546	-0.07512738888116971	-6.6468932997348724e-06	0.016352269679869424
12230.21922178488	-0.07522553804347576	-6.6445173774422405e-06	0.016352269679869424
12244.988390324213	-0.07532365198290654	-6.6421387852723235e-06	0.016352269679869424
12259.757558863546	-0.07542173066068442	-6.639757522237394e-06	0.016352269679869424
12274.526727402881	-0.07551977403803178	-6.637373587349726e-06	0.016352269679869424
12289.295895942216	-0.07561778207617101	-6.634986979621594e-06	0.016352269679869424
12304.06506448155	-0.07571575473632447	-6.632597698065272e-06	0.016352269679869424
12318.834233020885	-0.07581369197971455	-6.630205741693035e-06	0.016352269679869424
12333.603401560218	-0.07591159376756361	-6.627811109517156e-06	0.016352269679869424
12348.372570099551	-0.07600946006109405	-6.625413800549909e-06	0.016352269679869424
12363.141738638886	-0.07610729082152824	-6.623013813803569e-06	0.016352269679869424
12377.91090717822	-0.07620508601008857	-6.6206111482904095e-06	0.016352269679869424
12392.680075717555	-0.07630284558799741	-6.618205803022705e-06	0.016352269679869424
12407.44924425689	-0.07640056951647711	-6.615797777012729e-06	0.016352269679869424
12422.218412796223	-0.0764982577567501	-6.613387069272756e-06	0.016352269679869424
12436.987581335557	-0.07659591027003873	-6.61097367881506e-06	0.016352269679869424
12451.75674987489	-0.07669352701756535	-6.608557604651916e-06	0.016352269679869424
12466.525918414225	-0.07679110796055241	-6.606138845795596e-06	0.016352269679869424
12481.29508695356	-0.07688865306022225	-6.603717401258376e-06	0.016352269679869424
12496.064255492893	-0.07698616227779723	-6.601293270052529e-06	0.016352269679869424
12510.833424032227	-0.07708363557449974	-6.59886645119033e-06	0.016352269679869424
12525.602592571562	-0.07718107291155218	-6.596436943684052e-06	0.016352269679869424
12540.371761110897	-0.07727847425017689	-6.59400474654597e-06	0.016352269679869424
12555.14092965023	-0.0773758395515963	-6.591569858788358e-06	0.016352269679869424
12569.910098189563	-0.07747316877703274	-6.58913227942349e-06	0.016352269679869424
12584.679266728897	-0.07757046188770861	-6.586692007463641e-06	0.016352269679869424
12599.448435268232	-0.0776677188448463	-6.584249041921083e-06	0.016352269679869424
12614.217603807567	-0.07776493960966815	-6.581803381808091e-06	0.016352269679869424
12628.986772346901	-0.07786212414339659	-6.57935502613694e-06	0.016352269679869424
12643.755940886234	-0.07795927240725398	-6.576903973919903e-06	0.016352269679869424
12658.525109425567	-0.07805638436246265	-6.574450224169254e-06	0.016352269679869424
12673.294277964902	-0.07815345997024505	-6.571993775897269e-06	0.016352269679869424
12688.063446504237	-0.0782504991918235	-6.56953462811622e-06	0.016352269679869424
12702.832615043571	-0.07834750198842044	-6.567072779838381e-06	0.016352269679869424
12717.601783582904	-0.0784444683212582	-6.564608230076028e-06	0.016352269679869424
12732.370952122239	-0.07854139815155918	-6.562140977841434e-06	0.016352269679869424
12747.140120661574	-0.07863829144054575	-6.559671022146873e-06	0.016352269679869424
12761.909289200907	-0.07873514814944027	-6.557198362004619e-06	0.016352269679869424
12776.678457740241	-0.07883196823946516	-6.554722996426947e-06	0.016352269679869424
12791.447626279576	-0.07892875167184277	-6.55224492442613e-06	0.016352269679869424
12806.216794818909	-0.07902549840779546	-6.549764145014442e-06	0.016352269679869424
12820.985963358244	-0.07912220840854567	-6.547280657204158e-06	0.016352269679869424
12835.755131897578	-0.07921888163531574	-6.544794460007552e-06	0.016352269679869424
12850.524300436913	-0.07931551804932804	-6.542305552436898e-06	0.016352269679869424
12865.293468976248	-0.07941211761180496	-6.539813933504469e-06	0.016352269679869424
12880.062637515579	-0.07950868028396887	-6.537319602222542e-06	0.016352269679869424
12894.831806054914	-0.07960520602704217	-6.534822557603387e-06	0.016352269679869424
12909.600974594248	-0.07970169480224722	-6.532322798659281e-06	0.016352269679869424
12924.370143133583	-0.0797981465708064	-6.5298203244024975e-06	0.016352269679869424
12939.139311672918	-0.0798945612939421	-6.527315133845311e-06	0.016352269679869424
12953.90848021225	-0.07999093893287668	-6.524807225999994e-06	0.016352269679869424
12968.677648751585	-0.08008727944883252	-6.5222965998788215e-06	0.016352269679869424
12983.446817290918	-0.08018358280303203	-6.519783254494069e-06	0.016352269679869424
12998.215985830253	-0.08027984895669754	-6.517267188858008e-06	0.016352269679869424
13012.985154369588	-0.08037607787105147	-6.514748401982914e-06	0.016352269679869424
13027.75432290892	-0.0804722695073162	-6.512226892881062e-06	0.016352269679869424
13042.523491448255	-0.08056842382671406	-6.509702660564725e-06	0.016352269679869424
13057.29265998759	-0.08066454079046748	-6.507175704046177e-06	0.016352269679869424
13072.061828526925	-0.0807606203597988	-6.5046460223376915e-06	0.016352269679869424
13086.830997066258	-0.0808566624959304	-6.502113614451544e-06	0.016352269679869424
13101.600165605592	-0.08095266716008472	-6.499578479400009e-06	0.016352269679869424
13116.369334144925	-0.08104863431348408	-6.497040616195359e-06	0.016352269679869424
13131.13850268426	-0.08114456391735085	-6.494500023849868e-06	0.016352269679869424
13145.907671223595	-0.08124045593290743	-6.491956701375811e-06	0.016352269679869424
13160.67683976293	-0.08133631032137623	-6.489410647785462e-06	0.016352269679869424
13175.446008302264	-0.08143212704397958	-6.486861862091096e-06	0.016352269679869424
13190.215176841595	-0.08152790606193987	-6.484310343304986e-06	0.016352269679869424
13204.98434538093	-0.08162364733647949	-6.481756090439405e-06	0.016352269679869424
13219.753513920265	-0.08171935082882081	-6.479199102506629e-06	0.016352269679869424
13234.5226824596	-0.08181501650018622	-6.476639378518932e-06	0.016352269679869424
13249.291850998934	-0.08191064431179808	-6.474076917488587e-06	0.016352269679869424
13264.061019538267	-0.08200623422487878	-6.471511718427869e-06	0.016352269679869424
13278.830188077602	-0.0821017862006507	-6.4689437803490504e-06	0.016352269679869424
13293.599356616935	-0.08219730020033619	-6.466373102264408e-06	0.016352269679869424
13308.36852515627	-0.08229277618515768	-6.463799683186214e-06	0.016352269679869424
13323.137693695604	-0.08238821411633754	-6.461223522126744e-06	0.016352269679869424
13337.906862234937	-0.0824836139550981	-6.4586446180982695e-06	0.016352269679869424
13352.676030774272	-0.08257897566266176	-6.456062970113067e-06	0.016352269679869424
13367.445199313606	-0.08267429920025093	-6.45347857718341e-06	0.016352269679869424
13382.214367852941	-0.08276958452908798	-6.450891438321573e-06	0.016352269679869424
13396.983536392274	-0.08286483161039523	-6.448301552539829e-06	0.016352269679869424
13411.752704931609	-0.08296004040539512	-6.445708918850452e-06	0.016352269679869424
13426.521873470942	-0.08305521087531001	-6.443113536265717e-06	0.016352269679869424
13441.291042010276	-0.0831503429813623	-6.440515403797898e-06	0.016352269679869424
13456.060210549611	-0.08324543668477433	-6.437914520459269e-06	0.016352269679869424
13470.829379088946	-0.08334049194676851	-6.435310885262104e-06	0.016352269679869424
13485.598547628279	-0.0834355087285672	-6.432704497218677e-06	0.016352269679869424
13500.367716167611	-0.08353048699139276	-6.430095355341263e-06	0.016352269679869424
13515.136884706946	-0.08362542669646762	-6.427483458642134e-06	0.016352269679869424
13529.90605324628	-0.08372032780501412	-6.424868806133566e-06	0.016352269679869424
13544.675221785616	-0.08381519027825465	-6.422251396827832e-06	0.016352269679869424
13559.44439032495	-0.0839100140774116	-6.4196312297372075e-06	0.016352269679869424
13574.213558864283	-0.08400479916370732	-6.417008303873966e-06	0.016352269679869424
13588.982727403618	-0.08409954549836421	-6.414382618250381e-06	0.016352269679869424
13603.75189594295	-0.08419425304260464	-6.4117541718787264e-06	0.016352269679869424
13618.521064482286	-0.08428892175765097	-6.4091229637712774e-06	0.016352269679869424
13633.29023302162	-0.08438355160472563	-6.406488992940307e-06	0.016352269679869424
13648.059401560953	-0.08447814254505097	-6.40385225839809e-06	0.016352269679869424
13662.828570100288	-0.08457269453984935	-6.4012127591569e-06	0.016352269679869424
13677.597738639623	-0.08466720755034318	-6.398570494229012e-06	0.016352269679869424
13692.366907178957	-0.08476168153775482	-6.3959254626267e-06	0.016352269679869424
13707.136075718292	-0.08485611646330664	-6.393277663362236e-06	0.016352269679869424
13721.905244257625	-0.08495051228822104	-6.3906270954478975e-06	0.016352269679869424
13736.674412796958	-0.08504486897372038	-6.387973757895956e-06	0.016352269679869424
13751.443581336292	-0.08513918648102706	-6.385317649718687e-06	0.016352269679869424
13766.212749875627	-0.08523346477136344	-6.382658769928363e-06	0.016352269679869424
13780.981918414962	-0.08532770380595192	-6.37999711753726e-06	0.016352269679869424
13795.751086954295	-0.08542190354601484	-6.377332691557651e-06	0.016352269679869424
13810.52025549363	-0.08551606395277461	-6.37466549100181e-06	0.016352269679869424
13825.289424032962	-0.0856101849874536	-6.371995514882012e-06	0.016352269679869424
13840.058592572297	-0.08570426661127417	-6.3693227622105295e-06	0.016352269679869424
13854.827761111632	-0.08579830878545874	-6.366647231999639e-06	0.016352269679869424
13869.596929650967	-0.08589231147122967	-6.3639689232616125e-06	0.016352269679869424
13884.3660981903	-0.08598627462980932	-6.361287835008725e-06	0.016352269679869424
13899.135266729634	-0.08608019822242008	-6.35860396625325e-06	0.016352269679869424
13913.904435268969	-0.08617408221028434	-6.355917316007462e-06	0.016352269679869424
13928.673603808302	-0.08626792655462447	-6.353227883283636e-06	0.016352269679869424
13943.442772347636	-0.08636173121666284	-6.350535667094045e-06	0.016352269679869424
13958.21194088697	-0.08645549615762185	-6.347840666450962e-06	0.016352269679869424
13972.981109426304	-0.08654922133872385	-6.345142880366664e-06	0.016352269679869424
13987.750277965639	-0.08664290672119124	-6.342442307853423e-06	0.016352269679869424
14002.519446504974	-0.08673655226624638	-6.339738947923513e-06	0.016352269679869424
14017.288615044308	-0.08683015793511167	-6.337032799589209e-06	0.016352269679869424
14032.05778358364	-0.08692372368900947	-6.334323861862786e-06	0.016352269679869424
14046.826952122974	-0.08701724948916219	-6.331612133756516e-06	0.016352269679869424
14061.596120662309	-0.08711073529679217	-6.328897614282674e-06	0.016352269679869424
14076.365289201643	-0.08720418107312179	-6.326180302453534e-06	0.016352269679869424
14091.134457740978	-0.08729758677937347	-6.32346019728137e-06	0.016352269679869424
14105.903626280311	-0.08739095237676955	-6.3207372977784576e-06	0.016352269679869424
14120.672794819646	-0.08748427782653243	-6.318011602957068e-06	0.016352269679869424
14135.441963358979	-0.08757756308988444	-6.315283111829478e-06	0.016352269679869424
14150.211131898313	-0.08767080812804803	-6.3125518234079605e-06	0.016352269679869424
14164.980300437648	-0.08776401290224553	-6.30981773670479e-06	0.016352269679869424
14179.749468976983	-0.08785717737369933	-6.3070808507322396e-06	0.016352269679869424
14194.518637516316	-0.08795030150363184	-6.304341164502584e-06	0.016352269679869424
14209.28780605565	-0.08804338525326538	-6.301598677028098e-06	0.016352269679869424
14224.056974594985	-0.08813642858382238	-6.298853387321055e-06	0.016352269679869424
14238.826143134318	-0.08822943145652518	-6.296105294393729e-06	0.016352269679869424
14253.595311673653	-0.08832239383259619	-6.293354397258395e-06	0.016352269679869424
14268.364480212986	-0.08841531567325775	-6.2906006949273255e-06	0.016352269679869424
14283.13364875232	-0.08850819693973229	-6.287844186412796e-06	0.016352269679869424
14297.902817291655	-0.08860103759324214	-6.28508487072708e-06	0.016352269679869424
14312.67198583099	-0.08869383759500972	-6.282322746882452e-06	0.016352269679869424
14327.441154370325	-0.08878659690625738	-6.2795578138911855e-06	0.016352269679869424
14342.210322909656	-0.08887931548820749	-6.2767900707655555e-06	0.016352269679869424
14356.97949144899	-0.08897199330208247	-6.274019516517835e-06	0.016352269679869424
14371.748659988325	-0.08906463030910466	-6.2712461501602986e-06	0.016352269679869424
14386.51782852766	-0.08915722647049645	-6.2684699707052205e-06	0.016352269679869424
14401.286997066994	-0.08924978174748023	-6.265690977164875e-06	0.016352269679869424
14416.056165606327	-0.08934229610127836	-6.262909168551535e-06	0.016352269679869424
14430.825334145662	-0.08943476949311324	-6.260124543877476e-06	0.016352269679869424
14445.594502684995	-0.08952720188420721	-6.257337102154973e-06	0.016352269679869424
14460.36367122433	-0.0896195932357827	-6.2545468423962965e-06	0.016352269679869424
14475.132839763664	-0.08971194350906206	-6.251753763613724e-06	0.016352269679869424
14489.902008303	-0.08980425266526766	-6.248957864819528e-06	0.016352269679869424
14504.671176842332	-0.0898965206656219	-6.2461591450259835e-06	0.016352269679869424
14519.440345381667	-0.08998874747134714	-6.243357603245364e-06	0.016352269679869424
14534.209513921001	-0.09008093304366577	-6.240553238489943e-06	0.016352269679869424
14548.978682460334	-0.09017307734380015	-6.237746049771997e-06	0.016352269679869424
14563.747850999669	-0.09026518033297268	-6.234936036103797e-06	0.016352269679869424
14578.517019539002	-0.09035724197240574	-6.232123196497619e-06	0.016352269679869424
14593.286188078337	-0.09044926222332172	-6.2293075299657365e-06	0.016352269679869424
14608.055356617671	-0.09054124104694296	-6.2264890355204236e-06	0.016352269679869424
14622.824525157006	-0.09063317840449185	-6.223667712173954e-06	0.016352269679869424
14637.59369369634	-0.09072507425719079	-6.220843558938604e-06	0.016352269679869424
14652.362862235672	-0.09081692856626211	-6.2180165748266455e-06	0.016352269679869424
14667.132030775007	-0.09090874129292825	-6.215186758850352e-06	0.016352269679869424
14681.901199314341	-0.09100051239841159	-6.212354110022e-06	0.016352269679869424
14696.670367853676	-0.09109224184393444	-6.209518627353861e-06	0.016352269679869424
14711.43953639301	-0.09118392959071923	-6.206680309858211e-06	0.016352269679869424
14726.208704932344	-0.09127557559998832	-6.203839156547324e-06	0.016352269679869424
14740.977873471678	-0.09136717983296411	-6.200995166433473e-06	0.016352269679869424
14755.747042011013	-0.09145874225086895	-6.198148338528933e-06	0.016352269679869424
