x	chi	dchidx	s0
0.00025512819005462436	0.0	0.02273189884149921	0.02273189884149921
0.013865391705675972	0.00030937913383791073	0.022730166847088003	0.02273189884149921
0.02747565522129732	0.0006187119737065963	0.0227250960387804	0.02273189884149921
0.041085918736918664	0.0009279530774692539	0.02271668641659329	0.02273189884149921
0.05469618225254001	0.0012370570029895445	0.022704937980517103	0.02273189884149921
0.06830644576816136	0.0015459783081307457	0.022689850730538152	0.02273189884149921
0.08191670928378271	0.0018546715507557425	0.02267142466663877	0.02273189884149921
0.09552697279940407	0.0021630912887270278	0.02264965978879733	0.02273189884149921
0.10913723631502541	0.002471192079906702	0.02262455609698822	0.02273189884149921
0.12274749983064676	0.0027789284821564744	0.022596113591181865	0.02273189884149921
0.1363577633462681	0.003086255053337661	0.02256433227134472	0.02273189884149921
0.14996802686188945	0.0033931263513111874	0.022529212137439258	0.02273189884149921
0.16357829037751082	0.0036994969339218917	0.022490753189502798	0.02273189884149921
0.17718855389313215	0.004005321358992983	0.022448955427680942	0.02273189884149921
0.1907988174087535	0.004310554184393264	0.02240381885188707	0.02273189884149921
0.20440908092437485	0.004615149967992278	0.022355343462020394	0.02273189884149921
0.21801934443999618	0.004919063267657649	0.022303529257979165	0.02273189884149921
0.23162960795561754	0.00522224864125508	0.02224837623966067	0.02273189884149921
0.24523987147123888	0.00552466064664835	0.02218988440696123	0.02273189884149921
0.2588501349868602	0.005826253841699321	0.0221280537597762	0.02273189884149921
0.27246039850248155	0.006126982784267929	0.022062884297999973	0.02273189884149921
0.28607066201810294	0.006426802032212192	0.021994376021525982	0.02273189884149921
0.2996809255337243	0.006725666143388201	0.021922528930246685	0.02273189884149921
0.3132911890493456	0.007023529675650132	0.021847343024053584	0.02273189884149921
0.32690145256496694	0.007320347186850236	0.021768818302837216	0.02273189884149921
0.3405117160805883	0.007616073234838843	0.021686954766487153	0.02273189884149921
0.3541219795962096	0.007910662377464362	0.021601752414891994	0.02273189884149921
0.36773224311183095	0.00820406917257328	0.02151321124793939	0.02273189884149921
0.38134250662745234	0.008496248178010167	0.02142133126551601	0.02273189884149921
0.39495277014307373	0.008787153951617659	0.021326112467507572	0.02273189884149921
0.40856303365869506	0.009076741051236483	0.021227554853798826	0.02273189884149921
0.4221732971743164	0.00936496403470544	0.021125658424273552	0.02273189884149921
0.43578356068993773	0.00965177745986141	0.021020423178814574	0.02273189884149921
0.44939382420555907	0.009937135884539351	0.020911849117303746	0.02273189884149921
0.4630040877211804	0.010220993866572301	0.02079993623962196	0.02273189884149921
0.47661435123680174	0.010503305963791374	0.02068468454564914	0.02273189884149921
0.49022461475242307	0.010784026734025759	0.02056609403526425	0.02273189884149921
0.5038348782680445	0.011063110735102738	0.02044416470834529	0.02273189884149921
0.5174451417836659	0.011340512524847655	0.020318896564769293	0.02273189884149921
0.5310554052992872	0.011616186661083942	0.020190289604412326	0.02273189884149921
0.5446656688149085	0.011890087701633103	0.020058343827149498	0.02273189884149921
0.5582759323305299	0.012162170204314728	0.019923059232854944	0.02273189884149921
0.5718861958461513	0.012432388726946481	0.019784435821401842	0.02273189884149921
0.5854964593617726	0.0127006978273441	0.019642473592662406	0.02273189884149921
0.599106722877394	0.012967052063321414	0.01949717254650788	0.02273189884149921
0.6127169863930153	0.013231405992690317	0.01934853268280855	0.02273189884149921
0.6263272499086366	0.013493714173260798	0.019196554001433733	0.02273189884149921
0.639937513424258	0.013753931162840904	0.019041236502251785	0.02273189884149921
0.6535477769398793	0.014012011519236773	0.01888258018513009	0.02273189884149921
0.6671580404555008	0.01426790980025262	0.01872058504993508	0.02273189884149921
0.680768303971122	0.014521580563690739	0.01855525109653221	0.02273189884149921
0.6943785674867434	0.014772978367351499	0.018386578324785983	0.02273189884149921
0.7079888310023648	0.01502205776903335	0.018214566734559925	0.02273189884149921
0.7215990945179861	0.015268773326532824	0.018039216325716607	0.02273189884149921
0.7352093580336074	0.015513079597644523	0.01786052709811763	0.02273189884149921
0.7488196215492288	0.015754931140161132	0.017678499051623636	0.02273189884149921
0.7624298850648502	0.01599428251187342	0.017493132186094298	0.02273189884149921
0.7760401485804714	0.016231088270570224	0.017304426501388324	0.02273189884149921
0.7896504120960929	0.016465302974038466	0.017112381997363466	0.02273189884149921
0.8032606756117141	0.016696881180063145	0.0169169986738765	0.02273189884149921
0.8168709391273355	0.016925777446427342	0.01671827653078324	0.02273189884149921
0.8304812026429568	0.017151946330917493	0.016516215567871976	0.02273189884149921
0.8440914661585782	0.017375342391337565	0.01631081578465833	0.02273189884149921
0.8577017296741996	0.01759592018546589	0.01610207718091218	0.02273189884149921
0.8713119931898209	0.017813634271074744	0.015889999756444312	0.02273189884149921
0.8849222567054423	0.01802843920593375	0.015674583511065595	0.02273189884149921
0.8985325202210636	0.01824028954780988	0.015455828444586981	0.02273189884149921
0.912142783736685	0.018449139854467455	0.01523373455681949	0.02273189884149921
0.9257530472523062	0.01865494468366814	0.015008301847574231	0.02273189884149921
0.9393633107679277	0.018857658593170956	0.014779530316662383	0.02273189884149921
0.9529735742835489	0.019057236140732264	0.014547419963895213	0.02273189884149921
0.9665838377991703	0.019253631884105785	0.014311970789084054	0.02273189884149921
0.9801941013147917	0.019446800381042573	0.01407318279204033	0.02273189884149921
0.993804364830413	0.019636696189291043	0.013831055972575534	0.02273189884149921
1.0074146283460343	0.019823273866596946	0.013585590330501243	0.02273189884149921
1.0210248918616558	0.020006487970703396	0.013336785865629114	0.02273189884149921
1.034635155377277	0.020186293059350845	0.013084642577770877	0.02273189884149921
1.0482454188928985	0.020362643690277092	0.012829160466738342	0.02273189884149921
1.0618556824085197	0.020535494421217295	0.012570339532343398	0.02273189884149921
1.0754659459241411	0.02070479980990395	0.012308179774398017	0.02273189884149921
1.0890762094397624	0.020870514414066902	0.012042681192714247	0.02273189884149921
1.1026864729553838	0.021032592791433352	0.011773843787104204	0.02273189884149921
1.1162967364710052	0.021190989499727843	0.011501667557380097	0.02273189884149921
1.1299069999866265	0.021345659096672267	0.01122615250335421	0.02273189884149921
1.143517263502248	0.021496556139985863	0.0109472986248389	0.02273189884149921
1.1571275270178691	0.02164363518738558	0.010665105921646751	0.02273189884149921
1.1707377905334906	0.02178685079658893	0.010379574393592323	0.02273189884149921
1.1843480540491118	0.02192615752530917	0.010090704040491701	0.02273189884149921
1.1979583175647333	0.02206150993125642	0.009798494862162315	0.02273189884149921
1.2115685810803547	0.02219286257213834	0.009502946858423117	0.02273189884149921
1.225178844595976	0.022320170005660132	0.009204060029094588	0.02273189884149921
1.2387891081115974	0.02244338678952454	0.008901834373998708	0.02273189884149921
1.2523993716272186	0.02256246748143184	0.008596269892958995	0.02273189884149921
1.26600963514284	0.02267736663907986	0.008287366585800487	0.02273189884149921
1.2796198986584613	0.02278803882016395	0.00797512445234974	0.02273189884149921
1.2932301621740827	0.02289443858237704	0.007659543492434844	0.02273189884149921
1.306840425689704	0.02299652048341009	0.007340623705886079	0.02273189884149921
1.3204506892053254	0.02309423908095175	0.007018365092535801	0.02273189884149921
1.3340609527209468	0.023187548932688307	0.006692767652218376	0.02273189884149921
1.347671216236568	0.023276404596303767	0.00639230812287269	0.02273189884149921
1.6017057696283474	0.02490027295637789	0.006392316715210394	0.02273189884149921
1.8557403230201273	0.026524143331352085	0.006392324940851433	0.02273189884149921
2.109774876411907	0.028148015694423285	0.0063923328548463	0.02273189884149921
2.3638094298036862	0.02977189001878843	0.006392340512245488	0.02273189884149921
2.617843983195466	0.03139576627764447	0.00639234796809949	0.02273189884149921
2.8718785365872455	0.03301964444418833	0.006392355277458798	0.02273189884149921
3.125913089979025	0.034643524491616964	0.006392362495373905	0.02273189884149921
3.3799476433708047	0.03626740639312731	0.006392369676895304	0.02273189884149921
3.633982196762584	0.037891290121916305	0.0063923768770734885	0.02273189884149921
3.888016750154364	0.03951517588122245	0.006392383941608729	0.02273189884149921
4.142051303546143	0.04113906366313118	0.00639239085623512	0.02273189884149921
4.3960858569379235	0.042762953159944626	0.006392397915442417	0.02273189884149921
4.650120410329703	0.044386844411574644	0.006392405119504126	0.02273189884149921
4.904154963721482	0.04601073745793307	0.006392412468693745	0.02273189884149921
5.158189517113263	0.04763463233893176	0.006392419963284779	0.02273189884149921
5.412224070505042	0.04925852909448256	0.006392427603550729	0.02273189884149921
5.666258623896821	0.05088242776449732	0.006392435389765098	0.02273189884149921
5.920293177288601	0.05250632838888789	0.0063924433222013865	0.02273189884149921
6.17432773068038	0.05413023100756612	0.006392451401133097	0.02273189884149921
6.42836228407216	0.05575413566044385	0.006392459626833732	0.02273189884149921
6.68239683746394	0.05737804238743294	0.006392467999576794	0.02273189884149921
6.936431390855719	0.05900195122844523	0.006392476519635785	0.02273189884149921
7.1904659442474985	0.06062586222339257	0.006392485187284207	0.02273189884149921
7.444500497639279	0.062249775412186806	0.006392494002795562	0.02273189884149921
7.698535051031058	0.06387369083473979	0.006392502966443351	0.02273189884149921
7.9525696044228384	0.06549760853096337	0.006392512078501078	0.02273189884149921
8.206604157814617	0.0671215285407694	0.0063925213392422445	0.02273189884149921
8.460638711206396	0.06874545090406972	0.006392530748940352	0.02273189884149921
8.714673264598177	0.07036937566077618	0.006392540307868903	0.02273189884149921
8.968707817989955	0.07199330285080062	0.006392550016301399	0.02273189884149921
9.222742371381736	0.07361723251405491	0.0063925598745113435	0.02273189884149921
9.476776924773514	0.07524116469045088	0.006392569882772238	0.02273189884149921
9.730811478165295	0.0768650994199004	0.006392580041357583	0.02273189884149921
9.984846031557074	0.07848903674231529	0.006392590350540884	0.02273189884149921
10.238880584948854	0.08011297669760742	0.00639260081059564	0.02273189884149921
10.492915138340633	0.0817369193256886	0.006392611421795354	0.02273189884149921
10.746949691732413	0.08336086466647075	0.006392622184413529	0.02273189884149921
11.000984245124192	0.08498481275986565	0.006392633098723666	0.02273189884149921
11.255018798515973	0.0866087636457852	0.006392644164999269	0.02273189884149921
11.50905335190775	0.0882327173641412	0.006392655383513837	0.02273189884149921
11.763087905299532	0.08985667395484553	0.006392666754540874	0.02273189884149921
12.01712245869131	0.09148063345781005	0.006392678278353882	0.02273189884149921
12.27115701208309	0.09310459591294656	0.006392689955226364	0.02273189884149921
12.525191565474868	0.09472856136016695	0.00639270178543182	0.02273189884149921
12.77922611886665	0.09635252983938307	0.006392713769243753	0.02273189884149921
13.033260672258429	0.09797650139050673	0.0063927259069356665	0.02273189884149921
13.287295225650208	0.09960047605344982	0.006392738198781061	0.02273189884149921
13.54132977904199	0.10122445386812418	0.006392750645053439	0.02273189884149921
13.795364332433767	0.10284843487444162	0.006392763246026302	0.02273189884149921
14.049398885825548	0.10447241911231406	0.006392776001973154	0.02273189884149921
14.303433439217327	0.10609640662165329	0.006392788913167495	0.02273189884149921
14.557467992609107	0.10772039744237115	0.006392801979882828	0.02273189884149921
14.811502546000886	0.10934439161437953	0.006392815202392655	0.02273189884149921
15.065537099392666	0.11096838917759028	0.006392828580970478	0.02273189884149921
15.319571652784445	0.1125923901719152	0.0063928421158898005	0.02273189884149921
15.573606206176226	0.1142163946372662	0.006392855807424123	0.02273189884149921
15.827640759568004	0.11584040261355508	0.006392869655846947	0.02273189884149921
16.081675312959785	0.11746441414069371	0.006392883661431776	0.02273189884149921
16.335709866351564	0.11908842925859392	0.006392897824452112	0.02273189884149921
16.589744419743344	0.12071244800716761	0.006392912145181457	0.02273189884149921
16.843778973135123	0.12233647042632656	0.006392926623893312	0.02273189884149921
17.097813526526902	0.12396049655598265	0.006392941260861182	0.02273189884149921
17.351848079918682	0.12558452643604773	0.006392956056358565	0.02273189884149921
17.605882633310465	0.1272085601064337	0.006392971010658967	0.02273189884149921
17.859917186702244	0.1288325976070523	0.006392986124035887	0.02273189884149921
18.113951740094024	0.13045663897781545	0.006393001396762829	0.02273189884149921
18.367986293485803	0.13208068425863495	0.006393016829113295	0.02273189884149921
18.622020846877582	0.13370473348942272	0.006393032421360786	0.02273189884149921
18.87605540026936	0.13532878671009055	0.006393048173778806	0.02273189884149921
19.13008995366114	0.1369528439605503	0.006393064086640855	0.02273189884149921
19.38412450705292	0.13857690528071384	0.006393080160220436	0.02273189884149921
19.6381590604447	0.140200970710493	0.006393096394791051	0.02273189884149921
19.89219361383648	0.14182504028979964	0.006393112790626203	0.02273189884149921
20.146228167228262	0.1434491140585456	0.006393129347999392	0.02273189884149921
20.400262720620038	0.1450731920566427	0.006393146067184123	0.02273189884149921
20.654297274011817	0.14669727432400287	0.006393162948453895	0.02273189884149921
20.908331827403597	0.14832136090053788	0.006393179992082213	0.02273189884149921
21.16236638079538	0.14994545182615962	0.006393197198342577	0.02273189884149921
21.416400934187156	0.15156954714077991	0.00639321456750849	0.02273189884149921
21.670435487578935	0.1531936468843106	0.006393232099853455	0.02273189884149921
21.924470040970718	0.15481775109666357	0.006393249795650972	0.02273189884149921
22.178504594362497	0.15644185981775066	0.006393267655174544	0.02273189884149921
22.432539147754277	0.15806597308748369	0.006393285678697675	0.02273189884149921
22.686573701146056	0.15969009094577452	0.006393303866493864	0.02273189884149921
22.940608254537835	0.161314213432535	0.0063933222188366145	0.02273189884149921
23.194642807929615	0.16293834058767698	0.006393340735999429	0.02273189884149921
23.448677361321394	0.16456247245111233	0.006393359418255809	0.02273189884149921
23.702711914713174	0.16618660906275284	0.006393378265879257	0.02273189884149921
23.956746468104953	0.16781075127586517	0.006393397249716572	0.02273189884149921
24.210781021496732	0.16943489867262643	0.006393416384937385	0.02273189884149921
24.464815574888515	0.17105905092396465	0.006393435684687143	0.02273189884149921
24.71885012828029	0.1726832080719633	0.006393455148970792	0.02273189884149921
24.97288468167207	0.17430737015870587	0.006393474777793274	0.02273189884149921
25.226919235063853	0.1759315372262758	0.006393494571159533	0.02273189884149921
25.480953788455633	0.17755570931675657	0.006393514529074513	0.02273189884149921
25.734988341847412	0.17917988647223163	0.006393534651543157	0.02273189884149921
25.989022895239188	0.18080406873478438	0.006393554938570409	0.02273189884149921
26.24305744863097	0.1824282561464984	0.006393575390161213	0.02273189884149921
26.49709200202275	0.1840524487494571	0.0063935960063205115	0.02273189884149921
26.75112655541453	0.18567664658574387	0.0063936167870532485	0.02273189884149921
27.00516110880631	0.18730084969744226	0.0063936377323643686	0.02273189884149921
27.25919566219809	0.1889250581266357	0.006393658842258814	0.02273189884149921
27.513230215589868	0.19054927191540766	0.0063936801167415284	0.02273189884149921
27.767264768981647	0.1921734911058416	0.006393701555817457	0.02273189884149921
28.021299322373427	0.19379771574002094	0.006393723159491541	0.02273189884149921
28.275333875765206	0.1954219458600292	0.006393744927768726	0.02273189884149921
28.529368429156985	0.19704618150794984	0.006393766860653956	0.02273189884149921
28.78340298254877	0.19867042272586627	0.006393788958152171	0.02273189884149921
29.037437535940544	0.20029466955586198	0.006393811220268319	0.02273189884149921
29.291472089332323	0.20191892204002043	0.006393833647007342	0.02273189884149921
29.545506642724106	0.2035431802204251	0.006393856238374182	0.02273189884149921
29.799541196115886	0.20516744413915944	0.006393878994373784	0.02273189884149921
30.053575749507665	0.20679171383830688	0.0063939019150110925	0.02273189884149921
30.30761030289944	0.20841598935995087	0.006393925000291049	0.02273189884149921
30.561644856291224	0.21004027074617496	0.0063939482502185984	0.02273189884149921
30.815679409683003	0.21166455803906256	0.006393971664798685	0.02273189884149921
31.069713963074783	0.2132888512806971	0.006393995244036251	0.02273189884149921
31.323748516466562	0.21491315051316207	0.00639401898793624	0.02273189884149921
31.57778306985834	0.21653745577854094	0.006394042896503596	0.02273189884149921
31.83181762325012	0.21816176711891716	0.0063940669697432635	0.02273189884149921
32.0858521766419	0.2197860845763742	0.006394091207660185	0.02273189884149921
32.339886730033676	0.22141040819299546	0.006394115610259305	0.02273189884149921
32.59392128342546	0.2230347380108645	0.0063941401775455655	0.02273189884149921
32.847955836817235	0.2246590740720647	0.006394164909523912	0.02273189884149921
33.10199039020902	0.2262834164186796	0.006394189806199286	0.02273189884149921
33.356024943600794	0.2279077650927926	0.006394214867576633	0.02273189884149921
33.61005949699258	0.2295321201364872	0.006394240093660897	0.02273189884149921
33.86409405038436	0.23115648159184682	0.0063942654844570184	0.02273189884149921
34.118128603776135	0.2327808495009549	0.006394291039969944	0.02273189884149921
34.37216315716792	0.23440522390589497	0.006394316760204617	0.02273189884149921
34.6261977105597	0.2360296048487505	0.006394342645165979	0.02273189884149921
34.88023226395148	0.2376539923716049	0.006394368694858975	0.02273189884149921
35.13426681734325	0.23927838651654154	0.006394394909288549	0.02273189884149921
35.388301370735036	0.2409027873256441	0.006394421288459645	0.02273189884149921
35.64233592412681	0.24252719484099589	0.006394447832377205	0.02273189884149921
35.896370477518595	0.24415160910468042	0.006394474541046173	0.02273189884149921
36.15040503091038	0.24577603015878113	0.006394501414471493	0.02273189884149921
36.40443958430215	0.24740045804538147	0.006394528452658108	0.02273189884149921
36.658474137693936	0.24902489280656495	0.006394555655610963	0.02273189884149921
36.91250869108572	0.25064933448441495	0.006394583023335	0.02273189884149921
37.16654324447749	0.252273783121015	0.006394610555835165	0.02273189884149921
37.42057779786927	0.2538982387584486	0.006394638253116398	0.02273189884149921
37.67461235126105	0.25552270143879907	0.006394666115183645	0.02273189884149921
37.92864690465283	0.25714717120415004	0.00639469414204185	0.02273189884149921
38.18268145804461	0.2587716480965848	0.006394722333695955	0.02273189884149921
38.43671601143639	0.26039613215818697	0.006394750690150904	0.02273189884149921
38.69075056482817	0.26202062343103993	0.006394779211411641	0.02273189884149921
38.944785118219954	0.2636451219572271	0.00639480789748311	0.02273189884149921
39.19881967161173	0.265269627778832	0.006394836748370254	0.02273189884149921
39.452854225003506	0.26689414093793806	0.006394865764078017	0.02273189884149921
39.70688877839529	0.2685186614766288	0.006394894944611342	0.02273189884149921
39.960923331787065	0.2701431894369877	0.006394924289975173	0.02273189884149921
40.21495788517885	0.27176772486109807	0.006394953800174454	0.02273189884149921
40.46899243857063	0.2733922677910435	0.006394983475214127	0.02273189884149921
40.723026991962406	0.2750168182689074	0.0063950133150991375	0.02273189884149921
40.97706154535419	0.27664137633677327	0.0063950433198344285	0.02273189884149921
41.23109609874597	0.27826594203672456	0.006395073489424943	0.02273189884149921
41.48513065213774	0.27989051541084464	0.006395103823875625	0.02273189884149921
41.739165205529524	0.2815150965012171	0.006395134323191418	0.02273189884149921
41.99319975892131	0.28313968534992534	0.006395164987377267	0.02273189884149921
42.24723431231308	0.28476428199905285	0.006395195816438113	0.02273189884149921
42.501268865704866	0.28638888649068306	0.0063952268103789015	0.02273189884149921
42.75530341909664	0.2880134988668995	0.006395257969204575	0.02273189884149921
43.009337972488424	0.2896381191697855	0.006395289292920078	0.02273189884149921
43.26337252588021	0.29126274744142466	0.006395320781530354	0.02273189884149921
43.51740707927198	0.29288738372390033	0.006395352435040346	0.02273189884149921
43.77144163266376	0.294512028059296	0.006395384253454998	0.02273189884149921
44.02547618605554	0.29613668048969516	0.0063954162367792534	0.02273189884149921
44.27951073944732	0.2977613410571813	0.006395448385018056	0.02273189884149921
44.5335452928391	0.2993860098038378	0.00639548069817635	0.02273189884149921
44.787579846230884	0.3010106867717482	0.006395513176259078	0.02273189884149921
45.04161439962266	0.3026353720029959	0.006395545819271184	0.02273189884149921
45.29564895301444	0.30426006553966434	0.006395578627217611	0.02273189884149921
45.549683506406225	0.3058847674238371	0.006395611600103304	0.02273189884149921
45.803718059797994	0.3075094776975975	0.006395644737933205	0.02273189884149921
46.05775261318978	0.3091341964030291	0.006395678040712258	0.02273189884149921
46.31178716658156	0.31075892358221535	0.006395711508445408	0.02273189884149921
46.565821719973336	0.31238365927723966	0.006395745141137598	0.02273189884149921
46.81985627336512	0.31400840353018555	0.00639577893879377	0.02273189884149921
47.073890826756895	0.3156331563831364	0.006395812901418869	0.02273189884149921
47.32792538014868	0.31725791787817575	0.006395847029017838	0.02273189884149921
47.58195993354046	0.31888268805738706	0.006395881321595622	0.02273189884149921
47.835994486932236	0.3205074669628537	0.006395915779157163	0.02273189884149921
48.09002904032401	0.3221322546366592	0.006395950401707404	0.02273189884149921
48.344063593715795	0.32375705112088704	0.006395985189251292	0.02273189884149921
48.59809814710757	0.3253818564576207	0.0063960201417937665	0.02273189884149921
48.852132700499354	0.3270066706889435	0.006396055259339774	0.02273189884149921
49.10616725389114	0.3286314938569391	0.006396090541894257	0.02273189884149921
49.36020180728291	0.3302563260036908	0.006396125989462159	0.02273189884149921
49.614236360674695	0.33188116717128213	0.006396161602048423	0.02273189884149921
49.86827091406648	0.33350601740179664	0.0063961973796579944	0.02273189884149921
50.122305467458254	0.33513087673731756	0.006396233322295815	0.02273189884149921
50.37634002085003	0.33675574521992846	0.00639626942996683	0.02273189884149921
50.63037457424181	0.33838062289171295	0.006396305702675982	0.02273189884149921
50.88440912763359	0.3400055097947543	0.006396342140428214	0.02273189884149921
51.13844368102537	0.3416304059711361	0.006396378743228471	0.02273189884149921
51.39247823441715	0.3432553114629417	0.006396415511081696	0.02273189884149921
51.64651278780893	0.34488022631225457	0.0063964524439928325	0.02273189884149921
51.90054734120071	0.34650515056115827	0.006396489541966825	0.02273189884149921
52.15458189459249	0.3481300842517362	0.006396526805008615	0.02273189884149921
52.408616447984265	0.3497550274260717	0.006396564233123148	0.02273189884149921
52.66265100137605	0.35137998012624844	0.006396601826315366	0.02273189884149921
52.916685554767824	0.3530049423943498	0.006396639584590215	0.02273189884149921
53.17072010815961	0.35462991427245927	0.0063966775079526365	0.02273189884149921
53.42475466155139	0.35625489580266023	0.006396715596407574	0.02273189884149921
53.678789214943166	0.3578798870270362	0.006396753849959973	0.02273189884149921
53.93282376833495	0.35950488798767066	0.006396792268614776	0.02273189884149921
54.18685832172673	0.361129898726647	0.006396830852376926	0.02273189884149921
54.44089287511851	0.36275491928604875	0.006396869601251368	0.02273189884149921
54.69492742851028	0.3643799497079593	0.006396908515243044	0.02273189884149921
54.948961981902066	0.36600499003446213	0.006396947594356899	0.02273189884149921
55.20299653529384	0.3676300403076408	0.0063969868385978755	0.02273189884149921
55.457031088685625	0.36925510056957866	0.006397026247970917	0.02273189884149921
55.7110656420774	0.3708801708623592	0.006397065822480969	0.02273189884149921
55.965100195469184	0.3725052512280659	0.006397105562132973	0.02273189884149921
56.21913474886097	0.3741303417087821	0.006397145466931873	0.02273189884149921
56.47316930225274	0.37575544234659153	0.006397185536882614	0.02273189884149921
56.72720385564452	0.3773805531835774	0.006397225771990139	0.02273189884149921
56.9812384090363	0.37900567426182324	0.0063972661722593895	0.02273189884149921
57.23527296242808	0.3806308056234126	0.006397306737695312	0.02273189884149921
57.48930751581986	0.3822559473104289	0.006397347468302848	0.02273189884149921
57.74334206921164	0.38388109936495546	0.006397388364086943	0.02273189884149921
57.99737662260342	0.3855062618290759	0.006397429425052539	0.02273189884149921
58.2514111759952	0.38713143474487366	0.00639747065120458	0.02273189884149921
58.505445729386985	0.3887566181544322	0.00639751204254801	0.02273189884149921
58.75948028277876	0.3903818120998349	0.006397553599087774	0.02273189884149921
59.013514836170536	0.3920070166231653	0.006397595320828812	0.02273189884149921
59.26754938956232	0.3936322317665068	0.00639763720777607	0.02273189884149921
59.521583942954095	0.3952574575719429	0.006397679259934491	0.02273189884149921
59.77561849634588	0.3968826940815572	0.006397721477309019	0.02273189884149921
60.02965304973766	0.39850794133743284	0.006397763859904598	0.02273189884149921
60.28368760312944	0.4001331993816536	0.00639780640772617	0.02273189884149921
60.53772215652122	0.40175846825630274	0.006397849120778681	0.02273189884149921
60.791756709912995	0.40338374800346377	0.006397891999067072	0.02273189884149921
61.04579126330477	0.4050090386652202	0.006397935042596288	0.02273189884149921
61.299825816696554	0.4066343402836554	0.006397978251371273	0.02273189884149921
61.55386037008833	0.408259652900853	0.00639802162539697	0.02273189884149921
61.80789492348011	0.4098849765588962	0.006398065164678322	0.02273189884149921
62.061929476871896	0.4115103112998687	0.0063981088692202735	0.02273189884149921
62.31596403026367	0.4131356571658539	0.006398152739027768	0.02273189884149921
62.569998583655455	0.4147610141989352	0.006398196774105748	0.02273189884149921
62.82403313704724	0.4163863824411961	0.006398240974459159	0.02273189884149921
63.07806769043901	0.41801176193472	0.0063982853400929435	0.02273189884149921
63.33210224383079	0.41963715272159047	0.006398329871012045	0.02273189884149921
63.58613679722257	0.4212625548438909	0.006398374567221407	0.02273189884149921
63.84017135061434	0.4228879683437047	0.006398419428725974	0.02273189884149921
64.09420590400612	0.4245133932631155	0.006398464455530688	0.02273189884149921
64.3482404573979	0.4261388296442066	0.006398509647640495	0.02273189884149921
64.60227501078968	0.4277642775290616	0.006398555005060337	0.02273189884149921
64.85630956418146	0.4293897369597638	0.006398600527795157	0.02273189884149921
65.11034411757325	0.43101520797839676	0.0063986462158499	0.02273189884149921
65.36437867096502	0.432640690627044	0.0063986920692295085	0.02273189884149921
65.6184132243568	0.4342661849477888	0.006398738087938927	0.02273189884149921
65.87244777774859	0.4358916909827148	0.006398784271983099	0.02273189884149921
66.12648233114037	0.4375172087739053	0.006398830621366968	0.02273189884149921
66.38051688453214	0.4391427383634439	0.006398877136095477	0.02273189884149921
66.63455143792393	0.440768279793414	0.00639892381617357	0.02273189884149921
66.88858599131571	0.4423938331058991	0.00639897066160619	0.02273189884149921
67.14262054470748	0.44401939834298265	0.006399017672398282	0.02273189884149921
67.39665509809927	0.44564497554674803	0.006399064848554789	0.02273189884149921
67.65068965149105	0.4472705647592788	0.006399112190080654	0.02273189884149921
67.90472420488283	0.4488961660226583	0.006399159696980821	0.02273189884149921
68.15875875827462	0.45052177937897014	0.006399207369260234	0.02273189884149921
68.41279331166639	0.45214740487029775	0.006399255206923836	0.02273189884149921
68.66682786505815	0.45377304253872447	0.006399303209976571	0.02273189884149921
68.92086241844994	0.4553986924263339	0.006399351378423382	0.02273189884149921
69.17489697184172	0.4570243545752094	0.006399399712269213	0.02273189884149921
69.4289315252335	0.45865002902743457	0.006399448211519008	0.02273189884149921
69.68296607862528	0.4602757158250927	0.006399496876177711	0.02273189884149921
69.93700063201706	0.4619014150102674	0.0063995457062502635	0.02273189884149921
70.19103518540884	0.4635271266250419	0.006399594701741612	0.02273189884149921
70.44506973880063	0.46515285071150003	0.006399643862656697	0.02273189884149921
70.6991042921924	0.466778587311725	0.006399693189000464	0.02273189884149921
70.95313884558418	0.4684043364678003	0.006399742680777857	0.02273189884149921
71.20717339897597	0.4700300982218094	0.006399792337993818	0.02273189884149921
71.46120795236774	0.4716558726158357	0.006399842160653292	0.02273189884149921
71.71524250575952	0.4732816596919628	0.006399892148761222	0.02273189884149921
71.9692770591513	0.4749074594922741	0.006399942302322551	0.02273189884149921
72.22331161254309	0.476533272058853	0.0063999926213422235	0.02273189884149921
72.47734616593486	0.47815909743378304	0.006400043105825183	0.02273189884149921
72.73138071932664	0.4797849356591477	0.006400093755776374	0.02273189884149921
72.98541527271841	0.48141078677703025	0.006400144571200738	0.02273189884149921
73.23944982611019	0.48303665082951436	0.006400195552103219	0.02273189884149921
73.49348437950196	0.48466252785868347	0.006400246698488762	0.02273189884149921
73.74751893289375	0.486288417906621	0.0064002980103623095	0.02273189884149921
74.00155348628553	0.48791432101541027	0.006400349487728806	0.02273189884149921
74.2555880396773	0.48954023722713513	0.006400401130593194	0.02273189884149921
74.5096225930691	0.49116616658387857	0.006400452938960418	0.02273189884149921
74.76365714646087	0.4927921091277244	0.006400504912835421	0.02273189884149921
75.01769169985265	0.4944180649007559	0.006400557052223148	0.02273189884149921
75.27172625324444	0.49604403394505653	0.00640060935712854	0.02273189884149921
75.52576080663621	0.4976700163027099	0.006400661827556543	0.02273189884149921
75.77979536002799	0.49929601201579926	0.006400714463512099	0.02273189884149921
76.03382991341978	0.5009220211264084	0.006400767265000153	0.02273189884149921
76.28786446681156	0.5025480436766203	0.006400820232025647	0.02273189884149921
76.54189902020333	0.5041740797085188	0.006400873364593526	0.02273189884149921
76.79593357359512	0.5058001292641874	0.006400926662708733	0.02273189884149921
77.0499681269869	0.5074261923857093	0.006400980126376211	0.02273189884149921
77.30400268037866	0.5090522691151679	0.006401033755600905	0.02273189884149921
77.55803723377045	0.5106783594946469	0.0064010875503877586	0.02273189884149921
77.81207178716222	0.5123044635662298	0.006401141510741714	0.02273189884149921
78.066106340554	0.5139305813719999	0.006401195636667714	0.02273189884149921
78.32014089394579	0.5155567129540408	0.006401249928170706	0.02273189884149921
78.57417544733757	0.5171828583544358	0.0064013043852556295	0.02273189884149921
78.82821000072934	0.5188090176152684	0.006401359007927431	0.02273189884149921
79.08224455412113	0.5204351907786222	0.006401413796191052	0.02273189884149921
79.33627910751291	0.5220613778865804	0.006401468750051438	0.02273189884149921
79.59031366090468	0.5236875789812269	0.006401523869513532	0.02273189884149921
79.84434821429647	0.5253137941046446	0.006401579154582276	0.02273189884149921
80.09838276768825	0.5269400232989174	0.006401634605262616	0.02273189884149921
80.35241732108003	0.5285662666061286	0.006401690221559494	0.02273189884149921
80.6064518744718	0.5301925240683615	0.006401746003477853	0.02273189884149921
80.86048642786359	0.5318187957276999	0.0064018019510226395	0.02273189884149921
81.11452098125537	0.5334450816262271	0.006401858064198795	0.02273189884149921
81.36855553464714	0.5350713818060264	0.0064019143430112625	0.02273189884149921
81.62259008803892	0.5366976963091814	0.006401970787464986	0.02273189884149921
81.8766246414307	0.5383240251777756	0.006402027397564911	0.02273189884149921
82.13065919482247	0.5399503684538924	0.006402084173315979	0.02273189884149921
82.38469374821426	0.5415767261796154	0.006402141114723135	0.02273189884149921
82.63872830160604	0.543203098397028	0.006402198221791321	0.02273189884149921
82.89276285499781	0.5448294851482135	0.006402255494525481	0.02273189884149921
83.1467974083896	0.5464558864752554	0.00640231293293056	0.02273189884149921
83.40083196178138	0.5480823024202375	0.006402370537011501	0.02273189884149921
83.65486651517315	0.5497087330252428	0.006402428306773247	0.02273189884149921
83.90890106856494	0.5513351783323549	0.0064024862422207415	0.02273189884149921
84.16293562195672	0.5529616383836575	0.006402544343358929	0.02273189884149921
84.4169701753485	0.5545881132212338	0.0064026026101927525	0.02273189884149921
84.67100472874029	0.5562146028871673	0.006402661042727156	0.02273189884149921
84.92503928213206	0.5578411074235414	0.006402719640967082	0.02273189884149921
85.17907383552384	0.5594676268724399	0.006402778404917475	0.02273189884149921
85.43310838891563	0.5610941612759459	0.006402837334583278	0.02273189884149921
85.6871429423074	0.5627207106761429	0.006402896429969437	0.02273189884149921
85.94117749569916	0.5643472751151144	0.006402955691080892	0.02273189884149921
86.19521204909096	0.5659738546349441	0.006403015117922589	0.02273189884149921
86.44924660248273	0.5676004492777154	0.006403074710499471	0.02273189884149921
86.7032811558745	0.5692270590855113	0.006403134468816481	0.02273189884149921
86.9573157092663	0.5708536841004157	0.006403194392878563	0.02273189884149921
87.21135026265807	0.572480324364512	0.0064032544826906615	0.02273189884149921
87.46538481604985	0.5741069799198836	0.006403314738257718	0.02273189884149921
87.71941936944164	0.5757336508086139	0.006403375159584679	0.02273189884149921
87.97345392283341	0.5773603370727866	0.006403435746676485	0.02273189884149921
88.22748847622519	0.5789870387544849	0.006403496499538083	0.02273189884149921
88.48152302961698	0.5806137558957922	0.0064035574181744125	0.02273189884149921
88.73555758300876	0.5822404885387923	0.0064036185025904205	0.02273189884149921
88.98959213640053	0.5838672367255684	0.00640367975279105	0.02273189884149921
89.24362668979231	0.5854940004982041	0.006403741168781243	0.02273189884149921
89.4976612431841	0.5871207798987828	0.006403802750565945	0.02273189884149921
89.75169579657587	0.5887475749693879	0.006403864498150097	0.02273189884149921
90.00573034996765	0.590374385752103	0.006403926411538646	0.02273189884149921
90.25976490335943	0.5920012122890114	0.006403988490736533	0.02273189884149921
90.5137994567512	0.5936280546221967	0.006404050735748703	0.02273189884149921
90.76783401014298	0.5952549127937423	0.006404113146580099	0.02273189884149921
91.02186856353477	0.5968817868457316	0.006404175723235665	0.02273189884149921
91.27590311692654	0.5985086768202482	0.006404238465720344	0.02273189884149921
91.52993767031832	0.6001355827593754	0.0064043013740390795	0.02273189884149921
91.78397222371011	0.6017625047051969	0.006404364448196816	0.02273189884149921
92.03800677710188	0.6033894426997959	0.006404427688198496	0.02273189884149921
92.29204133049366	0.605016396785256	0.0064044910940490645	0.02273189884149921
92.54607588388545	0.6066433670036606	0.006404554665753464	0.02273189884149921
92.80011043727723	0.6082703533970932	0.006404618403316639	0.02273189884149921
93.054144990669	0.6098973560076373	0.006404682306743532	0.02273189884149921
93.30817954406079	0.6115243748773762	0.006404746376039087	0.02273189884149921
93.56221409745257	0.6131514100483935	0.0064048106112082484	0.02273189884149921
93.81624865084434	0.6147784615627727	0.006404875012255958	0.02273189884149921
94.07028320423613	0.6164055294625972	0.006404939579187162	0.02273189884149921
94.32431775762791	0.6180326137899504	0.006405004312006801	0.02273189884149921
94.57835231101967	0.6196597145869157	0.006405069210719821	0.02273189884149921
94.83238686441146	0.6212868318955769	0.006405134275331165	0.02273189884149921
95.08642141780324	0.6229139657580172	0.006405199505845775	0.02273189884149921
95.34045597119501	0.62454111621632	0.006405264902268597	0.02273189884149921
95.5944905245868	0.626168283312569	0.0064053304646045734	0.02273189884149921
95.84852507797858	0.6277954670888475	0.006405396192858648	0.02273189884149921
96.10255963137035	0.629422667587239	0.006405462087035765	0.02273189884149921
96.35659418476214	0.6310498848498267	0.006405528147140866	0.02273189884149921
96.61062873815392	0.6326771189186946	0.006405594373178896	0.02273189884149921
96.8646632915457	0.6343043698359259	0.006405660765154799	0.02273189884149921
97.11869784493749	0.6359316376436037	0.006405727323073518	0.02273189884149921
97.37273239832926	0.6375589223838121	0.006405794046939997	0.02273189884149921
97.62676695172104	0.6391862240986341	0.00640586093675918	0.02273189884149921
97.88080150511283	0.6408135428301533	0.006405927992536009	0.02273189884149921
98.1348360585046	0.6424408786204534	0.006405995214275428	0.02273189884149921
98.38887061189638	0.6440682315116173	0.006406062601982383	0.02273189884149921
98.64290516528816	0.6456956015457291	0.0064061301556618145	0.02273189884149921
98.89693971867995	0.6473229887648717	0.006406197875318667	0.02273189884149921
99.1509742720717	0.6489503932111289	0.006406265760957885	0.02273189884149921
99.40500882546348	0.6505778149265842	0.006406333812584411	0.02273189884149921
99.65904337885527	0.6522052539533209	0.00640640203020319	0.02273189884149921
99.91307793224705	0.6538327103334225	0.006406470413819165	0.02273189884149921
100.16711248563882	0.6554601841089722	0.0064065389634372786	0.02273189884149921
100.42114703903061	0.657087675322054	0.0064066076790624754	0.02273189884149921
100.67518159242239	0.658715184014751	0.0064066765606996985	0.02273189884149921
100.92921614581417	0.6603427102291468	0.006406745608353892	0.02273189884149921
101.18325069920596	0.6619702540073248	0.006406814822029999	0.02273189884149921
101.43728525259773	0.6635978153913684	0.0064068842017329635	0.02273189884149921
101.69131980598951	0.6652253944233611	0.006406953747467728	0.02273189884149921
101.9453543593813	0.6668529911453864	0.006407023459239239	0.02273189884149921
102.19938891277307	0.6684806055995278	0.006407093337052437	0.02273189884149921
102.45342346616485	0.6701082378278687	0.006407163380912267	0.02273189884149921
102.70745801955664	0.6717358878724926	0.006407233590823672	0.02273189884149921
102.96149257294842	0.6733635557754829	0.006407303966791596	0.02273189884149921
103.21552712634019	0.6749912415789232	0.006407374508820983	0.02273189884149921
103.46956167973197	0.6766189453248965	0.006407445216916776	0.02273189884149921
103.72359623312374	0.6782466670554868	0.0064075160910839184	0.02273189884149921
103.97763078651552	0.6798744068127776	0.0064075871313273546	0.02273189884149921
104.23166533990731	0.6815021646388519	0.006407658337652028	0.02273189884149921
104.48569989329908	0.6831299405757936	0.006407729710062882	0.02273189884149921
104.73973444669086	0.6847577346656857	0.006407801248564859	0.02273189884149921
104.99376900008265	0.6863855469506122	0.006407872953162905	0.02273189884149921
105.24780355347443	0.6880133774726562	0.006407944823861962	0.02273189884149921
105.5018381068662	0.6896412262739011	0.006408016860666973	0.02273189884149921
105.75587266025799	0.6912690933964305	0.006408089063582884	0.02273189884149921
106.00990721364977	0.692896978882328	0.006408161432614637	0.02273189884149921
106.26394176704154	0.694524882773677	0.006408233967767175	0.02273189884149921
106.51797632043333	0.6961528051125607	0.006408306669045443	0.02273189884149921
106.77201087382511	0.6977807459410628	0.006408379536454383	0.02273189884149921
107.02604542721689	0.6994087053012668	0.006408452569998941	0.02273189884149921
107.28007998060866	0.7010366832352559	0.006408525769684059	0.02273189884149921
107.53411453400045	0.7026646797851137	0.006408599135514679	0.02273189884149921
107.78814908739221	0.7042926949929238	0.006408672667495749	0.02273189884149921
108.04218364078399	0.7059207289007696	0.0064087463656322076	0.02273189884149921
108.29621819417578	0.7075487815507346	0.006408820229929002	0.02273189884149921
108.55025274756755	0.7091768529849021	0.006408894260391074	0.02273189884149921
108.80428730095933	0.7108049432453554	0.006408968457023369	0.02273189884149921
109.05832185435112	0.7124330523741784	0.0064090428198308284	0.02273189884149921
109.3123564077429	0.7140611804134545	0.006409117348818397	0.02273189884149921
109.56639096113467	0.7156893274052667	0.006409192043991018	0.02273189884149921
109.82042551452646	0.717317493391699	0.006409266905353635	0.02273189884149921
110.07446006791824	0.7189456784148347	0.0064093419329111926	0.02273189884149921
110.32849462131001	0.7205738825167569	0.006409417126668633	0.02273189884149921
110.5825291747018	0.7222021057395496	0.0064094924866309	0.02273189884149921
110.83656372809358	0.7238303481252959	0.006409568012802938	0.02273189884149921
111.09059828148536	0.7254586097160796	0.00640964370518969	0.02273189884149921
111.34463283487715	0.7270868905539836	0.0064097195637961004	0.02273189884149921
111.59866738826892	0.728715190681092	0.006409795588627112	0.02273189884149921
111.8527019416607	0.730343510139488	0.006409871779687669	0.02273189884149921
112.10673649505247	0.7319718489712546	0.006409948136982714	0.02273189884149921
112.36077104844425	0.733600207218476	0.006410024660517191	0.02273189884149921
112.61480560183603	0.7352285849232354	0.0064101013502960436	0.02273189884149921
112.86884015522782	0.7368569821276161	0.006410178206324216	0.02273189884149921
113.12287470861959	0.7384853988737017	0.006410255228606651	0.02273189884149921
113.37690926201137	0.7401138352035754	0.006410332417148294	0.02273189884149921
113.63094381540316	0.7417422911593214	0.0064104097719540854	0.02273189884149921
113.88497836879493	0.7433707667830223	0.006410487293028971	0.02273189884149921
114.13901292218671	0.744999262116762	0.006410564980377895	0.02273189884149921
114.3930474755785	0.746627777202624	0.0064106428340058	0.02273189884149921
114.64708202897027	0.7482563120826915	0.006410720853917628	0.02273189884149921
114.90111658236205	0.7498848667990481	0.006410799040118325	0.02273189884149921
115.15515113575384	0.7515134413937774	0.006410877392612834	0.02273189884149921
115.40918568914562	0.7531420359089627	0.0064109559114060985	0.02273189884149921
115.66322024253739	0.7547706503866873	0.006411034596503063	0.02273189884149921
115.91725479592918	0.7563992848690348	0.006411113447908668	0.02273189884149921
116.17128934932096	0.7580279393980889	0.0064111924656278605	0.02273189884149921
116.42532390271272	0.7596566140159329	0.006411271649665582	0.02273189884149921
116.6793584561045	0.7612853087646501	0.006411351000026778	0.02273189884149921
116.93339300949629	0.7629140236863241	0.00641143051671639	0.02273189884149921
117.18742756288806	0.7645427588230385	0.0064115101997393635	0.02273189884149921
117.44146211627984	0.7661715142168763	0.006411590049100641	0.02273189884149921
117.69549666967163	0.7678002899099217	0.006411670064805166	0.02273189884149921
117.9495312230634	0.7694290859442572	0.006411750246857882	0.02273189884149921
118.20356577645518	0.7710579023619673	0.006411830595263734	0.02273189884149921
118.45760032984697	0.7726867392051346	0.006411911110027664	0.02273189884149921
118.71163488323874	0.774315596515843	0.006411991791154616	0.02273189884149921
118.96566943663052	0.7759444743361761	0.006412072638649535	0.02273189884149921
119.21970399002231	0.7775733727082168	0.0064121536525173625	0.02273189884149921
119.47373854341409	0.7792022916740491	0.006412234832763043	0.02273189884149921
119.72777309680586	0.7808312312757562	0.00641231617939152	0.02273189884149921
119.98180765019765	0.7824601915554217	0.006412397692407737	0.02273189884149921
120.23584220358943	0.7840891725551289	0.006412479371816639	0.02273189884149921
120.4898767569812	0.7857181743169612	0.0064125612176231675	0.02273189884149921
120.74391131037298	0.7873471968830024	0.006412643229832267	0.02273189884149921
120.99794586376476	0.7889762402953358	0.006412725408448882	0.02273189884149921
121.25198041715653	0.7906053045960446	0.006412807753477954	0.02273189884149921
121.50601497054832	0.792234391899643	0.006412890274424651	0.02273189884149921
121.7600495239401	0.7938635029101804	0.006412972974277421	0.02273189884149921
122.01408407733187	0.7954926348680731	0.006413055840177265	0.02273189884149921
122.26811863072366	0.7971217878161325	0.006413138872132069	0.02273189884149921
122.52215318411544	0.7987509617971702	0.006413222070149716	0.02273189884149921
122.77618773750721	0.8003801568539977	0.0064133054342380875	0.02273189884149921
123.030222290899	0.8020093730294262	0.006413388964405071	0.02273189884149921
123.28425684429078	0.8036386103662673	0.00641347266065855	0.02273189884149921
123.53829139768256	0.8052678689073324	0.006413556523006408	0.02273189884149921
123.79232595107435	0.8068971486954329	0.00641364055145653	0.02273189884149921
124.04636050446612	0.8085264497733805	0.006413724746016799	0.02273189884149921
124.3003950578579	0.8101557721839864	0.006413809106695099	0.02273189884149921
124.55442961124969	0.8117851159700621	0.006413893633499316	0.02273189884149921
124.80846416464146	0.8134144811744191	0.006413978326437333	0.02273189884149921
125.06249871803323	0.8150438678398686	0.006414063185517033	0.02273189884149921
125.316533271425	0.8166732760092225	0.006414148210746302	0.02273189884149921
125.57056782481679	0.8183027057252918	0.006414233402133024	0.02273189884149921
125.82460237820857	0.8199321570308884	0.006414318759685082	0.02273189884149921
126.07863693160034	0.8215616299688234	0.006414404283410361	0.02273189884149921
126.33267148499213	0.8231911245819084	0.006414489973316745	0.02273189884149921
126.58670603838391	0.8248206409129547	0.006414575829412118	0.02273189884149921
126.84074059177568	0.826450179004774	0.006414661851704364	0.02273189884149921
127.09477514516747	0.8280797389001775	0.006414748040201367	0.02273189884149921
127.34880969855925	0.8297093206419768	0.006414834394911012	0.02273189884149921
127.60284425195103	0.8313389242729833	0.006414920915841183	0.02273189884149921
127.85687880534282	0.8329685498360083	0.006415007602999763	0.02273189884149921
128.1109133587346	0.8345981973738635	0.006415094456394638	0.02273189884149921
128.36494791212638	0.8362278669293604	0.006415181476033691	0.02273189884149921
128.61898246551814	0.8378575585453101	0.006415268661924806	0.02273189884149921
128.87301701890993	0.8394872722645242	0.006415356014075868	0.02273189884149921
129.1270515723017	0.841117008129814	0.00641544353249476	0.02273189884149921
129.38108612569346	0.8427467661839915	0.0064155312171893675	0.02273189884149921
129.63512067908525	0.8443765464698677	0.006415619068167573	0.02273189884149921
129.88915523247704	0.8460063490302541	0.006415707085437263	0.02273189884149921
130.1431897858688	0.8476361739079622	0.006415795269006319	0.02273189884149921
130.3972243392606	0.8492660211458034	0.006415883618882626	0.02273189884149921
130.65125889265238	0.8508958907865892	0.00641597213507407	0.02273189884149921
130.90529344604414	0.852525782873131	0.006416060817588533	0.02273189884149921
131.15932799943593	0.8541556974482403	0.0064161496664339	0.02273189884149921
131.41336255282772	0.8557856345547286	0.006416238681618055	0.02273189884149921
131.66739710621948	0.8574155942354071	0.0064163278631488825	0.02273189884149921
131.92143165961127	0.8590455765330876	0.006416417211034265	0.02273189884149921
132.17546621300306	0.8606755814905811	0.006416506725282089	0.02273189884149921
132.42950076639482	0.8623056091506995	0.006416596405900238	0.02273189884149921
132.6835353197866	0.8639356595562541	0.006416686252896596	0.02273189884149921
132.9375698731784	0.8655657327500562	0.0064167762662790465	0.02273189884149921
133.19160442657017	0.8671958287749174	0.006416866446055474	0.02273189884149921
133.44563897996196	0.8688259476736492	0.006416956792233763	0.02273189884149921
133.69967353335375	0.8704560894890628	0.006417047304821797	0.02273189884149921
133.9537080867455	0.8720862542639699	0.00641713798382746	0.02273189884149921
134.2077426401373	0.8737164420411818	0.006417228829258638	0.02273189884149921
134.4617771935291	0.8753466528635101	0.006417319841123214	0.02273189884149921
134.71581174692085	0.8769768867737661	0.006417411019429071	0.02273189884149921
134.96984630031264	0.8786071438147612	0.006417502364184095	0.02273189884149921
135.22388085370443	0.880237424029307	0.006417593875396169	0.02273189884149921
135.4779154070962	0.8818677274602149	0.006417685553073177	0.02273189884149921
135.73194996048798	0.8834980541502964	0.006417777397223004	0.02273189884149921
135.98598451387974	0.8851284041423627	0.0064178694078535345	0.02273189884149921
136.2400190672715	0.8867587774792256	0.006417961584972651	0.02273189884149921
136.4940536206633	0.8883891742036963	0.006418053928588239	0.02273189884149921
136.74808817405508	0.8900195943585865	0.006418146438708182	0.02273189884149921
137.00212272744685	0.8916500379867074	0.006418239115340366	0.02273189884149921
137.25615728083864	0.8932805051308704	0.006418331958492672	0.02273189884149921
137.51019183423043	0.8949109958338872	0.006418424968172986	0.02273189884149921
137.7642263876222	0.8965415101385692	0.006418518144389192	0.02273189884149921
138.01826094101398	0.8981720480877277	0.006418611487149174	0.02273189884149921
138.27229549440577	0.8998026097241743	0.0064187049964608165	0.02273189884149921
138.52633004779753	0.9014331950907203	0.0064187986723320024	0.02273189884149921
138.78036460118932	0.9030638042301772	0.006418892514770618	0.02273189884149921
139.03439915458108	0.9046944371853565	0.006418986523784546	0.02273189884149921
139.28843370797287	0.9063250939990696	0.00641908069938167	0.02273189884149921
139.54246826136466	0.9079557747141279	0.006419175041569876	0.02273189884149921
139.79650281475642	0.909586479373343	0.006419269550357046	0.02273189884149921
140.0505373681482	0.9112172080195263	0.006419364225751067	0.02273189884149921
140.30457192154	0.9128479606954891	0.00641945906775982	0.02273189884149921
140.55860647493176	0.9144787374440431	0.006419554076391191	0.02273189884149921
140.81264102832355	0.9161095383079996	0.006419649251653064	0.02273189884149921
141.06667558171534	0.91774036333017	0.006419744593553323	0.02273189884149921
141.3207101351071	0.9193712125533657	0.006419840102099852	0.02273189884149921
141.5747446884989	0.9210020860203983	0.006419935777300535	0.02273189884149921
141.8287792418907	0.9226329837740793	0.006420031619163256	0.02273189884149921
142.08281379528245	0.9242639058572201	0.0064201276276959	0.02273189884149921
142.33684834867424	0.9258948523126319	0.006420223802906351	0.02273189884149921
142.59088290206603	0.9275258231831265	0.006420320144802492	0.02273189884149921
142.8449174554578	0.9291568185115151	0.006420416653392208	0.02273189884149921
143.09895200884958	0.9307878383406094	0.006420513328683384	0.02273189884149921
143.35298656224137	0.9324188827132205	0.006420610170683903	0.02273189884149921
143.60702111563313	0.9340499516721601	0.006420707179401649	0.02273189884149921
143.86105566902492	0.9356810452602395	0.0064208043548445075	0.02273189884149921
144.1150902224167	0.9373121635202704	0.006420901697020361	0.02273189884149921
144.36912477580847	0.9389433064950641	0.006420999205937095	0.02273189884149921
144.62315932920023	0.9405744742274318	0.006421096881602592	0.02273189884149921
144.87719388259202	0.9422056667601852	0.0064211947240247385	0.02273189884149921
145.1312284359838	0.9438368841361359	0.006421292733211416	0.02273189884149921
145.38526298937558	0.9454681263980951	0.006421390909170511	0.02273189884149921
145.63929754276737	0.9470993935888744	0.006421489251909907	0.02273189884149921
145.89333209615913	0.9487306857512852	0.006421587761437487	0.02273189884149921
146.14736664955092	0.9503620029281388	0.006421686437761137	0.02273189884149921
146.4014012029427	0.9519933451622469	0.0064217852808887395	0.02273189884149921
146.65543575633447	0.9536247124964207	0.006421884290828179	0.02273189884149921
146.90947030972626	0.9552561049734718	0.00642198346758734	0.02273189884149921
147.16350486311805	0.9568875226362116	0.006422082811174107	0.02273189884149921
147.4175394165098	0.9585189655274516	0.006422182321596364	0.02273189884149921
147.6715739699016	0.9601504336900032	0.006422281998861995	0.02273189884149921
147.9256085232934	0.9617819271666779	0.006422381842978883	0.02273189884149921
148.17964307668515	0.963413446000287	0.0064224818539549144	0.02273189884149921
148.43367763007694	0.9650449902336422	0.006422582031797972	0.02273189884149921
148.68771218346873	0.9666765599095547	0.00642268237651594	0.02273189884149921
148.9417467368605	0.9683081550708361	0.006422782888116702	0.02273189884149921
149.19578129025228	0.9699397757602978	0.006422883566608144	0.02273189884149921
149.44981584364407	0.9715714220207512	0.006422984411998148	0.02273189884149921
149.70385039703584	0.9732030938950078	0.0064230854242946	0.02273189884149921
149.95788495042763	0.9748347914258791	0.006423186603505383	0.02273189884149921
150.21191950381942	0.9764665146561765	0.006423287949638382	0.02273189884149921
150.46595405721118	0.9780982636287114	0.006423389462701479	0.02273189884149921
150.71998861060297	0.9797300383862954	0.0064234911427025615	0.02273189884149921
150.97402316399476	0.9813618389717397	0.006423592989649511	0.02273189884149921
151.22805771738652	0.9829936654278559	0.006423695003550213	0.02273189884149921
151.4820922707783	0.9846255177974556	0.006423797184412551	0.02273189884149921
151.7361268241701	0.9862573961233498	0.006423899532244409	0.02273189884149921
151.99016137756186	0.9878893004483504	0.006424002047053672	0.02273189884149921
152.24419593095365	0.9895212308152688	0.006424104728848225	0.02273189884149921
152.49823048434544	0.9911531872669161	0.006424207577635949	0.02273189884149921
152.7522650377372	0.9927851698461041	0.006424310593424731	0.02273189884149921
153.006299591129	0.9944171785956442	0.006424413776222454	0.02273189884149921
153.26033414452075	0.9960492135583474	0.006424517126037002	0.02273189884149921
153.51436869791252	0.9976812747770258	0.00642462064287626	0.02273189884149921
153.7684032513043	0.9993133622944906	0.006424724326748112	0.02273189884149921
154.0224378046961	1.0009454761535532	0.006424828177660441	0.02273189884149921
154.27647235808786	1.002577616397025	0.006424932195621132	0.02273189884149921
154.53050691147965	1.0042097830677177	0.006425036380638069	0.02273189884149921
154.78454146487144	1.0058419762084423	0.006425140732719136	0.02273189884149921
155.0385760182632	1.0074741958620108	0.006425245251872218	0.02273189884149921
155.292610571655	1.0091064420712341	0.006425349938105199	0.02273189884149921
155.54664512504678	1.0107387148789242	0.006425454791425962	0.02273189884149921
155.80067967843854	1.012371014327892	0.006425559811842392	0.02273189884149921
156.05471423183033	1.0140033404609492	0.0064256649993623734	0.02273189884149921
156.30874878522212	1.0156356933209074	0.00642577035399379	0.02273189884149921
156.56278333861388	1.0172680729505779	0.006425875875744525	0.02273189884149921
156.81681789200567	1.018900479392772	0.006425981564622464	0.02273189884149921
157.07085244539743	1.0205329126903013	0.006426087420635491	0.02273189884149921
157.32488699878922	1.0221653728859774	0.00642619344379149	0.02273189884149921
157.57892155218101	1.0237978600226116	0.006426299634098344	0.02273189884149921
157.83295610557278	1.0254303741430153	0.006426405991563939	0.02273189884149921
158.08699065896457	1.02706291529	0.006426512516196158	0.02273189884149921
158.34102521235636	1.028695483506377	0.0064266192080028855	0.02273189884149921
158.59505976574812	1.030328078834958	0.0064267260669920055	0.02273189884149921
158.8490943191399	1.0319607013185543	0.006426833093171402	0.02273189884149921
159.1031288725317	1.0335933509999775	0.00642694028654896	0.02273189884149921
159.35716342592346	1.0352260279220389	0.006427047647132563	0.02273189884149921
159.61119797931525	1.03685873212755	0.006427155174930094	0.02273189884149921
159.86523253270704	1.038491463659322	0.006427262869949439	0.02273189884149921
160.1192670860988	1.0401242225601668	0.006427370732198482	0.02273189884149921
160.3733016394906	1.0417570088728956	0.006427478761685107	0.02273189884149921
160.62733619288238	1.0433898226403198	0.006427586958417197	0.02273189884149921
160.88137074627414	1.0450226639052511	0.006427695322402637	0.02273189884149921
161.13540529966593	1.0466555327105005	0.006427803853649311	0.02273189884149921
161.38943985305772	1.0482884290988799	0.006427912552165104	0.02273189884149921
161.64347440644949	1.0499213531132006	0.006428021417957899	0.02273189884149921
161.89750895984125	1.0515543047962737	0.006428130451035581	0.02273189884149921
162.15154351323304	1.0531872841909111	0.006428239651406033	0.02273189884149921
162.4055780666248	1.0548202913399243	0.00642834901907714	0.02273189884149921
162.6596126200166	1.0564533262861244	0.006428458554056786	0.02273189884149921
162.91364717340838	1.058086389072323	0.006428568256352856	0.02273189884149921
163.16768172680014	1.0597194797413318	0.006428678125973233	0.02273189884149921
163.42171628019193	1.061352598335962	0.006428788162925802	0.02273189884149921
163.67575083358372	1.0629857448990248	0.0064288983672184455	0.02273189884149921
163.92978538697548	1.064618919473332	0.006429008738859049	0.02273189884149921
164.18381994036727	1.066252122101695	0.006429119277855498	0.02273189884149921
164.43785449375906	1.067885352826925	0.006429229984215673	0.02273189884149921
164.69188904715082	1.0695186116918338	0.006429340857947462	0.02273189884149921
164.9459236005426	1.0711518987392328	0.006429451899058747	0.02273189884149921
165.1999581539344	1.0727852140119332	0.006429563107557412	0.02273189884149921
165.45399270732617	1.0744185575527467	0.006429674483451342	0.02273189884149921
165.70802726071796	1.0760519294044846	0.006429786026748422	0.02273189884149921
165.96206181410975	1.0776853296099582	0.006429897737456534	0.02273189884149921
166.2160963675015	1.0793187582119794	0.006430009615583563	0.02273189884149921
166.4701309208933	1.0809522152533593	0.0064301216611373935	0.02273189884149921
166.7241654742851	1.0825857007769095	0.00643023387412591	0.02273189884149921
166.97820002767685	1.0842192148254413	0.006430346254556996	0.02273189884149921
167.23223458106864	1.0858527574417662	0.006430458802438536	0.02273189884149921
167.48626913446043	1.0874863286686958	0.006430571517778413	0.02273189884149921
167.7403036878522	1.0891199285490414	0.006430684400584513	0.02273189884149921
167.99433824124398	1.0907535571256144	0.00643079745086472	0.02273189884149921
168.24837279463577	1.092387214441226	0.006430910668626917	0.02273189884149921
168.50240734802753	1.0940209005386885	0.006431024053878988	0.02273189884149921
168.75644190141932	1.0956546154608127	0.006431137606628818	0.02273189884149921
169.0104764548111	1.0972883592504101	0.006431251326884291	0.02273189884149921
169.26451100820287	1.0989221319502922	0.006431365214653291	0.02273189884149921
169.51854556159466	1.1005559336032704	0.006431479269943703	0.02273189884149921
169.77258011498645	1.1021897642521563	0.006431593492763409	0.02273189884149921
170.02661466837822	1.1038236239397614	0.006431707883120296	0.02273189884149921
170.28064922177	1.1054575127088968	0.006431822441022246	0.02273189884149921
170.53468377516177	1.107091430602374	0.006431937166477143	0.02273189884149921
170.78871832855353	1.1087253776630048	0.006432052059492874	0.02273189884149921
171.04275288194532	1.1103593539336005	0.0064321671200773195	0.02273189884149921
171.2967874353371	1.1119933594569726	0.006432282348238366	0.02273189884149921
171.55082198872887	1.1136273942759323	0.0064323977439838965	0.02273189884149921
171.80485654212066	1.1152614584332912	0.006432513307321796	0.02273189884149921
172.05889109551245	1.1168955519718609	0.006432629038259949	0.02273189884149921
172.3129256489042	1.1185296749344524	0.006432744936806237	0.02273189884149921
172.566960202296	1.1201638273638777	0.006432861002968548	0.02273189884149921
172.8209947556878	1.121798009302948	0.006432977236754763	0.02273189884149921
173.07502930907955	1.1234322207944747	0.006433093638172768	0.02273189884149921
173.32906386247134	1.1250664618812691	0.006433210207230446	0.02273189884149921
173.58309841586313	1.1267007326061431	0.006433326943935683	0.02273189884149921
173.8371329692549	1.1283350330119077	0.006433443848296361	0.02273189884149921
174.09116752264669	1.1299693631413747	0.006433560920320365	0.02273189884149921
174.34520207603848	1.1316037230373552	0.006433678160015579	0.02273189884149921
174.59923662943024	1.133238112742661	0.006433795567389888	0.02273189884149921
174.85327118282203	1.1348725323001032	0.006433913142451174	0.02273189884149921
175.1073057362138	1.1365069817524938	0.006434030885207324	0.02273189884149921
175.36134028960558	1.1381414611426435	0.00643414879566622	0.02273189884149921
175.61537484299737	1.139775970513364	0.006434266873835748	0.02273189884149921
175.86940939638913	1.1414105099074674	0.006434385119723791	0.02273189884149921
176.12344394978092	1.1430450793677642	0.006434503533338232	0.02273189884149921
176.3774785031727	1.1446796789370666	0.006434622114686957	0.02273189884149921
176.63151305656447	1.1463143086581853	0.00643474086377785	0.02273189884149921
176.88554760995626	1.1479489685739324	0.006434859780618795	0.02273189884149921
177.13958216334805	1.149583658727119	0.006434978865217675	0.02273189884149921
177.3936167167398	1.1512183791605568	0.0064350981175823755	0.02273189884149921
177.6476512701316	1.152853129917057	0.00643521753772078	0.02273189884149921
177.9016858235234	1.1544879110394315	0.006435337125640773	0.02273189884149921
178.15572037691516	1.1561227225704909	0.0064354568813502384	0.02273189884149921
178.40975493030695	1.1577575645530476	0.0064355768048570605	0.02273189884149921
178.66378948369874	1.1593924370299122	0.006435696896169123	0.02273189884149921
178.9178240370905	1.1610273400438968	0.00643581715529431	0.02273189884149921
179.17185859048226	1.1626622736378123	0.006435937582240508	0.02273189884149921
179.42589314387405	1.1642972378544707	0.006436058177015598	0.02273189884149921
179.6799276972658	1.1659322327366832	0.006436178939627465	0.02273189884149921
179.9339622506576	1.1675672583272614	0.006436299870083995	0.02273189884149921
180.1879968040494	1.1692023146690163	0.00643642096839307	0.02273189884149921
180.44203135744115	1.1708374018047598	0.006436542234562574	0.02273189884149921
180.69606591083294	1.1724725197773032	0.006436663668600393	0.02273189884149921
180.95010046422473	1.1741076686294578	0.00643678527051441	0.02273189884149921
181.2041350176165	1.1757428484040353	0.00643690704031251	0.02273189884149921
181.45816957100828	1.1773780591438472	0.006437028978002576	0.02273189884149921
181.71220412440007	1.1790133008917045	0.006437151083592492	0.02273189884149921
181.96623867779184	1.1806485736904189	0.006437273357090143	0.02273189884149921
182.22027323118363	1.182283877582802	0.006437395798503414	0.02273189884149921
182.47430778457542	1.183919212611665	0.006437518407840187	0.02273189884149921
182.72834233796718	1.1855545788198198	0.006437641185108348	0.02273189884149921
182.98237689135897	1.1871899762500775	0.00643776413031578	0.02273189884149921
183.23641144475076	1.1888254049452494	0.006437887243470368	0.02273189884149921
183.49044599814252	1.190460864948147	0.006438010524579995	0.02273189884149921
183.7444805515343	1.192096356301582	0.006438133973652546	0.02273189884149921
183.9985151049261	1.1937318790483658	0.0064382575906959056	0.02273189884149921
184.25254965831786	1.1953674332313096	0.006438381375717958	0.02273189884149921
184.50658421170965	1.1970030188932252	0.006438505328726586	0.02273189884149921
184.76061876510144	1.1986386360769237	0.006438629449729674	0.02273189884149921
185.0146533184932	1.2002742848252168	0.006438753738735107	0.02273189884149921
185.268687871885	1.2019099651809158	0.006438878195750769	0.02273189884149921
185.52272242527678	1.2035456771868323	0.006439002820784545	0.02273189884149921
185.77675697866854	1.2051814208857776	0.006439127613844317	0.02273189884149921
186.03079153206033	1.2068171963205632	0.00643925257493797	0.02273189884149921
186.28482608545212	1.2084530035340006	0.006439377704073389	0.02273189884149921
186.5388606388439	1.2100888425689011	0.006439503001258457	0.02273189884149921
186.79289519223568	1.2117247134680764	0.006439628466501059	0.02273189884149921
187.04692974562747	1.2133606162743376	0.006439754099809079	0.02273189884149921
187.30096429901923	1.2149965510304965	0.006439879901190402	0.02273189884149921
187.55499885241102	1.2166325177793644	0.00644000587065291	0.02273189884149921
187.80903340580278	1.2182685165637523	0.006440132008204489	0.02273189884149921
188.06306795919454	1.2199045474264727	0.0064402583138530225	0.02273189884149921
188.31710251258633	1.2215406104103361	0.0064403847876063946	0.02273189884149921
188.57113706597812	1.2231767055581544	0.006440511429472489	0.02273189884149921
188.82517161936988	1.2248128329127388	0.006440638239459191	0.02273189884149921
189.07920617276167	1.226448992516901	0.006440765217574384	0.02273189884149921
189.33324072615346	1.2280851844134524	0.006440892363825952	0.02273189884149921
189.58727527954522	1.2297214086452044	0.00644101967822178	0.02273189884149921
189.84130983293701	1.2313576652549683	0.006441147160769751	0.02273189884149921
190.0953443863288	1.232993954285556	0.00644127481147775	0.02273189884149921
190.34937893972057	1.2346302757797782	0.006441402630353661	0.02273189884149921
190.60341349311236	1.236266629780447	0.006441530617405368	0.02273189884149921
190.85744804650415	1.2379030163303737	0.0064416587726407555	0.02273189884149921
191.1114825998959	1.2395394354723694	0.006441787096067708	0.02273189884149921
191.3655171532877	1.241175887249246	0.006441915587694107	0.02273189884149921
191.6195517066795	1.2428123717038146	0.00644204424752784	0.02273189884149921
191.87358626007125	1.244448888878887	0.00644217307557679	0.02273189884149921
192.12762081346304	1.2460854388172744	0.006442302071848841	0.02273189884149921
192.3816553668548	1.2477220215617884	0.006442431236351877	0.02273189884149921
192.6356899202466	1.24935863715524	0.0064425605690937825	0.02273189884149921
192.88972447363838	1.2509952856404414	0.006442690070082441	0.02273189884149921
193.14375902703014	1.2526319670602035	0.006442819739325738	0.02273189884149921
193.39779358042193	1.2542686814573378	0.0064429495768315555	0.02273189884149921
193.65182813381372	1.255905428874656	0.00644307958260778	0.02273189884149921
193.90586268720548	1.2575422093549695	0.006443209756662294	0.02273189884149921
194.15989724059727	1.2591790229410895	0.006443340099002982	0.02273189884149921
194.41393179398906	1.2608158696758276	0.006443470609637729	0.02273189884149921
194.66796634738083	1.2624527496019953	0.006443601288574418	0.02273189884149921
194.92200090077262	1.2640896627624039	0.006443732135820934	0.02273189884149921
195.1760354541644	1.2657266091998651	0.006443863151385161	0.02273189884149921
195.43007000755617	1.2673635889571901	0.006443994335274983	0.02273189884149921
195.68410456094796	1.2690006020771905	0.006444125687498284	0.02273189884149921
195.93813911433975	1.2706376486026776	0.006444257208062948	0.02273189884149921
196.1921736677315	1.272274728576463	0.0064443888969768605	0.02273189884149921
196.4462082211233	1.273911842041358	0.006444520754247903	0.02273189884149921
196.70024277451506	1.2755489890401739	0.006444652779883963	0.02273189884149921
196.95427732790682	1.2771861696157227	0.006444784973892922	0.02273189884149921
197.2083118812986	1.2788233838108156	0.0064449173362826654	0.02273189884149921
197.4623464346904	1.2804606316682638	0.006445049867061077	0.02273189884149921
197.71638098808216	1.2820979132308792	0.006445182566236041	0.02273189884149921
197.97041554147395	1.2837352285414725	0.006445315433815442	0.02273189884149921
198.22445009486574	1.285372577642856	0.006445448469807163	0.02273189884149921
198.4784846482575	1.2870099605778407	0.006445581674219089	0.02273189884149921
198.7325192016493	1.2886473773892382	0.006445715047059104	0.02273189884149921
198.9865537550411	1.2902848281198596	0.006445848588335092	0.02273189884149921
199.24058830843285	1.2919223128125168	0.006445982298054938	0.02273189884149921
199.49462286182464	1.293559831510021	0.0064461161762265256	0.02273189884149921
199.74865741521643	1.295197384255184	0.006446250222857738	0.02273189884149921
200.0026919686082	1.2968349710908165	0.0064463844379564605	0.02273189884149921
200.25672652199998	1.2984725920597306	0.006446518821530577	0.02273189884149921
200.51076107539177	1.3001102472047377	0.006446653373587972	0.02273189884149921
200.76479562878353	1.3017479365686488	0.006446788094136529	0.02273189884149921
201.01883018217532	1.3033856601942757	0.006446922983184132	0.02273189884149921
201.2728647355671	1.30502341812443	0.006447058040738666	0.02273189884149921
201.52689928895887	1.306661210401923	0.006447193266808014	0.02273189884149921
201.78093384235066	1.308299037069566	0.006447328661400062	0.02273189884149921
202.03496839574245	1.3099368981701707	0.006447464224522693	0.02273189884149921
202.28900294913421	1.3115747937465478	0.00644759995618379	0.02273189884149921
202.543037502526	1.31321272384151	0.00644773585639124	0.02273189884149921
202.7970720559178	1.314850688497868	0.006447871925152924	0.02273189884149921
203.05110660930956	1.316488687758433	0.006448008162476728	0.02273189884149921
203.30514116270135	1.318126721666017	0.006448144568370537	0.02273189884149921
203.55917571609314	1.3197647902634313	0.006448281142842232	0.02273189884149921
203.8132102694849	1.3214028935934872	0.0064484178858997005	0.02273189884149921
204.0672448228767	1.3230410316989962	0.006448554797550825	0.02273189884149921
204.32127937626848	1.3246792046227698	0.00644869187780349	0.02273189884149921
204.57531392966024	1.3263174124076194	0.00644882912666558	0.02273189884149921
204.82934848305203	1.3279556550963565	0.006448966544144978	0.02273189884149921
205.08338303644382	1.3295939327317927	0.006449104130249569	0.02273189884149921
205.33741758983555	1.331232245356739	0.006449241884987237	0.02273189884149921
205.59145214322734	1.332870593014007	0.0064493798083658654	0.02273189884149921
205.84548669661913	1.3345089757464086	0.006449517900393341	0.02273189884149921
206.0995212500109	1.336147393596755	0.006449656161077544	0.02273189884149921
206.35355580340268	1.3377858466078574	0.006449794590426362	0.02273189884149921
206.60759035679447	1.3394243348225272	0.006449933188447678	0.02273189884149921
206.86162491018624	1.3410628582835764	0.006450071955149375	0.02273189884149921
207.11565946357803	1.342701417033816	0.00645021089053934	0.02273189884149921
207.36969401696982	1.3443400111160577	0.006450349994625453	0.02273189884149921
207.62372857036158	1.3459786405731127	0.006450489267415602	0.02273189884149921
207.87776312375337	1.3476173054477925	0.006450628708917669	0.02273189884149921
208.13179767714516	1.3492560057829086	0.0064507683191395385	0.02273189884149921
208.38583223053692	1.3508947416212724	0.006450908098089096	0.02273189884149921
208.6398667839287	1.3525335130056955	0.006451048045774223	0.02273189884149921
208.8939013373205	1.3541723199789892	0.006451188162202807	0.02273189884149921
209.14793589071226	1.355811162583965	0.006451328447382729	0.02273189884149921
209.40197044410405	1.3574500408634345	0.006451468901321875	0.02273189884149921
209.65600499749584	1.359088954860209	0.006451609524028128	0.02273189884149921
209.9100395508876	1.3607279046170997	0.006451750315509374	0.02273189884149921
210.1640741042794	1.3623668901769184	0.006451891275773495	0.02273189884149921
210.41810865767116	1.3640059115824765	0.0064520324048283765	0.02273189884149921
210.67214321106295	1.3656449688765853	0.0064521737026819025	0.02273189884149921
210.92617776445474	1.3672840621020563	0.006452315169341956	0.02273189884149921
211.1802123178465	1.3689231913017013	0.006452456804816423	0.02273189884149921
211.4342468712383	1.370562356518331	0.006452598609113187	0.02273189884149921
211.68828142463008	1.3722015577947575	0.006452740582240131	0.02273189884149921
211.94231597802184	1.373840795173792	0.006452882724205141	0.02273189884149921
212.19635053141363	1.375480068698246	0.0064530250350161	0.02273189884149921
212.45038508480542	1.377119378410931	0.006453167514680893	0.02273189884149921
212.70441963819718	1.3787587243546582	0.006453310163207402	0.02273189884149921
212.95845419158897	1.3803981065722395	0.0064534529806035135	0.02273189884149921
213.21248874498076	1.3820375251064858	0.006453595966877111	0.02273189884149921
213.46652329837252	1.383676980000209	0.006453739122036078	0.02273189884149921
213.7205578517643	1.3853164712962203	0.006453882446088299	0.02273189884149921
213.97459240515607	1.386955999037331	0.006454025939041659	0.02273189884149921
214.22862695854784	1.388595563266353	0.006454169600904041	0.02273189884149921
214.48266151193963	1.3902351640260973	0.00645431343168333	0.02273189884149921
214.73669606533142	1.3918748013593758	0.0064544574313874096	0.02273189884149921
214.99073061872318	1.3935144753089996	0.006454601600024164	0.02273189884149921
215.24476517211497	1.3951541859177803	0.006454745937601478	0.02273189884149921
215.49879972550676	1.3967939332285293	0.006454890444127235	0.02273189884149921
215.75283427889852	1.3984337172840582	0.006455035119609319	0.02273189884149921
216.0068688322903	1.400073538127178	0.006455179964055615	0.02273189884149921
216.2609033856821	1.4017133958007006	0.006455324977474006	0.02273189884149921
216.51493793907386	1.4033532903474373	0.006455470159872377	0.02273189884149921
216.76897249246565	1.4049932218101997	0.006455615511258612	0.02273189884149921
217.02300704585744	1.406633190231799	0.006455761031640596	0.02273189884149921
217.2770415992492	1.4082731956550467	0.006455906721026212	0.02273189884149921
217.531076152641	1.4099132381227544	0.006456052579423344	0.02273189884149921
217.78511070603278	1.411553317677733	0.006456198606839877	0.02273189884149921
218.03914525942454	1.4131934343627948	0.006456344803283695	0.02273189884149921
218.29317981281633	1.414833588220751	0.006456491168762682	0.02273189884149921
218.54721436620812	1.4164737792944126	0.006456637703284721	0.02273189884149921
218.80124891959989	1.4181140076265915	0.006456784406857698	0.02273189884149921
219.05528347299168	1.4197542732600987	0.006456931279489497	0.02273189884149921
219.30931802638347	1.4213945762377462	0.0064570783211880005	0.02273189884149921
219.56335257977523	1.423034916602345	0.006457225531961094	0.02273189884149921
219.81738713316702	1.4246752943967067	0.0064573729118166615	0.02273189884149921
220.0714216865588	1.426315709663643	0.0064575204607625865	0.02273189884149921
220.32545623995057	1.427956162445965	0.006457668178806755	0.02273189884149921
220.57949079334236	1.429596652786484	0.006457816065957049	0.02273189884149921
220.83352534673415	1.431237180728012	0.006457964122221353	0.02273189884149921
221.0875599001259	1.4328777463133604	0.006458112347607552	0.02273189884149921
221.3415944535177	1.4345183495853402	0.0064582607421235306	0.02273189884149921
221.5956290069095	1.4361589905867629	0.006458409305777171	0.02273189884149921
221.84966356030125	1.4377996693604405	0.006458558038576359	0.02273189884149921
222.10369811369304	1.4394403859491836	0.006458706940528978	0.02273189884149921
222.35773266708483	1.4410811403958044	0.006458856011642913	0.02273189884149921
222.61176722047657	1.442721932743114	0.006459005251926047	0.02273189884149921
222.86580177386836	1.444362763033924	0.006459154661386265	0.02273189884149921
223.11983632726015	1.4460036313110454	0.006459304240031451	0.02273189884149921
223.3738708806519	1.4476445376172902	0.006459453987869489	0.02273189884149921
223.6279054340437	1.44928548199547	0.006459603904908262	0.02273189884149921
223.8819399874355	1.4509264644883952	0.006459753991155657	0.02273189884149921
224.13597454082725	1.4525674851388786	0.006459904246619556	0.02273189884149921
224.39000909421904	1.4542085439897308	0.006460054671307843	0.02273189884149921
224.64404364761083	1.4558496410837631	0.006460205265228404	0.02273189884149921
224.8980782010026	1.4574907764637879	0.006460356028389121	0.02273189884149921
225.15211275439438	1.4591319501726157	0.006460506960797879	0.02273189884149921
225.40614730778617	1.4607731622530582	0.006460658062462563	0.02273189884149921
225.66018186117793	1.4624144127479273	0.006460809333391056	0.02273189884149921
225.91421641456972	1.4640557017000335	0.006460960773591243	0.02273189884149921
226.1682509679615	1.4656970291521894	0.006461112383071007	0.02273189884149921
226.42228552135327	1.4673383951472054	0.006461264161838233	0.02273189884149921
226.67632007474506	1.4689797997278937	0.006461416109900806	0.02273189884149921
226.93035462813685	1.4706212429370655	0.006461568227266608	0.02273189884149921
227.18438918152862	1.4722627248175324	0.006461720513943525	0.02273189884149921
227.4384237349204	1.4739042454121054	0.00646187296993944	0.02273189884149921
227.6924582883122	1.475545804763596	0.0064620255952622385	0.02273189884149921
227.94649284170396	1.4771874029148164	0.006462178389919803	0.02273189884149921
228.20052739509575	1.4788290399085775	0.006462331353920019	0.02273189884149921
228.4545619484875	1.4804707157876904	0.00646248448727077	0.02273189884149921
228.7085965018793	1.4821124305949671	0.00646263778997994	0.02273189884149921
228.9626310552711	1.483754184373219	0.006462791262055414	0.02273189884149921
229.21666560866285	1.4853959771652572	0.006462944903505075	0.02273189884149921
229.47070016205464	1.4870378090138936	0.006463098714336808	0.02273189884149921
229.72473471544643	1.488679679961939	0.006463252694558497	0.02273189884149921
229.9787692688382	1.4903215900522055	0.006463406844178026	0.02273189884149921
230.23280382222998	1.4919635393275046	0.006463561163203279	0.02273189884149921
230.48683837562177	1.4936055278306468	0.0064637156516421405	0.02273189884149921
230.74087292901353	1.4952475556044447	0.006463870309502495	0.02273189884149921
230.99490748240532	1.4968896226917092	0.006464025136792225	0.02273189884149921
231.24894203579709	1.4985317291352513	0.0064641801335192164	0.02273189884149921
231.50297658918885	1.5001738749778835	0.006464335299691353	0.02273189884149921
231.75701114258064	1.5018160602624167	0.006464490635316519	0.02273189884149921
232.01104569597243	1.503458285031662	0.006464646140402598	0.02273189884149921
232.2650802493642	1.5051005493284313	0.006464801814957474	0.02273189884149921
232.51911480275598	1.506742853195536	0.006464957658989032	0.02273189884149921
232.77314935614777	1.5083851966757877	0.0064651136725051555	0.02273189884149921
233.02718390953953	1.5100275798119975	0.006465269855513729	0.02273189884149921
233.28121846293132	1.511670002646977	0.006465426208022637	0.02273189884149921
233.5352530163231	1.5133124652235375	0.006465582730039763	0.02273189884149921
233.78928756971487	1.5149549675844907	0.006465739421572992	0.02273189884149921
234.04332212310666	1.5165975097726478	0.006465896282630206	0.02273189884149921
234.29735667649845	1.5182400918308208	0.006466053313219292	0.02273189884149921
234.5513912298902	1.5198827138018203	0.006466210513348132	0.02273189884149921
234.805425783282	1.5215253757284581	0.0064663678830246115	0.02273189884149921
235.0594603366738	1.523168077653546	0.006466525422256614	0.02273189884149921
235.31349489006556	1.524810819619895	0.006466683131052023	0.02273189884149921
235.56752944345735	1.526453601670317	0.0064668410094187246	0.02273189884149921
235.82156399684914	1.528096423847623	0.006466999057364602	0.02273189884149921
236.0755985502409	1.5297392861946246	0.006467157274897538	0.02273189884149921
236.3296331036327	1.531382188754133	0.006467315662025418	0.02273189884149921
236.58366765702448	1.5330251315689603	0.006467474218756127	0.02273189884149921
236.83770221041624	1.5346681146819177	0.006467632945097548	0.02273189884149921
237.09173676380803	1.536311138135816	0.006467791841057565	0.02273189884149921
237.34577131719982	1.5379542019734675	0.006467950906644063	0.02273189884149921
237.59980587059158	1.5395973062376833	0.006468110141864925	0.02273189884149921
237.85384042398337	1.5412404509712747	0.0064682695467280366	0.02273189884149921
238.10787497737516	1.5428836362170535	0.006468429121241281	0.02273189884149921
238.36190953076692	1.5445268620178307	0.006468588865412543	0.02273189884149921
238.6159440841587	1.546170128416418	0.006468748779249705	0.02273189884149921
238.8699786375505	1.5478134354556272	0.0064689088627606535	0.02273189884149921
239.12401319094226	1.549456783178269	0.006469069115953271	0.02273189884149921
239.37804774433405	1.5511001716271555	0.006469229538835443	0.02273189884149921
239.63208229772584	1.552743600845098	0.006469390131415053	0.02273189884149921
239.88611685111758	1.5543870708749075	0.006469550893699984	0.02273189884149921
240.14015140450937	1.5560305817593958	0.006469711825698122	0.02273189884149921
240.39418595790116	1.5576741335413744	0.00646987292741735	0.02273189884149921
240.64822051129292	1.5593177262636548	0.006470034198865553	0.02273189884149921
240.9022550646847	1.5609613599690484	0.006470195640050615	0.02273189884149921
241.1562896180765	1.5626050347003666	0.006470357250980419	0.02273189884149921
241.41032417146826	1.5642487505004206	0.00647051903166285	0.02273189884149921
241.66435872486005	1.5658925074120222	0.006470680982105793	0.02273189884149921
241.91839327825184	1.5675363054779827	0.006470843102317131	0.02273189884149921
242.1724278316436	1.5691801447411136	0.006471005392304749	0.02273189884149921
242.4264623850354	1.5708240252442265	0.00647116785207653	0.02273189884149921
242.68049693842718	1.5724679470301324	0.006471330481640359	0.02273189884149921
242.93453149181894	1.5741119101416432	0.006471493281004119	0.02273189884149921
243.18856604521073	1.5757559146215703	0.006471656250175696	0.02273189884149921
243.44260059860252	1.5773999605127247	0.006471819389162973	0.02273189884149921
243.6966351519943	1.5790440478579182	0.006471982697973834	0.02273189884149921
243.95066970538608	1.5806881766999623	0.006472146176616164	0.02273189884149921
244.20470425877787	1.5823323470816684	0.0064723098250978476	0.02273189884149921
244.45873881216963	1.583976559045848	0.006472473643426767	0.02273189884149921
244.71277336556142	1.5856208126353124	0.006472637631610808	0.02273189884149921
244.9668079189532	1.5872651078928732	0.006472801789657853	0.02273189884149921
245.22084247234497	1.5889094448613417	0.006472966117575789	0.02273189884149921
245.47487702573676	1.5905538235835293	0.006473130615372497	0.02273189884149921
245.72891157912855	1.5921982441022473	0.006473295283055864	0.02273189884149921
245.9829461325203	1.5938427064603076	0.0064734601206337715	0.02273189884149921
246.2369806859121	1.5954872107005216	0.006473625128114106	0.02273189884149921
246.49101523930386	1.5971317568657004	0.00647379030550475	0.02273189884149921
246.74504979269565	1.5987763449986558	0.006473955652813589	0.02273189884149921
246.99908434608744	1.6004209751421992	0.006474121170048506	0.02273189884149921
247.2531188994792	1.602065647339142	0.006474286857217385	0.02273189884149921
247.507153452871	1.6037103616322952	0.006474452714328111	0.02273189884149921
247.76118800626278	1.6053551180644707	0.006474618741388568	0.02273189884149921
248.01522255965455	1.6069999166784803	0.0064747849384066405	0.02273189884149921
248.26925711304634	1.6086447575171345	0.006474951305390212	0.02273189884149921
248.5232916664381	1.6102896406232454	0.006475117842347166	0.02273189884149921
248.77732621982986	1.6119345660396245	0.006475284549285388	0.02273189884149921
249.03136077322165	1.6135795338090833	0.006475451426212762	0.02273189884149921
249.28539532661344	1.6152245439744326	0.006475618473137172	0.02273189884149921
249.5394298800052	1.6168695965784843	0.006475785690066501	0.02273189884149921
249.793464433397	1.6185146916640503	0.006475953077008635	0.02273189884149921
250.04749898678878	1.6201598292739412	0.006476120633971457	0.02273189884149921
250.30153354018054	1.6218050094509688	0.006476288360962851	0.02273189884149921
250.55556809357233	1.6234502322379445	0.006476456257990702	0.02273189884149921
250.80960264696412	1.6250954976776801	0.0064766243250628935	0.02273189884149921
251.06363720035588	1.6267408058129866	0.00647679256218731	0.02273189884149921
251.31767175374767	1.6283861566866755	0.006476960969371836	0.02273189884149921
251.57170630713946	1.6300315503415588	0.006477129546624355	0.02273189884149921
251.82574086053123	1.6316769868204473	0.006477298293952751	0.02273189884149921
252.07977541392302	1.6333224661661525	0.006477467211364909	0.02273189884149921
252.3338099673148	1.634967988421486	0.006477636298868712	0.02273189884149921
252.58784452070657	1.6366135536292594	0.006477805556472045	0.02273189884149921
252.84187907409836	1.6382591618322841	0.006477974984182793	0.02273189884149921
253.09591362749015	1.6399048130733713	0.006478144582008838	0.02273189884149921
253.3499481808819	1.6415505073953325	0.006478314349958066	0.02273189884149921
253.6039827342737	1.6431962448409796	0.006478484288038359	0.02273189884149921
253.8580172876655	1.6448420254531233	0.006478654396257604	0.02273189884149921
254.11205184105725	1.6464878492745758	0.0064788246746236835	0.02273189884149921
254.36608639444904	1.648133716348148	0.006478995123144482	0.02273189884149921
254.62012094784083	1.6497796267166516	0.006479165741827883	0.02273189884149921
254.8741555012326	1.6514255804228979	0.006479336530681772	0.02273189884149921
255.12819005462435	1.653071577509698	0.006479507489714031	0.02273189884149921
