x	chi	dchidx	s0
2.702649564779039e-06	0.0	1.0	1
0.00027567025560746195	0.0002729676059901862	0.9999999994301196	1
0.0005486378616501448	0.0005459352116732666	0.9999999977499835	1
0.0008216054676928278	0.0008189028167464531	0.999999994962085	1
0.0010945730737355107	0.001091870420907437	0.9999999910664985	1
0.0013675406797781936	0.0013648380238538522	0.999999986062878	1
0.0016405082858208767	0.0016378056252832254	0.9999999799513198	1
0.0019134758918635596	0.0019107732248931251	0.9999999727318244	1
0.0021864434979062424	0.0021837408223811207	0.9999999644043918	1
0.0024594111039489253	0.002456708417444782	0.9999999549690219	1
0.002732378709991608	0.0027296760097816775	0.9999999444257153	1
0.003005346316034291	0.003002643599089377	0.9999999327744716	1
0.0032783139220769744	0.003275611185065449	0.9999999200152913	1
0.003551281528119657	0.0035485787674074624	0.9999999061481742	1
0.0038242491341623397	0.003821546345812987	0.9999998911731207	1
0.004097216740205022	0.004094513919979593	0.9999998750901307	1
0.004370184346247705	0.004367481489604847	0.9999998578992042	1
0.004643151952290388	0.0046404490543863215	0.9999998396003416	1
0.004916119558333071	0.004913416614021584	0.9999998201935426	1
0.005189087164375754	0.005186384168208203	0.9999997996788076	1
0.0054620547704184366	0.005459351716643749	0.9999997780561364	1
0.005735022376461119	0.005732319259025792	0.9999997553255291	1
0.006007989982503802	0.0060052867950519	0.9999997314869858	1
0.006280957588546485	0.006278254324419643	0.9999997065405066	1
0.006553925194589169	0.006551221846826589	0.9999996804860913	1
0.006826892800631852	0.0068241893619703075	0.9999996533237402	1
0.007099860406674535	0.007097156869548369	0.9999996250534532	1
0.007372828012717218	0.007370124369258341	0.9999995956752301	1
0.0076457956187599005	0.007643091860797799	0.9999995651890713	1
0.007918763224802583	0.007916059343864303	0.9999995335949764	1
0.008191730830845265	0.008189026818155429	0.9999995008929456	1
0.008464698436887949	0.008461994283368742	0.9999994670829789	1
0.008737666042930631	0.008734961739201815	0.9999994321650763	1
0.009010633648973315	0.009007929185352218	0.9999993961392375	1
0.009283601255015997	0.009280896621517517	0.9999993590054627	1
0.00955656886105868	0.00955386404739528	0.9999993207637518	1
0.009829536467101363	0.009826831462683082	0.9999992814141047	1
0.010102504073144046	0.01009979886707849	0.9999992409565214	1
0.010375471679186728	0.010372766260279073	0.9999991993910018	1
0.010648439285229412	0.010645733641982402	0.9999991567175458	1
0.010921406891272094	0.010918701011886042	0.9999991129361533	1
0.011194374497314778	0.011191668369687567	0.9999990680468244	1
0.01146734210335746	0.011464635715084543	0.999999022049559	1
0.011740309709400144	0.011737603047774539	0.9999989749443573	1
0.012013277315442826	0.012010570367455125	0.9999989267312192	1
0.01228624492148551	0.01228353767382387	0.9999988774101446	1
0.012559212527528191	0.012556504966578345	0.9999988269811334	1
0.012832180133570875	0.012829472245416116	0.9999987754441858	1
0.013105147739613559	0.013102439510034758	0.9999987227993016	1
0.013378115345656243	0.013375406760131834	0.9999986690464807	1
0.013651082951698925	0.013648373995404915	0.9999986141857232	1
0.013924050557741608	0.013921341215551572	0.9999985582170291	1
0.01419701816378429	0.014194308420269372	0.9999985011403981	1
0.014469985769826974	0.014467275609255887	0.9999984429558305	1
0.014742953375869656	0.014740242782208684	0.999998383663326	1
0.01501592098191234	0.015013209938825333	0.9999983232628848	1
0.015288888587955022	0.015286177078803403	0.9999982617545067	1
0.015561856193997706	0.015559144201840461	0.9999981991381915	1
0.01583482380004039	0.01583211130763408	0.9999981354139396	1
0.01610779140608307	0.01610507839588183	0.9999980705817505	1
0.016380759012125753	0.01637804546628127	0.9999980046416244	1
0.016653726618168437	0.016651012518529983	0.9999979375935611	1
0.01692669422421112	0.016923979552325528	0.9999978694375607	1
0.0171996618302538	0.01719694656736548	0.9999978001736232	1
0.017472629436296485	0.017469913563347407	0.9999977298017484	1
0.01774559704233917	0.01774288053996887	0.9999976583219363	1
0.018018564648381852	0.01801584749692745	0.9999975857341868	1
0.018291532254424533	0.01828881443392071	0.9999975120385	1
0.018564499860467217	0.01856178135064622	0.9999974372348758	1
0.0188374674665099	0.018834748246801543	0.999997361323314	1
0.019110435072552584	0.019107715122084257	0.9999972843038146	1
0.019383402678595264	0.01938068197619193	0.9999972061763778	1
0.019656370284637948	0.019653648808822123	0.9999971269410032	1
0.019929337890680632	0.01992661561967242	0.9999970465976908	1
0.020202305496723312	0.02019958240844037	0.9999969651464409	1
0.020475273102765996	0.020472549174823555	0.9999968825872529	1
0.02074824070880868	0.02074551591851954	0.9999967989201272	1
0.021021208314851363	0.021018482639225896	0.9999967141450635	1
0.021294175920894044	0.02129144933664019	0.9999966282620618	1
0.021567143526936727	0.02156441601045999	0.999996541271122	1
0.02184011113297941	0.021837382660382862	0.9999964531722442	1
0.022113078739022095	0.022110349286106383	0.9999963639654281	1
0.022386046345064775	0.022383315887328118	0.9999962736506739	1
0.02265901395110746	0.02265628246374564	0.9999961822279813	1
0.022931981557150143	0.022929249015056503	0.9999960896973503	1
0.023204949163192826	0.02320221554095829	0.9999959960587809	1
0.023477916769235507	0.023475182041148564	0.999995901312273	1
0.02375088437527819	0.023748148515324894	0.9999958054578265	1
0.024023851981320874	0.024021114963184848	0.9999957084954414	1
0.024296819587363558	0.024294081384426	0.9999956104251175	1
0.024569787193406238	0.024567047778745917	0.9999955112468549	1
0.024842754799448922	0.02484001414584216	0.9999954109606536	1
0.025115722405491606	0.0251129804854123	0.9999953095665132	1
0.02538869001153429	0.025385946797153912	0.9999952070644339	1
0.02566165761757697	0.025658913080764564	0.9999951034544156	1
0.025934625223619653	0.025931879335941814	0.999994998736458	1
0.02620759282966234	0.02620484556238325	0.9999948929105613	1
0.026480560435705024	0.026477811759786418	0.9999947859767253	1
0.026753528041747705	0.0267507779278489	0.99999467793495	1
0.02702649564779039	0.027023744066268264	0.9999945687852352	1
