x	chi	dchidx	s0
0.0010593300427523859	0.0	0.23417798851735688	0.23417798851735688
0.014661470307336383	0.0031853125327282053	0.23417606440267127	0.23417798851735688
0.028263610571920377	0.006370576263384081	0.23417081299124048	0.23417798851735688
0.04186575083650438	0.009555745935645066	0.2341622344712549	0.23417798851735688
0.05546789110108838	0.012740776293899175	0.2341503288524635	0.23417798851735688
0.06907003136567237	0.01592562208256148	0.234135096141676	0.23417798851735688
0.08267217163025636	0.019110238046068432	0.2341165363437478	0.23417798851735688
0.09627431189484036	0.022294578928877908	0.23409464946158023	0.23417798851735688
0.10987645215942435	0.02547859947546917	0.23406943549612044	0.23417798851735688
0.12347859242400835	0.028662254430342878	0.23404089444636134	0.23417798851735688
0.13708073268859236	0.0318454985380211	0.23400902630934173	0.23417798851735688
0.15068287295317637	0.0350282865430473	0.23397383108014624	0.23417798851735688
0.16428501321776035	0.03821057317993721	0.2339353087600543	0.23417798851735688
0.17788715348234432	0.04139231317389844	0.23389345935939215	0.23417798851735688
0.19148929374692833	0.04457346127212408	0.23384828287261242	0.23417798851735688
0.20509143401151234	0.04775397222226781	0.2337997792933748	0.23417798851735688
0.21869357427609634	0.05093380077173183	0.23374794861508283	0.23417798851735688
0.23229571454068032	0.05411290166766687	0.23369279083088387	0.23417798851735688
0.24589785480526433	0.057291229656972184	0.23363430593366927	0.23417798851735688
0.25949999506984833	0.06046873948629554	0.2335724939160741	0.23417798851735688
0.27310213533443234	0.06364538590203321	0.23350735477047743	0.23417798851735688
0.28670427559901634	0.06682112365033004	0.2334388884890021	0.23417798851735688
0.30030641586360035	0.06999590747707936	0.23336709506351486	0.23417798851735688
0.3139085561281843	0.07316969212792301	0.23329197448562636	0.23417798851735688
0.3275106963927683	0.07634243234825139	0.23321352674669107	0.23417798851735688
0.34111283665735237	0.07951408288320341	0.23313175183780735	0.23417798851735688
0.3547149769219363	0.08268459847766646	0.2330466497498174	0.23417798851735688
0.3683171171865204	0.08585393387627653	0.23295822047330736	0.23417798851735688
0.38191925745110433	0.08902204382341805	0.23286646399860714	0.23417798851735688
0.39552139771568834	0.09218888306322406	0.2327713803157906	0.23417798851735688
0.40912353798027234	0.09535440633957604	0.2326729694146754	0.23417798851735688
0.42272567824485635	0.09851856839610403	0.23257123128482315	0.23417798851735688
0.4363278185094403	0.10168132397618661	0.23246616591553929	0.23417798851735688
0.4499299587740243	0.10484262782295083	0.23235777329587307	0.23417798851735688
0.4635320990386083	0.10800243467927233	0.23224605341461774	0.23417798851735688
0.47713423930319226	0.1111606992877752	0.23213100626031025	0.23417798851735688
0.4907363795677763	0.11431737639083209	0.23201263182123158	0.23417798851735688
0.5043385198323603	0.1174724207305642	0.23189093008540648	0.23417798851735688
0.5179406600969443	0.12062578704884121	0.23176590104060363	0.23417798851735688
0.5315428003615282	0.1237774300872813	0.23163754467433548	0.23417798851735688
0.5451449406261123	0.12692730458725127	0.23150586097385847	0.23417798851735688
0.5587470808906962	0.13007536528986635	0.23137084992617285	0.23417798851735688
0.5723492211552803	0.1332215669359903	0.23123251151802268	0.23417798851735688
0.5859513614198643	0.13636586426623543	0.23109084573589603	0.23417798851735688
0.5995535016844483	0.13950821202096256	0.2309458525660247	0.23417798851735688
0.6131556419490323	0.14264856494028105	0.23079753199438446	0.23417798851735688
0.6267577822136163	0.14578687776404883	0.2306458840066949	0.23417798851735688
0.6403599224782003	0.14892310523187213	0.23049090858841945	0.23417798851735688
0.6539620627427842	0.15205720208310602	0.23033260572476544	0.23417798851735688
0.6675642030073682	0.1551891230568539	0.23017097540068412	0.23417798851735688
0.6811663432719524	0.1583188228919677	0.23000601760087053	0.23417798851735688
0.6947684835365363	0.16144625632704795	0.2298377323097636	0.23417798851735688
0.7083706238011203	0.1645713781004435	0.22966611951154617	0.23417798851735688
0.7219727640657042	0.16769414295025206	0.22949117919014486	0.23417798851735688
0.7355749043302883	0.17081450561431963	0.22931291132923026	0.23417798851735688
0.7491770445948722	0.17393242083024069	0.22913131591221678	0.23417798851735688
0.7627791848594563	0.17704784333535845	0.2289463929222627	0.23417798851735688
0.7763813251240402	0.18016072786676446	0.22875814234227015	0.23417798851735688
0.7899834653886243	0.18327102916129884	0.22856656415488516	0.23417798851735688
0.8035856056532082	0.1863787019555503	0.22837165834249762	0.23417798851735688
0.8171877459177922	0.18948370098585599	0.22817342488724127	0.23417798851735688
0.8307898861823761	0.19258598098830154	0.22797186377099377	0.23417798851735688
0.8443920264469603	0.19568549669872132	0.22776697497537657	0.23417798851735688
0.8579941667115443	0.19878220285269807	0.22755875848175505	0.23417798851735688
0.8715963069761282	0.20187605418556284	0.22734721427123847	0.23417798851735688
0.8851984472407122	0.20496700543239568	0.22713234232467988	0.23417798851735688
0.8988005875052961	0.20805501132802476	0.22691414262267628	0.23417798851735688
0.9124027277698803	0.211140026607027	0.2266926151455685	0.23417798851735688
0.9260048680344642	0.2142220060037277	0.2264677598734412	0.23417798851735688
0.9396070082990482	0.2173009042522007	0.22623957678612303	0.23417798851735688
0.9532091485636321	0.22037667608626854	0.22600806586318636	0.23417798851735688
0.9668112888282162	0.223449276239502	0.22577322708394754	0.23417798851735688
0.9804134290928003	0.22651865944522054	0.22553506042746674	0.23417798851735688
0.9940155693573842	0.22958478043649228	0.225293565872548	0.23417798851735688
1.007617709621968	0.2326475939461335	0.22504874339773928	0.23417798851735688
1.0212198498865523	0.23570705470670936	0.22480059298133231	0.23417798851735688
1.0348219901511362	0.23876311745053339	0.22454911460136276	0.23417798851735688
1.0484241304157202	0.24181573690966757	0.22429430823561014	0.23417798851735688
1.062026270680304	0.24486486781592254	0.22403617386159788	0.23417798851735688
1.0756284109448881	0.2479104649008574	0.2237747114565932	0.23417798851735688
1.0892305512094722	0.25095248289577965	0.22350992099760725	0.23417798851735688
1.1028326914740563	0.2539908765317457	0.223241802461395	0.23417798851735688
1.11643483173864	0.25702560053955986	0.22297035582445532	0.23417798851735688
1.1300369720032242	0.2600566096497756	0.22269558106303097	0.23417798851735688
1.1436391122678082	0.2630838585926947	0.22241747815310853	0.23417798851735688
1.157241252532392	0.2661073020983671	0.22213604707041848	0.23417798851735688
1.1708433927969761	0.2691268948965917	0.22185128779043517	0.23417798851735688
1.1844455330615602	0.27214259171691574	0.22156320028837675	0.23417798851735688
1.1980476733261443	0.27515434728863514	0.22127178453920537	0.23417798851735688
1.211649813590728	0.2781621163407942	0.22097704051762695	0.23417798851735688
1.2252519538553122	0.28116616691587903	0.22067858518804018	0.23417798851735688
1.238854094119896	0.2841668523949401	0.22037183604379157	0.23417798851735688
1.2524562343844803	0.28716326758835703	0.22005284619767052	0.23417798851735688
1.2660583746490641	0.2901547791433571	0.21972295306267137	0.23417798851735688
1.2796605149136482	0.2931411123120451	0.21938886040560499	0.23417798851735688
1.293262655178232	0.29612235095140305	0.21906263834709871	0.23417798851735688
1.306864795442816	0.29909893752329053	0.2187617233615964	0.23417798851735688
1.3204669357074001	0.30207167309444444	0.21850891827735838	0.23417798851735688
1.3340690759719838	0.3050417173364788	0.21833239227646153	0.23417798851735688
1.347671216236568	0.30801058852588553	0.2182656808947992	0.23417798851735688
1.3569261003319506	0.31003061436543045	0.21826616952659994	0.23417798851735688
1.3661809844273332	0.31205064474020633	0.2182666610605447	0.23417798851735688
1.3754358685227162	0.3140706796771154	0.21826715549682507	0.23417798851735688
1.3846907526180987	0.31609071920305953	0.2182676528356325	0.23417798851735688
1.3939456367134813	0.318110763344941	0.21826815307715852	0.23417798851735688
1.403200520808864	0.32013081212966177	0.2182686562215947	0.23417798851735688
1.4124554049042466	0.3221508655841239	0.21826916226913254	0.23417798851735688
1.4217102889996291	0.32417092373522965	0.21826967121996355	0.23417798851735688
1.4309651730950121	0.326190986609881	0.21827018307427928	0.23417798851735688
1.4402200571903947	0.32821105423498	0.21827069783227124	0.23417798851735688
1.4494749412857773	0.33023112663742876	0.21827121549413095	0.23417798851735688
1.45872982538116	0.3322512038441293	0.21827173606004996	0.23417798851735688
1.4679847094765426	0.33427128588198385	0.21827225953021975	0.23417798851735688
1.4772395935719251	0.3362913727778944	0.2182727859048319	0.23417798851735688
1.4864944776673081	0.33831146455876315	0.2182733151840779	0.23417798851735688
1.4957493617626907	0.34033156125149194	0.21827384736814925	0.23417798851735688
1.5050042458580735	0.3423516628829831	0.21827438245723754	0.23417798851735688
1.514259129953456	0.34437176948013853	0.21827492045153424	0.23417798851735688
1.5235140140488386	0.34639188106986046	0.2182754613512309	0.23417798851735688
1.5327688981442213	0.3484119976790509	0.21827600515651904	0.23417798851735688
1.5420237822396041	0.350432119334612	0.2182765518675902	0.23417798851735688
1.5512786663349867	0.3524522460634457	0.21827710148463586	0.23417798851735688
1.5605335504303695	0.3544723778924542	0.2182776540078476	0.23417798851735688
1.569788434525752	0.3564925148485396	0.2182782094374169	0.23417798851735688
1.5790433186211346	0.35851265695860396	0.2182787677735353	0.23417798851735688
1.5882982027165176	0.36053280424954937	0.21827932901639432	0.23417798851735688
1.5975530868119001	0.3625529567482778	0.2182798931661855	0.23417798851735688
1.606807970907283	0.3645731144816915	0.21828046022310038	0.23417798851735688
1.6160628550026654	0.36659327747669246	0.21828103018733042	0.23417798851735688
1.625317739098048	0.3686134457601828	0.21828160305906721	0.23417798851735688
1.6345726231934308	0.3706336193590646	0.21828217883850223	0.23417798851735688
1.6438275072888133	0.37265379830023987	0.21828275752582701	0.23417798851735688
1.653082391384196	0.3746739826106109	0.21828333912123313	0.23417798851735688
1.6623372754795789	0.3766941723170796	0.21828392362491203	0.23417798851735688
1.6715921595749614	0.37871436744654796	0.21828451103705532	0.23417798851735688
1.680847043670344	0.3807345680259183	0.21828510135785445	0.23417798851735688
1.6901019277657268	0.3827547740820926	0.21828569458750097	0.23417798851735688
1.6993568118611095	0.384774985641973	0.21828629072618644	0.23417798851735688
1.7086116959564923	0.38679520273246143	0.21828688977410232	0.23417798851735688
1.7178665800518749	0.3888154253804601	0.2182874917314402	0.23417798851735688
1.7271214641472574	0.3908356536128711	0.21828809659839155	0.23417798851735688
1.7363763482426402	0.3928558874565964	0.21828870437514794	0.23417798851735688
1.745631232338023	0.3948761275595197	0.2182893149905379	0.23417798851735688
1.7548861164334053	0.39689637344070594	0.2182899285039069	0.23417798851735688
1.7641410005287883	0.39891662499750685	0.2182905449303125	0.23417798851735688
1.7733958846241709	0.400936882257034	0.21829116426981998	0.23417798851735688
1.7826507687195534	0.4029571452463992	0.21829178652249476	0.23417798851735688
1.7919056528149362	0.4049774139927143	0.21829241168840222	0.23417798851735688
1.8011605369103187	0.40699768852309115	0.21829303976760772	0.23417798851735688
1.8104154210057017	0.4090179688646415	0.21829367076017664	0.23417798851735688
1.8196703051010843	0.411038255044477	0.21829430466617433	0.23417798851735688
1.8289251891964668	0.41305854708970957	0.21829494148566617	0.23417798851735688
1.8381800732918496	0.41507884502745107	0.21829558121871756	0.23417798851735688
1.8474349573872322	0.41709914888481314	0.21829622386539385	0.23417798851735688
1.856689841482615	0.41911945868890776	0.2182968694257604	0.23417798851735688
1.8659447255779973	0.4211397744668465	0.21829751789988258	0.23417798851735688
1.8751996096733803	0.4231600962457413	0.2182981692878258	0.23417798851735688
1.8844544937687628	0.42518042405270395	0.2182988235896554	0.23417798851735688
1.8937093778641456	0.4272007579148462	0.21829948080543676	0.23417798851735688
1.9029642619595282	0.4292210978592798	0.21830014093523528	0.23417798851735688
1.9122191460549107	0.43124144391311664	0.21830080397911628	0.23417798851735688
1.9214740301502937	0.43326179610346854	0.21830146993714514	0.23417798851735688
1.9307289142456763	0.43528215445744717	0.21830213880938726	0.23417798851735688
1.939983798341059	0.4373025190021643	0.218302810595908	0.23417798851735688
1.9492386824364416	0.43932288976473194	0.21830348529677274	0.23417798851735688
1.9584935665318242	0.44134326677226166	0.21830416291204682	0.23417798851735688
1.9677484506272072	0.4433636500518654	0.21830484344179565	0.23417798851735688
1.9770033347225897	0.44538403963065487	0.2183055268860846	0.23417798851735688
1.9862582188179723	0.44740443553574183	0.218306213244979	0.23417798851735688
1.995513102913355	0.44942483779423814	0.2183069025185443	0.23417798851735688
2.0047679870087376	0.4514452464332556	0.21830759470684577	0.23417798851735688
2.0140228711041206	0.4534656614799061	0.21830828980994885	0.23417798851735688
2.0232777551995027	0.4554860829613011	0.2183089878279189	0.23417798851735688
2.0325326392948857	0.4575065109045528	0.2183096887608213	0.23417798851735688
2.0417875233902683	0.45952694533677274	0.21831039260872137	0.23417798851735688
2.051042407485651	0.46154738628507275	0.21831109937168455	0.23417798851735688
2.060297291581034	0.46356783377656463	0.21831180904977618	0.23417798851735688
2.0695521756764164	0.46558828783836026	0.21831252164306164	0.23417798851735688
2.0788070597717994	0.4676087484975714	0.2183132371516063	0.23417798851735688
2.088061943867182	0.4696292157813097	0.21831395557547553	0.23417798851735688
2.0973168279625645	0.4716496897166871	0.2183146769147347	0.23417798851735688
2.106571712057947	0.4736701703308154	0.21831540116944917	0.23417798851735688
2.1158265961533296	0.4756906576508063	0.21831612833968433	0.23417798851735688
2.1250814802487126	0.4777111517037717	0.21831685842550555	0.23417798851735688
2.1343363643440947	0.47973165251682326	0.21831759142697818	0.23417798851735688
2.1435912484394777	0.48175216011707295	0.21831832734416765	0.23417798851735688
2.1528461325348602	0.48377267453163236	0.21831906617713925	0.23417798851735688
2.1621010166302432	0.48579319578761343	0.21831980792595843	0.23417798851735688
2.171355900725626	0.48781372391212796	0.2183205525906905	0.23417798851735688
2.1806107848210083	0.4898342589322876	0.21832130017140086	0.23417798851735688
2.1898656689163913	0.49185480087520433	0.2183220506681549	0.23417798851735688
2.199120553011774	0.4938753497679898	0.21832280408101795	0.23417798851735688
2.2083754371071564	0.4958959056377559	0.2183235604100554	0.23417798851735688
2.217630321202539	0.49791646851161425	0.21832431965533267	0.23417798851735688
2.2268852052979216	0.49993703841667686	0.21832508181691504	0.23417798851735688
2.2361400893933046	0.5019576153800555	0.21832584689486795	0.23417798851735688
2.245394973488687	0.5039781994288617	0.21832661488925673	0.23417798851735688
2.2546498575840697	0.5059987905902077	0.2183273858001468	0.23417798851735688
2.2639047416794527	0.5080193888912049	0.2183281596276035	0.23417798851735688
2.273159625774835	0.5100399943589652	0.21832893637169218	0.23417798851735688
2.282414509870218	0.5120606070206005	0.21832971603247828	0.23417798851735688
2.2916693939656003	0.5140812269032224	0.2183304986100271	0.23417798851735688
2.3009242780609833	0.516101854033943	0.21833128410440403	0.23417798851735688
2.310179162156366	0.5181224884398739	0.2183320725156745	0.23417798851735688
2.3194340462517484	0.5201431301481267	0.2183328638439038	0.23417798851735688
2.328688930347131	0.5221637791858136	0.21833365808915733	0.23417798851735688
2.3379438144425135	0.524184435580046	0.2183344552515005	0.23417798851735688
2.3471986985378965	0.5262050993579361	0.21833525533099862	0.23417798851735688
2.356453582633279	0.5282257705465954	0.21833605832771713	0.23417798851735688
2.365708466728662	0.5302464491731357	0.21833686424172133	0.23417798851735688
2.3749633508240446	0.5322671352646688	0.21833767307307667	0.23417798851735688
2.384218234919427	0.5342878288483067	0.21833848482184842	0.23417798851735688
2.39347311901481	0.5363085299511611	0.21833929948810205	0.23417798851735688
2.4027280031101923	0.5383292386003435	0.2183401170719029	0.23417798851735688
2.4119828872055753	0.5403499548229661	0.21834093757331632	0.23417798851735688
2.421237771300958	0.5423706786461405	0.21834176099240768	0.23417798851735688
2.4304926553963404	0.5443914100969786	0.2183425873292424	0.23417798851735688
2.4397475394917234	0.546412149202592	0.2183434165838858	0.23417798851735688
2.449002423587106	0.5484328959900926	0.21834424875640326	0.23417798851735688
2.4582573076824885	0.5504536504865922	0.2183450838468602	0.23417798851735688
2.4675121917778715	0.5524744127192027	0.21834592185532192	0.23417798851735688
2.476767075873254	0.5544951827150357	0.21834676278185386	0.23417798851735688
2.4860219599686366	0.5565159605012031	0.21834760662652133	0.23417798851735688
2.495276844064019	0.5585367461048166	0.21834845338938977	0.23417798851735688
2.504531728159402	0.5605575395529883	0.21834930307052447	0.23417798851735688
2.5137866122547843	0.5625783408728295	0.21835015566999086	0.23417798851735688
2.5230414963501673	0.5645991500914523	0.2183510111878543	0.23417798851735688
2.53229638044555	0.5666199672359686	0.21835186962418016	0.23417798851735688
2.5415512645409324	0.5686407923334899	0.21835273097903382	0.23417798851735688
2.5508061486363154	0.5706616254111282	0.21835359525248063	0.23417798851735688
2.560061032731698	0.5726824664959951	0.21835446244458598	0.23417798851735688
2.569315916827081	0.5747033156152027	0.21835533255541523	0.23417798851735688
2.5785708009224635	0.5767241727958625	0.21835620558503374	0.23417798851735688
2.587825685017846	0.5787450380650865	0.21835708153350694	0.23417798851735688
2.5970805691132286	0.5807659114499862	0.21835796040090014	0.23417798851735688
2.606335453208611	0.5827867929776738	0.21835884218727875	0.23417798851735688
2.615590337303994	0.5848076826752608	0.2183597268927081	0.23417798851735688
2.6248452213993763	0.586828580569859	0.21836061451725358	0.23417798851735688
2.6341001054947593	0.5888494866885804	0.2183615050609806	0.23417798851735688
2.643354989590142	0.5908704010585367	0.2183623985239545	0.23417798851735688
2.652609873685525	0.5928913237068395	0.21836329490624062	0.23417798851735688
2.6618647577809074	0.5949122546606009	0.2183641942079044	0.23417798851735688
2.67111964187629	0.5969331939469324	0.21836509642901117	0.23417798851735688
2.680374525971673	0.598954141592946	0.2183660015696263	0.23417798851735688
2.689629410067056	0.6009750976257536	0.21836690962981517	0.23417798851735688
2.698884294162438	0.6029960620724666	0.21836782060964316	0.23417798851735688
2.70813917825782	0.605017034960197	0.21836873450917563	0.23417798851735688
2.717394062353203	0.6070380163160567	0.21836965132847797	0.23417798851735688
2.726648946448586	0.6090590061671575	0.2183705710676155	0.23417798851735688
2.7359038305439687	0.611080004540611	0.21837149372665365	0.23417798851735688
2.7451587146393512	0.613101011463529	0.2183724193056578	0.23417798851735688
2.7544135987347342	0.6151220269630235	0.21837334780469325	0.23417798851735688
2.763668482830117	0.6171430510662061	0.21837427922382543	0.23417798851735688
2.772923366925499	0.6191640838001887	0.2183752135631197	0.23417798851735688
2.7821782510208823	0.6211851251920832	0.21837615082264145	0.23417798851735688
2.791433135116265	0.6232061752690011	0.218377091002456	0.23417798851735688
2.800688019211647	0.6252272340580544	0.21837803410262877	0.23417798851735688
2.80994290330703	0.6272483015863548	0.21837898012322512	0.23417798851735688
2.819197787402413	0.6292693778810143	0.2183799290643104	0.23417798851735688
2.828452671497795	0.6312904629691443	0.21838088092595	0.23417798851735688
2.837707555593178	0.633311556877857	0.2183818357082093	0.23417798851735688
2.846962439688561	0.635332659634264	0.21838279341115366	0.23417798851735688
2.8562173237839437	0.6373537712654769	0.21838375403484844	0.23417798851735688
2.8654722078793258	0.6393748917986077	0.21838471757935904	0.23417798851735688
2.8747270919747088	0.6413960212607686	0.21838568404475084	0.23417798851735688
2.8839819760700918	0.6434171596790708	0.21838665343108915	0.23417798851735688
2.893236860165474	0.645438307080626	0.2183876257384394	0.23417798851735688
2.902491744260857	0.6474594634925466	0.21838860096686694	0.23417798851735688
2.91174662835624	0.6494806289419439	0.21838957911643714	0.23417798851735688
2.921001512451622	0.6515018034559299	0.2183905601872154	0.23417798851735688
2.9302563965470045	0.6535229870616164	0.21839154417926704	0.23417798851735688
2.939511280642388	0.6555441797861152	0.21839253109265747	0.23417798851735688
2.94876616473777	0.6575653816565379	0.21839352092745207	0.23417798851735688
2.9580210488331526	0.6595865926999964	0.21839451368371618	0.23417798851735688
2.9672759329285356	0.6616078129436027	0.21839550936151517	0.23417798851735688
2.9765308170239186	0.6636290424144684	0.21839650796091445	0.23417798851735688
2.9857857011193008	0.6656502811397051	0.21839750948197936	0.23417798851735688
2.9950405852146837	0.6676715291464251	0.2183985139247753	0.23417798851735688
3.0042954693100667	0.6696927864617399	0.2183995212893676	0.23417798851735688
3.013550353405449	0.671714053112761	0.21840053157582168	0.23417798851735688
3.0228052375008314	0.6737353291266006	0.21840154478420287	0.23417798851735688
3.032060121596214	0.6757566145303705	0.21840256091457658	0.23417798851735688
3.041315005691597	0.6777779093511824	0.21840357996700813	0.23417798851735688
3.0505698897869795	0.6797992136161479	0.21840460194156294	0.23417798851735688
3.0598247738823625	0.6818205273523791	0.21840562683830636	0.23417798851735688
3.069079657977745	0.6838418505869877	0.21840665465730377	0.23417798851735688
3.0783345420731276	0.6858631833470852	0.21840768539862054	0.23417798851735688
3.0875894261685097	0.6878845256597838	0.21840871906232207	0.23417798851735688
3.0968443102638927	0.6899058775521951	0.21840975564847367	0.23417798851735688
3.1060991943592757	0.691927239051431	0.21841079515714074	0.23417798851735688
3.115354078454658	0.6939486101846031	0.21841183758838867	0.23417798851735688
3.124608962550041	0.6959699909788234	0.2184128829422828	0.23417798851735688
3.133863846645424	0.6979913814612035	0.21841393121888855	0.23417798851735688
3.1431187307408064	0.7000127816588555	0.21841498241827123	0.23417798851735688
3.152373614836189	0.7020341915988908	0.21841603654049627	0.23417798851735688
3.161628498931572	0.7040556113084215	0.218417093585629	0.23417798851735688
3.1708833830269545	0.7060770408145591	0.2184181535537348	0.23417798851735688
3.1801382671223366	0.7080984801444158	0.21841921644487908	0.23417798851735688
3.1893931512177196	0.710119929325103	0.21842028225912716	0.23417798851735688
3.1986480353131026	0.7121413883837329	0.21842135099654444	0.23417798851735688
3.2079029194084847	0.7141628573474168	0.2184224226571963	0.23417798851735688
3.2171578035038677	0.7161843362432668	0.21842349724114807	0.23417798851735688
3.2264126875992507	0.7182058250983948	0.21842457474846516	0.23417798851735688
3.235667571694633	0.7202273239399122	0.21842565517921292	0.23417798851735688
3.2449224557900154	0.722248832794931	0.21842673853345676	0.23417798851735688
3.2541773398853984	0.7242703516905632	0.218427824811262	0.23417798851735688
3.2634322239807814	0.7262918806539205	0.21842891401269404	0.23417798851735688
3.2726871080761635	0.7283134197121143	0.21843000613781824	0.23417798851735688
3.2819419921715465	0.7303349688922569	0.2184311011867	0.23417798851735688
3.2911968762669295	0.7323565282214599	0.21843219915940465	0.23417798851735688
3.3004517603623116	0.734378097726835	0.21843330005599762	0.23417798851735688
3.309706644457694	0.736399677435494	0.2184344038765442	0.23417798851735688
3.3189615285530776	0.7384212673745492	0.21843551062110983	0.23417798851735688
3.3282164126484597	0.7404428675711114	0.21843662028975988	0.23417798851735688
3.3374712967438422	0.7424644780522931	0.21843773288255966	0.23417798851735688
3.3467261808392252	0.7444860988452062	0.21843884839957461	0.23417798851735688
3.355981064934608	0.7465077299769622	0.21843996684087008	0.23417798851735688
3.3652359490299903	0.7485293714746728	0.21844108820651142	0.23417798851735688
3.3744908331253733	0.7505510233654499	0.218442212496564	0.23417798851735688
3.3837457172207563	0.7525726856764055	0.21844333971109325	0.23417798851735688
3.3930006013161385	0.7545943584346511	0.2184444698501645	0.23417798851735688
3.4022554854115206	0.7566160416672985	0.2184456029138431	0.23417798851735688
3.4115103695069036	0.7586377354014597	0.21844673890219446	0.23417798851735688
3.4207652536022866	0.7606594396642464	0.21844787781528394	0.23417798851735688
3.430020137697669	0.7626811544827704	0.2184490196531769	0.23417798851735688
3.4392750217930517	0.7647028798841435	0.21845016441593873	0.23417798851735688
3.4485299058884347	0.7667246158954775	0.21845131210363478	0.23417798851735688
3.457784789983817	0.7687463625438842	0.21845246271633045	0.23417798851735688
3.4670396740791993	0.7707681198564751	0.2184536162540911	0.23417798851735688
3.4762945581745828	0.7727898878603626	0.21845477271698208	0.23417798851735688
3.4855494422699653	0.774811666582658	0.2184559321050688	0.23417798851735688
3.4948043263653474	0.7768334560504732	0.2184570944184166	0.23417798851735688
3.5040592104607304	0.7788552562909201	0.21845825965709087	0.23417798851735688
3.5133140945561134	0.7808770673311104	0.218459427821157	0.23417798851735688
3.5225689786514955	0.7828988891981559	0.2184605989106803	0.23417798851735688
3.5318238627468785	0.7849207219191685	0.2184617729257262	0.23417798851735688
3.5410787468422615	0.7869425655212599	0.21846294986636006	0.23417798851735688
3.550333630937644	0.7889644200315418	0.21846412973264723	0.23417798851735688
3.559588515033026	0.7909862854771261	0.2184653125246531	0.23417798851735688
3.568843399128409	0.7930081618851246	0.21846649824244302	0.23417798851735688
3.578098283223792	0.7950300492826492	0.2184676868860824	0.23417798851735688
3.5873531673191743	0.7970519476968114	0.2184688784556366	0.23417798851735688
3.5966080514145573	0.7990738571547233	0.21847007295117096	0.23417798851735688
3.6058629355099403	0.8010957776834966	0.21847127037275088	0.23417798851735688
3.6151178196053224	0.8031177093102428	0.21847247072044174	0.23417798851735688
3.624372703700705	0.8051396520620742	0.2184736739943089	0.23417798851735688
3.633627587796088	0.8071616059661022	0.21847488019441771	0.23417798851735688
3.6428824718914705	0.8091835710494388	0.2184760893208336	0.23417798851735688
3.652137355986853	0.8112055473391958	0.21847730137362187	0.23417798851735688
3.661392240082236	0.8132275348624849	0.21847851635284796	0.23417798851735688
3.670647124177619	0.8152495336464178	0.21847973425857717	0.23417798851735688
3.679902008273001	0.8172715437181064	0.21848095509087492	0.23417798851735688
3.6891568923683837	0.8192935651046626	0.21848217884980659	0.23417798851735688
3.698411776463767	0.8213155978331982	0.21848340553543752	0.23417798851735688
3.7076666605591493	0.8233376419308247	0.2184846351478331	0.23417798851735688
3.716921544654532	0.825359697424654	0.2184858676870587	0.23417798851735688
3.7261764287499144	0.8273817643417982	0.21848710315317968	0.23417798851735688
3.7354313128452974	0.8294038427093687	0.21848834154626143	0.23417798851735688
3.74468619694068	0.8314259325544776	0.21848958286636933	0.23417798851735688
3.753941081036063	0.8334480339042365	0.2184908271135687	0.23417798851735688
3.7631959651314455	0.8354701467857573	0.21849207428792497	0.23417798851735688
3.772450849226828	0.8374922712261514	0.21849332438950347	0.23417798851735688
3.78170573332221	0.8395144072525313	0.2184945774183696	0.23417798851735688
3.790960617417593	0.8415365548920083	0.21849583337458875	0.23417798851735688
3.800215501512976	0.8435587141716945	0.21849709225822625	0.23417798851735688
3.8094703856083583	0.8455808851187012	0.21849835406934748	0.23417798851735688
3.8187252697037413	0.8476030677601407	0.2184996188080178	0.23417798851735688
3.8279801537991243	0.8496252621231246	0.21850088647430263	0.23417798851735688
3.837235037894507	0.8516474682347646	0.21850215706826728	0.23417798851735688
3.846489921989889	0.8536696861221726	0.21850343058997718	0.23417798851735688
3.8557448060852724	0.8556919158124605	0.21850470703949768	0.23417798851735688
3.864999690180655	0.8577141573327398	0.21850598641689412	0.23417798851735688
3.874254574276037	0.8597364107101225	0.21850726872223192	0.23417798851735688
3.88350945837142	0.8617586759717205	0.21850855395557642	0.23417798851735688
3.892764342466803	0.8637809531446454	0.218509842116993	0.23417798851735688
3.902019226562185	0.8658032422560089	0.21851113320654705	0.23417798851735688
3.911274110657568	0.8678255433329232	0.21851242722430395	0.23417798851735688
3.920528994752951	0.8698478564024996	0.218513724170329	0.23417798851735688
3.9297838788483332	0.8718701814918501	0.21851502404468764	0.23417798851735688
3.939038762943716	0.8738925186280866	0.21851632684744524	0.23417798851735688
3.948293647039099	0.8759148678383208	0.21851763257866713	0.23417798851735688
3.957548531134482	0.8779372291496648	0.21851894123841872	0.23417798851735688
3.966803415229864	0.8799596025892296	0.21852025282676535	0.23417798851735688
3.976058299325247	0.8819819881841278	0.21852156734377243	0.23417798851735688
3.98531318342063	0.8840043859614708	0.21852288478950532	0.23417798851735688
3.994568067516012	0.8860267959483705	0.21852420516402937	0.23417798851735688
4.003822951611395	0.8880492181719385	0.21852552846740994	0.23417798851735688
4.013077835706778	0.8900716526592871	0.21852685469971248	0.23417798851735688
4.022332719802161	0.8920940994375275	0.21852818386100226	0.23417798851735688
4.031587603897543	0.8941165585337718	0.21852951595134473	0.23417798851735688
4.040842487992926	0.896139029975132	0.21853085097080524	0.23417798851735688
4.050097372088309	0.8981615137887192	0.21853218891944912	0.23417798851735688
4.059352256183691	0.9001840100016458	0.2185335297973418	0.23417798851735688
4.068607140279073	0.9022065186410233	0.21853487360454862	0.23417798851735688
4.077862024374457	0.9042290397339641	0.21853622034113498	0.23417798851735688
4.087116908469839	0.9062515733075789	0.21853757000716623	0.23417798851735688
4.096371792565221	0.9082741193889804	0.2185389226027077	0.23417798851735688
4.105626676660605	0.9102966780052802	0.21854027812782487	0.23417798851735688
4.114881560755987	0.9123192491835898	0.21854163658258302	0.23417798851735688
4.124136444851369	0.9143418329510212	0.21854299796704754	0.23417798851735688
4.133391328946752	0.9163644293346861	0.21854436228128382	0.23417798851735688
4.142646213042135	0.9183870383616968	0.21854572952535722	0.23417798851735688
4.151901097137517	0.9204096600591642	0.2185470996993331	0.23417798851735688
4.1611559812329	0.9224322944542006	0.21854847280327688	0.23417798851735688
4.170410865328283	0.9244549415739179	0.2185498488372539	0.23417798851735688
4.179665749423665	0.9264776014454277	0.21855122780132952	0.23417798851735688
4.188920633519048	0.9285002740958418	0.2185526096955691	0.23417798851735688
4.19817551761443	0.930522959552272	0.21855399452003807	0.23417798851735688
4.207430401709813	0.9325456578418303	0.21855538227480176	0.23417798851735688
4.216685285805196	0.9345683689916282	0.21855677295992554	0.23417798851735688
4.2259401699005785	0.9365910930287775	0.21855816657547478	0.23417798851735688
4.235195053995962	0.9386138299803904	0.21855956312151487	0.23417798851735688
4.2444499380913445	0.9406365798735782	0.2185609625981112	0.23417798851735688
4.253704822186727	0.9426593427354527	0.21856236500532908	0.23417798851735688
4.2629597062821105	0.9446821185931263	0.21856377034323393	0.23417798851735688
4.272214590377493	0.9467049074737101	0.21856517861189112	0.23417798851735688
4.281469474472875	0.948727709404316	0.218566589811366	0.23417798851735688
4.290724358568257	0.9507505244120561	0.21856800394172396	0.23417798851735688
4.299979242663641	0.9527733525240424	0.21856942100303037	0.23417798851735688
4.309234126759023	0.9547961937673859	0.21857084099535057	0.23417798851735688
4.318489010854405	0.9568190481691989	0.21857226391874998	0.23417798851735688
4.327743894949789	0.9588419157565934	0.21857368977329394	0.23417798851735688
4.336998779045171	0.9608647965566807	0.21857511855904785	0.23417798851735688
4.346253663140553	0.9628876905965729	0.21857655027607706	0.23417798851735688
4.355508547235936	0.9649105979033815	0.21857798492444694	0.23417798851735688
4.364763431331319	0.9669335185042189	0.21857942250422288	0.23417798851735688
4.374018315426702	0.9689564524261963	0.21858086301547022	0.23417798851735688
4.383273199522084	0.9709793996964257	0.21858230645825438	0.23417798851735688
4.392528083617467	0.973002360342019	0.21858375283264067	0.23417798851735688
4.40178296771285	0.9750253343900877	0.21858520213869453	0.23417798851735688
4.411037851808232	0.9770483218677438	0.21858665437648128	0.23417798851735688
4.420292735903615	0.9790713228020993	0.2185881095460663	0.23417798851735688
4.429547619998998	0.9810943372202654	0.218589567647515	0.23417798851735688
4.43880250409438	0.9831173651493542	0.2185910286808927	0.23417798851735688
4.4480573881897625	0.9851404066164777	0.21859249264626482	0.23417798851735688
4.457312272285146	0.9871634616487478	0.21859395954369668	0.23417798851735688
4.4665671563805285	0.9891865302732759	0.21859542937325369	0.23417798851735688
4.475822040475911	0.9912096125171737	0.21859690213500121	0.23417798851735688
4.4850769245712945	0.9932327084075536	0.2185983778290046	0.23417798851735688
4.494331808666677	0.9952558179715266	0.21859985645532926	0.23417798851735688
4.503586692762059	0.9972789412362051	0.21860133801404055	0.23417798851735688
4.512841576857441	0.9993020782287007	0.21860282250520383	0.23417798851735688
4.522096460952825	1.0013252289761252	0.21860430992888447	0.23417798851735688
4.531351345048207	1.0033483935055902	0.21860580028514787	0.23417798851735688
4.54060622914359	1.0053715718442078	0.2186072935740594	0.23417798851735688
4.549861113238973	1.00739476401909	0.21860878979568438	0.23417798851735688
4.559115997334355	1.0094179700573478	0.21861028895008822	0.23417798851735688
4.568370881429738	1.0114411899860936	0.2186117910373363	0.23417798851735688
4.57762576552512	1.0134644238324388	0.218613296057494	0.23417798851735688
4.586880649620503	1.0154876716234962	0.21861480401062663	0.23417798851735688
4.596135533715886	1.0175109333863763	0.21861631489679964	0.23417798851735688
4.605390417811268	1.0195342091481914	0.21861782871607838	0.23417798851735688
4.614645301906651	1.0215574989360534	0.21861934546852818	0.23417798851735688
4.623900186002034	1.023580802777074	0.21862086515421444	0.23417798851735688
4.633155070097416	1.025604120698365	0.21862238777320253	0.23417798851735688
4.6424099541928	1.0276274527270384	0.21862391332555783	0.23417798851735688
4.651664838288182	1.0296507988902057	0.21862544181134572	0.23417798851735688
4.660919722383564	1.0316741592149787	0.21862697323063154	0.23417798851735688
4.6701746064789464	1.033697533728469	0.2186285075834807	0.23417798851735688
4.67942949057433	1.0357209224577892	0.21863004486995855	0.23417798851735688
4.688684374669712	1.0377443254300505	0.21863158509013045	0.23417798851735688
4.6979392587650946	1.0397677426723644	0.21863312824406178	0.23417798851735688
4.707194142860478	1.0417911742118435	0.21863467433181794	0.23417798851735688
4.7164490269558605	1.0438146200755987	0.21863622335346428	0.23417798851735688
4.725703911051243	1.0458380802907425	0.21863777530906614	0.23417798851735688
4.734958795146626	1.0478615548843864	0.21863933019868895	0.23417798851735688
4.744213679242009	1.0498850438836422	0.21864088802239803	0.23417798851735688
4.753468563337391	1.0519085473156218	0.21864244878025882	0.23417798851735688
4.762723447432774	1.0539320652074369	0.2186440124723366	0.23417798851735688
4.771978331528157	1.0559555975861994	0.21864557909869684	0.23417798851735688
4.78123321562354	1.0579791444790207	0.21864714865940482	0.23417798851735688
4.790488099718922	1.060002705913013	0.21864872115452597	0.23417798851735688
4.799742983814305	1.0620262819152884	0.21865029658412566	0.23417798851735688
4.808997867909688	1.0640498725129577	0.21865187494826924	0.23417798851735688
4.81825275200507	1.0660734777331333	0.21865345624702207	0.23417798851735688
4.827507636100452	1.0680970976029274	0.21865504048044956	0.23417798851735688
4.836762520195836	1.0701207321494512	0.21865662764861707	0.23417798851735688
4.846017404291218	1.0721443813998166	0.21865821775158994	0.23417798851735688
4.8552722883866	1.0741680453811355	0.21865981078943358	0.23417798851735688
4.864527172481984	1.0761917241205197	0.21866140676221335	0.23417798851735688
4.873782056577366	1.0782154176450809	0.21866300566999464	0.23417798851735688
4.883036940672748	1.0802391259819304	0.21866460751284278	0.23417798851735688
4.89229182476813	1.082262849158181	0.21866621229082317	0.23417798851735688
4.901546708863514	1.0842865872009442	0.21866782000400117	0.23417798851735688
4.910801592958896	1.0863103401373313	0.21866943065244218	0.23417798851735688
4.9200564770542785	1.0883341079944544	0.21867104423621153	0.23417798851735688
4.929311361149662	1.0903578907994256	0.21867266075537461	0.23417798851735688
4.9385662452450445	1.0923816885793562	0.21867428020999682	0.23417798851735688
4.9478211293404275	1.094405501361358	0.2186759026001435	0.23417798851735688
4.9570760134358105	1.0964293291725433	0.21867752792588002	0.23417798851735688
4.966330897531193	1.0984531720400232	0.21867915618727174	0.23417798851735688
4.975585781626576	1.1004770299909101	0.21868078738438407	0.23417798851735688
4.984840665721958	1.1025009030523154	0.21868242151728237	0.23417798851735688
4.994095549817341	1.1045247912513514	0.21868405858603202	0.23417798851735688
5.003350433912724	1.106548694615129	0.21868569859069834	0.23417798851735688
5.012605318008106	1.108572613170761	0.21868734153134675	0.23417798851735688
5.021860202103489	1.1105965469453585	0.21868898740804263	0.23417798851735688
5.031115086198872	1.1126204959660337	0.2186906362208513	0.23417798851735688
5.040369970294254	1.114644460259898	0.2186922879698382	0.23417798851735688
5.049624854389636	1.1166684398540634	0.21869394265506864	0.23417798851735688
5.05887973848502	1.118692434775642	0.21869560027660803	0.23417798851735688
5.068134622580402	1.120716445051745	0.21869726083452173	0.23417798851735688
5.077389506675784	1.1227404707094846	0.2186989243288751	0.23417798851735688
5.086644390771168	1.1247645117759726	0.21870059075973355	0.23417798851735688
5.09589927486655	1.1267885682783203	0.21870226012716243	0.23417798851735688
5.105154158961932	1.1288126402436398	0.21870393243122707	0.23417798851735688
5.114409043057315	1.1308367276990434	0.2187056076719929	0.23417798851735688
5.123663927152698	1.1328608306716423	0.21870728584952528	0.23417798851735688
5.13291881124808	1.1348849491885484	0.21870896696388956	0.23417798851735688
5.142173695343463	1.1369090832768736	0.21871065101515114	0.23417798851735688
5.151428579438846	1.1389332329637298	0.21871233800337536	0.23417798851735688
5.1606834635342285	1.1409573982762282	0.21871402792862762	0.23417798851735688
5.1699383476296115	1.1429815792414812	0.21871572079097326	0.23417798851735688
5.1791932317249945	1.1450057758866006	0.2187174165904777	0.23417798851735688
5.1884481158203775	1.1470299882386978	0.21871911532720628	0.23417798851735688
5.19770299991576	1.1490542163248847	0.21872081700122437	0.23417798851735688
5.206957884011142	1.1510784601722732	0.21872252161259736	0.23417798851735688
5.216212768106526	1.1531027198079755	0.2187242291613906	0.23417798851735688
5.225467652201908	1.1551269952591028	0.21872593964766945	0.23417798851735688
5.23472253629729	1.1571512865527669	0.21872765307149933	0.23417798851735688
5.243977420392674	1.15917559371608	0.2187293694329456	0.23417798851735688
5.253232304488056	1.1611999167761535	0.2187310887320736	0.23417798851735688
5.262487188583438	1.1632242557600991	0.2187328109689487	0.23417798851735688
5.27174207267882	1.1652486106950288	0.21873453614363633	0.23417798851735688
5.280996956774204	1.167272981608055	0.2187362642562018	0.23417798851735688
5.290251840869586	1.1692973685262888	0.2187379953067105	0.23417798851735688
5.299506724964968	1.1713217714768418	0.2187397292952278	0.23417798851735688
5.308761609060352	1.1733461904868263	0.21874146622181911	0.23417798851735688
5.318016493155734	1.175370625583354	0.21874320608654976	0.23417798851735688
5.327271377251116	1.1773950767935366	0.21874494888948512	0.23417798851735688
5.3365262613465	1.1794195441444857	0.2187466946306906	0.23417798851735688
5.345781145441882	1.1814440276633134	0.21874844331023152	0.23417798851735688
5.355036029537265	1.1834685273771313	0.2187501949281733	0.23417798851735688
5.364290913632647	1.185493043313051	0.21875194948458127	0.23417798851735688
5.37354579772803	1.1875175754981853	0.21875370697952082	0.23417798851735688
5.382800681823413	1.1895421239596449	0.21875546741305735	0.23417798851735688
5.392055565918795	1.1915666887245417	0.2187572307852562	0.23417798851735688
5.401310450014178	1.1935912698199882	0.2187589970961827	0.23417798851735688
5.410565334109561	1.1956158672730954	0.21876076634590233	0.23417798851735688
5.4198202182049435	1.1976404811109758	0.21876253853448038	0.23417798851735688
5.429075102300326	1.1996651113607402	0.21876431366198223	0.23417798851735688
5.4383299863957095	1.2016897580495016	0.21876609172847328	0.23417798851735688
5.447584870491092	1.2037144212043709	0.21876787273401888	0.23417798851735688
5.456839754586474	1.2057391008524603	0.21876965667868442	0.23417798851735688
5.466094638681858	1.2077637970208817	0.21877144356253525	0.23417798851735688
5.47534952277724	1.2097885097367465	0.21877323338563676	0.23417798851735688
5.484604406872622	1.2118132390271665	0.2187750261480543	0.23417798851735688
5.493859290968005	1.213837984919254	0.21877682184985328	0.23417798851735688
5.503114175063388	1.2158627474401205	0.21877862049109903	0.23417798851735688
5.51236905915877	1.2178875266168776	0.21878042207185694	0.23417798851735688
5.521623943254153	1.219912322476637	0.2187822265921924	0.23417798851735688
5.530878827349536	1.2219371350465114	0.21878403405217073	0.23417798851735688
5.540133711444918	1.2239619643536115	0.21878584445185736	0.23417798851735688
5.549388595540301	1.2259868104250495	0.21878765779131765	0.23417798851735688
5.558643479635684	1.2280116732879376	0.21878947407061694	0.23417798851735688
5.567898363731066	1.2300365529693869	0.2187912932898206	0.23417798851735688
5.577153247826449	1.2320614494965096	0.21879311544899405	0.23417798851735688
5.586408131921831	1.2340863628964174	0.21879494054820264	0.23417798851735688
5.595663016017214	1.2361112931962221	0.21879676858751174	0.23417798851735688
5.604917900112597	1.2381362404230356	0.2187985995669867	0.23417798851735688
5.614172784207979	1.2401612046039694	0.21880043348669292	0.23417798851735688
5.623427668303363	1.2421861857661356	0.21880227034669575	0.23417798851735688
5.632682552398745	1.2442111839366459	0.21880411014706058	0.23417798851735688
5.6419374364941275	1.2462361994515456	0.2188059529216538	0.23417798851735688
5.65119232058951	1.2482612343597783	0.2188077988915773	0.23417798851735688
5.6604472046848935	1.2502862863214337	0.21880964779777787	0.23417798851735688
5.669702088780276	1.2523113553640197	0.2188114996403681	0.23417798851735688
5.678956972875658	1.2543364415150455	0.21881335441946068	0.23417798851735688
5.688211856971042	1.2563615448020193	0.21881521213516822	0.23417798851735688
5.697466741066424	1.2583866652524491	0.21881707278760337	0.23417798851735688
5.706721625161806	1.2604118028938438	0.21881893637687874	0.23417798851735688
5.71597650925719	1.262436957753712	0.21882080290310701	0.23417798851735688
5.725231393352572	1.2644621298595617	0.2188226723664008	0.23417798851735688
5.734486277447954	1.2664873192389015	0.21882454476687271	0.23417798851735688
5.743741161543337	1.2685125259192396	0.21882642010463543	0.23417798851735688
5.75299604563872	1.270537749928085	0.21882829837980156	0.23417798851735688
5.762250929734103	1.2725629912929457	0.21883017959248377	0.23417798851735688
5.771505813829485	1.2745882500413301	0.21883206374279465	0.23417798851735688
5.780760697924868	1.2766135262007472	0.21883395083084686	0.23417798851735688
5.790015582020251	1.2786388197987046	0.21883584085675306	0.23417798851735688
5.799270466115633	1.2806641308627111	0.21883773382062585	0.23417798851735688
5.808525350211015	1.2826894594202753	0.2188396297225779	0.23417798851735688
5.817780234306399	1.284714805498906	0.21884152856272182	0.23417798851735688
5.827035118401781	1.2867401691261104	0.21884343034117026	0.23417798851735688
5.836290002497163	1.288765550329398	0.21884533505803586	0.23417798851735688
5.845544886592547	1.2907909491362772	0.21884724271343123	0.23417798851735688
5.854799770687929	1.292816365574256	0.21884915330746904	0.23417798851735688
5.8640546547833114	1.2948417996708428	0.21885106684026193	0.23417798851735688
5.873309538878695	1.2968672514535464	0.2188529833119225	0.23417798851735688
5.8825644229740774	1.298892720949875	0.2188549027225634	0.23417798851735688
5.8918193070694596	1.3009182081873372	0.21885682507229728	0.23417798851735688
5.901074191164842	1.3029437131934412	0.21885875036123678	0.23417798851735688
5.9103290752602256	1.3049692359956957	0.2188606785894945	0.23417798851735688
5.919583959355608	1.306994776621609	0.21886260975718314	0.23417798851735688
5.928838843450991	1.3090203350986895	0.21886454386441528	0.23417798851735688
5.938093727546374	1.311045911454446	0.2188664809113036	0.23417798851735688
5.947348611641756	1.3130715057163862	0.21886842089796066	0.23417798851735688
5.956603495737139	1.3150971179120192	0.2188703638244992	0.23417798851735688
5.965858379832521	1.317122748068853	0.21887230969103177	0.23417798851735688
5.975113263927904	1.3191483962143966	0.2188742584976711	0.23417798851735688
5.984368148023287	1.3211740623761576	0.21887621024452972	0.23417798851735688
5.993623032118669	1.3231997465816452	0.21887816493172033	0.23417798851735688
6.002877916214052	1.3252254488583677	0.21888012255935554	0.23417798851735688
6.012132800309435	1.3272511692338331	0.218882083127548	0.23417798851735688
6.021387684404817	1.3292769077355502	0.21888404663641037	0.23417798851735688
6.030642568500199	1.331302664391027	0.21888601308605526	0.23417798851735688
6.039897452595583	1.3333284392277729	0.2188879824765953	0.23417798851735688
6.049152336690965	1.3353542322732954	0.21888995480814316	0.23417798851735688
6.058407220786347	1.3373800435551033	0.21889193008081143	0.23417798851735688
6.067662104881731	1.3394058731007052	0.21889390829471278	0.23417798851735688
6.076916988977113	1.341431720937609	0.21889588944995983	0.23417798851735688
6.086171873072495	1.3434575870933236	0.21889787354666523	0.23417798851735688
6.095426757167879	1.3454834715953574	0.2188998605849416	0.23417798851735688
6.104681641263261	1.3475093744712188	0.2189018505649016	0.23417798851735688
6.1139365253586435	1.349535295748416	0.21890384348665784	0.23417798851735688
6.1231914094540265	1.3515612354544575	0.21890583935032298	0.23417798851735688
6.1324462935494095	1.353587193616852	0.21890783815600964	0.23417798851735688
6.141701177644792	1.3556131702631078	0.21890983990383048	0.23417798851735688
6.150956061740175	1.3576391654207332	0.21891184459389812	0.23417798851735688
6.160210945835558	1.359665179117237	0.2189138522263252	0.23417798851735688
6.169465829930941	1.3616912113801272	0.21891586280122433	0.23417798851735688
6.178720714026323	1.3637172622369125	0.21891787631870818	0.23417798851735688
6.187975598121705	1.365743331715101	0.21891989277888937	0.23417798851735688
6.197230482217089	1.367769419842202	0.21892191218188056	0.23417798851735688
6.206485366312471	1.3697955266457227	0.21892393452779438	0.23417798851735688
6.215740250407853	1.3718216521531725	0.21892595981674345	0.23417798851735688
6.224995134503237	1.3738477963920595	0.2189279880488404	0.23417798851735688
6.234250018598619	1.375873959389892	0.21893001922419789	0.23417798851735688
6.243504902694001	1.3779001411741787	0.21893205334292856	0.23417798851735688
6.252759786789385	1.3799263417724281	0.218934090405145	0.23417798851735688
6.262014670884767	1.3819525612121482	0.2189361304109599	0.23417798851735688
6.271269554980149	1.3839787995208477	0.2189381733604859	0.23417798851735688
6.280524439075531	1.386005056726035	0.21894021925383558	0.23417798851735688
6.289779323170915	1.3880313328552187	0.21894226809112163	0.23417798851735688
6.299034207266297	1.390057627935907	0.21894431987245666	0.23417798851735688
6.308289091361679	1.3920839419956084	0.21894637459795332	0.23417798851735688
6.317543975457063	1.3941102750618315	0.21894843226772423	0.23417798851735688
6.326798859552445	1.3961366271620845	0.21895049288188206	0.23417798851735688
6.336053743647828	1.398162998323876	0.2189525564405394	0.23417798851735688
6.3453086277432105	1.400189388574714	0.21895462294380894	0.23417798851735688
6.3545635118385935	1.402215797942108	0.21895669239180326	0.23417798851735688
6.3638183959339765	1.4042422264535652	0.21895876478463502	0.23417798851735688
6.373073280029359	1.4062686741365948	0.2189608401224169	0.23417798851735688
6.382328164124742	1.4082951410187052	0.21896291840526147	0.23417798851735688
6.391583048220125	1.4103216271274044	0.2189649996332814	0.23417798851735688
6.400837932315507	1.4123481324902012	0.2189670838065893	0.23417798851735688
6.41009281641089	1.414374657134604	0.21896917092529786	0.23417798851735688
6.419347700506273	1.4164012010881208	0.21897126098951966	0.23417798851735688
6.428602584601655	1.4184277643782608	0.21897335399936738	0.23417798851735688
6.437857468697037	1.4204543470325317	0.21897544995495363	0.23417798851735688
6.447112352792421	1.4224809490784427	0.21897754885639106	0.23417798851735688
6.456367236887803	1.4245075705435015	0.2189796507037923	0.23417798851735688
6.465622120983185	1.4265342114552169	0.21898175549727	0.23417798851735688
6.474877005078569	1.4285608718410976	0.21898386323693678	0.23417798851735688
6.484131889173951	1.4305875517286513	0.21898597392290525	0.23417798851735688
6.493386773269333	1.4326142511453868	0.21898808755528812	0.23417798851735688
6.502641657364716	1.4346409701188128	0.21899020413419795	0.23417798851735688
6.511896541460099	1.4366677086764377	0.21899232365974744	0.23417798851735688
6.521151425555481	1.4386944668457695	0.2189944461320492	0.23417798851735688
6.530406309650864	1.4407212446543167	0.21899657155121582	0.23417798851735688
6.539661193746247	1.4427480421295884	0.21899869991736	0.23417798851735688
6.548916077841629	1.4447748592990923	0.21900083123059438	0.23417798851735688
6.558170961937012	1.4468016961903372	0.21900296549103157	0.23417798851735688
6.567425846032394	1.4488285528308313	0.21900510269878423	0.23417798851735688
6.576680730127778	1.4508554292480835	0.21900724285396495	0.23417798851735688
6.58593561422316	1.4528823254696015	0.2190093859566864	0.23417798851735688
6.5951904983185425	1.4549092415228944	0.21901153200706122	0.23417798851735688
6.604445382413926	1.4569361774354705	0.21901368100520202	0.23417798851735688
6.6137002665093085	1.4589631332348378	0.21901583295122148	0.23417798851735688
6.622955150604691	1.4609901089485051	0.2190179878452322	0.23417798851735688
6.6322100347000745	1.4630171046039813	0.21902014568734682	0.23417798851735688
6.641464918795457	1.4650441202287738	0.21902230647767798	0.23417798851735688
6.650719802890839	1.4670711558503915	0.21902447021633834	0.23417798851735688
6.659974686986221	1.4690982114963431	0.2190266369034405	0.23417798851735688
6.669229571081604	1.4711252871941367	0.21902880653909715	0.23417798851735688
6.678484455176987	1.4731523829712814	0.21903097912342087	0.23417798851735688
6.687739339272369	1.4751794988552847	0.21903315465652431	0.23417798851735688
6.696994223367752	1.4772066348736552	0.21903533313852014	0.23417798851735688
6.706249107463135	1.4792337910539022	0.21903751456952095	0.23417798851735688
6.715503991558517	1.481260967423533	0.2190396989496394	0.23417798851735688
6.7247588756539	1.4832881640100566	0.21904188627898813	0.23417798851735688
6.734013759749283	1.4853153808409818	0.2190440765576798	0.23417798851735688
6.743268643844666	1.4873426179438163	0.21904626978582697	0.23417798851735688
6.752523527940048	1.489369875346069	0.21904846596354235	0.23417798851735688
6.76177841203543	1.491397153075248	0.21905066509093857	0.23417798851735688
6.771033296130814	1.4934244511588621	0.21905286716812822	0.23417798851735688
6.780288180226196	1.4954517696244194	0.21905507219522397	0.23417798851735688
6.789543064321578	1.4974791084994288	0.21905728017233847	0.23417798851735688
6.798797948416962	1.4995064678113983	0.2190594910995843	0.23417798851735688
6.808052832512344	1.5015338475878364	0.2190617049770742	0.23417798851735688
6.8173077166077265	1.5035612478562517	0.21906392180492068	0.23417798851735688
6.826562600703109	1.5055886686441524	0.21906614158323648	0.23417798851735688
6.8358174847984925	1.5076161099790473	0.21906836431213417	0.23417798851735688
6.845072368893875	1.5096435718884444	0.21907058999172643	0.23417798851735688
6.854327252989257	1.5116710543998526	0.21907281862212585	0.23417798851735688
6.863582137084641	1.5136985575407802	0.21907505020344514	0.23417798851735688
6.872837021180023	1.5157260813387352	0.21907728473579685	0.23417798851735688
6.882091905275406	1.5177536258212263	0.2190795222192937	0.23417798851735688
6.891346789370788	1.5197811910157621	0.21908176265404825	0.23417798851735688
6.900601673466171	1.5218087769498514	0.2190840060401732	0.23417798851735688
6.909856557561554	1.5238363836510016	0.21908625237778115	0.23417798851735688
6.919111441656936	1.5258640111467219	0.21908850166698474	0.23417798851735688
6.928366325752319	1.5278916594645207	0.21909075390789662	0.23417798851735688
6.937621209847702	1.5299193286319062	0.2190930091006294	0.23417798851735688
6.946876093943084	1.5319470186763868	0.21909526724529577	0.23417798851735688
6.956130978038467	1.5339747296254713	0.2190975283420083	0.23417798851735688
6.96538586213385	1.5360024615066676	0.21909979239087968	0.23417798851735688
6.974640746229232	1.5380302143474844	0.2191020593920225	0.23417798851735688
6.983895630324614	1.5400579881754304	0.21910432934554946	0.23417798851735688
6.993150514419998	1.542085783018014	0.21910660225157313	0.23417798851735688
7.00240539851538	1.5441135989027428	0.2191088781102062	0.23417798851735688
7.011660282610762	1.5461414358571262	0.21911115692156127	0.23417798851735688
7.020915166706146	1.5481692939086726	0.219113438685751	0.23417798851735688
7.030170050801528	1.5501971730848898	0.219115723402888	0.23417798851735688
7.0394249348969105	1.5522250734132865	0.21911801107308493	0.23417798851735688
7.0486798189922935	1.5542529949213715	0.2191203016964544	0.23417798851735688
7.0579347030876765	1.5562809376366529	0.21912259527310912	0.23417798851735688
7.067189587183059	1.558308901586639	0.21912489180316164	0.23417798851735688
7.076444471278442	1.5603368867988385	0.21912719128672462	0.23417798851735688
7.085699355373825	1.56236489330076	0.21912949372391072	0.23417798851735688
7.094954239469207	1.5643929211199112	0.21913179911483255	0.23417798851735688
7.10420912356459	1.5664209702838015	0.21913410745960277	0.23417798851735688
7.113464007659973	1.5684490408199387	0.219136418758334	0.23417798851735688
7.122718891755355	1.5704771327558316	0.2191387330111389	0.23417798851735688
7.131973775850738	1.572505246118988	0.21914105021813007	0.23417798851735688
7.14122865994612	1.5745333809369169	0.2191433703794202	0.23417798851735688
7.150483544041504	1.5765615372371269	0.21914569349512186	0.23417798851735688
7.159738428136886	1.578589715047126	0.2191480195653477	0.23417798851735688
7.168993312232268	1.5806179143944226	0.21915034859021043	0.23417798851735688
7.178248196327652	1.5826461353065258	0.2191526805698226	0.23417798851735688
7.187503080423034	1.5846743778109431	0.2191550155042969	0.23417798851735688
7.196757964518416	1.5867026419351835	0.21915735339374592	0.23417798851735688
7.206012848613798	1.5887309277067552	0.21915969423828235	0.23417798851735688
7.215267732709182	1.5907592351531672	0.21916203803801879	0.23417798851735688
7.224522616804564	1.5927875643019271	0.21916438479306788	0.23417798851735688
7.233777500899946	1.5948159151805439	0.21916673450354227	0.23417798851735688
7.24303238499533	1.596844287816526	0.21916908716955458	0.23417798851735688
7.252287269090712	1.5988726822373815	0.21917144279121747	0.23417798851735688
7.261542153186094	1.6009010984706191	0.21917380136864356	0.23417798851735688
7.270797037281478	1.6029295365437473	0.2191761629019455	0.23417798851735688
7.28005192137686	1.6049579964842742	0.2191785273912359	0.23417798851735688
7.289306805472243	1.6069864783197085	0.21918089483662742	0.23417798851735688
7.2985616895676255	1.6090149820775586	0.2191832652382327	0.23417798851735688
7.3078165736630085	1.6110435077853331	0.21918563859616436	0.23417798851735688
7.3170714577583915	1.61307205547054	0.21918801491053502	0.23417798851735688
7.326326341853774	1.615100625160688	0.2191903941814574	0.23417798851735688
7.335581225949157	1.617129216883286	0.21919277640904403	0.23417798851735688
7.34483611004454	1.6191578306658414	0.2191951615934076	0.23417798851735688
7.354090994139922	1.6211864665358635	0.21919754973466074	0.23417798851735688
7.363345878235304	1.6232151245208604	0.21919994083291608	0.23417798851735688
7.372600762330688	1.6252438046483406	0.21920233488828628	0.23417798851735688
7.38185564642607	1.6272725069458125	0.21920473190088396	0.23417798851735688
7.391110530521452	1.6293012314407844	0.21920713187082175	0.23417798851735688
7.400365414616836	1.6313299781607653	0.21920953479821229	0.23417798851735688
7.409620298712218	1.6333587471332627	0.21921194068316824	0.23417798851735688
7.4188751828076	1.6353875383857859	0.21921434952580218	0.23417798851735688
7.428130066902982	1.6374163519458427	0.21921676132622683	0.23417798851735688
7.437384950998366	1.6394451878409422	0.21921917608455474	0.23417798851735688
7.446639835093748	1.6414740460985922	0.21922159380089862	0.23417798851735688
7.455894719189131	1.6435029267463015	0.21922401447537107	0.23417798851735688
7.465149603284514	1.6455318298115786	0.2192264381080847	0.23417798851735688
7.474404487379896	1.6475607553219316	0.2192288646991522	0.23417798851735688
7.483659371475279	1.649589703304869	0.2192312942486862	0.23417798851735688
7.492914255570662	1.6516186737878995	0.2192337267567993	0.23417798851735688
7.502169139666044	1.6536476667985314	0.21923616222360415	0.23417798851735688
7.511424023761427	1.6556766823642728	0.2192386006492134	0.23417798851735688
7.5206789078568095	1.6577057205126327	0.2192410420337397	0.23417798851735688
7.5299337919521925	1.6597347812711196	0.21924348637729565	0.23417798851735688
7.5391886760475755	1.6617638646672412	0.21924593367999393	0.23417798851735688
7.548443560142958	1.6637929707285064	0.21924838394194712	0.23417798851735688
7.5576984442383415	1.6658220994824238	0.2192508371632679	0.23417798851735688
7.566953328333724	1.6678512509565016	0.21925329334406887	0.23417798851735688
7.576208212429106	1.6698804251782482	0.21925575248446272	0.23417798851735688
7.585463096524488	1.671909622175172	0.21925821458456204	0.23417798851735688
7.594717980619872	1.6739388419747818	0.2192606796444795	0.23417798851735688
7.603972864715254	1.6759680846045855	0.21926314766432772	0.23417798851735688
7.613227748810636	1.677997350092092	0.21926561864421934	0.23417798851735688
7.62248263290602	1.6800266384648095	0.219268092584267	0.23417798851735688
7.631737517001402	1.6820559497502465	0.21927056948458332	0.23417798851735688
7.640992401096784	1.6840852839759113	0.21927304934528094	0.23417798851735688
7.650247285192168	1.6861146411693129	0.2192755321664725	0.23417798851735688
7.65950216928755	1.6881440213579588	0.21927801794827065	0.23417798851735688
7.668757053382932	1.690173424569358	0.21928050669078802	0.23417798851735688
7.678011937478315	1.692202850831019	0.21928299839413726	0.23417798851735688
7.687266821573698	1.6942323001704502	0.21928549305843098	0.23417798851735688
7.696521705669081	1.6962617726151596	0.21928799068378182	0.23417798851735688
7.705776589764463	1.698291268192656	0.21929049127030242	0.23417798851735688
7.715031473859846	1.7003207869304484	0.21929299481810544	0.23417798851735688
7.724286357955229	1.7023503288560442	0.2192955013273035	0.23417798851735688
7.733541242050611	1.7043798939969521	0.2192980107980092	0.23417798851735688
7.742796126145993	1.706409482380681	0.21930052323033525	0.23417798851735688
7.752051010241377	1.7084390940347391	0.21930303862439424	0.23417798851735688
7.761305894336759	1.7104687289866347	0.2193055569802988	0.23417798851735688
7.7705607784321415	1.7124983872638762	0.2193080782981616	0.23417798851735688
7.779815662527525	1.7145280688939724	0.21931060257809523	0.23417798851735688
7.7890705466229075	1.7165577739044313	0.2193131298202124	0.23417798851735688
7.79832543071829	1.7185875023227617	0.21931566002462566	0.23417798851735688
7.807580314813672	1.7206172541764717	0.2193181931914477	0.23417798851735688
7.816835198909056	1.72264702949307	0.21932072932079116	0.23417798851735688
7.826090083004438	1.724676828300065	0.21932326841276864	0.23417798851735688
7.83534496709982	1.726706650624965	0.2193258104674928	0.23417798851735688
7.844599851195204	1.7287364964952787	0.2193283554850763	0.23417798851735688
7.853854735290586	1.7307663659385142	0.21933090346563172	0.23417798851735688
7.863109619385969	1.73279625898218	0.21933345440927177	0.23417798851735688
7.872364503481352	1.7348261756537848	0.219336008316109	0.23417798851735688
7.881619387576734	1.736856115980837	0.2193385651862561	0.23417798851735688
7.890874271672117	1.7388860799908443	0.21934112501982572	0.23417798851735688
7.900129155767499	1.740916067711316	0.21934368781693048	0.23417798851735688
7.909384039862882	1.7429460791697606	0.219346253577683	0.23417798851735688
7.918638923958265	1.744976114393686	0.2193488223021959	0.23417798851735688
7.927893808053647	1.7470061734106006	0.2193513939905819	0.23417798851735688
7.93714869214903	1.7490362562480135	0.21935396864295353	0.23417798851735688
7.946403576244413	1.7510663629334324	0.21935654625942352	0.23417798851735688
7.955658460339795	1.753096493494366	0.21935912684010445	0.23417798851735688
7.964913344435177	1.755126647958323	0.21936171038510896	0.23417798851735688
7.974168228530561	1.7571568263528117	0.2193642968945497	0.23417798851735688
7.983423112625943	1.7591870287053402	0.21936688636853932	0.23417798851735688
7.9926779967213255	1.7612172550434173	0.21936947880719043	0.23417798851735688
8.001932880816709	1.7632475053945516	0.2193720742106157	0.23417798851735688
8.011187764912092	1.765277779786251	0.21937467257892773	0.23417798851735688
8.020442649007475	1.767308078246024	0.21937727391223916	0.23417798851735688
8.029697533102857	1.7693384008013795	0.21937987821066265	0.23417798851735688
8.03895241719824	1.7713687474798256	0.21938248547431083	0.23417798851735688
8.048207301293623	1.7733991183088709	0.21938509570329634	0.23417798851735688
8.057462185389005	1.7754295133160236	0.2193877088977318	0.23417798851735688
8.066717069484389	1.7774599325287923	0.21939032505772985	0.23417798851735688
8.07597195357977	1.7794903759746856	0.21939294418340313	0.23417798851735688
8.085226837675153	1.7815208436812116	0.21939556627486428	0.23417798851735688
8.094481721770537	1.7835513356758792	0.21939819133222593	0.23417798851735688
8.103736605865919	1.785581851986196	0.21940081935560074	0.23417798851735688
8.112991489961301	1.7876123926396712	0.21940345034510134	0.23417798851735688
8.122246374056683	1.7896429576638129	0.21940608430084033	0.23417798851735688
8.131501258152067	1.79167354708613	0.21940872122293037	0.23417798851735688
8.140756142247449	1.79370416093413	0.21941136111148413	0.23417798851735688
8.150011026342831	1.7957347992353223	0.21941400396661417	0.23417798851735688
8.159265910438215	1.797765462017215	0.21941664978843323	0.23417798851735688
8.168520794533597	1.7997961493073162	0.21941929857705383	0.23417798851735688
8.17777567862898	1.8018268611331347	0.2194219503325887	0.23417798851735688
8.187030562724363	1.8038575975221791	0.21942460505515043	0.23417798851735688
8.196285446819745	1.8058883585019574	0.2194272627448517	0.23417798851735688
8.205540330915127	1.807919144099978	0.2194299234018051	0.23417798851735688
8.21479521501051	1.8099499543437496	0.21943258702612325	0.23417798851735688
8.224050099105893	1.811980789260781	0.21943525361791885	0.23417798851735688
8.233304983201275	1.81401164887858	0.21943792317730448	0.23417798851735688
8.242559867296658	1.816042533224655	0.21944059570439284	0.23417798851735688
8.251814751392041	1.8180734423265152	0.21944327119929652	0.23417798851735688
8.261069635487424	1.8201043762116684	0.21944594966212816	0.23417798851735688
8.270324519582806	1.8221353349076228	0.2194486310930004	0.23417798851735688
8.279579403678188	1.8241663184418875	0.21945131549202587	0.23417798851735688
8.288834287773572	1.826197326841971	0.21945400285931724	0.23417798851735688
8.298089171868954	1.8282283601353808	0.2194566931949871	0.23417798851735688
8.307344055964336	1.830259418349626	0.21945938649914812	0.23417798851735688
8.31659894005972	1.8322905015122153	0.21946208277191293	0.23417798851735688
8.325853824155102	1.8343216096506565	0.21946478201339414	0.23417798851735688
8.335108708250484	1.8363527427924584	0.21946748422370443	0.23417798851735688
8.344363592345868	1.8383839009651293	0.21947018940295643	0.23417798851735688
8.35361847644125	1.8404150841961777	0.21947289755126276	0.23417798851735688
8.362873360536632	1.8424462925131122	0.21947560866873603	0.23417798851735688
8.372128244632016	1.844477525943441	0.21947832275548892	0.23417798851735688
8.381383128727398	1.8465087845146726	0.21948103981163405	0.23417798851735688
8.390638012822782	1.8485400682543154	0.21948375983728408	0.23417798851735688
8.399892896918164	1.850571377189878	0.21948648283255162	0.23417798851735688
8.409147781013546	1.8526027113488686	0.2194892087975493	0.23417798851735688
8.41840266510893	1.8546340707587956	0.21949193773238979	0.23417798851735688
8.427657549204312	1.856665455447168	0.2194946696371857	0.23417798851735688
8.436912433299694	1.8586968654414933	0.21949740451204966	0.23417798851735688
8.446167317395078	1.860728300769281	0.2195001423570943	0.23417798851735688
8.45542220149046	1.8627597614580387	0.21950288317243233	0.23417798851735688
8.464677085585842	1.864791247535275	0.2195056269581763	0.23417798851735688
8.473931969681226	1.8668227590284987	0.21950837371443888	0.23417798851735688
8.483186853776608	1.868854295965218	0.21951112344133272	0.23417798851735688
8.49244173787199	1.8708858583729413	0.21951387613897044	0.23417798851735688
8.501696621967373	1.872917446279177	0.21951663180746467	0.23417798851735688
8.510951506062757	1.8749490597114338	0.21951939044692806	0.23417798851735688
8.520206390158139	1.8769806986972197	0.21952215205747327	0.23417798851735688
8.52946127425352	1.8790123632640434	0.2195249166392129	0.23417798851735688
8.538716158348905	1.8810440534394135	0.21952768419225957	0.23417798851735688
8.547971042444287	1.883075769250838	0.21953045471672594	0.23417798851735688
8.557225926539669	1.885107510725826	0.21953322821272467	0.23417798851735688
8.566480810635053	1.8871392778918854	0.21953600468036838	0.23417798851735688
8.575735694730435	1.8891710707765244	0.2195387841197697	0.23417798851735688
8.584990578825817	1.8912028894072521	0.2195415665310413	0.23417798851735688
8.594245462921199	1.8932347338115765	0.21954435191429572	0.23417798851735688
8.603500347016583	1.8952666040170063	0.21954714026964572	0.23417798851735688
8.612755231111965	1.8972985000510498	0.21954993159720385	0.23417798851735688
8.622010115207347	1.8993304219412153	0.2195527258970828	0.23417798851735688
8.631264999302731	1.9013623697150117	0.21955552316939517	0.23417798851735688
8.640519883398113	1.903394343399947	0.2195583234142536	0.23417798851735688
8.649774767493495	1.9054263430235294	0.21956112663177077	0.23417798851735688
8.659029651588877	1.907458368613268	0.21956393282205924	0.23417798851735688
8.668284535684261	1.9094904201966711	0.21956674198523174	0.23417798851735688
8.677539419779643	1.9115224978012466	0.2195695541214008	0.23417798851735688
8.686794303875025	1.9135546014545035	0.21957236923067916	0.23417798851735688
8.69604918797041	1.91558673118395	0.2195751873131794	0.23417798851735688
8.705304072065791	1.9176188870170945	0.21957800836901417	0.23417798851735688
8.714558956161174	1.9196510689814454	0.2195808323982961	0.23417798851735688
8.723813840256557	1.9216832771045114	0.21958365940113783	0.23417798851735688
8.73306872435194	1.9237155114138007	0.219586489377652	0.23417798851735688
8.742323608447322	1.925747771936822	0.21958932232795123	0.23417798851735688
8.751578492542706	1.9277800587010834	0.21959215825214817	0.23417798851735688
8.760833376638088	1.9298123717340936	0.21959499715035546	0.23417798851735688
8.77008826073347	1.9318447110633608	0.21959783902268576	0.23417798851735688
8.779343144828854	1.9338770767163935	0.21960068386925166	0.23417798851735688
8.788598028924236	1.9359094687207006	0.21960353169016583	0.23417798851735688
8.797852913019618	1.9379418871037895	0.21960638248554087	0.23417798851735688
8.807107797115002	1.9399743318931697	0.21960923625548945	0.23417798851735688
8.816362681210384	1.9420068031163489	0.21961209300012421	0.23417798851735688
8.825617565305768	1.9440393008008363	0.21961495271955778	0.23417798851735688
8.83487244940115	1.9460718249741393	0.21961781541390277	0.23417798851735688
8.844127333496532	1.948104375663767	0.21962068108327185	0.23417798851735688
8.853382217591916	1.9501369528972283	0.21962354972777764	0.23417798851735688
8.862637101687298	1.9521695567020307	0.21962642134753277	0.23417798851735688
8.87189198578268	1.954202187105683	0.2196292959426499	0.23417798851735688
8.881146869878062	1.9562348441356936	0.21963217351324166	0.23417798851735688
8.890401753973446	1.9582675278195714	0.2196350540594207	0.23417798851735688
8.899656638068828	1.960300238184824	0.2196379375812996	0.23417798851735688
8.90891152216421	1.9623329752589602	0.21964082407899105	0.23417798851735688
8.918166406259594	1.9643657390694889	0.21964371355260767	0.23417798851735688
8.927421290354976	1.9663985296439177	0.21964660600226207	0.23417798851735688
8.936676174450358	1.9684313470097556	0.21964950142806697	0.23417798851735688
8.945931058545742	1.9704641911945113	0.2196523998301349	0.23417798851735688
8.955185942641124	1.9724970622256923	0.21965530120857857	0.23417798851735688
8.964440826736507	1.9745299601308077	0.2196582055635106	0.23417798851735688
8.973695710831889	1.976562884937366	0.21966111289504361	0.23417798851735688
8.982950594927273	1.9785958366728753	0.21966402320329026	0.23417798851735688
8.992205479022655	1.9806288153648444	0.2196669364883632	0.23417798851735688
9.001460363118037	1.9826618210407811	0.21966985275037498	0.23417798851735688
9.01071524721342	1.9846948537281948	0.21967277198943833	0.23417798851735688
9.019970131308803	1.986727913454593	0.21967569420566585	0.23417798851735688
9.029225015404185	1.9887610002474845	0.2196786193991702	0.23417798851735688
9.038479899499567	1.9907941141343781	0.21968154757006397	0.23417798851735688
9.04773478359495	1.9928272551427817	0.21968447871845986	0.23417798851735688
9.056989667690333	1.9948604233002039	0.21968741284447044	0.23417798851735688
9.066244551785715	1.9968936186341533	0.21969034994820838	0.23417798851735688
9.075499435881099	1.9989268411721384	0.21969329002978633	0.23417798851735688
9.084754319976481	2.000960090941667	0.2196962330893169	0.23417798851735688
9.094009204071863	2.002993367970248	0.21969917912691275	0.23417798851735688
9.103264088167247	2.0050266722853904	0.2197021281426865	0.23417798851735688
9.11251897226263	2.0070600039146016	0.2197050801367508	0.23417798851735688
9.121773856358011	2.00909336288539	0.21970803510921827	0.23417798851735688
9.131028740453395	2.0111267492252654	0.21971099306020153	0.23417798851735688
9.140283624548777	2.013160162961735	0.21971395398981328	0.23417798851735688
9.14953850864416	2.0151936041223077	0.2197169178981661	0.23417798851735688
9.158793392739543	2.0172270727344914	0.21971988478537266	0.23417798851735688
9.168048276834925	2.019260568825796	0.21972285465154556	0.23417798851735688
9.177303160930308	2.021294092423728	0.21972582749679748	0.23417798851735688
9.186558045025691	2.0233276435557968	0.219728803321241	0.23417798851735688
9.195812929121074	2.025361222249511	0.21973178212498884	0.23417798851735688
9.205067813216456	2.027394828532379	0.21973476390815355	0.23417798851735688
9.21432269731184	2.029428462431909	0.21973774867084783	0.23417798851735688
9.223577581407222	2.0314621239756088	0.21974073641318428	0.23417798851735688
9.232832465502606	2.033495813190988	0.21974372713527557	0.23417798851735688
9.242087349597988	2.035529530105555	0.2197467208372343	0.23417798851735688
9.25134223369337	2.0375632747468173	0.2197497175191731	0.23417798851735688
9.260597117788752	2.0395970471422835	0.21975271718120465	0.23417798851735688
9.269852001884136	2.041630847319463	0.21975571982344155	0.23417798851735688
9.279106885979518	2.0436646753058634	0.21975872544599648	0.23417798851735688
9.2883617700749	2.0456985311289935	0.21976173404898203	0.23417798851735688
9.297616654170284	2.0477324148163616	0.21976474563251086	0.23417798851735688
9.306871538265666	2.049766326395476	0.2197677601966956	0.23417798851735688
9.316126422361048	2.051800265893845	0.21977077774164888	0.23417798851735688
9.325381306456432	2.0538342333389776	0.21977379826748336	0.23417798851735688
9.334636190551814	2.0558682287583814	0.21977682177431168	0.23417798851735688
9.343891074647196	2.057902252179566	0.21977984826224642	0.23417798851735688
9.353145958742578	2.059936303630039	0.2197828777314003	0.23417798851735688
9.362400842837962	2.061970383137309	0.21978591018188587	0.23417798851735688
9.371655726933344	2.0640044907288844	0.21978894561381582	0.23417798851735688
9.380910611028726	2.0660386264322734	0.2197919840273028	0.23417798851735688
9.39016549512411	2.0680727902749854	0.21979502542245938	0.23417798851735688
9.399420379219492	2.0701069822845275	0.21979806979939828	0.23417798851735688
9.408675263314874	2.0721412024884094	0.21980111715823206	0.23417798851735688
9.417930147410257	2.0741754509141384	0.21980416749907342	0.23417798851735688
9.42718503150564	2.076209727589224	0.21980722082203497	0.23417798851735688
9.436439915601023	2.0782440325411735	0.21981027712722934	0.23417798851735688
9.445694799696405	2.0802783657974966	0.21981333641476916	0.23417798851735688
9.454949683791789	2.082312727385701	0.21981639868476707	0.23417798851735688
9.46420456788717	2.084347117333295	0.21981946393733576	0.23417798851735688
9.473459451982553	2.086381535667787	0.2198225321725878	0.23417798851735688
9.482714336077937	2.088415982416686	0.21982560339063584	0.23417798851735688
9.491969220173319	2.0904504576075	0.21982867759159253	0.23417798851735688
9.501224104268701	2.092484961267738	0.2198317547755705	0.23417798851735688
9.510478988364083	2.0945194934249076	0.21983483494268238	0.23417798851735688
9.519733872459467	2.0965540541065177	0.21983791809304085	0.23417798851735688
9.528988756554849	2.0985886433400767	0.21984100422675848	0.23417798851735688
9.538243640650233	2.100623261153093	0.21984409334394794	0.23417798851735688
9.547498524745615	2.102657907573075	0.2198471854447219	0.23417798851735688
9.556753408840997	2.1046925826275316	0.21985028052919295	0.23417798851735688
9.566008292936381	2.1067272863439706	0.21985337859747373	0.23417798851735688
9.575263177031763	2.1087620187499003	0.21985647964967686	0.23417798851735688
9.584518061127145	2.11079677987283	0.21985958368591504	0.23417798851735688
9.593772945222529	2.1128315697402673	0.21986269070630088	0.23417798851735688
9.603027829317911	2.114866388379721	0.21986580071094697	0.23417798851735688
9.612282713413293	2.1169012358186996	0.219868913699966	0.23417798851735688
9.621537597508677	2.118936112084711	0.21987202967347058	0.23417798851735688
9.63079248160406	2.1209710172052647	0.21987514863157337	0.23417798851735688
9.640047365699441	2.123005951207868	0.219878270574387	0.23417798851735688
9.649302249794825	2.1250409141200306	0.2198813955020241	0.23417798851735688
9.658557133890207	2.127075905969259	0.21988452341459727	0.23417798851735688
9.66781201798559	2.129110926783064	0.2198876543122192	0.23417798851735688
9.677066902080973	2.1311459765889524	0.21989078819500255	0.23417798851735688
9.686321786176356	2.1331810554144326	0.21989392506305988	0.23417798851735688
9.695576670271738	2.1352161632870144	0.21989706491650385	0.23417798851735688
9.704831554367122	2.1372513002342046	0.21990020775544714	0.23417798851735688
9.714086438462504	2.139286466283513	0.21990335358000235	0.23417798851735688
9.723341322557886	2.141321661462447	0.21990650239028212	0.23417798851735688
9.732596206653268	2.1433568857985157	0.21990965418639907	0.23417798851735688
9.741851090748652	2.1453921393192275	0.21991280896846588	0.23417798851735688
9.751105974844034	2.14742742205209	0.21991596673659516	0.23417798851735688
9.760360858939416	2.149462734024613	0.21991912749089954	0.23417798851735688
9.7696157430348	2.151498075264304	0.21992229123149168	0.23417798851735688
9.778870627130182	2.1535334457986712	0.2199254579584842	0.23417798851735688
9.788125511225564	2.1555688456552238	0.21992862767198973	0.23417798851735688
9.797380395320946	2.1576042748614697	0.21993180037212093	0.23417798851735688
9.80663527941633	2.159639733444918	0.21993497605899043	0.23417798851735688
9.815890163511712	2.1616752214330766	0.21993815473271083	0.23417798851735688
9.825145047607094	2.1637107388534536	0.21994133639339483	0.23417798851735688
9.834399931702478	2.1657462857335585	0.21994452104115503	0.23417798851735688
9.84365481579786	2.167781862100899	0.21994770867610405	0.23417798851735688
9.852909699893242	2.169817467982983	0.21995089929835454	0.23417798851735688
9.862164583988626	2.17185310340732	0.21995409290801918	0.23417798851735688
9.871419468084008	2.173888768401418	0.21995728950521054	0.23417798851735688
9.88067435217939	2.1759244629927856	0.2199604890900413	0.23417798851735688
9.889929236274773	2.1779601872089307	0.21996369166262408	0.23417798851735688
9.899184120370156	2.1799959410773626	0.21996689722307153	0.23417798851735688
9.908439004465539	2.182031724625589	0.21997010577149625	0.23417798851735688
9.91769388856092	2.1840675378811185	0.21997331730801095	0.23417798851735688
9.926948772656305	2.18610338087146	0.2199765318327282	0.23417798851735688
9.936203656751687	2.188139253624121	0.21997974934576064	0.23417798851735688
9.94545854084707	2.1901751561666107	0.21998296984722093	0.23417798851735688
9.954713424942453	2.192211088526437	0.2199861933372217	0.23417798851735688
9.963968309037835	2.19424705073111	0.2199894198158756	0.23417798851735688
9.973223193133219	2.1962830428081355	0.21999264928329523	0.23417798851735688
9.9824780772286	2.1983190647850233	0.21999588173959328	0.23417798851735688
9.991732961323983	2.2003551166892823	0.21999911718488235	0.23417798851735688
10.000987845419367	2.2023911985484204	0.2200023556192751	0.23417798851735688
10.010242729514749	2.2044273103899457	0.2200055970428841	0.23417798851735688
10.019497613610131	2.2064634522413673	0.22000884145582206	0.23417798851735688
10.028752497705515	2.2084996241301935	0.22001208885820162	0.23417798851735688
10.038007381800897	2.210535826083932	0.22001533925013536	0.23417798851735688
10.04726226589628	2.212572058130092	0.22001859263173595	0.23417798851735688
10.056517149991663	2.2146083202961817	0.22002184900311605	0.23417798851735688
10.065772034087045	2.2166446126097097	0.22002510836438824	0.23417798851735688
10.075026918182427	2.218680935098184	0.22002837071566522	0.23417798851735688
10.084281802277811	2.220717287789114	0.22003163605705955	0.23417798851735688
10.093536686373193	2.222753670710007	0.22003490438868395	0.23417798851735688
10.102791570468575	2.2247900838883723	0.220038175710651	0.23417798851735688
10.112046454563957	2.2268265273517174	0.22004145002307338	0.23417798851735688
10.121301338659341	2.2288630011275514	0.22004472732606367	0.23417798851735688
10.130556222754723	2.2308995052433827	0.22004800761973453	0.23417798851735688
10.139811106850106	2.2329360397267197	0.22005129090419864	0.23417798851735688
10.14906599094549	2.234972604605071	0.22005457717956858	0.23417798851735688
10.158320875040872	2.2370091999059447	0.220057866445957	0.23417798851735688
10.167575759136254	2.239045825656849	0.22006115870347656	0.23417798851735688
10.176830643231636	2.241082481885293	0.2200644539522399	0.23417798851735688
10.18608552732702	2.243119168618785	0.2200677521923596	0.23417798851735688
10.195340411422402	2.245155885884833	0.22007105342394834	0.23417798851735688
10.204595295517784	2.2471926337109456	0.22007435764711877	0.23417798851735688
10.213850179613168	2.249229412124632	0.2200776648619835	0.23417798851735688
10.22310506370855	2.251266221153399	0.22008097506865518	0.23417798851735688
10.232359947803932	2.2533030608247566	0.22008428826724644	0.23417798851735688
10.241614831899316	2.255339931166213	0.2200876044578699	0.23417798851735688
10.250869715994698	2.257376832205275	0.22009092364063823	0.23417798851735688
10.26012460009008	2.2594137639694534	0.22009424581566403	0.23417798851735688
10.269379484185462	2.2614507264862556	0.22009757098306	0.23417798851735688
10.278634368280846	2.26348771978319	0.2201008991429387	0.23417798851735688
10.287889252376228	2.265524743887765	0.22010423029541282	0.23417798851735688
10.29714413647161	2.2675617988274883	0.22010756444059495	0.23417798851735688
10.306399020566994	2.26959888462987	0.22011090157859778	0.23417798851735688
10.315653904662376	2.271636001322417	0.22011424170953392	0.23417798851735688
10.324908788757758	2.2736731489326387	0.220117584833516	0.23417798851735688
10.334163672853142	2.275710327488043	0.22012093095065668	0.23417798851735688
10.343418556948524	2.2777475370161393	0.22012428006106857	0.23417798851735688
10.352673441043908	2.2797847775444344	0.22012763216486433	0.23417798851735688
10.36192832513929	2.281822049100438	0.22013098726215657	0.23417798851735688
10.371183209234673	2.2838593517116585	0.22013434535305795	0.23417798851735688
10.380438093330056	2.2858966854056035	0.2201377064376811	0.23417798851735688
10.389692977425439	2.2879340502097816	0.22014107051613863	0.23417798851735688
10.39894786152082	2.2899714461517027	0.22014443758854324	0.23417798851735688
10.408202745616205	2.292008873258873	0.2201478076550075	0.23417798851735688
10.417457629711587	2.2940463315588024	0.22015118071564407	0.23417798851735688
10.426712513806969	2.296083821078999	0.2201545567705656	0.23417798851735688
10.435967397902353	2.2981213418469713	0.22015793581988474	0.23417798851735688
10.445222281997735	2.3001588938902273	0.2201613178637141	0.23417798851735688
10.454477166093117	2.3021964772362757	0.2201647029021663	0.23417798851735688
10.4637320501885	2.3042340919126256	0.22016809093535403	0.23417798851735688
10.472986934283883	2.3062717379467848	0.22017148196338987	0.23417798851735688
10.482241818379265	2.3083094153662613	0.2201748759863865	0.23417798851735688
10.491496702474647	2.3103471241985645	0.22017827300445653	0.23417798851735688
10.500751586570031	2.312384864471202	0.2201816730177126	0.23417798851735688
10.510006470665413	2.314422636211683	0.22018507602626736	0.23417798851735688
10.519261354760795	2.316460439447515	0.22018848203023342	0.23417798851735688
10.528516238856179	2.318498274206208	0.22019189102972345	0.23417798851735688
10.537771122951561	2.3205361405152685	0.22019530302485008	0.23417798851735688
10.547026007046943	2.3225740384022053	0.2201987180157259	0.23417798851735688
10.556280891142327	2.324611967894529	0.22020213600246363	0.23417798851735688
10.56553577523771	2.3266499290197453	0.22020555698517585	0.23417798851735688
10.574790659333091	2.328687921805364	0.2202089809639752	0.23417798851735688
10.584045543428473	2.3307259462788927	0.22021240793897434	0.23417798851735688
10.593300427523857	2.3327640024678415	0.22021583791028587	0.23417798851735688
