x	chi	dchidx	s0
0.000715844220831132	0.0	0.2972950745494603	0.2972950745494603
0.01432145403917191	0.004044872053032885	0.29729323732191587	0.2972950745494603
0.027927063857512688	0.00808969651600225	0.29728807904448684	0.2972950745494603
0.04153267367585347	0.01213442820641988	0.2972795999352468	0.2972950745494603
0.055138283494194244	0.016179021942542407	0.2972678000034739	0.2972950745494603
0.06874389331253501	0.020223432542635318	0.2972526792553213	0.2972950745494603
0.0823495031308758	0.024267614824967698	0.2972342376947389	0.2972950745494603
0.09595511294921658	0.028311523607812184	0.29721247532347395	0.2972950745494603
0.10956072276755735	0.032355113709445035	0.2971873921410705	0.2972950745494603
0.12316633258589813	0.036398339948146056	0.2971589881448699	0.2972950745494603
0.1367719424042389	0.04044115714219866	0.29712726333001044	0.2972950745494603
0.15037755222257967	0.044483520109889846	0.29709221768942745	0.2972950745494603
0.16398316204092048	0.04852611879134988	0.2970538607464756	0.2972950745494603
0.17758877185926125	0.05256965640093788	0.2970121256450162	0.2972950745494603
0.191194381677602	0.056613943936545695	0.2969668967576659	0.2972950745494603
0.2047999914959428	0.0606587957328293	0.29691806558701944	0.2972950745494603
0.21840560131428358	0.06470403047526413	0.29686553080421463	0.2972950745494603
0.23201121113262435	0.06874947120014513	0.29680919824893237	0.2972950745494603
0.24561682095096515	0.07279494529458674	0.29674898092939633	0.2972950745494603
0.2592224307693059	0.07684028449652294	0.2966847990223732	0.2972950745494603
0.2728280405876467	0.08088532489470715	0.29661657987317275	0.2972950745494603
0.2864336504059875	0.08492990692871233	0.29654425799564754	0.2972950745494603
0.30003926022432825	0.08897387538893092	0.2964677750721932	0.2972950745494603
0.31364487004266906	0.09301707941657489	0.29638707995374824	0.2972950745494603
0.32725047986100986	0.09705937250367566	0.2963021286597943	0.2972950745494603
0.3408560896793506	0.10110061249308425	0.29621288437835575	0.2972950745494603
0.3544616994976914	0.10514066157847105	0.2961193174660002	0.2972950745494603
0.36806730931603215	0.10917938630432601	0.29602140544783795	0.2972950745494603
0.3816729191343729	0.11321665756595864	0.2959191330175224	0.2972950745494603
0.3952785289527137	0.11725235060949785	0.29581249203724996	0.2972950745494603
0.4088841387710545	0.12128634503189215	0.2957014815377599	0.2972950745494603
0.42248974858939525	0.12531852478090943	0.2955861077183345	0.2972950745494603
0.43609535840773606	0.12934877815513718	0.29546638394679897	0.2972950745494603
0.4497009682260768	0.13337699780398235	0.2953423307595216	0.2972950745494603
0.46330657804441755	0.13740308072767143	0.29521397586141346	0.2972950745494603
0.47691218786275835	0.1414269282772504	0.2950813541259288	0.2972950745494603
0.49051779768109915	0.14544844615458463	0.29494450759506463	0.2972950745494603
0.50412340749944	0.14946754441235913	0.294803485479361	0.2972950745494603
0.5177290173177806	0.1534841374540784	0.294658344157901	0.2972950745494603
0.5313346271361215	0.15749814403406637	0.29450914717831056	0.2972950745494603
0.5449402369544623	0.1615094872574665	0.29435596525675867	0.2972950745494603
0.5585458467728031	0.1655180945802418	0.2941988762779572	0.2972950745494603
0.5721514565911439	0.16952389780917465	0.29403796529516113	0.2972950745494603
0.5857570664094847	0.17352683310186712	0.2938733245301682	0.2972950745494603
0.5993626762278254	0.1775268409667406	0.29370505337331926	0.2972950745494603
0.6129682860461662	0.18152386626303602	0.2935332583834981	0.2972950745494603
0.626573895864507	0.185517858200814	0.29335805328813136	0.2972950745494603
0.6401795056828478	0.18950877034095437	0.29317955898318887	0.2972950745494603
0.6537851155011886	0.19349656059515669	0.2929979035331832	0.2972950745494603
0.6673907253195293	0.19748119122593988	0.29281322217117006	0.2972950745494603
0.6809963351378701	0.20146262884664246	0.29262565729874795	0.2972950745494603
0.6946019449562109	0.20544084442142235	0.29243535848605845	0.2972950745494603
0.7082075547745517	0.20941581326525704	0.29224248247178614	0.2972950745494603
0.7218131645928925	0.2133875150439435	0.2920471931631584	0.2972950745494603
0.7354187744112332	0.21735593377409818	0.2918496616359458	0.2972950745494603
0.749024384229574	0.22132105782315714	0.29165006613446165	0.2972950745494603
0.7626299940479146	0.22528287990937584	0.2914485920715623	0.2972950745494603
0.7762356038662555	0.22924139710182917	0.2912454320286472	0.2972950745494603
0.7898412136845963	0.23319661082041165	0.2910407857556586	0.2972950745494603
0.8034468235029371	0.23714852683583731	0.29083486017108173	0.2972950745494603
0.8170524333212779	0.24109715526963965	0.2906278693619449	0.2972950745494603
0.8306580431396186	0.24504251059417154	0.2904200345838192	0.2972950745494603
0.8442636529579594	0.24898461163260555	0.2902115842608189	0.2972950745494603
0.8578692627763002	0.25292348155893357	0.290002753985601	0.2972950745494603
0.871474872594641	0.2568591478979672	0.28979378651936566	0.2972950745494603
0.8850804824129818	0.2607916425253373	0.2895849317918559	0.2972950745494603
0.8986860922313223	0.26472100166749446	0.2893764469013577	0.2972950745494603
0.9122917020496631	0.2686472659017086	0.28916859611470014	0.2972950745494603
0.9258973118680038	0.27257048015606933	0.2889616508672551	0.2972950745494603
0.9395029216863446	0.2764906937094855	0.2887558897629375	0.2972950745494603
0.9531085315046854	0.2804079601916856	0.28855159857420515	0.2972950745494603
0.9667141413230262	0.2843223375832176	0.2883490702420589	0.2972950745494603
0.980319751141367	0.2882338882154492	0.2881486048760426	0.2972950745494603
0.9939253609597078	0.2921426787705672	0.287950509754243	0.2972950745494603
1.0075309707780487	0.2960487802815781	0.2877550993232898	0.2972950745494603
1.0211365805963895	0.29995226813230796	0.28756269519835564	0.2972950745494603
1.03474219041473	0.3038532220574022	0.2873736261631562	0.2972950745494603
1.0483478002330708	0.3077517261423258	0.28718822816995015	0.2972950745494603
1.0619534100514116	0.3116478688233633	0.28700684433953905	0.2972950745494603
1.0755590198697524	0.31554174288761877	0.2868298249612674	0.2972950745494603
1.0891646296880932	0.3194334454730156	0.2866575274930227	0.2972950745494603
1.102770239506434	0.3233230780682968	0.28649031656123547	0.2972950745494603
1.1163758493247748	0.32721074651302484	0.28632856396087913	0.2972950745494603
1.1299814591431157	0.33109656099758183	0.28617264865547004	0.2972950745494603
1.1435870689614565	0.3349806360631692	0.28602295677706757	0.2972950745494603
1.1571926787797973	0.3388630906018079	0.2858798816262741	0.2972950745494603
1.170798288598138	0.34274404785633855	0.2857438236722349	0.2972950745494603
1.1844038984164789	0.3466236354204211	0.2856151905526382	0.2972950745494603
1.1980095082348194	0.35050198523853493	0.28549439707371516	0.2972950745494603
1.2116151180531602	0.35437923360597917	0.28538186521024006	0.2972950745494603
1.225220727871501	0.35825552116887227	0.28527802410553005	0.2972950745494603
1.2388263376898418	0.36213099292415235	0.28518331007144515	0.2972950745494603
1.2524319475081827	0.36600579821957674	0.28509816658838844	0.2972950745494603
1.2660375573265235	0.36988009075372263	0.28502304430530606	0.2972950745494603
1.2796431671448643	0.37375402857598633	0.2849584010396869	0.2972950745494603
1.293248776963205	0.37762777408658404	0.284904701777563	0.2972950745494603
1.3068543867815459	0.3815014940365511	0.2848624186735092	0.2972950745494603
1.3204599965998867	0.38537535952774254	0.2848320310506435	0.2972950745494603
1.3340656064182275	0.38924954601283307	0.28481402540062667	0.2972950745494603
1.347671216236568	0.39312423329531637	0.28480889538366255	0.2972950745494603
1.3534878038162226	0.3947808510145933	0.28480952686540467	0.2972950745494603
1.3593043913958769	0.3964374724142039	0.28481016087675587	0.2972950745494603
1.3651209789755314	0.3980940975088696	0.2848107974177623	0.2972950745494603
1.3709375665551857	0.3997507263133117	0.28481143648846985	0.2972950745494603
1.3767541541348403	0.40140735884225187	0.2848120780889246	0.2972950745494603
1.3825707417144946	0.40306399511041135	0.28481272221917264	0.2972950745494603
1.388387329294149	0.4047206351325118	0.28481336887925995	0.2972950745494603
1.3942039168738034	0.40637727892327435	0.28481401806923257	0.2972950745494603
1.400020504453458	0.4080339264974207	0.28481466978913644	0.2972950745494603
1.4058370920331122	0.40969057786967217	0.2848153240390177	0.2972950745494603
1.4116536796127668	0.41134723305475024	0.2848159808189224	0.2972950745494603
1.417470267192421	0.4130038920673763	0.28481664012889646	0.2972950745494603
1.4232868547720756	0.41466055492227183	0.28481730196898597	0.2972950745494603
1.42910344235173	0.4163172216341582	0.28481796633923695	0.2972950745494603
1.4349200299313842	0.41797389221775694	0.28481863323969536	0.2972950745494603
1.4407366175110385	0.4196305666877894	0.2848193026704074	0.2972950745494603
1.446553205090693	0.42128724505897713	0.2848199746314189	0.2972950745494603
1.4523697926703474	0.4229439273460414	0.284820649122776	0.2972950745494603
1.458186380250002	0.4246006135637039	0.28482132614452477	0.2972950745494603
1.4640029678296562	0.42625730372668574	0.2848220056967111	0.2972950745494603
1.4698195554093108	0.4279139978497086	0.28482268777938113	0.2972950745494603
1.475636142988965	0.42957069594749386	0.2848233723925808	0.2972950745494603
1.4814527305686196	0.4312273980347629	0.28482405953635626	0.2972950745494603
1.487269318148274	0.4328841041262372	0.28482474921075346	0.2972950745494603
1.4930859057279284	0.43454081423663826	0.2848254414158184	0.2972950745494603
1.4989024933075827	0.43619752838068737	0.28482613615159713	0.2972950745494603
1.5047190808872373	0.43785424657310607	0.28482683341813575	0.2972950745494603
1.5105356684668916	0.43951096882861573	0.28482753321548016	0.2972950745494603
1.516352256046546	0.44116769516193793	0.28482823554367653	0.2972950745494603
1.5221688436262002	0.44282442558779395	0.28482894040277074	0.2972950745494603
1.5279854312058547	0.4444811601209053	0.28482964779280895	0.2972950745494603
1.533802018785509	0.44613789877599336	0.28483035771383713	0.2972950745494603
1.5396186063651636	0.4477946415677797	0.2848310701659013	0.2972950745494603
1.5454351939448179	0.4494513885109856	0.2848317851490475	0.2972950745494603
1.5512517815244724	0.4511081396203326	0.2848325026633218	0.2972950745494603
1.5570683691041267	0.452764894910542	0.2848332227087701	0.2972950745494603
1.5628849566837812	0.4544216543963355	0.28483394528543854	0.2972950745494603
1.5687015442634356	0.4560784180924342	0.2848346703933731	0.2972950745494603
1.57451813184309	0.45773518601355984	0.2848353980326199	0.2972950745494603
1.5803347194227444	0.4593919581744336	0.28483612820322485	0.2972950745494603
1.586151307002399	0.4610487345897772	0.284836860905234	0.2972950745494603
1.5919678945820532	0.4627055152743118	0.28483759613869347	0.2972950745494603
1.5977844821617078	0.46436230024275904	0.2848383339036492	0.2972950745494603
1.603601069741362	0.46601908950984017	0.28483907420014726	0.2972950745494603
1.6094176573210164	0.46767588309027686	0.28483981702823363	0.2972950745494603
1.6152342449006707	0.4693326809987903	0.28484056238795435	0.2972950745494603
1.6210508324803252	0.47098948325010215	0.2848413102793555	0.2972950745494603
1.6268674200599795	0.4726462898589336	0.284842060702483	0.2972950745494603
1.632684007639634	0.4743031008400064	0.28484281365738306	0.2972950745494603
1.6385005952192886	0.47595991627339557	0.28484356915372766	0.2972950745494603
1.644317182798943	0.47761673655580855	0.2848443272478962	0.2972950745494603
1.6501337703785972	0.4792735612458352	0.2848450878727944	0.2972950745494603
1.6559503579582517	0.48093039035827057	0.2848458510284653	0.2972950745494603
1.6617669455379063	0.4825872239079094	0.2848466167149521	0.2972950745494603
1.6675835331175606	0.4842440619095467	0.2848473849322978	0.2972950745494603
1.6734001206972149	0.48590090437797745	0.2848481556805455	0.2972950745494603
1.6792167082768694	0.4875577513279965	0.2848489289597383	0.2972950745494603
1.685033295856524	0.4892146027743989	0.28484970476991933	0.2972950745494603
1.6908498834361783	0.49087145873197946	0.28485048311113165	0.2972950745494603
1.6966664710158326	0.4925283192155331	0.2848512639834183	0.2972950745494603
1.7024830585954869	0.4941851842398549	0.2848520473868225	0.2972950745494603
1.7082996461751414	0.4958420538197397	0.2848528333213873	0.2972950745494603
1.7141162337547957	0.4974989279699824	0.2848536217871557	0.2972950745494603
1.71993282133445	0.49915580670537796	0.28485441278417084	0.2972950745494603
1.7257494089141046	0.5008126900407214	0.2848552063124758	0.2972950745494603
1.731565996493759	0.5024695779908075	0.2848560023721137	0.2972950745494603
1.7373825840734134	0.5041264705704313	0.2848568009631277	0.2972950745494603
1.7431991716530677	0.5057833677943876	0.28485760208556077	0.2972950745494603
1.7490157592327222	0.5074402696774716	0.2848584057394561	0.2972950745494603
1.7548323468123768	0.5090971762344779	0.28485921192485664	0.2972950745494603
1.760648934392031	0.5107540874802017	0.28486002064180566	0.2972950745494603
1.7664655219716854	0.5124110034294377	0.2848608318903461	0.2972950745494603
1.77228210955134	0.5140679240969811	0.28486164567052114	0.2972950745494603
1.7780986971309944	0.5157248494976266	0.28486246198237386	0.2972950745494603
1.7839152847106488	0.5173817796461693	0.2848632808259473	0.2972950745494603
1.789731872290303	0.519038714557404	0.2848641022012846	0.2972950745494603
1.7955484598699574	0.5206956542461257	0.2848649261084289	0.2972950745494603
1.801365047449612	0.5223525987271294	0.2848657525474232	0.2972950745494603
1.8071816350292664	0.5240095480152099	0.28486658151831057	0.2972950745494603
1.8129982226089205	0.5256665021251621	0.2848674130211342	0.2972950745494603
1.818814810188575	0.5273234610717812	0.28486824705593716	0.2972950745494603
1.8246313977682296	0.5289804248698617	0.2848690836227625	0.2972950745494603
1.8304479853478837	0.5306373935341989	0.28486992272165335	0.2972950745494603
1.8362645729275382	0.5322943670795878	0.28487076435265274	0.2972950745494603
1.8420811605071927	0.5339513455208229	0.28487160851580384	0.2972950745494603
1.8478977480868473	0.5356083288726995	0.2848724552111497	0.2972950745494603
1.8537143356665018	0.5372653171500125	0.2848733044387334	0.2972950745494603
1.8595309232461559	0.5389223103675564	0.28487415619859807	0.2972950745494603
1.8653475108258104	0.5405793085401268	0.2848750104907868	0.2972950745494603
1.8711640984054647	0.5422363116825183	0.2848758673153426	0.2972950745494603
1.876980685985119	0.5438933198095256	0.2848767266723087	0.2972950745494603
1.8827972735647733	0.5455503329359441	0.284877588561728	0.2972950745494603
1.8886138611444279	0.5472073510765685	0.28487845298364384	0.2972950745494603
1.8944304487240824	0.5488643742461936	0.2848793199380991	0.2972950745494603
1.900247036303737	0.5505214024596146	0.284880189425137	0.2972950745494603
1.9060636238833915	0.5521784357316263	0.2848810614448005	0.2972950745494603
1.9118802114630455	0.5538354740770235	0.28488193599713285	0.2972950745494603
1.9176967990427	0.5554925175106014	0.28488281308217706	0.2972950745494603
1.9235133866223546	0.5571495660471547	0.2848836926999762	0.2972950745494603
1.9293299742020087	0.5588066197014784	0.2848845748505734	0.2972950745494603
1.9351465617816632	0.5604636784883676	0.28488545953401173	0.2972950745494603
1.9409631493613178	0.5621207424226171	0.2848863467503343	0.2972950745494603
1.9467797369409723	0.5637778115190217	0.2848872364995842	0.2972950745494603
1.9525963245206266	0.5654348857923767	0.28488812878180453	0.2972950745494603
1.958412912100281	0.5670919652574765	0.2848890235970383	0.2972950745494603
1.9642294996799352	0.5687490499291165	0.2848899209453288	0.2972950745494603
1.9700460872595897	0.5704061398220914	0.28489082082671885	0.2972950745494603
1.9758626748392438	0.5720632349511962	0.2848917232412517	0.2972950745494603
1.9816792624188984	0.5737203353312258	0.2848926281889705	0.2972950745494603
1.9874958499985529	0.5753774409769752	0.2848935356699182	0.2972950745494603
1.9933124375782074	0.5770345519032393	0.284894445684138	0.2972950745494603
1.999129025157862	0.578691668124813	0.28489535823167295	0.2972950745494603
2.004945612737516	0.5803487896564912	0.2848962733125661	0.2972950745494603
2.0107622003171706	0.5820059165130689	0.2848971909268606	0.2972950745494603
2.016578787896825	0.583663048709341	0.2848981110745995	0.2972950745494603
2.022395375476479	0.5853201862601025	0.2848990337558259	0.2972950745494603
2.0282119630561337	0.5869773291801483	0.28489995897058296	0.2972950745494603
2.0340285506357882	0.5886344774842733	0.2849008867189137	0.2972950745494603
2.0398451382154428	0.5902916311872725	0.28490181700086126	0.2972950745494603
2.0456617257950973	0.5919487903039408	0.2849027498164686	0.2972950745494603
2.0514783133747514	0.5936059548490729	0.284903685165779	0.2972950745494603
2.057294900954406	0.5952631248374641	0.28490462304883546	0.2972950745494603
2.0631114885340605	0.5969203002839092	0.2849055634656811	0.2972950745494603
2.0689280761137145	0.598577481203203	0.2849065064163589	0.2972950745494603
2.074744663693369	0.6002346676101405	0.2849074519009121	0.2972950745494603
2.0805612512730236	0.6018918595195168	0.2849083999193837	0.2972950745494603
2.086377838852678	0.6035490569461267	0.2849093504718168	0.2972950745494603
2.092194426432332	0.6052062599047652	0.2849103035582546	0.2972950745494603
2.0980110140119868	0.606863468410227	0.28491125917874005	0.2972950745494603
2.103827601591641	0.6085206824773073	0.2849122173333163	0.2972950745494603
2.1096441891712954	0.6101779021208009	0.2849131780220264	0.2972950745494603
2.1154607767509495	0.6118351273555027	0.28491414124491354	0.2972950745494603
2.121277364330604	0.6134923581962078	0.2849151070020207	0.2972950745494603
2.1270939519102585	0.6151495946577111	0.2849160752933911	0.2972950745494603
2.132910539489913	0.6168068367548074	0.28491704611906765	0.2972950745494603
2.1387271270695676	0.6184640845022917	0.2849180194790936	0.2972950745494603
2.1445437146492217	0.6201213379149588	0.284918995373512	0.2972950745494603
2.150360302228876	0.6217785970076039	0.2849199738023659	0.2972950745494603
2.1561768898085307	0.6234358617950218	0.28492095476569845	0.2972950745494603
2.161993477388185	0.6250931322920072	0.28492193826355267	0.2972950745494603
2.1678100649678393	0.6267504085133555	0.2849229242959717	0.2972950745494603
2.173626652547494	0.6284076904738614	0.2849239128629987	0.2972950745494603
2.1794432401271484	0.6300649781883197	0.2849249039646766	0.2972950745494603
2.185259827706803	0.6317222716715256	0.28492589760104864	0.2972950745494603
2.191076415286457	0.6333795709382737	0.2849268937721578	0.2972950745494603
2.1968930028661116	0.6350368760033592	0.2849278924780473	0.2972950745494603
2.202709590445766	0.636694186881577	0.28492889371876007	0.2972950745494603
2.20852617802542	0.6383515035877219	0.2849298974943393	0.2972950745494603
2.2143427656050747	0.640008826136589	0.28493090380482805	0.2972950745494603
2.2201593531847292	0.6416661545429732	0.28493191265026946	0.2972950745494603
2.2259759407643838	0.6433234888216692	0.28493292403070664	0.2972950745494603
2.2317925283440383	0.6449808289874722	0.28493393794618255	0.2972950745494603
2.2376091159236924	0.6466381750551771	0.2849349543967404	0.2972950745494603
2.243425703503347	0.6482955270395787	0.2849359733824232	0.2972950745494603
2.2492422910830014	0.6499528849554721	0.2849369949032741	0.2972950745494603
2.2550588786626555	0.651610248817652	0.28493801895933624	0.2972950745494603
2.26087546624231	0.6532676186409135	0.28493904555065264	0.2972950745494603
2.2666920538219646	0.6549249944400517	0.28494007467726634	0.2972950745494603
2.2725086414016187	0.6565823762298612	0.28494110633922054	0.2972950745494603
2.278325228981273	0.6582397640251371	0.28494214053655825	0.2972950745494603
2.2841418165609277	0.6598971578406743	0.2849431772693226	0.2972950745494603
2.289958404140582	0.6615545576912676	0.2849442165375567	0.2972950745494603
2.2957749917202364	0.6632119635917122	0.28494525834130363	0.2972950745494603
2.3015915792998904	0.6648693755568028	0.28494630268060644	0.2972950745494603
2.307408166879545	0.6665267936013346	0.28494734955550827	0.2972950745494603
2.3132247544591995	0.6681842177401023	0.2849483989660522	0.2972950745494603
2.319041342038854	0.6698416479879008	0.28494945091228124	0.2972950745494603
2.3248579296185086	0.6714990843595253	0.28495050539423866	0.2972950745494603
2.330674517198163	0.6731565268697706	0.2849515624119674	0.2972950745494603
2.336491104777817	0.6748139755334313	0.2849526219655106	0.2972950745494603
2.3423076923574717	0.6764714303653028	0.28495368405491134	0.2972950745494603
2.348124279937126	0.6781288913801797	0.28495474868021275	0.2972950745494603
2.3539408675167803	0.6797863585928573	0.2849558158414579	0.2972950745494603
2.359757455096435	0.6814438320181303	0.28495688553868986	0.2972950745494603
2.3655740426760894	0.6831013116707937	0.2849579577719517	0.2972950745494603
2.371390630255744	0.6847587975656424	0.2849590325412866	0.2972950745494603
2.3772072178353985	0.6864162897174713	0.2849601098467376	0.2972950745494603
2.3830238054150525	0.6880737881410751	0.28496118968834777	0.2972950745494603
2.388840392994707	0.6897312928512491	0.28496227206616026	0.2972950745494603
2.394656980574361	0.6913888038627882	0.2849633569802181	0.2972950745494603
2.4004735681540157	0.6930463211904873	0.2849644444305644	0.2972950745494603
2.40629015573367	0.6947038448491413	0.28496553441724226	0.2972950745494603
2.4121067433133248	0.696361374853545	0.2849666269402948	0.2972950745494603
2.4179233308929793	0.6980189112184936	0.28496772199976506	0.2972950745494603
2.423739918472634	0.6996764539587816	0.28496881959569614	0.2972950745494603
2.429556506052288	0.7013340030892045	0.2849699197281312	0.2972950745494603
2.4353730936319424	0.7029915586245568	0.2849710223971132	0.2972950745494603
2.4411896812115965	0.7046491205796335	0.28497212760268537	0.2972950745494603
2.447006268791251	0.7063066889692298	0.2849732353448907	0.2972950745494603
2.4528228563709056	0.7079642638081403	0.28497434562377233	0.2972950745494603
2.4586394439505597	0.7096218451111602	0.2849754584393734	0.2972950745494603
2.464456031530214	0.7112794328930843	0.28497657379173685	0.2972950745494603
2.4702726191098687	0.7129370271687074	0.2849776916809059	0.2972950745494603
2.4760892066895233	0.7145946279528247	0.28497881210692366	0.2972950745494603
2.4819057942691773	0.716252235260231	0.2849799350698331	0.2972950745494603
2.487722381848832	0.7179098491057211	0.2849810605696774	0.2972950745494603
2.493538969428486	0.7195674695040901	0.2849821886064997	0.2972950745494603
2.4993555570081405	0.7212250964701329	0.284983319180343	0.2972950745494603
2.505172144587795	0.7228827300186446	0.28498445229125036	0.2972950745494603
2.5109887321674496	0.7245403701644197	0.28498558793926493	0.2972950745494603
2.516805319747104	0.7261980169222537	0.2849867261244298	0.2972950745494603
2.5226219073267586	0.7278556703069411	0.2849878668467881	0.2972950745494603
2.5284384949064127	0.7295133303332768	0.2849890101063829	0.2972950745494603
2.5342550824860672	0.731170997016056	0.2849901559032572	0.2972950745494603
2.5400716700657213	0.7328286703700735	0.2849913042374542	0.2972950745494603
2.545888257645376	0.7344863504101244	0.284992455109017	0.2972950745494603
2.5517048452250304	0.7361440371510034	0.2849936085179886	0.2972950745494603
2.557521432804685	0.7378017306075055	0.2849947644644122	0.2972950745494603
2.5633380203843394	0.7394594307944258	0.28499592294833076	0.2972950745494603
2.569154607963994	0.741117137726559	0.28499708396978746	0.2972950745494603
2.574971195543648	0.7427748514187	0.2849982475288254	0.2972950745494603
2.5807877831233026	0.7444325718856439	0.28499941362548764	0.2972950745494603
2.5866043707029567	0.7460902991421856	0.2850005822598173	0.2972950745494603
2.592420958282611	0.7477480332031201	0.2850017534318574	0.2972950745494603
2.5982375458622657	0.7494057740832422	0.2850029271416511	0.2972950745494603
2.6040541334419203	0.7510635217973469	0.2850041033892415	0.2972950745494603
2.609870721021575	0.7527212763602291	0.28500528217467164	0.2972950745494603
2.615687308601229	0.7543790377866838	0.2850064634979846	0.2972950745494603
2.6215038961808834	0.7560368060915057	0.28500764735922357	0.2972950745494603
2.6273204837605375	0.7576945812894901	0.28500883375843156	0.2972950745494603
2.633137071340192	0.7593523633954316	0.2850100226956517	0.2972950745494603
2.638953658919846	0.7610101524241253	0.285011214170927	0.2972950745494603
2.6447702464995007	0.7626679483903662	0.2850124081843006	0.2972950745494603
2.650586834079155	0.7643257513089492	0.2850136047358157	0.2972950745494603
2.6564034216588097	0.765983561194669	0.28501480382551525	0.2972950745494603
2.6622200092384642	0.7676413780623208	0.2850160054534424	0.2972950745494603
2.6680365968181183	0.7692992019266993	0.2850172096196402	0.2972950745494603
2.673853184397773	0.7709570328025998	0.28501841632415187	0.2972950745494603
2.679669771977427	0.7726148707048167	0.2850196255670203	0.2972950745494603
2.6854863595570815	0.7742727156481454	0.2850208373482887	0.2972950745494603
2.691302947136736	0.7759305676473808	0.2850220516680002	0.2972950745494603
2.6971195347163905	0.7775884267173175	0.2850232685261978	0.2972950745494603
2.702936122296045	0.7792462928727508	0.2850244879229246	0.2972950745494603
2.7087527098756996	0.7809041661284755	0.2850257098582238	0.2972950745494603
2.7145692974553537	0.7825620464992862	0.2850269343321384	0.2972950745494603
2.7203858850350082	0.7842199339999782	0.28502816134471143	0.2972950745494603
2.7262024726146623	0.7858778286453465	0.2850293908959861	0.2972950745494603
2.732019060194317	0.7875357304501859	0.28503062298600546	0.2972950745494603
2.7378356477739714	0.7891936394292913	0.2850318576148126	0.2972950745494603
2.743652235353626	0.7908515555974576	0.28503309478245065	0.2972950745494603
2.7494688229332804	0.79250947896948	0.2850343344889626	0.2972950745494603
2.755285410512935	0.794167409560153	0.2850355767343916	0.2972950745494603
2.761101998092589	0.7958253473842717	0.2850368215187808	0.2972950745494603
2.7669185856722436	0.7974832924566312	0.2850380688421732	0.2972950745494603
2.7727351732518977	0.7991412447920262	0.28503931870461197	0.2972950745494603
2.778551760831552	0.8007992044052519	0.2850405711061401	0.2972950745494603
2.7843683484112067	0.8024571713111031	0.2850418260468008	0.2972950745494603
2.7901849359908613	0.8041151455243747	0.2850430835266371	0.2972950745494603
2.796001523570516	0.8057731270598616	0.2850443435456921	0.2972950745494603
2.80181811115017	0.8074311159323587	0.2850456061040088	0.2972950745494603
2.807634698729824	0.809089112156661	0.28504687120163047	0.2972950745494603
2.8134512863094785	0.8107471157475636	0.2850481388386001	0.2972950745494603
2.8192678738891326	0.8124051267198611	0.2850494090149608	0.2972950745494603
2.825084461468787	0.8140631450883489	0.2850506817307556	0.2972950745494603
2.8309010490484416	0.8157211708678215	0.2850519569860277	0.2972950745494603
2.836717636628096	0.8173792040730739	0.28505323478082006	0.2972950745494603
2.8425342242077507	0.8190372447189012	0.28505451511517593	0.2972950745494603
2.8483508117874052	0.8206952928200982	0.28505579798913827	0.2972950745494603
2.8541673993670598	0.82235334839146	0.28505708340275027	0.2972950745494603
2.859983986946714	0.8240114114477811	0.28505837135605494	0.2972950745494603
2.8658005745263684	0.825669482003857	0.2850596618490954	0.2972950745494603
2.8716171621060225	0.827327560074482	0.28506095488191474	0.2972950745494603
2.877433749685677	0.8289856456744518	0.2850622504545561	0.2972950745494603
2.8832503372653315	0.8306437388185609	0.2850635485670625	0.2972950745494603
2.889066924844986	0.8323018395216042	0.28506484921947706	0.2972950745494603
2.8948835124246406	0.8339599477983767	0.2850661524118429	0.2972950745494603
2.900700100004295	0.8356180636636733	0.28506745814420303	0.2972950745494603
2.906516687583949	0.8372761871322889	0.28506876641660067	0.2972950745494603
2.9123332751636037	0.8389343182190185	0.2850700772290788	0.2972950745494603
2.918149862743258	0.840592456938657	0.2850713905816805	0.2972950745494603
2.9239664503229124	0.8422506033059995	0.285072706474449	0.2972950745494603
2.929783037902567	0.8439087573358408	0.2850740249074273	0.2972950745494603
2.9355996254822214	0.8455669190429758	0.2850753458806584	0.2972950745494603
2.941416213061876	0.8472250884421995	0.2850766693941855	0.2972950745494603
2.9472328006415305	0.8488832655483067	0.2850779954480518	0.2972950745494603
2.9530493882211846	0.8505414503760923	0.28507932404230013	0.2972950745494603
2.958865975800839	0.8521996429403516	0.2850806551769738	0.2972950745494603
2.964682563380493	0.8538578432558791	0.2850819888521158	0.2972950745494603
2.9704991509601477	0.85551605133747	0.28508332506776923	0.2972950745494603
2.9763157385398022	0.8571742671999192	0.28508466382397724	0.2972950745494603
2.9821323261194563	0.8588324908580215	0.2850860051207828	0.2972950745494603
2.987948913699111	0.8604907223265719	0.2850873489582291	0.2972950745494603
2.9937655012787654	0.8621489616203655	0.2850886953363593	0.2972950745494603
2.9995820888584195	0.8638072087541968	0.28509004425521633	0.2972950745494603
3.005398676438074	0.8654654637428612	0.2850913957148433	0.2972950745494603
3.011215264017728	0.8671237266011533	0.2850927497152834	0.2972950745494603
3.0170318515973826	0.8687819973438684	0.2850941062565797	0.2972950745494603
3.022848439177037	0.8704402759858012	0.2850954653387753	0.2972950745494603
3.0286650267566917	0.8720985625417466	0.2850968269619132	0.2972950745494603
3.0344816143363462	0.8737568570264994	0.28509819112603657	0.2972950745494603
3.0402982019160008	0.8754151594548548	0.28509955783118845	0.2972950745494603
3.046114789495655	0.8770734698416076	0.285100927077412	0.2972950745494603
3.0519313770753094	0.8787317882015528	0.2851022988647503	0.2972950745494603
3.0577479646549635	0.8803901145494855	0.28510367319324637	0.2972950745494603
3.063564552234618	0.8820484489002002	0.2851050500629434	0.2972950745494603
3.0693811398142725	0.8837067912684922	0.28510642947388437	0.2972950745494603
3.075197727393927	0.8853651416691561	0.28510781142611247	0.2972950745494603
3.0810143149735816	0.8870235001169873	0.2851091959196707	0.2972950745494603
3.086830902553236	0.8886818666267804	0.2851105829546023	0.2972950745494603
3.09264749013289	0.8903402412133302	0.2851119725309502	0.2972950745494603
3.0984640777125447	0.891998623891432	0.2851133646487576	0.2972950745494603
3.104280665292199	0.8936570146758804	0.2851147593080675	0.2972950745494603
3.1100972528718533	0.8953154135814706	0.2851161565089231	0.2972950745494603
3.115913840451508	0.8969738206229976	0.28511755625136737	0.2972950745494603
3.1217304280311624	0.898632235815256	0.2851189585354435	0.2972950745494603
3.127547015610817	0.9002906591730409	0.2851203633611945	0.2972950745494603
3.1333636031904715	0.9019490907111473	0.28512177072866357	0.2972950745494603
3.1391801907701256	0.9036075304443698	0.2851231806378937	0.2972950745494603
3.14499677834978	0.9052659783875038	0.28512459308892807	0.2972950745494603
3.150813365929434	0.906924434555344	0.28512600808180966	0.2972950745494603
3.1566299535090887	0.9085828989626852	0.28512742561658166	0.2972950745494603
3.162446541088743	0.9102413716243227	0.28512884569328717	0.2972950745494603
3.1682631286683973	0.9118998525550512	0.2851302683119692	0.2972950745494603
3.174079716248052	0.9135583417696655	0.2851316934726708	0.2972950745494603
3.179896303827706	0.9152168392829607	0.28513312117543527	0.2972950745494603
3.1857128914073605	0.9168753451097319	0.28513455142030547	0.2972950745494603
3.191529478987015	0.9185338592647737	0.28513598420732467	0.2972950745494603
3.1973460665666695	0.9201923817628812	0.2851374195365358	0.2972950745494603
3.2031626541463236	0.9218509126188492	0.2851388574079821	0.2972950745494603
3.208979241725978	0.9235094518474729	0.28514029782170663	0.2972950745494603
3.2147958293056327	0.9251679994635471	0.2851417407777524	0.2972950745494603
3.220612416885287	0.9268265554818667	0.2851431862761626	0.2972950745494603
3.2264290044649417	0.9284851199172266	0.28514463431698023	0.2972950745494603
3.232245592044596	0.9301436927844215	0.2851460849002484	0.2972950745494603
3.2380621796242504	0.931802274098247	0.2851475380260103	0.2972950745494603
3.243878767203905	0.9334608638734976	0.28514899369430885	0.2972950745494603
3.2496953547835594	0.9351194621249681	0.28515045190518734	0.2972950745494603
3.2555119423632135	0.9367780688674536	0.28515191265868867	0.2972950745494603
3.261328529942868	0.9384366841157492	0.28515337595485607	0.2972950745494603
3.2671451175225226	0.9400953078846496	0.2851548417937326	0.2972950745494603
3.272961705102177	0.9417539401889496	0.2851563101753613	0.2972950745494603
3.278778292681831	0.9434125810434444	0.28515778109978535	0.2972950745494603
3.2845948802614857	0.9450712304629292	0.28515925456704777	0.2972950745494603
3.2904114678411402	0.9467298884621983	0.28516073057719166	0.2972950745494603
3.296228055420795	0.9483885550560469	0.28516220913026014	0.2972950745494603
3.302044643000449	0.95004723025927	0.28516369022629623	0.2972950745494603
3.3078612305801034	0.9517059140866627	0.2851651738653431	0.2972950745494603
3.313677818159758	0.9533646065530195	0.28516666004744384	0.2972950745494603
3.3194944057394125	0.9550233076731356	0.2851681487726415	0.2972950745494603
3.3253109933190665	0.9566820174618058	0.2851696400409792	0.2972950745494603
3.331127580898721	0.9583407359338254	0.28517113385250004	0.2972950745494603
3.336944168478375	0.9599994631039889	0.2851726302072471	0.2972950745494603
3.3427607560580297	0.9616581989870914	0.28517412910526346	0.2972950745494603
3.348577343637684	0.9633169435979276	0.2851756305465922	0.2972950745494603
3.3543939312173383	0.964975696951293	0.2851771345312764	0.2972950745494603
3.360210518796993	0.966634459061982	0.2851786410593592	0.2972950745494603
3.3660271063766474	0.9682932299447897	0.2851801501308837	0.2972950745494603
3.3718436939563015	0.9699520096145111	0.28518166174589293	0.2972950745494603
3.377660281535956	0.971610798085941	0.28518317590443004	0.2972950745494603
3.3834768691156105	0.9732695953738746	0.28518469260653806	0.2972950745494603
3.389293456695265	0.9749284014931066	0.2851862118522602	0.2972950745494603
3.395110044274919	0.9765872164584317	0.2851877336416394	0.2972950745494603
3.4009266318545737	0.9782460402846453	0.28518925797471883	0.2972950745494603
3.406743219434228	0.9799048729865424	0.2851907848515416	0.2972950745494603
3.4125598070138827	0.9815637145789173	0.28519231427215075	0.2972950745494603
3.418376394593537	0.9832225650765655	0.2851938462365894	0.2972950745494603
3.4241929821731913	0.9848814244942815	0.2851953807449006	0.2972950745494603
3.430009569752846	0.9865402928468607	0.2851969177971275	0.2972950745494603
3.4358261573325004	0.988199170149098	0.28519845739331323	0.2972950745494603
3.4416427449121545	0.9898580564157876	0.2851999995335008	0.2972950745494603
3.447459332491809	0.9915169516617254	0.28520154421773325	0.2972950745494603
3.4532759200714636	0.9931758559017058	0.2852030914460538	0.2972950745494603
3.459092507651118	0.9948347691505236	0.28520464121850553	0.2972950745494603
3.464909095230772	0.9964936914229743	0.28520619353513144	0.2972950745494603
3.4707256828104267	0.9981526227338524	0.2852077483959747	0.2972950745494603
3.4765422703900812	0.9998115630979529	0.2852093058010783	0.2972950745494603
3.4823588579697358	1.0014705125300707	0.28521086575048543	0.2972950745494603
3.48817544554939	1.0031294710450007	0.2852124282442392	0.2972950745494603
3.4939920331290444	1.0047884386575383	0.2852139932823826	0.2972950745494603
3.499808620708699	1.0064474153824776	0.28521556086495886	0.2972950745494603
3.505625208288353	1.0081064012346141	0.28521713099201096	0.2972950745494603
3.5114417958680075	1.009765396228743	0.285218703663582	0.2972950745494603
3.5172583834476616	1.0114244003796586	0.2852202788797151	0.2972950745494603
3.523074971027316	1.013083413702156	0.2852218566404533	0.2972950745494603
3.5288915586069707	1.0147424362110304	0.2852234369458398	0.2972950745494603
3.5347081461866248	1.0164014679210762	0.28522501979591763	0.2972950745494603
3.5405247337662793	1.018060508847089	0.28522660519072984	0.2972950745494603
3.546341321345934	1.0197195590038635	0.28522819313031955	0.2972950745494603
3.5521579089255884	1.0213786184061944	0.2852297836147299	0.2972950745494603
3.5579744965052424	1.0230376870688769	0.28523137664400394	0.2972950745494603
3.563791084084897	1.0246967650067056	0.2852329722181848	0.2972950745494603
3.5696076716645515	1.026355852234476	0.2852345703373155	0.2972950745494603
3.575424259244206	1.0280149487669823	0.28523617100143916	0.2972950745494603
3.581240846823861	1.0296740546190202	0.28523777421059887	0.2972950745494603
3.5870574344035147	1.0313331698053836	0.2852393799648378	0.2972950745494603
3.592874021983169	1.0329922943408687	0.28524098826419886	0.2972950745494603
3.5986906095628237	1.0346514282402695	0.28524259910872535	0.2972950745494603
3.6045071971424782	1.0363105715183814	0.2852442124984602	0.2972950745494603
3.610323784722133	1.037969724189999	0.28524582843344665	0.2972950745494603
3.6161403723017864	1.0396288862699175	0.28524744691372766	0.2972950745494603
3.621956959881442	1.041288057772932	0.28524906793934635	0.2972950745494603
3.6277735474610955	1.0429472387138365	0.2852506915103459	0.2972950745494603
3.63359013504075	1.044606429107427	0.2852523176267693	0.2972950745494603
3.6394067226204045	1.0462656289684982	0.28525394628865963	0.2972950745494603
3.645223310200059	1.047924838311845	0.2852555774960601	0.2972950745494603
3.6510398977797136	1.0495840571522614	0.2852572112490137	0.2972950745494603
3.6568564853593672	1.051243285504544	0.28525884754756353	0.2972950745494603
3.6626730729390227	1.0529025233834866	0.2852604863917528	0.2972950745494603
3.6684896605186763	1.054561770803884	0.2852621277816244	0.2972950745494603
3.6743062480983313	1.0562210277805322	0.28526377171722156	0.2972950745494603
3.6801228356779854	1.0578802943282248	0.2852654181985873	0.2972950745494603
3.68593942325764	1.0595395704617578	0.2852670672257648	0.2972950745494603
3.691756010837294	1.0611988561959256	0.2852687187987971	0.2972950745494603
3.6975725984169485	1.0628581515455233	0.2852703729177273	0.2972950745494603
3.703389185996603	1.064517456525346	0.28527202958259845	0.2972950745494603
3.7092057735762567	1.0661767711501877	0.28527368879345366	0.2972950745494603
3.715022361155912	1.0678360954348451	0.2852753505503361	0.2972950745494603
3.7208389487355658	1.0694954293941112	0.28527701485328877	0.2972950745494603
3.7266555363152203	1.0711547730427822	0.28527868170235476	0.2972950745494603
3.732472123894875	1.0728141263956523	0.2852803510975772	0.2972950745494603
3.7382887114745293	1.0744734894675174	0.2852820230389992	0.2972950745494603
3.744105299054184	1.0761328622731714	0.2852836975266638	0.2972950745494603
3.7499218866338375	1.0777922448274095	0.28528537456061415	0.2972950745494603
3.755738474213493	1.0794516371450276	0.2852870541408933	0.2972950745494603
3.7615550617931466	1.081111039240819	0.28528873626754436	0.2972950745494603
3.767371649372802	1.08277045112958	0.2852904209406104	0.2972950745494603
3.7731882369524556	1.0844298728261044	0.2852921081601345	0.2972950745494603
3.77900482453211	1.086089304345188	0.2852937979261598	0.2972950745494603
3.7848214121117647	1.0877487457016253	0.28529549023872935	0.2972950745494603
3.7906379996914192	1.0894081969102118	0.28529718509788626	0.2972950745494603
3.7964545872710738	1.0910676579857417	0.28529888250367363	0.2972950745494603
3.8022711748507274	1.09272712894301	0.28530058245613454	0.2972950745494603
3.808087762430383	1.0943866097968122	0.28530228495531207	0.2972950745494603
3.8139043500100365	1.0960461005619428	0.28530399000124934	0.2972950745494603
3.819720937589691	1.097705601253197	0.28530569759398944	0.2972950745494603
3.8255375251693455	1.0993651118853693	0.28530740773357544	0.2972950745494603
3.831354112749	1.101024632473255	0.2853091204200504	0.2972950745494603
3.8371707003286546	1.102684163031649	0.2853108356534575	0.2972950745494603
3.8429872879083082	1.104343703575346	0.28531255343383977	0.2972950745494603
3.848803875487963	1.1060032541191416	0.2853142737612403	0.2972950745494603
3.8546204630676173	1.1076628146778296	0.2853159966357022	0.2972950745494603
3.8604370506472723	1.1093223852662062	0.2853177220572686	0.2972950745494603
3.8662536382269264	1.110981965899065	0.28531945002598247	0.2972950745494603
3.8720702258065804	1.112641556591202	0.285321180541887	0.2972950745494603
3.877886813386235	1.1143011573574118	0.2853229136050253	0.2972950745494603
3.8837034009658895	1.1159607682124892	0.2853246492154404	0.2972950745494603
3.889519988545544	1.1176203891712293	0.2853263873731754	0.2972950745494603
3.8953365761251977	1.1192800202484268	0.28532812807827346	0.2972950745494603
3.901153163704853	1.120939661458877	0.2853298713307776	0.2972950745494603
3.9069697512845067	1.1225993128173744	0.2853316171307309	0.2972950745494603
3.9127863388641613	1.1242589743387144	0.2853333654781765	0.2972950745494603
3.918602926443816	1.1259186460376913	0.28533511637315745	0.2972950745494603
3.9244195140234703	1.1275783279291007	0.2853368698157169	0.2972950745494603
3.930236101603125	1.1292380200277372	0.28533862580589786	0.2972950745494603
3.9360526891827785	1.1308977223483958	0.2853403843437435	0.2972950745494603
3.941869276762434	1.1325574349058716	0.28534214542929687	0.2972950745494603
3.9476858643420876	1.134217157714959	0.2853439090626011	0.2972950745494603
3.953502451921743	1.1358768907904537	0.28534567524369925	0.2972950745494603
3.9593190395013966	1.1375366341471498	0.2853474439726344	0.2972950745494603
3.965135627081051	1.1391963877998428	0.2853492152494496	0.2972950745494603
3.9709522146607057	1.1408561517633276	0.28535098907418804	0.2972950745494603
3.9767688022403602	1.1425159260523987	0.2853527654468928	0.2972950745494603
3.9825853898200148	1.1441757106818518	0.28535454436760693	0.2972950745494603
3.9884019773996684	1.1458355056664806	0.2853563258363735	0.2972950745494603
3.994218564979324	1.1474953110210815	0.2853581098532357	0.2972950745494603
4.0000351525589775	1.1491551267604487	0.2853598964182365	0.2972950745494603
4.005851740138633	1.1508149528993772	0.28536168553141905	0.2972950745494603
4.0116683277182865	1.1524747894526615	0.28536347719282645	0.2972950745494603
4.017484915297941	1.154134636435097	0.2853652714025018	0.2972950745494603
4.023301502877596	1.155794493861479	0.2853670681604881	0.2972950745494603
4.02911809045725	1.1574543617466015	0.28536886746682855	0.2972950745494603
4.034934678036905	1.1591142401052603	0.28537066932156624	0.2972950745494603
4.040751265616558	1.1607741289522497	0.28537247372474417	0.2972950745494603
4.046567853196214	1.1624340283023653	0.2853742806764055	0.2972950745494603
4.052384440775867	1.1640939381704012	0.2853760901765934	0.2972950745494603
4.058201028355522	1.1657538585711529	0.28537790222535075	0.2972950745494603
4.064017615935176	1.1674137895194154	0.28537971682272084	0.2972950745494603
4.069834203514831	1.169073731029983	0.28538153396874666	0.2972950745494603
4.0756507910944855	1.1707336831176514	0.28538335366347134	0.2972950745494603
4.081467378674139	1.172393645797215	0.2853851759069379	0.2972950745494603
4.0872839662537945	1.1740536190834692	0.28538700069918954	0.2972950745494603
4.093100553833448	1.1757136029912083	0.2853888280402693	0.2972950745494603
4.098917141413104	1.1773735975352282	0.2853906579302203	0.2972950745494603
4.104733728992757	1.1790336027303225	0.28539249036908554	0.2972950745494603
4.110550316572412	1.180693618591287	0.28539432535690823	0.2972950745494603
4.116366904152066	1.1823536451329169	0.2853961628937314	0.2972950745494603
4.12218349173172	1.1840136823700063	0.2853980029795981	0.2972950745494603
4.1280000793113745	1.1856737303173508	0.2853998456145515	0.2972950745494603
4.133816666891029	1.1873337889897446	0.28540169079863464	0.2972950745494603
4.1396332544706835	1.1889938584019837	0.2854035385318907	0.2972950745494603
4.145449842050337	1.1906539385688624	0.28540538881436267	0.2972950745494603
4.151266429629992	1.1923140295051753	0.28540724164609366	0.2972950745494603
4.157083017209646	1.193974131225718	0.2854090970271268	0.2972950745494603
4.162899604789301	1.1956342437452852	0.2854109549575051	0.2972950745494603
4.168716192368955	1.1972943670786715	0.28541281543727176	0.2972950745494603
4.174532779948609	1.1989545012406722	0.28541467846646984	0.2972950745494603
4.180349367528264	1.2006146462460823	0.2854165440451424	0.2972950745494603
4.186165955107918	1.2022748021096965	0.2854184121733325	0.2972950745494603
4.191982542687573	1.2039349688463097	0.2854202828510834	0.2972950745494603
4.197799130267227	1.2055951464707169	0.28542215607843796	0.2972950745494603
4.203615717846882	1.2072553349977133	0.2854240318554394	0.2972950745494603
4.209432305426536	1.2089155344420934	0.2854259101821308	0.2972950745494603
4.215248893006191	1.2105757448186525	0.28542779105855526	0.2972950745494603
4.221065480585845	1.2122359661421853	0.28542967448475587	0.2972950745494603
4.226882068165499	1.2138961984274865	0.28543156046077567	0.2972950745494603
4.232698655745154	1.215556441689352	0.2854334489866578	0.2972950745494603
4.238515243324808	1.2172166959425756	0.28543534006244536	0.2972950745494603
4.244331830904462	1.2188769612019525	0.2854372336881814	0.2972950745494603
4.250148418484117	1.2205372374822783	0.285439129863909	0.2972950745494603
4.2559650060637715	1.2221975247983474	0.28544102858967135	0.2972950745494603
4.261781593643426	1.2238578231649546	0.28544292986551145	0.2972950745494603
4.26759818122308	1.225518132596895	0.28544483369147244	0.2972950745494603
4.273414768802735	1.227178453108964	0.28544674006759735	0.2972950745494603
4.279231356382389	1.2288387847159552	0.28544864899392935	0.2972950745494603
4.285047943962044	1.2304991274326653	0.2854505604705115	0.2972950745494603
4.290864531541698	1.232159481273888	0.2854524744973868	0.2972950745494603
4.296681119121352	1.2338198462544185	0.2854543910745985	0.2972950745494603
4.302497706701007	1.235480222389052	0.28545631020218964	0.2972950745494603
4.308314294280661	1.2371406096925832	0.28545823188020325	0.2972950745494603
4.314130881860316	1.238801008179807	0.2854601561086825	0.2972950745494603
4.3199474694399695	1.2404614178655184	0.2854620828876704	0.2972950745494603
4.325764057019625	1.2421218387645125	0.2854640122172101	0.2972950745494603
4.331580644599279	1.243782270891584	0.28546594409734466	0.2972950745494603
4.337397232178934	1.245442714261528	0.28546787852811717	0.2972950745494603
4.343213819758588	1.2471031688891392	0.2854698155095708	0.2972950745494603
4.349030407338242	1.2487636347892126	0.28547175504174854	0.2972950745494603
4.354846994917897	1.2504241119765436	0.2854736971246935	0.2972950745494603
4.360663582497551	1.2520846004659265	0.28547564175844886	0.2972950745494603
4.366480170077206	1.2537451002721565	0.2854775889430576	0.2972950745494603
4.372296757656859	1.2554056114100283	0.28547953867856285	0.2972950745494603
4.378113345236515	1.2570661338943374	0.28548149096500774	0.2972950745494603
4.3839299328161685	1.258726667739878	0.28548344580243534	0.2972950745494603
4.389746520395823	1.2603872129614455	0.2854854031908887	0.2972950745494603
4.395563107975478	1.262047769573835	0.28548736313041095	0.2972950745494603
4.401379695555132	1.2637083375918412	0.2854893256210452	0.2972950745494603
4.407196283134787	1.2653689170302589	0.28549129066283446	0.2972950745494603
4.41301287071444	1.267029507903883	0.28549325825582195	0.2972950745494603
4.418829458294096	1.2686901102275085	0.28549522840005065	0.2972950745494603
4.424646045873749	1.2703507240159302	0.2854972010955637	0.2972950745494603
4.430462633453405	1.272011349283944	0.2854991763424042	0.2972950745494603
4.436279221033058	1.2736719860463435	0.28550115414061517	0.2972950745494603
4.442095808612713	1.275332634317924	0.2855031344902398	0.2972950745494603
4.4479123961923674	1.2769932941134812	0.2855051173913211	0.2972950745494603
4.453728983772022	1.278653965447809	0.28550710284390224	0.2972950745494603
4.4595455713516765	1.280314648335703	0.2855090908480263	0.2972950745494603
4.46536215893133	1.2819753427919578	0.28551108140373627	0.2972950745494603
4.471178746510985	1.283636048831369	0.2855130745110754	0.2972950745494603
4.476995334090639	1.2852967664687303	0.2855150701700866	0.2972950745494603
4.482811921670294	1.2869574957188377	0.2855170683808131	0.2972950745494603
4.488628509249947	1.2886182365964856	0.28551906914329794	0.2972950745494603
4.494445096829602	1.290278989116469	0.28552107245758424	0.2972950745494603
4.5002616844092564	1.291939753293583	0.2855230783237151	0.2972950745494603
4.506078271988911	1.2936005291426222	0.2855250867417335	0.2972950745494603
4.5118948595685655	1.2952613166783826	0.28552709771168266	0.2972950745494603
4.517711447148219	1.2969221159156574	0.28552911123360564	0.2972950745494603
4.523528034727875	1.298582926869243	0.28553112730754554	0.2972950745494603
4.529344622307528	1.3002437495539336	0.2855331459335454	0.2972950745494603
4.535161209887183	1.3019045839845242	0.28553516711164834	0.2972950745494603
4.540977797466837	1.303565430425205	0.2855371908814998	0.2972950745494603
4.546794385046492	1.3052262890273094	0.28553921726491066	0.2972950745494603
4.552610972626146	1.3068871594107707	0.2855412461992636	0.2972950745494603
4.5584275602058	1.3085480415905402	0.28554327768463117	0.2972950745494603
4.564244147785455	1.3102089355815698	0.28554531172108605	0.2972950745494603
4.570060735365109	1.31186984139881	0.2855473483087008	0.2972950745494603
4.575877322944764	1.3135307590572125	0.2855493874475482	0.2972950745494603
4.581693910524418	1.3151916885717292	0.2855514291377008	0.2972950745494603
4.587510498104073	1.3168526299573107	0.2855534733792313	0.2972950745494603
4.593327085683727	1.318513583228909	0.28555552017221236	0.2972950745494603
4.599143673263381	1.3201745484014749	0.2855575695167165	0.2972950745494603
4.604960260843036	1.3218355254899603	0.2855596214128165	0.2972950745494603
4.61077684842269	1.323496514509316	0.28556167586058484	0.2972950745494603
4.616593436002345	1.3251575154744943	0.28556373286009434	0.2972950745494603
4.622410023581999	1.3268185284004455	0.28556579241141755	0.2972950745494603
4.6282266111616535	1.3284795533021216	0.2855678545146272	0.2972950745494603
4.634043198741308	1.3301405901944738	0.2855699191697958	0.2972950745494603
4.6398597863209625	1.3318016390924536	0.28557198637699605	0.2972950745494603
4.645676373900617	1.3334627000110124	0.2855740561363006	0.2972950745494603
4.651492961480271	1.335123772965101	0.2855761284477821	0.2972950745494603
4.657309549059926	1.336784857969672	0.2855782033115132	0.2972950745494603
4.66312613663958	1.3384459550396752	0.2855802807275665	0.2972950745494603
4.668942724219234	1.3401070641900632	0.2855823606960147	0.2972950745494603
4.674759311798889	1.3417681854357868	0.2855844432169304	0.2972950745494603
4.680575899378543	1.3434293187917976	0.2855865282903863	0.2972950745494603
4.686392486958198	1.345090464273047	0.28558861591645496	0.2972950745494603
4.6922090745378515	1.346751621894486	0.28559070609520903	0.2972950745494603
4.698025662117507	1.3484127916710666	0.28559279882672123	0.2972950745494603
4.703842249697161	1.3500739736177394	0.28559489411106415	0.2972950745494603
4.709658837276816	1.3517351677494567	0.28559699194831045	0.2972950745494603
4.71547542485647	1.3533963740811688	0.28559909233853276	0.2972950745494603
4.721292012436124	1.3550575926278279	0.2856011952818037	0.2972950745494603
4.727108600015779	1.3567188234043852	0.285603300778196	0.2972950745494603
4.732925187595433	1.358380066425792	0.28560540882778224	0.2972950745494603
4.738741775175088	1.3600413217069995	0.28560751943063506	0.2972950745494603
4.744558362754741	1.361702589262959	0.2856096325868271	0.2972950745494603
4.750374950334397	1.3633638691086227	0.285611748296431	0.2972950745494603
4.7561915379140505	1.365025161258941	0.2856138665595194	0.2972950745494603
4.762008125493706	1.366686465728866	0.285615987376165	0.2972950745494603
4.7678247130733595	1.3683477825333483	0.2856181107464404	0.2972950745494603
4.773641300653014	1.3700091116873399	0.2856202366704182	0.2972950745494603
4.779457888232669	1.371670453205792	0.28562236514817113	0.2972950745494603
4.785274475812323	1.3733318071036558	0.28562449617977176	0.2972950745494603
4.791091063391978	1.3749931733958831	0.2856266297652928	0.2972950745494603
4.796907650971631	1.3766545520974245	0.2856287659048068	0.2972950745494603
4.802724238551287	1.3783159432232326	0.2856309045983865	0.2972950745494603
4.80854082613094	1.3799773467882572	0.2856330458461045	0.2972950745494603
4.814357413710595	1.3816387628074511	0.2856351896480334	0.2972950745494603
4.820174001290249	1.383300191295765	0.28563733600424596	0.2972950745494603
4.825990588869904	1.3849616322681502	0.2856394849148147	0.2972950745494603
4.831807176449558	1.3866230857395585	0.2856416363798124	0.2972950745494603
4.837623764029212	1.3882845517249405	0.28564379039931154	0.2972950745494603
4.843440351608867	1.3899460302392488	0.2856459469733848	0.2972950745494603
4.849256939188521	1.3916075212974335	0.28564810610210495	0.2972950745494603
4.855073526768176	1.3932690249144468	0.2856502677855445	0.2972950745494603
4.860890114347829	1.3949305411052395	0.28565243202377616	0.2972950745494603
4.866706701927484	1.3965920698847636	0.28565459881687255	0.2972950745494603
4.872523289507138	1.39825361126797	0.28565676816490626	0.2972950745494603
4.878339877086793	1.3999151652698103	0.28565894006795006	0.2972950745494603
4.8841564646664475	1.401576731905236	0.2856611145260765	0.2972950745494603
4.889973052246101	1.4032383111891977	0.2856632915393582	0.2972950745494603
4.8957896398257565	1.404899903136648	0.2856654711078679	0.2972950745494603
4.90160622740541	1.406561507762537	0.28566765323167814	0.2972950745494603
4.907422814985065	1.4082231250818171	0.28566983791086165	0.2972950745494603
4.913239402564719	1.4098847551094391	0.28567202514549106	0.2972950745494603
4.919055990144374	1.4115463978603546	0.28567421493563894	0.2972950745494603
4.924872577724028	1.413208053349515	0.285676407281378	0.2972950745494603
4.930689165303682	1.4148697215918713	0.28567860218278085	0.2972950745494603
4.936505752883337	1.4165314026023756	0.28568079963992016	0.2972950745494603
4.942322340462991	1.4181930963959786	0.28568299965286853	0.2972950745494603
4.948138928042646	1.4198548029876321	0.2856852022216987	0.2972950745494603
4.9539555156223	1.4215165223922868	0.2856874073464832	0.2972950745494603
4.9597721032019555	1.4231782546248952	0.28568961502729473	0.2972950745494603
4.965588690781609	1.4248399997004075	0.2856918252642059	0.2972950745494603
4.971405278361263	1.4265017576337755	0.2856940380572894	0.2972950745494603
4.977221865940918	1.4281635284399512	0.2856962534066178	0.2972950745494603
4.983038453520572	1.429825312133885	0.28569847131226384	0.2972950745494603
4.988855041100227	1.4314871087305292	0.2857006917743001	0.2972950745494603
4.994671628679881	1.4331489182448343	0.2857029147927992	0.2972950745494603
5.000488216259536	1.4348107406917523	0.28570514036783384	0.2972950745494603
5.00630480383919	1.436472576086234	0.2857073684994767	0.2972950745494603
5.012121391418844	1.4381344244432313	0.2857095991878003	0.2972950745494603
5.017937978998499	1.4397962857776956	0.28571183243287734	0.2972950745494603
5.023754566578153	1.4414581601045777	0.2857140682347805	0.2972950745494603
5.029571154157808	1.44312004743883	0.2857163065935824	0.2972950745494603
5.035387741737462	1.4447819477954025	0.28571854750935566	0.2972950745494603
5.041204329317117	1.4464438611892478	0.28572079098217296	0.2972950745494603
5.047020916896771	1.4481057876353163	0.2857230370121069	0.2972950745494603
5.052837504476426	1.4497677271485603	0.28572528559923016	0.2972950745494603
5.05865409205608	1.4514296797439301	0.28572753674361534	0.2972950745494603
5.0644706796357335	1.4530916454363778	0.28572979044533514	0.2972950745494603
5.070287267215389	1.4547536242408552	0.2857320467044622	0.2972950745494603
5.076103854795043	1.4564156161723125	0.28573430552106904	0.2972950745494603
5.081920442374698	1.4580776212457023	0.28573656689522847	0.2972950745494603
5.087737029954352	1.459739639475975	0.28573883082701307	0.2972950745494603
5.093553617534007	1.4614016708780826	0.28574109731649544	0.2972950745494603
5.099370205113661	1.463063715466976	0.28574336636374825	0.2972950745494603
5.105186792693316	1.4647257732576069	0.2857456379688442	0.2972950745494603
5.11100338027297	1.4663878442649263	0.28574791213185585	0.2972950745494603
5.116819967852623	1.468049928503886	0.2857501888528559	0.2972950745494603
5.122636555432279	1.4697120259894374	0.28575246813191696	0.2972950745494603
5.1284531430119324	1.4713741367365314	0.2857547499691117	0.2972950745494603
5.134269730591588	1.47303626076012	0.2857570343645127	0.2972950745494603
5.1400863181712415	1.4746983980751538	0.2857593213181927	0.2972950745494603
5.145902905750897	1.4763605486965852	0.2857616108302243	0.2972950745494603
5.151719493330551	1.4780227126393644	0.28576390290068004	0.2972950745494603
5.157536080910204	1.4796848899184434	0.2857661975296327	0.2972950745494603
5.16335266848986	1.481347080548774	0.28576849471715493	0.2972950745494603
5.169169256069513	1.4830092845453067	0.2857707944633193	0.2972950745494603
5.174985843649168	1.4846715019229937	0.2857730967681985	0.2972950745494603
5.180802431228822	1.4863337326967854	0.2857754016318651	0.2972950745494603
5.186619018808477	1.4879959768816342	0.2857777090543918	0.2972950745494603
5.192435606388131	1.4896582344924907	0.28578001903585126	0.2972950745494603
5.198252193967786	1.4913205055443068	0.2857823315763161	0.2972950745494603
5.20406878154744	1.4929827900520332	0.28578464667585896	0.2972950745494603
5.209885369127094	1.494645088030622	0.2857869643345525	0.2972950745494603
5.215701956706749	1.4963073994950244	0.28578928455246927	0.2972950745494603
5.221518544286402	1.4979697244601915	0.28579160732968206	0.2972950745494603
5.227335131866058	1.499632062941075	0.2857939326662634	0.2972950745494603
5.233151719445711	1.501294414952626	0.285796260562286	0.2972950745494603
5.238968307025367	1.502956780509796	0.2857985910178225	0.2972950745494603
5.24478489460502	1.5046191596275365	0.2858009240329455	0.2972950745494603
5.250601482184674	1.5062815523207982	0.2858032596077277	0.2972950745494603
5.2564180697643295	1.5079439586045338	0.2858055977422416	0.2972950745494603
5.262234657343983	1.5096063784936933	0.28580793843656005	0.2972950745494603
5.2680512449236385	1.511268812003229	0.28581028169075556	0.2972950745494603
5.273867832503292	1.5129312591480915	0.28581262750490083	0.2972950745494603
5.279684420082948	1.514593719943233	0.28581497587906846	0.2972950745494603
5.285501007662601	1.5162561944036044	0.2858173268133311	0.2972950745494603
5.291317595242257	1.5179186825441573	0.28581968030776145	0.2972950745494603
5.29713418282191	1.5195811843798426	0.2858220363624321	0.2972950745494603
5.302950770401564	1.5212436999256118	0.28582439497741563	0.2972950745494603
5.308767357981219	1.522906229196417	0.2858267561527848	0.2972950745494603
5.314583945560873	1.5245687722072088	0.2858291198886122	0.2972950745494603
5.320400533140528	1.526231328972939	0.2858314861849705	0.2972950745494603
5.326217120720182	1.5278938995085585	0.2858338550419323	0.2972950745494603
5.3320337082998375	1.5295564838290192	0.2858362264595703	0.2972950745494603
5.337850295879491	1.531219081949272	0.28583860043795706	0.2972950745494603
5.343666883459145	1.5328816938842684	0.2858409769771653	0.2972950745494603
5.3494834710388	1.5345443196489605	0.28584335607726763	0.2972950745494603
5.355300058618454	1.5362069592582985	0.2858457377383367	0.2972950745494603
5.361116646198109	1.5378696127272347	0.2858481219604451	0.2972950745494603
5.366933233777763	1.5395322800707196	0.28585050874366563	0.2972950745494603
5.372749821357418	1.5411949613037057	0.28585289808807074	0.2972950745494603
5.378566408937072	1.5428576564411434	0.2858552899937332	0.2972950745494603
5.384382996516727	1.5445203654979847	0.28585768446072557	0.2972950745494603
5.390199584096381	1.5461830884891803	0.28586008148912057	0.2972950745494603
5.396016171676035	1.5478458254296819	0.2858624810789908	0.2972950745494603
5.40183275925569	1.5495085763344414	0.28586488323040893	0.2972950745494603
5.407649346835344	1.5511713412184094	0.28586728794344757	0.2972950745494603
5.413465934414999	1.5528341200965379	0.28586969521817934	0.2972950745494603
5.419282521994653	1.5544969129837776	0.285872105054677	0.2972950745494603
5.425099109574308	1.5561597198950807	0.285874517453013	0.2972950745494603
5.430915697153962	1.5578225408453976	0.2858769324132602	0.2972950745494603
5.4367322847336155	1.5594853758496803	0.2858793499354911	0.2972950745494603
5.442548872313271	1.5611482249228803	0.2858817700197784	0.2972950745494603
5.4483654598929245	1.5628110880799484	0.28588419266619464	0.2972950745494603
5.45418204747258	1.5644739653358368	0.2858866178748126	0.2972950745494603
5.459998635052234	1.566136856705496	0.2858890456457049	0.2972950745494603
5.465815222631889	1.5677997622038782	0.28589147597894415	0.2972950745494603
5.471631810211543	1.5694626818459336	0.285893908874603	0.2972950745494603
5.477448397791198	1.571125615646615	0.285896344332754	0.2972950745494603
5.483264985370852	1.5727885636208725	0.28589878235347	0.2972950745494603
5.489081572950505	1.5744515257836582	0.28590122293682346	0.2972950745494603
5.494898160530161	1.5761145021499237	0.2859036660828871	0.2972950745494603
5.500714748109814	1.5777774927346195	0.28590611179173353	0.2972950745494603
5.50653133568947	1.579440497552698	0.28590856006343546	0.2972950745494603
5.5123479232691235	1.5811035166191094	0.2859110108980654	0.2972950745494603
5.518164510848778	1.5827665499488064	0.28591346429569614	0.2972950745494603
5.5239810984284325	1.5844295975567393	0.2859159202564003	0.2972950745494603
5.529797686008087	1.5860926594578602	0.28591837878025045	0.2972950745494603
5.535614273587742	1.5877557356671197	0.28592083986731925	0.2972950745494603
5.541430861167395	1.5894188261994695	0.28592330351767936	0.2972950745494603
5.54724744874705	1.5910819310698616	0.28592576973140343	0.2972950745494603
5.553064036326704	1.5927450502932463	0.28592823850856414	0.2972950745494603
5.558880623906359	1.594408183884576	0.285930709849234	0.2972950745494603
5.5646972114860125	1.5960713318588016	0.2859331837534858	0.2972950745494603
5.570513799065668	1.5977344942308744	0.28593566022139216	0.2972950745494603
5.5763303866453215	1.5993976710157456	0.28593813925302564	0.2972950745494603
5.582146974224975	1.6010608622283669	0.28594062084845895	0.2972950745494603
5.587963561804631	1.6027240678836898	0.2859431050077647	0.2972950745494603
5.593780149384284	1.6043872879966652	0.2859455917310155	0.2972950745494603
5.59959673696394	1.6060505225822452	0.2859480810182841	0.2972950745494603
5.605413324543593	1.6077137716553804	0.2859505728696431	0.2972950745494603
5.611229912123249	1.6093770352310228	0.2859530672851651	0.2972950745494603
5.617046499702902	1.611040313324123	0.2859555642649228	0.2972950745494603
5.622863087282558	1.6127036059496334	0.28595806380898875	0.2972950745494603
5.628679674862211	1.6143669131225042	0.28596056591743574	0.2972950745494603
5.634496262441865	1.6160302348576874	0.28596307059033627	0.2972950745494603
5.6403128500215205	1.6176935711701348	0.285965577827763	0.2972950745494603
5.646129437601174	1.6193569220747972	0.2859680876297887	0.2972950745494603
5.65194602518083	1.6210202875866262	0.2859705999964859	0.2972950745494603
5.657762612760483	1.6226836677205727	0.2859731149279272	0.2972950745494603
5.663579200340139	1.624347062491589	0.2859756324241854	0.2972950745494603
5.669395787919792	1.6260104719146256	0.28597815248533304	0.2972950745494603
5.675212375499446	1.627673896004634	0.2859806751114427	0.2972950745494603
5.681028963079101	1.6293373347765663	0.28598320030258717	0.2972950745494603
5.686845550658755	1.6310007882453728	0.28598572805883904	0.2972950745494603
5.69266213823841	1.632664256426006	0.2859882583802709	0.2972950745494603
5.698478725818064	1.6343277393334161	0.2859907912669555	0.2972950745494603
5.7042953133977194	1.6359912369825558	0.2859933267189653	0.2972950745494603
5.710111900977373	1.637654749388375	0.2859958647363731	0.2972950745494603
5.7159284885570285	1.6393182765658265	0.2859984053192515	0.2972950745494603
5.721745076136682	1.6409818185298604	0.2860009484676732	0.2972950745494603
5.727561663716336	1.6426453752954286	0.2860034941817107	0.2972950745494603
5.733378251295991	1.6443089468774832	0.2860060424614368	0.2972950745494603
5.739194838875645	1.6459725332909743	0.286008593306924	0.2972950745494603
5.7450114264553	1.6476361345508543	0.28601114671824507	0.2972950745494603
5.750828014034954	1.649299750672074	0.28601370269547255	0.2972950745494603
5.756644601614609	1.6509633816695852	0.2860162612386792	0.2972950745494603
5.762461189194263	1.6526270275583386	0.2860188223479375	0.2972950745494603
5.768277776773917	1.6542906883532857	0.2860213860233202	0.2972950745494603
5.774094364353572	1.655954364069379	0.2860239522649	0.2972950745494603
5.779910951933226	1.6576180547215684	0.28602652107274945	0.2972950745494603
5.785727539512881	1.6592817603248062	0.2860290924469412	0.2972950745494603
5.791544127092535	1.6609454808940431	0.2860316663875479	0.2972950745494603
5.79736071467219	1.6626092164442314	0.2860342428946422	0.2972950745494603
5.803177302251844	1.6642729669903216	0.2860368219682967	0.2972950745494603
5.808993889831499	1.6659367325472658	0.28603940360858415	0.2972950745494603
5.814810477411153	1.6676005131300142	0.2860419878155771	0.2972950745494603
5.8206270649908065	1.6692643087535193	0.28604457458934823	0.2972950745494603
5.826443652570462	1.6709281194327323	0.28604716392997015	0.2972950745494603
5.832260240150116	1.6725919451826041	0.2860497558375156	0.2972950745494603
5.838076827729771	1.6742557860180867	0.28605235031205706	0.2972950745494603
5.843893415309425	1.675919641954131	0.2860549473536673	0.2972950745494603
5.84971000288908	1.6775835130056886	0.2860575469624189	0.2972950745494603
5.855526590468734	1.6792473991877106	0.28606014913838457	0.2972950745494603
5.861343178048389	1.6809113005151488	0.28606275388163693	0.2972950745494603
5.867159765628043	1.6825752170029538	0.28606536119224857	0.2972950745494603
5.872976353207696	1.6842391486660777	0.28606797107029214	0.2972950745494603
5.878792940787352	1.6859030955194723	0.28607058351584036	0.2972950745494603
5.8846095283670055	1.6875670575780877	0.2860731985289658	0.2972950745494603
5.89042611594666	1.6892310348568762	0.28607581610974114	0.2972950745494603
5.8962427035263145	1.6908950273707886	0.286078436258239	0.2972950745494603
5.902059291105969	1.692559035134777	0.286081058974532	0.2972950745494603
5.907875878685623	1.694223058163792	0.28608368425869285	0.2972950745494603
5.913692466265277	1.6958870964727852	0.28608631211079416	0.2972950745494603
5.919509053844932	1.6975511500767086	0.28608894253090855	0.2972950745494603
5.925325641424585	1.6992152189905125	0.28609157551910874	0.2972950745494603
5.931142229004241	1.7008793032291496	0.2860942110754673	0.2972950745494603
5.9369588165838945	1.7025434028075699	0.28609684920005685	0.2972950745494603
5.94277540416355	1.7042075177407257	0.2860994898929501	0.2972950745494603
5.9485919917432035	1.7058716480435678	0.2861021331542196	0.2972950745494603
5.954408579322859	1.7075357937310482	0.28610477898393816	0.2972950745494603
5.960225166902513	1.7091999548181174	0.28610742738217826	0.2972950745494603
5.966041754482166	1.7108641313197275	0.28611007834901264	0.2972950745494603
5.971858342061822	1.7125283232508297	0.28611273188451386	0.2972950745494603
5.977674929641475	1.7141925306263754	0.28611538798875463	0.2972950745494603
5.983491517221131	1.715856753461316	0.2861180466618076	0.2972950745494603
5.989308104800784	1.7175209917706025	0.2861207079037454	0.2972950745494603
5.99512469238044	1.7191852455691867	0.2861233717146406	0.2972950745494603
6.000941279960093	1.7208495148720195	0.28612603809456594	0.2972950745494603
6.006757867539747	1.722513799694053	0.286128707043594	0.2972950745494603
6.0125744551194025	1.724178100050238	0.28613137856179743	0.2972950745494603
6.018391042699056	1.7258424159555261	0.28613405264924896	0.2972950745494603
6.0242076302787115	1.7275067474248689	0.28613672930602113	0.2972950745494603
6.030024217858365	1.7291710944732168	0.2861394085321866	0.2972950745494603
6.035840805438021	1.7308354571155227	0.286142090327818	0.2972950745494603
6.041657393017674	1.7324998353667365	0.2861447746929881	0.2972950745494603
6.04747398059733	1.7341642292418107	0.2861474616277694	0.2972950745494603
6.053290568176983	1.7358286387556956	0.2861501511322346	0.2972950745494603
6.059107155756637	1.7374930639233432	0.2861528432064563	0.2972950745494603
6.064923743336292	1.7391575047597054	0.2861555378505071	0.2972950745494603
6.070740330915946	1.7408219612797327	0.28615823506445986	0.2972950745494603
6.076556918495601	1.7424864334983767	0.286160934848387	0.2972950745494603
6.082373506075255	1.744150921430589	0.28616363720236127	0.2972950745494603
6.0881900936549105	1.745815425091321	0.2861663421264553	0.2972950745494603
6.094006681234564	1.7474799444955234	0.2861690496207417	0.2972950745494603
6.099823268814218	1.7491444796581481	0.2861717596852931	0.2972950745494603
6.105639856393873	1.750809030594147	0.2861744723201822	0.2972950745494603
6.111456443973527	1.7524735973184704	0.28617718752548166	0.2972950745494603
6.117273031553182	1.7541381798460707	0.286179905301264	0.2972950745494603
6.123089619132836	1.7558027781918983	0.286182625647602	0.2972950745494603
6.128906206712491	1.7574673923709054	0.28618534856456823	0.2972950745494603
6.134722794292145	1.7591320223980427	0.2861880740522354	0.2972950745494603
6.1405393818718	1.760796668288262	0.28619080211067605	0.2972950745494603
6.146355969451454	1.7624613300565146	0.28619353273996284	0.2972950745494603
6.152172557031108	1.7641260077177516	0.2861962659401685	0.2972950745494603
6.157989144610763	1.7657907012869252	0.28619900171136564	0.2972950745494603
6.163805732190417	1.7674554107789855	0.2862017400536268	0.2972950745494603
6.169622319770072	1.769120136208885	0.2862044809670248	0.2972950745494603
6.175438907349726	1.7707848775915744	0.28620722445163216	0.2972950745494603
6.181255494929381	1.7724496349420058	0.2862099705075215	0.2972950745494603
6.187072082509035	1.7741144082751292	0.2862127191347656	0.2972950745494603
6.19288867008869	1.7757791976058979	0.28621547033343697	0.2972950745494603
6.198705257668344	1.7774440029492613	0.2862182241036083	0.2972950745494603
6.2045218452479975	1.779108824320172	0.28622098044535227	0.2972950745494603
6.210338432827653	1.7807736617335812	0.28622373935874146	0.2972950745494603
6.216155020407307	1.78243851520444	0.28622650084384854	0.2972950745494603
6.221971607986962	1.7841033847477001	0.2862292649007461	0.2972950745494603
6.227788195566616	1.7857682703783124	0.28623203152950694	0.2972950745494603
6.23360478314627	1.787433172111229	0.2862348007302035	0.2972950745494603
6.239421370725925	1.7890980899614004	0.2862375725029086	0.2972950745494603
6.245237958305578	1.7907630239437784	0.2862403468476948	0.2972950745494603
6.251054545885233	1.792427974073315	0.2862431237646347	0.2972950745494603
6.256871133464887	1.7940929403649604	0.286245903253801	0.2972950745494603
6.262687721044542	1.7957579228336669	0.28624868531526637	0.2972950745494603
6.268504308624196	1.7974229214943849	0.2862514699491034	0.2972950745494603
6.274320896203851	1.799087936362067	0.2862542571553847	0.2972950745494603
6.280137483783505	1.8007529674516638	0.286257046934183	0.2972950745494603
6.28595407136316	1.802418014778127	0.28625983928557097	0.2972950745494603
6.291770658942814	1.8040830783564072	0.2862626342096211	0.2972950745494603
6.297587246522467	1.8057481582014565	0.28626543170640617	0.2972950745494603
6.303403834102123	1.8074132543282269	0.28626823177599875	0.2972950745494603
6.309220421681776	1.809078366751668	0.2862710344184715	0.2972950745494603
6.315037009261432	1.810743495486733	0.28627383963389713	0.2972950745494603
6.3208535968410855	1.8124086405483721	0.28627664742234815	0.2972950745494603
6.326670184420741	1.8140738019515372	0.2862794577838973	0.2972950745494603
6.332486772000395	1.8157389797111794	0.2862822707186172	0.2972950745494603
6.338303359580048	1.8174041738422502	0.2862850862265805	0.2972950745494603
6.344119947159704	1.8190693843597012	0.28628790430785983	0.2972950745494603
6.349936534739357	1.820734611278483	0.28629072496252783	0.2972950745494603
6.355753122319013	1.822399854613548	0.28629354819065717	0.2972950745494603
6.361569709898666	1.8240651143798468	0.28629637399232044	0.2972950745494603
6.367386297478322	1.8257303905923314	0.2862992023675903	0.2972950745494603
6.373202885057975	1.8273956832659524	0.2863020333165395	0.2972950745494603
6.379019472637631	1.8290609924156622	0.28630486683924056	0.2972950745494603
6.3848360602172844	1.8307263180564108	0.28630770293576613	0.2972950745494603
6.390652647796938	1.8323916602031507	0.28631054160618885	0.2972950745494603
6.3964692353765935	1.8340570188708334	0.28631338285058144	0.2972950745494603
6.402285822956247	1.8357223940744087	0.28631622666901646	0.2972950745494603
6.408102410535903	1.8373877858288303	0.2863190730615666	0.2972950745494603
6.413918998115556	1.8390531941490476	0.2863219220283045	0.2972950745494603
6.419735585695212	1.8407186190500133	0.2863247735693028	0.2972950745494603
6.425552173274865	1.8423840605466775	0.2863276276846341	0.2972950745494603
6.431368760854519	1.8440495186539922	0.2863304843743711	0.2972950745494603
6.437185348434174	1.8457149933869097	0.2863333436385864	0.2972950745494603
6.443001936013828	1.8473804847603799	0.2863362054773527	0.2972950745494603
6.448818523593483	1.849045992789355	0.2863390698907426	0.2972950745494603
6.454635111173137	1.850711517488786	0.28634193687882875	0.2972950745494603
6.4604516987527925	1.8523770588736248	0.2863448064416838	0.2972950745494603
6.466268286332446	1.854042616958822	0.28634767857938037	0.2972950745494603
6.4720848739121015	1.8557081917593297	0.2863505532919911	0.2972950745494603
6.477901461491755	1.8573737832900985	0.2863534305795887	0.2972950745494603
6.483718049071409	1.8590393915660803	0.28635631044224574	0.2972950745494603
6.489534636651064	1.8607050166022268	0.28635919288003486	0.2972950745494603
6.495351224230718	1.8623706584134885	0.28636207789302875	0.2972950745494603
6.501167811810373	1.864036317014818	0.2863649654813	0.2972950745494603
6.506984399390027	1.8657019924211653	0.2863678556449214	0.2972950745494603
6.512800986969682	1.8673676846474827	0.28637074838396537	0.2972950745494603
6.518617574549336	1.8690333937087207	0.2863736436985047	0.2972950745494603
6.52443416212899	1.8706991196198315	0.28637654158861203	0.2972950745494603
6.530250749708645	1.872364862395767	0.2863794420543599	0.2972950745494603
6.536067337288299	1.8740306220514769	0.28638234509582106	0.2972950745494603
6.541883924867954	1.8756963986019137	0.2863852507130681	0.2972950745494603
6.547700512447608	1.8773621920620285	0.2863881589061737	0.2972950745494603
6.553517100027263	1.879028002446773	0.28639106967521044	0.2972950745494603
6.559333687606917	1.880693829771098	0.28639398302025104	0.2972950745494603
6.565150275186572	1.8823596740499555	0.2863968989413681	0.2972950745494603
6.570966862766226	1.884025535298296	0.28639981743863424	0.2972950745494603
6.5767834503458795	1.8856914135310716	0.28640273851212217	0.2972950745494603
6.582600037925535	1.8873573087632338	0.2864056621619045	0.2972950745494603
6.588416625505189	1.889023221009733	0.28640858838805383	0.2972950745494603
6.594233213084843	1.8906891502855219	0.28641151719064284	0.2972950745494603
6.600049800664498	1.892355096605551	0.28641444856974424	0.2972950745494603
6.605866388244152	1.8940210599847718	0.28641738252543053	0.2972950745494603
6.611682975823806	1.8956870404381356	0.2864203190577745	0.2972950745494603
6.617499563403461	1.8973530379805945	0.28642325816684866	0.2972950745494603
6.623316150983115	1.8990190526270987	0.2864261998527257	0.2972950745494603
6.629132738562769	1.9006850843926002	0.2864291441154783	0.2972950745494603
6.634949326142424	1.9023511332920506	0.28643209095517913	0.2972950745494603
6.640765913722078	1.9040171993404007	0.2864350403719007	0.2972950745494603
6.646582501301733	1.9056832825526029	0.2864379923657158	0.2972950745494603
6.652399088881387	1.907349382943607	0.286440946936697	0.2972950745494603
6.658215676461042	1.909015500528366	0.28644390408491693	0.2972950745494603
6.664032264040696	1.9106816353218297	0.2864468638104483	0.2972950745494603
6.669848851620349	1.9123477873389505	0.28644982611336367	0.2972950745494603
6.675665439200005	1.91401395659468	0.2864527909937357	0.2972950745494603
6.681482026779658	1.9156801431039687	0.2864557584516371	0.2972950745494603
6.687298614359314	1.9173463468817689	0.2864587284871405	0.2972950745494603
6.6931152019389675	1.9190125679430308	0.28646170110031843	0.2972950745494603
6.698931789518623	1.9206788063027072	0.28646467629124367	0.2972950745494603
6.7047483770982765	1.922345061975748	0.28646765405998875	0.2972950745494603
6.710564964677932	1.924011334977106	0.2864706344066264	0.2972950745494603
6.716381552257586	1.9256776253217314	0.2864736173312293	0.2972950745494603
6.722198139837239	1.9273439330245759	0.28647660283386994	0.2972950745494603
6.728014727416895	1.9290102581005915	0.28647959091462105	0.2972950745494603
6.733831314996548	1.9306766005647287	0.2864825815735553	0.2972950745494603
6.739647902576204	1.9323429604319395	0.28648557481074527	0.2972950745494603
6.745464490155857	1.934009337717175	0.28648857062626365	0.2972950745494603
6.751281077735513	1.9356757324353868	0.2864915690201831	0.2972950745494603
6.757097665315166	1.9373421446015255	0.2864945699925762	0.2972950745494603
6.76291425289482	1.9390085742305434	0.2864975735435156	0.2972950745494603
6.7687308404744755	1.9406750213373918	0.286500579673074	0.2972950745494603
6.774547428054129	1.9423414859370216	0.28650358838132406	0.2972950745494603
6.7803640156337845	1.9440079680443842	0.2865065996683383	0.2972950745494603
6.786180603213438	1.9456744676744315	0.28650961353418947	0.2972950745494603
6.791997190793094	1.9473409848421146	0.28651262997895016	0.2972950745494603
6.797813778372747	1.9490075195623842	0.28651564900269305	0.2972950745494603
6.803630365952403	1.950674071850193	0.2865186706054908	0.2972950745494603
6.809446953532056	1.952340641720491	0.28652169478741596	0.2972950745494603
6.81526354111171	1.9540072291882304	0.28652472154854125	0.2972950745494603
6.821080128691365	1.9556738342683628	0.28652775088893934	0.2972950745494603
6.826896716271019	1.9573404569758384	0.28653078280868277	0.2972950745494603
6.832713303850674	1.9590070973256102	0.2865338173078443	0.2972950745494603
6.838529891430328	1.9606737553326279	0.2865368543864964	0.2972950745494603
6.8443464790099835	1.9623404310118446	0.2865398940447119	0.2972950745494603
6.850163066589637	1.96400712437821	0.2865429362825634	0.2972950745494603
6.855979654169291	1.9656738354466763	0.28654598110012347	0.2972950745494603
6.861796241748946	1.9673405642321953	0.2865490284974648	0.2972950745494603
6.8676128293286	1.9690073107497175	0.28655207847466	0.2972950745494603
6.873429416908255	1.970674075014195	0.2865551310317818	0.2972950745494603
6.879246004487909	1.9723408570405785	0.2865581861689028	0.2972950745494603
6.885062592067564	1.97400765684382	0.28656124388609555	0.2972950745494603
6.890879179647218	1.9756744744388701	0.2865643041834328	0.2972950745494603
6.896695767226873	1.9773413098406813	0.2865673670609872	0.2972950745494603
6.902512354806527	1.9790081630642038	0.2865704325188313	0.2972950745494603
6.908328942386181	1.9806750341243893	0.2865735005570378	0.2972950745494603
6.914145529965836	1.98234192303619	0.28657657117567936	0.2972950745494603
6.91996211754549	1.9840088298145564	0.28657964437482863	0.2972950745494603
6.925778705125145	1.9856757544744403	0.28658272015455816	0.2972950745494603
6.931595292704799	1.9873426970307926	0.2865857985149407	0.2972950745494603
6.937411880284453	1.9890096574985652	0.2865888794560489	0.2972950745494603
6.943228467864108	1.9906766358927088	0.2865919629779553	0.2972950745494603
6.949045055443762	1.9923436322281758	0.2865950490807326	0.2972950745494603
6.954861643023417	1.9940106465199166	0.2865981377644535	0.2972950745494603
6.960678230603071	1.995677678782883	0.2866012290291905	0.2972950745494603
6.966494818182725	1.9973447290320268	0.28660432287501636	0.2972950745494603
6.97231140576238	1.9990117972822978	0.2866074193020037	0.2972950745494603
6.978127993342034	2.00067888354865	0.28661051831022516	0.2972950745494603
6.983944580921688	2.002345987846032	0.28661361989975337	0.2972950745494603
6.989761168501343	2.004013110189397	0.28661672407066097	0.2972950745494603
6.995577756080997	2.005680250593696	0.2866198308230206	0.2972950745494603
7.0013943436606505	2.0073474090738794	0.2866229401569049	0.2972950745494603
7.007210931240306	2.0090145856449	0.2866260520723866	0.2972950745494603
7.01302751881996	2.010681780321708	0.28662916656953824	0.2972950745494603
7.018844106399615	2.012348993119256	0.28663228364843246	0.2972950745494603
7.024660693979269	2.014016224052494	0.286635403309142	0.2972950745494603
7.030477281558924	2.0156834731363746	0.2866385255517394	0.2972950745494603
7.036293869138578	2.0173507403858486	0.28664165037629735	0.2972950745494603
7.042110456718233	2.019018025815867	0.2866447777828885	0.2972950745494603
7.047927044297887	2.020685329441382	0.28664790777158544	0.2972950745494603
7.05374363187754	2.0223526512773438	0.28665104034246086	0.2972950745494603
7.059560219457196	2.0240199913387054	0.2866541754955874	0.2972950745494603
7.0653768070368494	2.0256873496404166	0.2866573132310377	0.2972950745494603
7.071193394616505	2.02735472619743	0.2866604535488844	0.2972950745494603
7.0770099821961585	2.029022121024696	0.2866635964492002	0.2972950745494603
7.082826569775814	2.0306895341371667	0.2866667419320576	0.2972950745494603
7.088643157355468	2.032356965549793	0.2866698899975294	0.2972950745494603
7.094459744935121	2.034024415277526	0.2866730406456881	0.2972950745494603
7.100276332514777	2.0356918833353186	0.2866761938766065	0.2972950745494603
7.10609292009443	2.0373593697381205	0.2866793496903571	0.2972950745494603
7.111909507674086	2.039026874500884	0.28668250808701257	0.2972950745494603
7.117726095253739	2.0406943976385596	0.28668566906664567	0.2972950745494603
7.123542682833395	2.0423619391660996	0.28668883262932887	0.2972950745494603
7.129359270413048	2.0440294990984547	0.28669199877513496	0.2972950745494603
7.135175857992704	2.045697077450577	0.2866951675041365	0.2972950745494603
7.1409924455723575	2.047364674237417	0.28669833881640616	0.2972950745494603
7.146809033152011	2.0490322894739266	0.2867015127120166	0.2972950745494603
7.1526256207316665	2.0506999231750576	0.2867046891910404	0.2972950745494603
7.15844220831132	2.05236757535576	0.28670786825355027	0.2972950745494603
