x	chi	dchidx	s0
0.00037537736819256073	0.0	0.6444481485753133	0.6444481485753133
0.013984426245650898	0.008770318465030997	0.6444464586377482	0.6444481485753133
0.027593475123109237	0.0175405922769214	0.644441586894976	0.6444481485753133
0.04120252400056757	0.02631077814371783	0.6444335341471139	0.6444481485753133
0.05481157287802591	0.03508083277554946	0.6444223004270855	0.6444481485753133
0.06842062175548425	0.04385071288257891	0.6444078857573061	0.6444481485753133
0.08202967063294257	0.052620375175002274	0.6443902901496833	0.6444481485753133
0.09563871951040091	0.06138977636304915	0.6443695136056165	0.6444481485753133
0.10924776838785925	0.07015887315698258	0.6443455561159969	0.6444481485753133
0.12285681726531761	0.07892762226709907	0.644318417661208	0.6444481485753133
0.13646586614277595	0.08769598038646621	0.6442880982162587	0.6444481485753133
0.1500749150202343	0.09646390398854011	0.6442545978185305	0.6444481485753133
0.1636839638976926	0.10523134973398433	0.6442179164593081	0.6444481485753133
0.17729301277515094	0.11399827436472705	0.6441780541047649	0.6444481485753133
0.19090206165260928	0.12276463462074355	0.6441350107189764	0.6444481485753133
0.20451111053006762	0.13153038724005633	0.6440887862639207	0.6444481485753133
0.21812015940752597	0.1402954889587351	0.6440393806994785	0.6444481485753133
0.2317292082849843	0.14905989651089666	0.6439867939834328	0.6444481485753133
0.24533825716244265	0.15782356662870511	0.6439310260714693	0.6444481485753133
0.258947306039901	0.16658645604237166	0.6438720769171757	0.6444481485753133
0.27255635491735936	0.17534852148015473	0.6438099464720427	0.6444481485753133
0.2861654037948177	0.1841097196683599	0.643744634685463	0.6444481485753133
0.29977445267227604	0.19287000733133997	0.643676141504732	0.6444481485753133
0.3133835015497344	0.2016293411914949	0.6436044668750475	0.6444481485753133
0.32699255042719266	0.21038767796927182	0.6435296107395099	0.6444481485753133
0.340601599304651	0.2191449743831651	0.6434515730391218	0.6444481485753133
0.35421064818210934	0.2279011871497163	0.6433703537127886	0.6444481485753133
0.3678196970595677	0.23665627298351405	0.6432859526973177	0.6444481485753133
0.381428745937026	0.2454101885971942	0.6431983699274194	0.6444481485753133
0.39503779481448437	0.2541628907014399	0.6431076053357062	0.6444481485753133
0.4086468436919427	0.2629143360049814	0.6430136588526932	0.6444481485753133
0.42225589256940105	0.27166448121459597	0.642916530406798	0.6444481485753133
0.4358649414468594	0.2804132830351085	0.6428162199243403	0.6444481485753133
0.44947399032431773	0.28916069816939055	0.6427127273295428	0.6444481485753133
0.46308303920177607	0.2979066833183613	0.6426060525445301	0.6444481485753133
0.47669208807923436	0.30665119518098677	0.6424961954893298	0.6444481485753133
0.4903011369566927	0.3153941904542804	0.6423831560818715	0.6444481485753133
0.503910185834151	0.3241356258333027	0.6422669342379876	0.6444481485753133
0.5175192347116093	0.3328754580111613	0.6421475298714129	0.6444481485753133
0.5311282835890677	0.3416136436790113	0.6420249428937843	0.6444481485753133
0.544737332466526	0.35035013952605465	0.6418991732146417	0.6444481485753133
0.5583463813439844	0.35908490223954065	0.6417702207414272	0.6444481485753133
0.5719554302214427	0.3678178885047658	0.6416380853794852	0.6444481485753133
0.5855644790989011	0.37654905500507363	0.6415027670320629	0.6444481485753133
0.5991735279763594	0.38527835842185504	0.6413642656003097	0.6444481485753133
0.6127825768538178	0.3940057554345482	0.6412225809832774	0.6444481485753133
0.626391625731276	0.4027312027206379	0.6410777130779207	0.6444481485753133
0.6400006746087344	0.4114546569556569	0.6409296617790964	0.6444481485753133
0.6536097234861927	0.4201760748131845	0.6407784269795636	0.6444481485753133
0.667218772363651	0.42889541296484757	0.6406240085699844	0.6444481485753133
0.6808278212411094	0.43761262808032003	0.6404664064389227	0.6444481485753133
0.6944368701185677	0.44632767682732294	0.6403056204728456	0.6444481485753133
0.7080459189960261	0.4550405158716247	0.6401416505561219	0.6444481485753133
0.7216549678734844	0.4637511018770407	0.6399744965710236	0.6444481485753133
0.7352640167509428	0.4724593915054336	0.6398041583977245	0.6444481485753133
0.7488730656284011	0.4811653414167133	0.6396306359143012	0.6444481485753133
0.7624821145058595	0.4898689082688367	0.6394539289967329	0.6444481485753133
0.7760911633833177	0.4985700487178081	0.6392740375189009	0.6444481485753133
0.7897002122607761	0.5072687194176788	0.639090961352589	0.6444481485753133
0.8033092611382344	0.5159648770205476	0.6389047003674839	0.6444481485753133
0.8169183100156928	0.5246584781765601	0.6387152544311743	0.6444481485753133
0.8305273588931511	0.5333494795339092	0.6385226234091516	0.6444481485753133
0.8441364077706095	0.5420378377388353	0.6383268071648094	0.6444481485753133
0.8577454566480678	0.5507235094356252	0.638127805559444	0.6444481485753133
0.8713545055255262	0.559406451266614	0.6379256184522542	0.6444481485753133
0.8849635544029845	0.568086619872183	0.637720245700341	0.6444481485753133
0.8985726032804429	0.5767639718907612	0.6375116871587081	0.6444481485753133
0.9121816521579011	0.5854384639588244	0.6372999426802616	0.6444481485753133
0.9257907010353595	0.5941100527108962	0.63708501211581	0.6444481485753133
0.9393997499128177	0.6027786947795469	0.6368668953140644	0.6444481485753133
0.9530087987902762	0.6114443467953941	0.636645592121638	0.6444481485753133
0.9666178476677344	0.6201069653871023	0.6364211023830469	0.6444481485753133
0.9802268965451929	0.6287665071813839	0.6361934259407095	0.6444481485753133
0.9938359454226511	0.6374229288029977	0.6359625626349465	0.6444481485753133
1.0074449943001096	0.6460761868747504	0.6357285123039814	0.6444481485753133
1.0210540431775679	0.6547262380174952	0.6354912747839399	0.6444481485753133
1.0346630920550262	0.6633730388501329	0.63525084990885	0.6444481485753133
1.0482721409324844	0.6720165459896112	0.6350072375106426	0.6444481485753133
1.061881189809943	0.6806567160509257	0.6347604374191508	0.6444481485753133
1.0754902386874012	0.689293505647118	0.6345104494621101	0.6444481485753133
1.0890992875648595	0.6979268713892781	0.6342572734651587	0.6444481485753133
1.1027083364423178	0.7065567698865424	0.634000909251837	0.6444481485753133
1.1163173853197763	0.7151831577460945	0.6337413566435881	0.6444481485753133
1.1299264341972346	0.7238059915731655	0.6334786154597574	0.6444481485753133
1.1435354830746929	0.7324252279710339	0.6332126855175927	0.6444481485753133
1.1571445319521512	0.7410408235410244	0.6329435666322444	0.6444481485753133
1.1707535808296097	0.7496527348825103	0.6326712586167654	0.6444481485753133
1.184362629707068	0.7582609185929108	0.632395761282111	0.6444481485753133
1.1979716785845262	0.7668653312676929	0.6321170744371388	0.6444481485753133
1.2115807274619845	0.7754659295003706	0.6318351978886092	0.6444481485753133
1.225189776339443	0.784062669882506	0.6315501314411847	0.6444481485753133
1.2387988252169013	0.792655509003706	0.6312618748974304	0.6444481485753133
1.2524078740943596	0.8012444034516277	0.630970428057814	0.6444481485753133
1.266016922971818	0.809829309811973	0.6306757907207056	0.6444481485753133
1.2796259718492764	0.8184101846684925	0.6303779626823774	0.6444481485753133
1.2932350207267347	0.8269869846029829	0.6300769437370047	0.6444481485753133
1.3068440696041927	0.8355596661952889	0.6297727336766648	0.6444481485753133
1.3204531184816513	0.844128190510503	0.6294653229258598	0.6444481485753133
1.3340621673591095	0.8526925489240404	0.6291396181138695	0.6444481485753133
1.347671216236568	0.8612525667410472	0.6289309211758362	0.6444481485753133
1.3500797272132337	0.8627673570098906	0.6289336127953974	0.6444481485753133
1.3524882381898993	0.8642821537669031	0.6289363089938745	0.6444481485753133
1.3548967491665649	0.8657969570231208	0.6289390097713422	0.6444481485753133
1.3573052601432307	0.8673117667895799	0.6289417151278751	0.6444481485753133
1.3597137711198963	0.8688265830773166	0.6289444250635479	0.6444481485753133
1.3621222820965622	0.8703414058973673	0.6289471395784354	0.6444481485753133
1.3645307930732278	0.8718562352607678	0.6289498586726122	0.6444481485753133
1.3669393040498936	0.8733710711785546	0.6289525823461531	0.6444481485753133
1.3693478150265592	0.8748859136617637	0.6289553105991328	0.6444481485753133
1.371756326003225	0.8764007627214315	0.628958043431626	0.6444481485753133
1.3741648369798907	0.877915618368594	0.6289607808437072	0.6444481485753133
1.3765733479565565	0.8794304806142875	0.6289635228354514	0.6444481485753133
1.3789818589332221	0.8809453494695481	0.6289662694069331	0.6444481485753133
1.381390369909888	0.8824602249454121	0.6289690205582271	0.6444481485753133
1.3837988808865533	0.8839751070529155	0.628971776289408	0.6444481485753133
1.3862073918632192	0.8854899958030947	0.6289745366005507	0.6444481485753133
1.3886159028398848	0.8870048912069858	0.6289773014917297	0.6444481485753133
1.3910244138165506	0.8885197932756251	0.6289800709630198	0.6444481485753133
1.3934329247932162	0.8900347020200485	0.6289828450144956	0.6444481485753133
1.395841435769882	0.8915496174512926	0.628985623646232	0.6444481485753133
1.3982499467465477	0.8930645395803932	0.6289884068583036	0.6444481485753133
1.4006584577232135	0.8945794684183869	0.628991194650785	0.6444481485753133
1.4030669686998791	0.8960944039763094	0.628993987023751	0.6444481485753133
1.405475479676545	0.8976093462651973	0.6289967839772763	0.6444481485753133
1.4078839906532106	0.8991242952960865	0.6289995855114356	0.6444481485753133
1.4102925016298764	0.9006392510800135	0.6290023916263037	0.6444481485753133
1.412701012606542	0.9021542136280142	0.629005202321955	0.6444481485753133
1.4151095235832076	0.903669182951125	0.6290080175984646	0.6444481485753133
1.4175180345598732	0.905184159060382	0.6290108374559068	0.6444481485753133
1.419926545536539	0.9066991419668213	0.6290136618943567	0.6444481485753133
1.4223350565132047	0.9082141316814792	0.6290164909138887	0.6444481485753133
1.4247435674898705	0.909729128215392	0.6290193245145776	0.6444481485753133
1.4271520784665361	0.9112441315795956	0.6290221626964981	0.6444481485753133
1.429560589443202	0.9127591417851265	0.6290250054597251	0.6444481485753133
1.4319691004198676	0.9142741588430205	0.6290278528043329	0.6444481485753133
1.4343776113965334	0.9157891827643144	0.6290307047303965	0.6444481485753133
1.436786122373199	0.9173042135600438	0.6290335612379905	0.6444481485753133
1.4391946333498649	0.9188192512412452	0.6290364223271896	0.6444481485753133
1.4416031443265305	0.9203342958189547	0.6290392879980686	0.6444481485753133
1.444011655303196	0.9218493473042084	0.6290421582507021	0.6444481485753133
1.4464201662798617	0.9233644057080427	0.6290450330851648	0.6444481485753133
1.4488286772565275	0.9248794710414937	0.6290479125015315	0.6444481485753133
1.4512371882331931	0.9263945433155975	0.6290507964998768	0.6444481485753133
1.453645699209859	0.9279096225413904	0.6290536850802754	0.6444481485753133
1.4560542101865246	0.9294247087299085	0.629056578242802	0.6444481485753133
1.4584627211631904	0.9309398018921882	0.6290594759875315	0.6444481485753133
1.460871232139856	0.9324549020392653	0.6290623783145384	0.6444481485753133
1.4632797431165219	0.9339700091821764	0.6290652852238974	0.6444481485753133
1.4656882540931875	0.9354851233319574	0.6290681967156833	0.6444481485753133
1.4680967650698533	0.9370002444996448	0.6290711127899706	0.6444481485753133
1.470505276046519	0.9385153726962744	0.6290740334468342	0.6444481485753133
1.4729137870231848	0.9400305079328828	0.6290769586863488	0.6444481485753133
1.4753222979998504	0.9415456502205057	0.6290798885085891	0.6444481485753133
1.477730808976516	0.9430607995701799	0.6290828229136298	0.6444481485753133
1.4801393199531816	0.944575955992941	0.6290857619015454	0.6444481485753133
1.4825478309298474	0.9460911194998256	0.6290887054724109	0.6444481485753133
1.484956341906513	0.9476062901018696	0.6290916536263008	0.6444481485753133
1.4873648528831789	0.9491214678101095	0.62909460636329	0.6444481485753133
1.4897733638598445	0.9506366526355812	0.6290975636834529	0.6444481485753133
1.4921818748365103	0.9521518445893211	0.6291005255868645	0.6444481485753133
1.494590385813176	0.9536670436823653	0.6291034920735993	0.6444481485753133
1.4969988967898418	0.9551822499257501	0.6291064631437321	0.6444481485753133
1.4994074077665074	0.9566974633305113	0.6291094387973375	0.6444481485753133
1.5018159187431732	0.9582126839076857	0.6291124190344903	0.6444481485753133
1.5042244297198388	0.959727911668309	0.6291154038552653	0.6444481485753133
1.5066329406965044	0.9612431466234176	0.6291183932597371	0.6444481485753133
1.50904145167317	0.9627583887840475	0.6291213872479803	0.6444481485753133
1.5114499626498359	0.9642736381612353	0.6291243858200697	0.6444481485753133
1.5138584736265015	0.9657888947660168	0.62912738897608	0.6444481485753133
1.5162669846031673	0.9673041586094284	0.6291303967160858	0.6444481485753133
1.518675495579833	0.9688194297025061	0.629133409040162	0.6444481485753133
1.5210840065564988	0.9703347080562863	0.6291364259483833	0.6444481485753133
1.5234925175331644	0.971849993681805	0.6291394474408242	0.6444481485753133
1.5259010285098302	0.9733652865900986	0.6291424735175595	0.6444481485753133
1.5283095394864958	0.9748805884131435	0.6291455047203961	0.6444481485753133
1.5307180504631617	0.9763958977456446	0.6291485405757099	0.6444481485753133
1.5331265614398273	0.9779112143732603	0.629151581008232	0.6444481485753133
1.5355350724164931	0.9794265383071361	0.6291546260180757	0.6444481485753133
1.5379435833931585	0.9809418695584171	0.6291576756053545	0.6444481485753133
1.5403520943698243	0.9824572081382486	0.6291607297701818	0.6444481485753133
1.54276060534649	0.9839725540577757	0.6291637885126712	0.6444481485753133
1.5451691163231558	0.9854879073281441	0.6291668518329359	0.6444481485753133
1.5475776272998214	0.9870032679604984	0.6291699197310895	0.6444481485753133
1.5499861382764872	0.9885186359659844	0.6291729922072454	0.6444481485753133
1.5523946492531528	0.9900340113557471	0.629176069261517	0.6444481485753133
1.5548031602298187	0.9915493941409318	0.6291791508940179	0.6444481485753133
1.5572116712064843	0.9930647843326836	0.6291822371048613	0.6444481485753133
1.5596201821831501	0.9945801819421481	0.6291853278941608	0.6444481485753133
1.5620286931598157	0.9960955869804702	0.6291884232620298	0.6444481485753133
1.5644372041364816	0.9976109994587955	0.6291915232085818	0.6444481485753133
1.5668457151131472	0.9991264193882688	0.6291946277339301	0.6444481485753133
1.5692542260898128	1.0006418467800358	0.6291977368381882	0.6444481485753133
1.5716627370664784	1.0021572816452415	0.6292008505214697	0.6444481485753133
1.5740712480431442	1.0036727239950312	0.6292039687838877	0.6444481485753133
1.5764797590198099	1.0051881738405501	0.6292070916255559	0.6444481485753133
1.5788882699964757	1.0067036311929436	0.6292102190465877	0.6444481485753133
1.5812967809731413	1.0082190960633568	0.6292133510470964	0.6444481485753133
1.5837052919498071	1.009734568462935	0.6292164876271956	0.6444481485753133
1.5861138029264727	1.0112500484028235	0.6292196287869988	0.6444481485753133
1.5885223139031384	1.0127655358941674	0.6292227745266192	0.6444481485753133
1.5909308248798042	1.0142810309481123	0.6292259248461703	0.6444481485753133
1.59333933585647	1.015796533575803	0.6292290797457658	0.6444481485753133
1.5957478468331356	1.0173120437883851	0.6292322392255189	0.6444481485753133
1.5981563578098013	1.0188275615970035	0.629235403285543	0.6444481485753133
1.6005648687864669	1.020343087012804	0.6292385719259516	0.6444481485753133
1.6029733797631327	1.0218586200469315	0.6292417451468582	0.6444481485753133
1.6053818907397983	1.0233741607105311	0.6292449229483761	0.6444481485753133
1.607790401716464	1.0248897090147482	0.6292481053306189	0.6444481485753133
1.6101989126931298	1.026405264970728	0.6292512922937	0.6444481485753133
1.6126074236697956	1.0279208285896162	0.6292544838377329	0.6444481485753133
1.6150159346464612	1.0294363998825573	0.6292576799628308	0.6444481485753133
1.6174244456231268	1.0309519788606971	0.6292608806691073	0.6444481485753133
1.6198329565997927	1.0324675655351807	0.6292640859566759	0.6444481485753133
1.6222414675764585	1.0339831599171534	0.62926729582565	0.6444481485753133
1.624649978553124	1.0354987620177603	0.629270510276143	0.6444481485753133
1.6270584895297897	1.0370143718481466	0.6292737293082683	0.6444481485753133
1.6294670005064555	1.038529989419458	0.6292769529221394	0.6444481485753133
1.6318755114831212	1.0400456147428392	0.6292801811178697	0.6444481485753133
1.6342840224597868	1.0415612478294358	0.6292834138955727	0.6444481485753133
1.6366925334364524	1.0430768886903927	0.6292866512553618	0.6444481485753133
1.6391010444131182	1.0445925373368556	0.6292898931973504	0.6444481485753133
1.641509555389784	1.0461081937799697	0.629293139721652	0.6444481485753133
1.6439180663664497	1.0476238580308799	0.6292963908283801	0.6444481485753133
1.6463265773431153	1.0491395301007316	0.6292996465176479	0.6444481485753133
1.648735088319781	1.0506552100006703	0.6293029067895691	0.6444481485753133
1.651143599296447	1.052170897741841	0.6293061716442571	0.6444481485753133
1.6535521102731126	1.053686593335389	0.6293094410818251	0.6444481485753133
1.6559606212497782	1.0552022967924592	0.6293127151023868	0.6444481485753133
1.658369132226444	1.0567180081241976	0.6293159937060556	0.6444481485753133
1.6607776432031096	1.058233727341749	0.6293192768929449	0.6444481485753133
1.6631861541797752	1.0597494544562587	0.629322564663168	0.6444481485753133
1.6655946651564408	1.0612651894788718	0.6293258570168386	0.6444481485753133
1.6680031761331067	1.062780932420734	0.62932915395407	0.6444481485753133
1.6704116871097725	1.06429668329299	0.6293324554749755	0.6444481485753133
1.6728201980864381	1.0658124421067856	0.6293357615796689	0.6444481485753133
1.6752287090631037	1.0673282088732654	0.6293390722682632	0.6444481485753133
1.6776372200397696	1.0688439836035752	0.6293423875408722	0.6444481485753133
1.6800457310164354	1.0703597663088602	0.6293457073976093	0.6444481485753133
1.682454241993101	1.0718755570002654	0.6293490318385877	0.6444481485753133
1.6848627529697666	1.073391355688936	0.629352360863921	0.6444481485753133
1.6872712639464325	1.0749071623860176	0.6293556944737226	0.6444481485753133
1.6896797749230983	1.0764229771026554	0.6293590326681061	0.6444481485753133
1.6920882858997637	1.0779387998499943	0.6293623754471847	0.6444481485753133
1.6944967968764293	1.07945463063918	0.629365722811072	0.6444481485753133
1.6969053078530951	1.0809704694813573	0.6293690747598812	0.6444481485753133
1.699313818829761	1.082486316387672	0.629372431293726	0.6444481485753133
1.7017223298064266	1.0840021713692687	0.6293757924127198	0.6444481485753133
1.7041308407830922	1.085518034437293	0.629379158116976	0.6444481485753133
1.706539351759758	1.0870339056028901	0.629382528406608	0.6444481485753133
1.7089478627364239	1.0885497848772057	0.6293859032817293	0.6444481485753133
1.7113563737130895	1.0900656722713842	0.6293892827424532	0.6444481485753133
1.713764884689755	1.0915815677965712	0.6293926667888934	0.6444481485753133
1.716173395666421	1.0930974714639126	0.6293960554211631	0.6444481485753133
1.7185819066430867	1.0946133832845528	0.6293994486393758	0.6444481485753133
1.7209904176197524	1.096129303269637	0.6294028464436451	0.6444481485753133
1.723398928596418	1.0976452314303111	0.6294062488340841	0.6444481485753133
1.7258074395730836	1.0991611677777202	0.6294096558108067	0.6444481485753133
1.7282159505497494	1.1006771123230092	0.6294130673739259	0.6444481485753133
1.730624461526415	1.1021930650773237	0.6294164835235553	0.6444481485753133
1.7330329725030806	1.1037090260518085	0.6294199042598084	0.6444481485753133
1.7354414834797465	1.1052249952576094	0.6294233295827987	0.6444481485753133
1.737849994456412	1.1067409727058715	0.6294267594926394	0.6444481485753133
1.740258505433078	1.1082569584077397	0.6294301939894441	0.6444481485753133
1.7426670164097435	1.1097729523743596	0.6294336330733263	0.6444481485753133
1.7450755273864094	1.1112889546168765	0.6294370767443993	0.6444481485753133
1.747484038363075	1.1128049651464353	0.6294405250027766	0.6444481485753133
1.7498925493397408	1.1143209839741814	0.6294439778485716	0.6444481485753133
1.7523010603164064	1.1158370111112603	0.6294474352818978	0.6444481485753133
1.754709571293072	1.117353046568817	0.6294508973028686	0.6444481485753133
1.7571180822697376	1.1188690903579968	0.6294543639115976	0.6444481485753133
1.7595265932464035	1.1203851424899451	0.6294578351081979	0.6444481485753133
1.761935104223069	1.1219012029758069	0.6294613108927832	0.6444481485753133
1.764343615199735	1.1234172718267277	0.6294647912654668	0.6444481485753133
1.7667521261764005	1.1249333490538524	0.6294682762263623	0.6444481485753133
1.7691606371530664	1.1264494346683267	0.629471765775583	0.6444481485753133
1.771569148129732	1.1279655286812953	0.6294752599132424	0.6444481485753133
1.7739776591063978	1.129481631103904	0.6294787586394539	0.6444481485753133
1.7763861700830634	1.1309977419472979	0.6294822619543309	0.6444481485753133
1.7787946810597293	1.132513861222622	0.629485769857987	0.6444481485753133
1.7812031920363949	1.134029988941022	0.6294892823505355	0.6444481485753133
1.7836117030130607	1.1355461251136425	0.6294927994320899	0.6444481485753133
1.786020213989726	1.1370622697516293	0.6294963211027635	0.6444481485753133
1.788428724966392	1.1385784228661275	0.6294998473626701	0.6444481485753133
1.7908372359430575	1.1400945844682824	0.6295033782119227	0.6444481485753133
1.7932457469197234	1.141610754569239	0.6295069136506349	0.6444481485753133
1.795654257896389	1.143126933180143	0.6295104536789203	0.6444481485753133
1.7980627688730548	1.1446431203121392	0.6295139982968921	0.6444481485753133
1.8004712798497204	1.146159315976373	0.6295175475046639	0.6444481485753133
1.8028797908263863	1.1476755201839899	0.6295211013023492	0.6444481485753133
1.8052883018030519	1.1491917329461347	0.6295246596900612	0.6444481485753133
1.8076968127797177	1.1507079542739531	0.6295282226679135	0.6444481485753133
1.8101053237563833	1.15222418417859	0.6295317902360195	0.6444481485753133
1.8125138347330492	1.153740422671191	0.6295353623944927	0.6444481485753133
1.8149223457097148	1.155256669762901	0.6295389391434464	0.6444481485753133
1.8173308566863804	1.1567729254648653	0.6295425204829942	0.6444481485753133
1.819739367663046	1.1582891897882293	0.6295461064132494	0.6444481485753133
1.8221478786397118	1.1598054627441383	0.6295496969343255	0.6444481485753133
1.8245563896163774	1.1613217443437374	0.6295532920463359	0.6444481485753133
1.826964900593043	1.162838034598172	0.6295568917493942	0.6444481485753133
1.829373411569709	1.164354333518587	0.6295604960436136	0.6444481485753133
1.8317819225463747	1.1658706411161281	0.6295641049291077	0.6444481485753133
1.8341904335230403	1.1673869574019404	0.62956771840599	0.6444481485753133
1.836598944499706	1.168903282387169	0.6295713364743737	0.6444481485753133
1.8390074554763718	1.1704196160829594	0.6295749591343724	0.6444481485753133
1.8414159664530376	1.1719359585004567	0.6295785863860995	0.6444481485753133
1.8438244774297032	1.173452309650806	0.6295822182296685	0.6444481485753133
1.8462329884063688	1.1749686695451529	0.6295858546651928	0.6444481485753133
1.8486414993830345	1.1764850381946423	0.6295894956927858	0.6444481485753133
1.8510500103597003	1.17800141561042	0.6295931413125609	0.6444481485753133
1.853458521336366	1.1795178018036303	0.6295967915246318	0.6444481485753133
1.8558670323130315	1.1810341967854192	0.6296004463291116	0.6444481485753133
1.8582755432896974	1.182550600566932	0.6296041057261138	0.6444481485753133
1.8606840542663632	1.1840670131593138	0.629607769715752	0.6444481485753133
1.8630925652430288	1.1855834345737093	0.6296114382981397	0.6444481485753133
1.8655010762196944	1.1870998648212645	0.6296151114733901	0.6444481485753133
1.8679095871963602	1.1886163039131246	0.6296187892416167	0.6444481485753133
1.870318098173026	1.1901327518604343	0.629622471602933	0.6444481485753133
1.8727266091496917	1.1916492086743393	0.6296261585574524	0.6444481485753133
1.8751351201263573	1.1931656743659846	0.6296298501052884	0.6444481485753133
1.8775436311030231	1.1946821489465158	0.6296335462465544	0.6444481485753133
1.8799521420796887	1.1961986324270781	0.6296372469813638	0.6444481485753133
1.8823606530563546	1.1977151248188163	0.6296409523098301	0.6444481485753133
1.88476916403302	1.199231626132876	0.6296446622320667	0.6444481485753133
1.8871776750096858	1.2007481363804022	0.6296483767481871	0.6444481485753133
1.8895861859863516	1.2022646555725407	0.6296520958583046	0.6444481485753133
1.891994696963017	1.203781183720436	0.6296558195625328	0.6444481485753133
1.8944032079396829	1.205297720835234	0.629659547860985	0.6444481485753133
1.8968117189163487	1.2068142669280797	0.6296632807537748	0.6444481485753133
1.8992202298930145	1.2083308220101183	0.6296670182410155	0.6444481485753133
1.9016287408696804	1.2098473860924952	0.6296707603228205	0.6444481485753133
1.9040372518463458	1.2113639591863554	0.6296745069993035	0.6444481485753133
1.9064457628230116	1.2128805413028445	0.6296782582705777	0.6444481485753133
1.9088542737996772	1.2143971324531073	0.6296820141367565	0.6444481485753133
1.9112627847763428	1.2159137326482892	0.6296857745979536	0.6444481485753133
1.9136712957530084	1.217430341899536	0.6296895396542822	0.6444481485753133
1.9160798067296743	1.2189469602179923	0.6296933093058558	0.6444481485753133
1.91848831770634	1.2204635876148036	0.6296970835527879	0.6444481485753133
1.920896828683006	1.221980224101115	0.6297008623951919	0.6444481485753133
1.9233053396596713	1.223496869688072	0.6297046458331812	0.6444481485753133
1.9257138506363372	1.2250135243868194	0.6297084338668693	0.6444481485753133
1.928122361613003	1.2265301882085033	0.6297122264963695	0.6444481485753133
1.9305308725896684	1.2280468611642679	0.6297160237217955	0.6444481485753133
1.9329393835663342	1.2295635432652592	0.6297198255432606	0.6444481485753133
1.935347894543	1.2310802345226222	0.6297236319608781	0.6444481485753133
1.9377564055196659	1.2325969349475023	0.6297274429747617	0.6444481485753133
1.9401649164963315	1.2341136445510446	0.6297312585850245	0.6444481485753133
1.9425734274729969	1.2356303633443941	0.6297350787917804	0.6444481485753133
1.9449819384496627	1.2371470913386966	0.6297389035951425	0.6444481485753133
1.9473904494263286	1.238663828545097	0.6297427329952243	0.6444481485753133
1.949798960402994	1.2401805749747403	0.6297465669921393	0.6444481485753133
1.9522074713796598	1.2416973306387726	0.6297504055860008	0.6444481485753133
1.9546159823563256	1.2432140955483386	0.6297542487769224	0.6444481485753133
1.9570244933329914	1.2447308697145834	0.6297580965650176	0.6444481485753133
1.9594330043096573	1.2462476531486524	0.6297619489503996	0.6444481485753133
1.9618415152863227	1.2477644458616908	0.629765805933182	0.6444481485753133
1.9642500262629885	1.249281247864844	0.6297696675134782	0.6444481485753133
1.9666585372396543	1.2507980591692573	0.6297735336914015	0.6444481485753133
1.9690670482163197	1.2523148797860757	0.6297774044670656	0.6444481485753133
1.9714755591929856	1.2538317097264446	0.6297812798405839	0.6444481485753133
1.9738840701696512	1.2553485490015095	0.6297851598120696	0.6444481485753133
1.976292581146317	1.2568653976224153	0.6297890443816364	0.6444481485753133
1.9787010921229828	1.2583822556003073	0.6297929335493976	0.6444481485753133
1.9811096030996482	1.2598991229463306	0.6297968273154666	0.6444481485753133
1.983518114076314	1.2614159996716308	0.6298007256799569	0.6444481485753133
1.98592662505298	1.2629328857873532	0.629804628642982	0.6444481485753133
1.9883351360296453	1.2644497813046425	0.6298085362046554	0.6444481485753133
1.9907436470063111	1.2659666862346444	0.6298124483650903	0.6444481485753133
1.993152157982977	1.2674836005885042	0.6298163651244003	0.6444481485753133
1.9955606689596428	1.269000524377367	0.6298202864826987	0.6444481485753133
1.9979691799363086	1.270517457612378	0.6298242124400992	0.6444481485753133
2.000377690912974	1.2720344003046824	0.6298281429967151	0.6444481485753133
2.0027862018896396	1.2735513524654256	0.6298320781526596	0.6444481485753133
2.0051947128663055	1.275068314105753	0.6298360179080466	0.6444481485753133
2.007603223842971	1.2765852852368094	0.6298399622629892	0.6444481485753133
2.0100117348196367	1.2781022658697405	0.6298439112176009	0.6444481485753133
2.0124202457963025	1.2796192560156914	0.6298478647719952	0.6444481485753133
2.0148287567729684	1.2811362556858072	0.6298518229262855	0.6444481485753133
2.017237267749634	1.2826532648912332	0.6298557856805853	0.6444481485753133
2.0196457787262996	1.2841702836431148	0.629859753035008	0.6444481485753133
2.0220542897029654	1.2856873119525971	0.629863724989667	0.6444481485753133
2.0244628006796312	1.2872043498308257	0.6298677015446758	0.6444481485753133
2.0268713116562966	1.288721397288945	0.6298716827001478	0.6444481485753133
2.0292798226329625	1.2902384543381014	0.6298756684561965	0.6444481485753133
2.0316883336096283	1.2917555209894394	0.6298796588129352	0.6444481485753133
2.034096844586294	1.2932725972541044	0.6298836537704774	0.6444481485753133
2.03650535556296	1.2947896831432417	0.6298876533289366	0.6444481485753133
2.0389138665396254	1.2963067786679965	0.6298916574884262	0.6444481485753133
2.041322377516291	1.2978238838395142	0.6298956662490597	0.6444481485753133
2.043730888492957	1.29934099866894	0.6298996796109505	0.6444481485753133
2.0461393994696224	1.3008581231674186	0.6299036975742119	0.6444481485753133
2.0485479104462883	1.302375257346096	0.6299077201389576	0.6444481485753133
2.0509564214229536	1.3038924012161175	0.6299117473053009	0.6444481485753133
2.0533649323996195	1.3054095547886277	0.629915779073355	0.6444481485753133
2.0557734433762853	1.3069267180747723	0.6299198154432338	0.6444481485753133
2.0581819543529507	1.3084438910856964	0.6299238564150504	0.6444481485753133
2.0605904653296165	1.3099610738325453	0.6299279019889186	0.6444481485753133
2.0629989763062824	1.3114782663264641	0.6299319521649513	0.6444481485753133
2.0654074872829478	1.3129954685785983	0.6299360069432623	0.6444481485753133
2.0678159982596136	1.3145126806000933	0.6299400663239652	0.6444481485753133
2.0702245092362794	1.3160299024020938	0.6299441303071729	0.6444481485753133
2.0726330202129453	1.3175471339957456	0.6299481988929994	0.6444481485753133
2.075041531189611	1.3190643753921936	0.6299522720815577	0.6444481485753133
2.0774500421662765	1.320581626602583	0.6299563498729615	0.6444481485753133
2.0798585531429423	1.3220988876380593	0.6299604322673241	0.6444481485753133
2.082267064119608	1.3236161585097677	0.6299645192647592	0.6444481485753133
2.0846755750962735	1.3251334392288532	0.6299686108653798	0.6444481485753133
2.0870840860729394	1.3266507298064614	0.6299727070692998	0.6444481485753133
2.089492597049605	1.3281680302537375	0.6299768078766322	0.6444481485753133
2.091901108026271	1.3296853405818267	0.6299809132874908	0.6444481485753133
2.094309619002937	1.3312026608018743	0.6299850233019889	0.6444481485753133
2.0967181299796023	1.3327199909250251	0.6299891379202399	0.6444481485753133
2.099126640956268	1.334237330962425	0.6299932571423573	0.6444481485753133
2.101535151932934	1.335754680925219	0.6299973809684546	0.6444481485753133
2.1039436629095993	1.337272040824552	0.6300015093986451	0.6444481485753133
2.106352173886265	1.3387894106715699	0.6300056424330422	0.6444481485753133
2.108760684862931	1.3403067904774173	0.6300097800717595	0.6444481485753133
2.1111691958395964	1.3418241802532402	0.6300139223149104	0.6444481485753133
2.1135777068162622	1.3433415800101833	0.6300180691626083	0.6444481485753133
2.1159862177929276	1.3448589897593917	0.6300222206149666	0.6444481485753133
2.1183947287695934	1.3463764095120112	0.6300263766720988	0.6444481485753133
2.120803239746259	1.3478938392791864	0.6300305373341184	0.6444481485753133
2.1232117507229247	1.3494112790720632	0.6300347026011387	0.6444481485753133
2.1256202616995905	1.3509287289017866	0.6300388724732733	0.6444481485753133
2.1280287726762563	1.3524461887795018	0.6300430469506354	0.6444481485753133
2.130437283652922	1.3539636587163544	0.6300472260333387	0.6444481485753133
2.1328457946295876	1.3554811387234889	0.6300514097214964	0.6444481485753133
2.1352543056062534	1.3569986288120512	0.6300555980152223	0.6444481485753133
2.1376628165829192	1.3585161289931862	0.6300597909146294	0.6444481485753133
2.1400713275595846	1.3600336392780392	0.6300639884198314	0.6444481485753133
2.1424798385362505	1.3615511596777559	0.6300681905309417	0.6444481485753133
2.1448883495129163	1.363068690203481	0.6300723972480736	0.6444481485753133
2.147296860489582	1.3645862308663599	0.6300766085713407	0.6444481485753133
2.149705371466248	1.366103781677538	0.6300808245008565	0.6444481485753133
2.1521138824429134	1.3676213426481603	0.6300850450367342	0.6444481485753133
2.154522393419579	1.3691389137893724	0.6300892701790876	0.6444481485753133
2.156930904396245	1.3706564951123192	0.6300934999280297	0.6444481485753133
2.1593394153729104	1.372174086628146	0.6300977342836742	0.6444481485753133
2.1617479263495762	1.3736916883479984	0.6301019732461345	0.6444481485753133
2.164156437326242	1.3752093002830215	0.630106216815524	0.6444481485753133
2.166564948302908	1.3767269224443601	0.6301104649919562	0.6444481485753133
2.1689734592795737	1.37824455484316	0.6301147177755445	0.6444481485753133
2.171381970256239	1.379762197490566	0.6301189751664024	0.6444481485753133
2.1737904812329045	1.381279850397724	0.6301232371646432	0.6444481485753133
2.1761989922095704	1.3827975135757788	0.6301275037703805	0.6444481485753133
2.1786075031862357	1.3843151870358754	0.6301317749837276	0.6444481485753133
2.1810160141629016	1.3858328707891596	0.6301360508047981	0.6444481485753133
2.1834245251395674	1.3873505648467765	0.6301403312337052	0.6444481485753133
2.1858330361162333	1.3888682692198713	0.6301446162705625	0.6444481485753133
2.188241547092899	1.3903859839195891	0.6301489059154836	0.6444481485753133
2.1906500580695645	1.3919037089570752	0.6301532001685816	0.6444481485753133
2.1930585690462303	1.393421444343475	0.6301574990299701	0.6444481485753133
2.195467080022896	1.3949391900899337	0.6301618024997625	0.6444481485753133
2.1978755909995615	1.3964569462075962	0.6301661105780724	0.6444481485753133
2.2002841019762274	1.3979747127076085	0.630170423265013	0.6444481485753133
2.202692612952893	1.3994924896011154	0.6301747405606979	0.6444481485753133
2.205101123929559	1.401010276899262	0.6301790624652405	0.6444481485753133
2.207509634906225	1.402528074613194	0.6301833889787543	0.6444481485753133
2.2099181458828903	1.4040458827540558	0.6301877201013525	0.6444481485753133
2.212326656859556	1.4055637013329938	0.6301920558331487	0.6444481485753133
2.214735167836222	1.4070815303611526	0.6301963961742565	0.6444481485753133
2.2171436788128873	1.4085993698496773	0.6302007411247892	0.6444481485753133
2.219552189789553	1.4101172198097134	0.6302050906848601	0.6444481485753133
2.221960700766219	1.4116350802524065	0.6302094448545829	0.6444481485753133
2.224369211742885	1.4131529511889012	0.6302138036340708	0.6444481485753133
2.2267777227195507	1.4146708326303432	0.6302181670234374	0.6444481485753133
2.229186233696216	1.4161887245878773	0.630222535022796	0.6444481485753133
2.231594744672882	1.4177066270726493	0.6302269076322602	0.6444481485753133
2.2340032556495477	1.4192245400958041	0.6302312848519432	0.6444481485753133
2.236411766626213	1.4207424636684869	0.6302356666819587	0.6444481485753133
2.2388202776028785	1.4222603978018433	0.6302400531224202	0.6444481485753133
2.2412287885795443	1.4237783425070185	0.6302444441734407	0.6444481485753133
2.24363729955621	1.4252962977951575	0.6302488398351341	0.6444481485753133
2.246045810532876	1.4268142636774057	0.6302532401076136	0.6444481485753133
2.2484543215095414	1.428332240164908	0.6302576449909927	0.6444481485753133
2.250862832486207	1.42985022726881	0.6302620544853849	0.6444481485753133
2.253271343462873	1.4313682250002573	0.6302664685909034	0.6444481485753133
2.2556798544395384	1.4328862333703942	0.6302708873076619	0.6444481485753133
2.2580883654162043	1.434404252390367	0.6302753106357738	0.6444481485753133
2.26049687639287	1.4359222820713204	0.6302797385753525	0.6444481485753133
2.262905387369536	1.4374403224243997	0.6302841711265113	0.6444481485753133
2.265313898346202	1.43895837346075	0.6302886082893638	0.6444481485753133
2.267722409322867	1.4404764351915167	0.6302930500640235	0.6444481485753133
2.270130920299533	1.4419945076278453	0.6302974964506036	0.6444481485753133
2.272539431276199	1.4435125907808806	0.6303019474492177	0.6444481485753133
2.2749479422528642	1.445030684661768	0.6303064030599793	0.6444481485753133
2.27735645322953	1.4465487892816529	0.6303108632830018	0.6444481485753133
2.279764964206196	1.4480669046516808	0.6303153281183985	0.6444481485753133
2.2821734751828617	1.4495850307829963	0.630319797566283	0.6444481485753133
2.2845819861595276	1.4511031676867452	0.6303242716267686	0.6444481485753133
2.286990497136193	1.4526213153740721	0.6303287502999689	0.6444481485753133
2.289399008112859	1.454139473856123	0.6303332335859972	0.6444481485753133
2.291807519089524	1.4556576431440424	0.630337721484967	0.6444481485753133
2.29421603006619	1.4571758232489767	0.6303422139969918	0.6444481485753133
2.296624541042856	1.4586940141820701	0.6303467111221849	0.6444481485753133
2.2990330520195212	1.4602122159544682	0.6303512128606599	0.6444481485753133
2.301441562996187	1.4617304285773163	0.63035571921253	0.6444481485753133
2.303850073972853	1.4632486520617596	0.6303602301779089	0.6444481485753133
2.3062585849495183	1.4647668864189431	0.6303647457569098	0.6444481485753133
2.308667095926184	1.4662851316600125	0.6303692659496464	0.6444481485753133
2.3110756069028495	1.4678033877961125	0.6303737907562319	0.6444481485753133
2.3134841178795154	1.4693216548383892	0.63037832017678	0.6444481485753133
2.315892628856181	1.470839932797987	0.6303828542114038	0.6444481485753133
2.318301139832847	1.4723582216860518	0.630387392860217	0.6444481485753133
2.320709650809513	1.4738765215137284	0.630391936123333	0.6444481485753133
2.3231181617861787	1.4753948322921622	0.6303964840008651	0.6444481485753133
2.325526672762844	1.4769131540324982	0.630401036492927	0.6444481485753133
2.32793518373951	1.4784314867458823	0.6304055935996319	0.6444481485753133
2.3303436947161753	1.4799498304434588	0.6304101553210932	0.6444481485753133
2.332752205692841	1.481468185136374	0.6304147216574246	0.6444481485753133
2.335160716669507	1.4829865508357727	0.6304192926087393	0.6444481485753133
2.337569227646173	1.4845049275527997	0.630423868175151	0.6444481485753133
2.3399777386228386	1.486023315298601	0.6304284483567728	0.6444481485753133
2.3423862495995045	1.4875417140843217	0.6304330331537183	0.6444481485753133
2.34479476057617	1.4890601239211063	0.630437622566101	0.6444481485753133
2.3472032715528357	1.4905785448201012	0.6304422165940343	0.6444481485753133
2.349611782529501	1.4920969767924503	0.6304468152376317	0.6444481485753133
2.352020293506167	1.4936154198493001	0.6304514184970065	0.6444481485753133
2.3544288044828328	1.4951338740017954	0.6304560263722722	0.6444481485753133
2.3568373154594986	1.4966523392610815	0.6304606388635422	0.6444481485753133
2.359245826436164	1.4981708156383036	0.63046525597093	0.6444481485753133
2.36165433741283	1.4996893031446068	0.630469877694549	0.6444481485753133
2.364062848389495	1.501207801791136	0.6304745040345128	0.6444481485753133
2.366471359366161	1.5027263115890375	0.6304791349909346	0.6444481485753133
2.3688798703428264	1.5042448325494555	0.6304837705639279	0.6444481485753133
2.3712883813194923	1.5057633646835362	0.6304884107536062	0.6444481485753133
2.373696892296158	1.5072819080024242	0.630493055560083	0.6444481485753133
2.376105403272824	1.5088004625172653	0.6304977049834716	0.6444481485753133
2.3785139142494898	1.5103190282392038	0.6305023590238854	0.6444481485753133
2.3809224252261556	1.511837605179386	0.630507017681438	0.6444481485753133
2.383330936202821	1.5133561933489563	0.6305116809562429	0.6444481485753133
2.385739447179487	1.5148747927590605	0.6305163488484132	0.6444481485753133
2.388147958156152	1.5163934034208435	0.6305210213580628	0.6444481485753133
2.390556469132818	1.517912025345451	0.6305256984853047	0.6444481485753133
2.392964980109484	1.519430658544028	0.6305303802302525	0.6444481485753133
2.3953734910861497	1.5209493030277197	0.6305350665930198	0.6444481485753133
2.3977820020628156	1.5224679588076713	0.6305397575737198	0.6444481485753133
2.4001905130394814	1.5239866258950285	0.6305444531724661	0.6444481485753133
2.402599024016147	1.5255053043009357	0.6305491533893721	0.6444481485753133
2.4050075349928126	1.5270239940365387	0.6305538582245512	0.6444481485753133
2.407416045969478	1.5285426951129826	0.6305585676781169	0.6444481485753133
2.409824556946144	1.5300614075414134	0.6305632817501826	0.6444481485753133
2.4122330679228097	1.531580131332975	0.6305680004408617	0.6444481485753133
2.4146415788994755	1.5330988664988139	0.6305727237502676	0.6444481485753133
2.4170500898761413	1.5346176130500746	0.630577451678514	0.6444481485753133
2.4194586008528067	1.5361363709979026	0.630582184225714	0.6444481485753133
2.421867111829472	1.5376551403534429	0.6305869213919812	0.6444481485753133
2.424275622806138	1.539173921127841	0.6305916631774292	0.6444481485753133
2.4266841337828033	1.5406927133322421	0.6305964095821711	0.6444481485753133
2.429092644759469	1.5422115169777915	0.6306011606063205	0.6444481485753133
2.431501155736135	1.5437303320756346	0.6306059162499911	0.6444481485753133
2.433909666712801	1.5452491586369164	0.6306106765132958	0.6444481485753133
2.4363181776894667	1.546767996672782	0.6306154413963485	0.6444481485753133
2.4387266886661325	1.5482868461943773	0.6306202108992623	0.6444481485753133
2.441135199642798	1.5498057072128466	0.630624985022151	0.6444481485753133
2.4435437106194637	1.5513245797393358	0.6306297637651278	0.6444481485753133
2.445952221596129	1.5528434637849902	0.6306345471283061	0.6444481485753133
2.448360732572795	1.5543623593609546	0.6306393351117995	0.6444481485753133
2.450769243549461	1.5558812664783748	0.6306441277157213	0.6444481485753133
2.4531777545261266	1.5574001851483958	0.6306489249401851	0.6444481485753133
2.4555862655027925	1.5589191153821629	0.6306537267853042	0.6444481485753133
2.4579947764794583	1.560438057190821	0.630658533251192	0.6444481485753133
2.4604032874561237	1.5619570105855156	0.6306633443379621	0.6444481485753133
2.4628117984327895	1.5634759755773922	0.6306681600457278	0.6444481485753133
2.465220309409455	1.5649949521775954	0.6306729803746026	0.6444481485753133
2.4676288203861207	1.5665139403972717	0.6306778053247	0.6444481485753133
2.4700373313627866	1.5680329402475648	0.6306826348961334	0.6444481485753133
2.4724458423394524	1.569551951739621	0.6306874690890161	0.6444481485753133
2.4748543533161182	1.5710709748845855	0.6306923079034618	0.6444481485753133
2.477262864292784	1.572590009693603	0.6306971513395836	0.6444481485753133
2.4796713752694495	1.5741090561778188	0.6307019993974953	0.6444481485753133
2.4820798862461153	1.5756281143483788	0.63070685207731	0.6444481485753133
2.4844883972227807	1.5771471842164275	0.6307117093791414	0.6444481485753133
2.486896908199446	1.5786662657931105	0.6307165713031029	0.6444481485753133
2.489305419176112	1.5801853590895734	0.6307214378493078	0.6444481485753133
2.4917139301527778	1.581704464116961	0.6307263090178697	0.6444481485753133
2.4941224411294436	1.5832235808864186	0.6307311848089019	0.6444481485753133
2.4965309521061094	1.5847427094090916	0.6307360652225179	0.6444481485753133
2.498939463082775	1.586261849696125	0.6307409502588313	0.6444481485753133
2.5013479740594406	1.587781001758664	0.6307458399179552	0.6444481485753133
2.503756485036106	1.5893001656078543	0.6307507342000033	0.6444481485753133
2.506164996012772	1.5908193412548408	0.6307556331050889	0.6444481485753133
2.5085735069894377	1.5923385287107692	0.6307605366333254	0.6444481485753133
2.5109820179661035	1.593857727986784	0.6307654447848265	0.6444481485753133
2.5133905289427694	1.595376939094031	0.6307703575597055	0.6444481485753133
2.515799039919435	1.5968961620436555	0.6307752749580757	0.6444481485753133
2.5182075508961006	1.5984153968468022	0.6307801969800507	0.6444481485753133
2.5206160618727664	1.5999346435146171	0.6307851236257439	0.6444481485753133
2.523024572849432	1.6014539020582443	0.6307900548952687	0.6444481485753133
2.5254330838260977	1.6029731724888308	0.6307949907887387	0.6444481485753133
2.5278415948027635	1.6044924548175206	0.630799931306267	0.6444481485753133
2.5302501057794293	1.606011749055459	0.6308048764479673	0.6444481485753133
2.532658616756095	1.6075310552137916	0.6308098262139531	0.6444481485753133
2.535067127732761	1.6090503733036636	0.6308147806043377	0.6444481485753133
2.5374756387094264	1.6105697033362198	0.6308197396192345	0.6444481485753133
2.539884149686092	1.6120890453226062	0.6308247032587571	0.6444481485753133
2.5422926606627576	1.6136083992739674	0.6308296715230187	0.6444481485753133
2.5447011716394234	1.615127765201449	0.630834644412133	0.6444481485753133
2.547109682616089	1.6166471431161966	0.6308396219262132	0.6444481485753133
2.5495181935927547	1.6181665330293549	0.630844604065373	0.6444481485753133
2.5519267045694205	1.6196859349520691	0.6308495908297256	0.6444481485753133
2.5543352155460863	1.6212053488954847	0.6308545822193846	0.6444481485753133
2.5567437265227517	1.6227247748707465	0.6308595782344634	0.6444481485753133
2.5591522374994176	1.6242442128890007	0.6308645788750753	0.6444481485753133
2.561560748476083	1.6257636629613916	0.6308695841413339	0.6444481485753133
2.563969259452749	1.6272831250990647	0.6308745940333526	0.6444481485753133
2.5663777704294146	1.628802599313166	0.6308796085512448	0.6444481485753133
2.5687862814060805	1.63032208561484	0.630884627695124	0.6444481485753133
2.5711947923827463	1.6318415840152318	0.6308896514651037	0.6444481485753133
2.573603303359412	1.6333610945254873	0.6308946798612971	0.6444481485753133
2.5760118143360775	1.634880617156751	0.6308997128838179	0.6444481485753133
2.5784203253127433	1.6364001519201687	0.6309047505327794	0.6444481485753133
2.5808288362894087	1.6379196988268854	0.630909792808295	0.6444481485753133
2.5832373472660746	1.6394392578880468	0.6309148397104782	0.6444481485753133
2.5856458582427404	1.6409588291147976	0.6309198912394426	0.6444481485753133
2.5880543692194062	1.6424784125182832	0.6309249473953014	0.6444481485753133
2.590462880196072	1.643998008109649	0.630930008178168	0.6444481485753133
2.5928713911727375	1.6455176159000398	0.630935073588156	0.6444481485753133
2.5952799021494033	1.6470372359006018	0.6309401436253789	0.6444481485753133
2.5976884131260687	1.648556868122479	0.63094521828995	0.6444481485753133
2.6000969241027345	1.6500765125768178	0.6309502975819827	0.6444481485753133
2.6025054350794004	1.6515961692747632	0.6309553815015907	0.6444481485753133
2.604913946056066	1.6531158382274598	0.6309604700488871	0.6444481485753133
2.6073224570327316	1.6546355194460536	0.6309655632239856	0.6444481485753133
2.6097309680093974	1.6561552129416892	0.6309706610269994	0.6444481485753133
2.612139478986063	1.657674918725512	0.6309757634580422	0.6444481485753133
2.6145479899627286	1.6591946368086679	0.6309808705172272	0.6444481485753133
2.616956500939394	1.660714367202301	0.630985982204668	0.6444481485753133
2.61936501191606	1.662234109917558	0.630991098520478	0.6444481485753133
2.6217735228927257	1.663753864965583	0.6309962194647706	0.6444481485753133
2.6241820338693915	1.6652736323575217	0.6310013450376593	0.6444481485753133
2.6265905448460574	1.6667934121045194	0.6310064752392575	0.6444481485753133
2.628999055822723	1.668313204217721	0.6310116100696785	0.6444481485753133
2.6314075667993886	1.669833008708272	0.6310167495290361	0.6444481485753133
2.6338160777760544	1.6713528255873176	0.6310218936174434	0.6444481485753133
2.63622458875272	1.6728726548660031	0.6310270423350139	0.6444481485753133
2.6386330997293856	1.6743924965554737	0.6310321956818613	0.6444481485753133
2.6410416107060515	1.675912350666875	0.6310373536580987	0.6444481485753133
2.6434501216827173	1.6774322172113516	0.6310425162638397	0.6444481485753133
2.645858632659383	1.6789520962000495	0.6310476834991977	0.6444481485753133
2.648267143636049	1.6804719876441132	0.6310528553642862	0.6444481485753133
2.6506756546127144	1.681991891554688	0.6310580318592186	0.6444481485753133
2.65308416558938	1.6835118079429199	0.6310632129841083	0.6444481485753133
2.6554926765660456	1.6850317368199537	0.6310683987390687	0.6444481485753133
2.6579011875427114	1.6865516781969345	0.6310735891242134	0.6444481485753133
2.6603096985193773	1.6880716320850078	0.6310787841396558	0.6444481485753133
2.662718209496043	1.6895915984953187	0.6310839837855092	0.6444481485753133
2.665126720472709	1.6911115774390124	0.6310891880618872	0.6444481485753133
2.6675352314493743	1.6926315689272347	0.6310943969689031	0.6444481485753133
2.6699437424260397	1.6941515729711298	0.6310996105066704	0.6444481485753133
2.6723522534027055	1.695671589581844	0.6311048286753026	0.6444481485753133
2.674760764379371	1.6971916187705216	0.6311100514749131	0.6444481485753133
2.6771692753560368	1.6987116605483088	0.6311152789056153	0.6444481485753133
2.6795777863327026	1.7002317149263504	0.6311205109675225	0.6444481485753133
2.6819862973093684	1.7017517819157915	0.6311257476607485	0.6444481485753133
2.6843948082860343	1.7032718615277778	0.6311309889854065	0.6444481485753133
2.6868033192627	1.704791953773454	0.63113623494161	0.6444481485753133
2.6892118302393655	1.7063120586639653	0.6311414855294724	0.6444481485753133
2.6916203412160313	1.707832176210458	0.631146740749107	0.6444481485753133
2.6940288521926967	1.7093523064240759	0.6311520006006276	0.6444481485753133
2.6964373631693626	1.7108724493159655	0.6311572650841474	0.6444481485753133
2.6988458741460284	1.7123926048972713	0.6311625341997799	0.6444481485753133
2.7012543851226942	1.7139127731791388	0.6311678079476384	0.6444481485753133
2.70366289609936	1.7154329541727136	0.6311730863278364	0.6444481485753133
2.706071407076026	1.7169531478891398	0.6311783693404875	0.6444481485753133
2.7084799180526913	1.7184733543395638	0.6311836569857051	0.6444481485753133
2.710888429029357	1.7199935735351306	0.6311889492636025	0.6444481485753133
2.7132969400060225	1.721513805486985	0.6311942461742931	0.6444481485753133
2.7157054509826883	1.7230340502062729	0.6311995477178906	0.6444481485753133
2.718113961959354	1.7245543077041392	0.6312048538945082	0.6444481485753133
2.72052247293602	1.7260745779917293	0.6312101647042594	0.6444481485753133
2.722930983912686	1.7275948610801881	0.6312154801472577	0.6444481485753133
2.7253394948893517	1.7291151569806613	0.6312208002236166	0.6444481485753133
2.727748005866017	1.7306354657042935	0.6312261249334493	0.6444481485753133
2.730156516842683	1.7321557872622309	0.6312314542768694	0.6444481485753133
2.7325650278193483	1.7336761216656176	0.6312367882539904	0.6444481485753133
2.7349735387960137	1.7351964689256	0.6312421268649255	0.6444481485753133
2.7373820497726795	1.736716829053323	0.6312474701097884	0.6444481485753133
2.7397905607493453	1.7382372020599315	0.6312528179886925	0.6444481485753133
2.742199071726011	1.739757587956571	0.6312581705017511	0.6444481485753133
2.744607582702677	1.7412779867543868	0.6312635276490778	0.6444481485753133
2.7470160936793424	1.7427983984645237	0.6312688894307859	0.6444481485753133
2.7494246046560082	1.7443188230981272	0.6312742558469888	0.6444481485753133
2.7518331156326736	1.7458392606663429	0.6312796268978	0.6444481485753133
2.7542416266093395	1.7473597111803159	0.6312850025833332	0.6444481485753133
2.7566501375860053	1.7488801746511913	0.6312903829037014	0.6444481485753133
2.759058648562671	1.7504006510901142	0.6312957678590183	0.6444481485753133
2.761467159539337	1.7519211405082307	0.6313011574493973	0.6444481485753133
2.763875670516003	1.7534416429166848	0.6313065516749519	0.6444481485753133
2.766284181492668	1.7549621583266224	0.6313119505357954	0.6444481485753133
2.768692692469334	1.7564826867491887	0.6313173540320413	0.6444481485753133
2.7711012034459994	1.7580032281955291	0.631322762163803	0.6444481485753133
2.7735097144226653	1.7595237826767889	0.631328174931194	0.6444481485753133
2.775918225399331	1.7610443502041129	0.6313335923343277	0.6444481485753133
2.778326736375997	1.7625649307886468	0.6313390143733176	0.6444481485753133
2.7807352473526628	1.7640855244415357	0.6313444410482771	0.6444481485753133
2.7831437583293286	1.7656061311739246	0.6313498723593196	0.6444481485753133
2.785552269305994	1.767126750996959	0.6313553083065586	0.6444481485753133
2.78796078028266	1.7686473839217842	0.6313607488901075	0.6444481485753133
2.790369291259325	1.770168029959545	0.6313661941100798	0.6444481485753133
2.792777802235991	1.7716886891213877	0.6313716439665888	0.6444481485753133
2.7951863132126564	1.7732093614184565	0.6313770984597481	0.6444481485753133
2.7975948241893223	1.774730046861897	0.6313825575896711	0.6444481485753133
2.800003335165988	1.7762507454628547	0.6313880213564711	0.6444481485753133
2.802411846142654	1.7777714572324745	0.6313934897602618	0.6444481485753133
2.8048203571193193	1.7792921821819019	0.6313989628011564	0.6444481485753133
2.807228868095985	1.780812920322282	0.6314044404792684	0.6444481485753133
2.8096373790726505	1.7823336716647598	0.6314099227947112	0.6444481485753133
2.8120458900493164	1.783854436220481	0.6314154097475985	0.6444481485753133
2.814454401025982	1.7853752140005907	0.6314209013380434	0.6444481485753133
2.816862912002648	1.7868960050162344	0.6314263975661595	0.6444481485753133
2.819271422979314	1.7884168092785568	0.6314318984320602	0.6444481485753133
2.8216799339559797	1.7899376267987037	0.631437403935859	0.6444481485753133
2.824088444932645	1.7914584575878196	0.6314429140776693	0.6444481485753133
2.826496955909311	1.7929793016570508	0.6314484288576045	0.6444481485753133
2.8289054668859763	1.7945001590175416	0.6314539482757782	0.6444481485753133
2.831313977862642	1.7960210296804378	0.6314594723323035	0.6444481485753133
2.833722488839308	1.7975419136568846	0.6314650010272942	0.6444481485753133
2.836130999815974	1.7990628109580271	0.6314705343608635	0.6444481485753133
2.8385395107926397	1.800583721595011	0.6314760723331251	0.6444481485753133
2.8409480217693055	1.8021046455789804	0.6314816149441921	0.6444481485753133
2.843356532745971	1.8036255829210814	0.6314871621941782	0.6444481485753133
2.8457650437226367	1.8051465336324597	0.6314927140831967	0.6444481485753133
2.848173554699302	1.8066674977242596	0.6314982706113611	0.6444481485753133
2.850582065675968	1.8081884752076265	0.6315038317787848	0.6444481485753133
2.852990576652634	1.8097094660937065	0.6315093975855813	0.6444481485753133
2.855399087629299	1.8112304703936442	0.631514968031864	0.6444481485753133
2.857807598605965	1.8127514881185847	0.6315205431177464	0.6444481485753133
2.860216109582631	1.8142725192796738	0.6315261228433418	0.6444481485753133
2.8626246205592962	1.8157935638880558	0.6315317072087637	0.6444481485753133
2.865033131535962	1.817314621954877	0.6315372962141257	0.6444481485753133
2.8674416425126275	1.818835693491282	0.631542889859541	0.6444481485753133
2.8698501534892933	1.8203567785084165	0.6315484881451231	0.6444481485753133
2.872258664465959	1.8218778770174255	0.6315540910709855	0.6444481485753133
2.874667175442625	1.8233989890294542	0.6315596986372416	0.6444481485753133
2.877075686419291	1.8249201145556482	0.6315653108440049	0.6444481485753133
2.8794841973959566	1.8264412536071521	0.6315709276913888	0.6444481485753133
2.881892708372622	1.8279624061951116	0.6315765491795067	0.6444481485753133
2.884301219349288	1.829483572330672	0.631582175308472	0.6444481485753133
2.8867097303259532	1.831004752024978	0.6315878060783984	0.6444481485753133
2.889118241302619	1.8325259452891758	0.631593441489399	0.6444481485753133
2.891526752279285	1.83404715213441	0.6315990815415875	0.6444481485753133
2.8939352632559507	1.8355683725718261	0.6316047262350771	0.6444481485753133
2.8963437742326166	1.8370896066125693	0.6316103755699815	0.6444481485753133
2.898752285209282	1.8386108542677841	0.6316160295464138	0.6444481485753133
2.901160796185948	1.840132115548617	0.6316216881644878	0.6444481485753133
2.903569307162613	1.8416533904662125	0.6316273514243168	0.6444481485753133
2.905977818139279	1.8431746790317163	0.6316330193260141	0.6444481485753133
2.908386329115945	1.8446959812562733	0.6316386918696933	0.6444481485753133
2.9107948400926107	1.846217297151029	0.631644369055468	0.6444481485753133
2.9132033510692765	1.8477386267271285	0.6316500508834512	0.6444481485753133
2.915611862045942	1.8492599699957166	0.6316557373537567	0.6444481485753133
2.9180203730226077	1.8507813269679394	0.6316614284664978	0.6444481485753133
2.920428883999273	1.8523026976549417	0.6316671242217878	0.6444481485753133
2.9228373949759385	1.8538240820678684	0.6316728246197404	0.6444481485753133
2.9252459059526044	1.8553454802178657	0.631678529660469	0.6444481485753133
2.92765441692927	1.856866892116078	0.6316842393440869	0.6444481485753133
2.930062927905936	1.858388317773651	0.6316899536707077	0.6444481485753133
2.932471438882602	1.8599097572017298	0.6316956726404446	0.6444481485753133
2.9348799498592677	1.8614312104114599	0.6317013962534113	0.6444481485753133
2.937288460835933	1.8629526774139857	0.6317071245097211	0.6444481485753133
2.939696971812599	1.8644741582204534	0.6317128574094875	0.6444481485753133
2.9421054827892643	1.8659956528420079	0.6317185949528238	0.6444481485753133
2.94451399376593	1.8675171612897943	0.6317243371398437	0.6444481485753133
2.946922504742596	1.8690386835749582	0.6317300839706603	0.6444481485753133
2.949331015719262	1.8705602197086448	0.6317358354453874	0.6444481485753133
2.9517395266959277	1.8720817697019991	0.6317415915641381	0.6444481485753133
2.9541480376725935	1.8736033335661668	0.6317473523270261	0.6444481485753133
2.956556548649259	1.875124911312292	0.6317531177341648	0.6444481485753133
2.9589650596259247	1.8766465029515214	0.6317588877856675	0.6444481485753133
2.96137357060259	1.8781681084949993	0.6317646624816476	0.6444481485753133
2.963782081579256	1.8796897279538716	0.6317704418222188	0.6444481485753133
2.9661905925559218	1.8812113613392833	0.6317762258074944	0.6444481485753133
2.9685991035325876	1.8827330086623792	0.6317820144375877	0.6444481485753133
2.9710076145092534	1.8842546699343052	0.6317878077126124	0.6444481485753133
2.9734161254859193	1.8857763451662066	0.6317936056326818	0.6444481485753133
2.9758246364625847	1.8872980343692276	0.6317994081979094	0.6444481485753133
2.9782331474392505	1.8888197375545146	0.6318052154084085	0.6444481485753133
2.980641658415916	1.890341454733212	0.6318110272642926	0.6444481485753133
2.9830501693925813	1.891863185916466	0.6318168437656753	0.6444481485753133
2.985458680369247	1.8933849311154212	0.6318226649126698	0.6444481485753133
2.987867191345913	1.894906690341223	0.6318284907053896	0.6444481485753133
2.9902757023225788	1.8964284636050168	0.6318343211439483	0.6444481485753133
2.9926842132992446	1.8979502509179476	0.6318401562284591	0.6444481485753133
2.99509272427591	1.8994720522911606	0.6318459959590357	0.6444481485753133
2.997501235252576	1.9009938677358011	0.6318518403357913	0.6444481485753133
2.9999097462292412	1.9025156972630146	0.6318576893588396	0.6444481485753133
3.002318257205907	1.9040375408839463	0.6318635430282937	0.6444481485753133
3.004726768182573	1.9055593986097412	0.6318694013442673	0.6444481485753133
3.0071352791592387	1.907081270451545	0.6318752643068737	0.6444481485753133
3.0095437901359046	1.9086031564205024	0.6318811319162264	0.6444481485753133
3.0119523011125704	1.910125056527759	0.6318870041724389	0.6444481485753133
3.014360812089236	1.9116469707844597	0.6318928810756245	0.6444481485753133
3.0167693230659016	1.9131688992017502	0.6318987626258967	0.6444481485753133
3.019177834042567	1.9146908417907755	0.631904648823369	0.6444481485753133
3.021586345019233	1.9162127985626811	0.6319105396681549	0.6444481485753133
3.0239948559958987	1.9177347695286118	0.6319164351603676	0.6444481485753133
3.0264033669725645	1.9192567546997132	0.6319223353001207	0.6444481485753133
3.0288118779492303	1.9207787540871308	0.6319282400875276	0.6444481485753133
3.031220388925896	1.9223007677020094	0.6319341495227017	0.6444481485753133
3.0336288999025616	1.9238227955554938	0.6319400636057565	0.6444481485753133
3.0360374108792274	1.9253448376587303	0.6319459823368054	0.6444481485753133
3.038445921855893	1.9268668940228637	0.631951905715962	0.6444481485753133
3.0408544328325586	1.928388964659039	0.6319578337433395	0.6444481485753133
3.043262943809224	1.929911049578402	0.6319637664190515	0.6444481485753133
3.04567145478589	1.9314331487920975	0.6319697037432113	0.6444481485753133
3.0480799657625557	1.9329552623112707	0.6319756457159325	0.6444481485753133
3.0504884767392215	1.9344773901470673	0.6319815923373284	0.6444481485753133
3.052896987715887	1.9359995323106318	0.6319875436075125	0.6444481485753133
3.0553054986925527	1.9375216888131104	0.6319934995265982	0.6444481485753133
3.057714009669218	1.9390438596656479	0.6319994600946991	0.6444481485753133
3.060122520645884	1.9405660448793893	0.6320054253119284	0.6444481485753133
3.06253103162255	1.9420882444654801	0.6320113951783997	0.6444481485753133
3.0649395425992156	1.9436104584350655	0.6320173696942264	0.6444481485753133
3.0673480535758815	1.9451326867992913	0.6320233488595218	0.6444481485753133
3.0697565645525473	1.9466549295693016	0.6320293326743996	0.6444481485753133
3.0721650755292127	1.9481771867562427	0.6320353211389731	0.6444481485753133
3.0745735865058785	1.949699458371259	0.6320413142533557	0.6444481485753133
3.076982097482544	1.9512217444254965	0.632047312017661	0.6444481485753133
3.0793906084592098	1.9527440449301001	0.6320533144320022	0.6444481485753133
3.0817991194358756	1.954266359896215	0.6320593214964929	0.6444481485753133
3.0842076304125414	1.955788689334987	0.6320653332112465	0.6444481485753133
3.0866161413892073	1.9573110332575605	0.6320713495763765	0.6444481485753133
3.089024652365873	1.9588333916750813	0.6320773705919962	0.6444481485753133
3.0914331633425385	1.9603557645986942	0.6320833962582191	0.6444481485753133
3.0938416743192043	1.9618781520395452	0.6320894265751588	0.6444481485753133
3.0962501852958697	1.9634005540087784	0.6320954615429284	0.6444481485753133
3.0986586962725355	1.9649229705175406	0.6321015011616417	0.6444481485753133
3.1010672072492014	1.966445401576976	0.6321075454314119	0.6444481485753133
3.1034757182258668	1.9679678471982298	0.6321135943523525	0.6444481485753133
3.1058842292025326	1.9694903073924477	0.632119647924577	0.6444481485753133
3.1082927401791984	1.9710127821707748	0.6321257061481987	0.6444481485753133
3.110701251155864	1.972535271544356	0.6321317690233312	0.6444481485753133
3.1131097621325297	1.9740577755243371	0.6321378365500879	0.6444481485753133
3.115518273109195	1.9755802941218628	0.6321439087285822	0.6444481485753133
3.117926784085861	1.977102827348079	0.6321499855589275	0.6444481485753133
3.1203352950625267	1.9786253752141305	0.6321560670412374	0.6444481485753133
3.1227438060391925	1.980147937731163	0.6321621531756251	0.6444481485753133
3.1251523170158584	1.9816705149103213	0.6321682439622043	0.6444481485753133
3.127560827992524	1.9831931067627506	0.6321743394010881	0.6444481485753133
3.1299693389691896	1.9847157132995963	0.6321804394923903	0.6444481485753133
3.1323778499458554	1.9862383345320036	0.6321865442362241	0.6444481485753133
3.134786360922521	1.9877609704711179	0.632192653632703	0.6444481485753133
3.1371948718991867	1.9892836211280847	0.6321987676819406	0.6444481485753133
3.1396033828758525	1.9908062865140488	0.6322048863840501	0.6444481485753133
3.1420118938525183	1.9923289666401556	0.632211009739145	0.6444481485753133
3.144420404829184	1.99385166151755	0.6322171377473389	0.6444481485753133
3.14682891580585	1.9953743711573781	0.632223270408745	0.6444481485753133
3.1492374267825154	1.996897095570784	0.6322294077234769	0.6444481485753133
3.1516459377591812	1.998419834768914	0.632235549691648	0.6444481485753133
3.1540544487358466	1.9999425887629128	0.6322416963133717	0.6444481485753133
3.1564629597125125	2.0014653575639256	0.6322478475887615	0.6444481485753133
3.1588714706891783	2.0029881411830983	0.6322540035179308	0.6444481485753133
3.161279981665844	2.004510939631576	0.6322601641009931	0.6444481485753133
3.1636884926425095	2.0060337529205032	0.6322663293380617	0.6444481485753133
3.1660970036191753	2.007556581061025	0.6322724992292501	0.6444481485753133
3.1685055145958407	2.009079424064288	0.6322786737746718	0.6444481485753133
3.1709140255725066	2.010602281941437	0.6322848529744404	0.6444481485753133
3.173322536549172	2.012125154703616	0.6322910368286689	0.6444481485753133
3.175731047525838	2.0136480423619716	0.632297225337471	0.6444481485753133
3.1781395585025036	2.0151709449276485	0.6323034185009603	0.6444481485753133
3.1805480694791695	2.0166938624117927	0.6323096163192499	0.6444481485753133
3.1829565804558353	2.0182167948255487	0.6323158187924534	0.6444481485753133
3.185365091432501	2.0197397421800614	0.6323220259206843	0.6444481485753133
3.1877736024091665	2.021262704486477	0.6323282377040559	0.6444481485753133
3.1901821133858324	2.02278568175594	0.6323344541426817	0.6444481485753133
3.1925906243624977	2.024308673999596	0.6323406752366754	0.6444481485753133
3.1949991353391636	2.02583168122859	0.63234690098615	0.6444481485753133
3.1974076463158294	2.027354703454068	0.6323531313912191	0.6444481485753133
3.1998161572924952	2.0288777406871747	0.6323593664519962	0.6444481485753133
3.202224668269161	2.0304007929390555	0.6323656061685947	0.6444481485753133
3.2046331792458265	2.031923860220855	0.6323718505411281	0.6444481485753133
3.2070416902224923	2.033446942543719	0.6323780995697098	0.6444481485753133
3.2094502011991577	2.034970039918793	0.6323843532544532	0.6444481485753133
3.2118587121758235	2.036493152357222	0.6323906115954717	0.6444481485753133
3.2142672231524894	2.038016279870151	0.6323968745928789	0.6444481485753133
3.216675734129155	2.0395394224687258	0.6324031422467881	0.6444481485753133
3.219084245105821	2.041062580164091	0.6324094145573128	0.6444481485753133
3.221492756082487	2.0425857529673923	0.6324156915245664	0.6444481485753133
3.2239012670591523	2.044108940889775	0.6324219731486624	0.6444481485753133
3.2263097780358176	2.0456321439423837	0.6324282594297141	0.6444481485753133
3.2287182890124835	2.0471553621363645	0.6324345503678352	0.6444481485753133
3.231126799989149	2.048678595482862	0.6324408459631389	0.6444481485753133
3.2335353109658147	2.0502018439930225	0.6324471462157387	0.6444481485753133
3.2359438219424805	2.0517251076779903	0.632453451125748	0.6444481485753133
3.2383523329191464	2.05324838654891	0.6324597606932805	0.6444481485753133
3.240760843895812	2.0547716806169283	0.6324660749184492	0.6444481485753133
3.243169354872478	2.05629498989319	0.6324723938013679	0.6444481485753133
3.245577865849143	2.0578183143888396	0.6324787173421499	0.6444481485753133
3.247986376825809	2.0593416541150233	0.6324850455409086	0.6444481485753133
3.2503948878024747	2.0608650090828857	0.6324913783977575	0.6444481485753133
3.2528033987791405	2.062388379303573	0.63249771591281	0.6444481485753133
3.2552119097558063	2.0639117647882292	0.6325040580861796	0.6444481485753133
3.257620420732472	2.065435165548001	0.6325104049179797	0.6444481485753133
3.260028931709138	2.066958581594032	0.6325167564083238	0.6444481485753133
3.262437442685804	2.0684820129374684	0.6325231125573253	0.6444481485753133
3.2648459536624688	2.070005459589455	0.6325294733650976	0.6444481485753133
3.2672544646391346	2.0715289215611374	0.6325358388317541	0.6444481485753133
3.2696629756158004	2.0730523988636618	0.6325422089574083	0.6444481485753133
3.2720714865924663	2.0745758915081716	0.6325485837421737	0.6444481485753133
3.274479997569132	2.076099399505813	0.6325549631861637	0.6444481485753133
3.276888508545798	2.0776229228677314	0.6325613472894915	0.6444481485753133
3.2792970195224638	2.079146461605072	0.632567736052271	0.6444481485753133
3.2817055304991296	2.0806700157289795	0.6325741294746153	0.6444481485753133
3.2841140414757946	2.0821935852505993	0.632580527556638	0.6444481485753133
3.2865225524524604	2.0837171701810773	0.6325869302984524	0.6444481485753133
3.2889310634291262	2.0852407705315574	0.632593337700172	0.6444481485753133
3.2913395744057916	2.086764386313187	0.6325997497619104	0.6444481485753133
3.2937480853824574	2.08828801753711	0.6326061664837808	0.6444481485753133
3.2961565963591233	2.089811664214471	0.6326125878658966	0.6444481485753133
3.298565107335789	2.0913353263564165	0.6326190139083715	0.6444481485753133
3.300973618312455	2.0928590039740915	0.6326254446113188	0.6444481485753133
3.30338212928912	2.0943826970786406	0.6326318799748519	0.6444481485753133
3.3057906402657857	2.09590640568121	0.6326383199990843	0.6444481485753133
3.3081991512424516	2.0974301297929436	0.6326447646841294	0.6444481485753133
3.3106076622191174	2.098953869424988	0.6326512140301007	0.6444481485753133
3.3130161731957832	2.1004776246151207	0.6326576680446115	0.6444481485753133
3.315424684172449	2.1020013953661563	0.6326641267259007	0.6444481485753133
3.317833195149115	2.103525181676805	0.6326705900706793	0.6444481485753133
3.3202417061257807	2.105048983558339	0.6326770580791011	0.6444481485753133
3.3226502171024457	2.10657280102203	0.6326835307513202	0.6444481485753133
3.3250587280791115	2.1080966340791516	0.6326900080874902	0.6444481485753133
3.3274672390557773	2.1096204827409757	0.6326964900877651	0.6444481485753133
3.329875750032443	2.111144347018774	0.6327029767522987	0.6444481485753133
3.332284261009109	2.1126682269238195	0.6327094680812448	0.6444481485753133
3.334692771985775	2.1141921224673843	0.6327159640747574	0.6444481485753133
3.3371012829624407	2.11571603366074	0.6327224647329903	0.6444481485753133
3.3395097939391065	2.1172399605151595	0.6327289700560973	0.6444481485753133
3.3419183049157715	2.1187639030419145	0.6327354800442324	0.6444481485753133
3.3443268158924373	2.1202878612522786	0.6327419946975493	0.6444481485753133
3.346735326869103	2.121811835157523	0.632748514016202	0.6444481485753133
3.349143837845769	2.1233358247689202	0.6327550380003443	0.6444481485753133
3.3515523488224344	2.1248598300977424	0.63276156665013	0.6444481485753133
3.3539608597991	2.1263838511552624	0.6327680999657129	0.6444481485753133
3.356369370775766	2.1279078879527518	0.6327746379472472	0.6444481485753133
3.358777881752432	2.129431940501483	0.6327811805948864	0.6444481485753133
3.361186392729097	2.130956008812728	0.6327877279087845	0.6444481485753133
3.3635949037057626	2.1324800928977607	0.6327942798890954	0.6444481485753133
3.3660034146824285	2.134004192767852	0.6328008365359729	0.6444481485753133
3.3684119256590943	2.135528308434274	0.6328073978495707	0.6444481485753133
3.37082043663576	2.1370524399082997	0.6328139638300431	0.6444481485753133
3.373228947612426	2.138576587201201	0.6328205344775435	0.6444481485753133
3.375637458589092	2.14010075032425	0.632827109792226	0.6444481485753133
3.3780459695657576	2.14162492928872	0.6328336897742445	0.6444481485753133
3.3804544805424226	2.1431491241058813	0.6328402744237527	0.6444481485753133
3.3828629915190884	2.1446733347870084	0.6328468637409045	0.6444481485753133
3.3852715024957543	2.146197561343372	0.6328534577258538	0.6444481485753133
3.38768001347242	2.1477218037862458	0.6328600563787544	0.6444481485753133
3.390088524449086	2.1492460621269007	0.6328666596997603	0.6444481485753133
3.3924970354257518	2.15077033637661	0.6328732676890252	0.6444481485753133
3.3949055464024176	2.1522946265466456	0.6328798803467031	0.6444481485753133
3.3973140573790834	2.1538189326482793	0.6328864976729477	0.6444481485753133
3.3997225683557484	2.1553432546927835	0.632893119667913	0.6444481485753133
3.402131079332414	2.1568675926914316	0.6328997463317527	0.6444481485753133
3.40453959030908	2.158391946655495	0.6329063776646209	0.6444481485753133
3.406948101285746	2.1599163165962456	0.6329130136666713	0.6444481485753133
3.4093566122624117	2.1614407025249567	0.6329196543380577	0.6444481485753133
3.4117651232390775	2.1629651044529	0.6329262996789341	0.6444481485753133
3.414173634215743	2.1644895223913476	0.6329329496894543	0.6444481485753133
3.4165821451924088	2.166013956351572	0.6329396043697721	0.6444481485753133
3.4189906561690737	2.1675384063448453	0.6329462637200416	0.6444481485753133
3.4213991671457396	2.1690628723824403	0.6329529277404163	0.6444481485753133
3.4238076781224054	2.170587354475629	0.6329595964310504	0.6444481485753133
3.426216189099071	2.172111852635684	0.6329662697920975	0.6444481485753133
3.428624700075737	2.173636366873877	0.6329729478237115	0.6444481485753133
3.431033211052403	2.1751608972014806	0.6329796305260464	0.6444481485753133
3.4334417220290687	2.1766854436297667	0.632986317899256	0.6444481485753133
3.4358502330057346	2.1782100061700085	0.6329930099434941	0.6444481485753133
3.4382587439823995	2.1797345848334766	0.6329997066589146	0.6444481485753133
3.4406672549590653	2.1812591796314456	0.6330064080456713	0.6444481485753133
3.443075765935731	2.182783790575186	0.6330131141039183	0.6444481485753133
3.445484276912397	2.184308417675971	0.6330198248338091	0.6444481485753133
3.447892787889063	2.185833060945072	0.6330265402354978	0.6444481485753133
3.4503012988657287	2.187357720393762	0.6330332603091382	0.6444481485753133
3.4527098098423945	2.1888823960333132	0.6330399850548841	0.6444481485753133
3.4551183208190603	2.190407087874998	0.6330467144728895	0.6444481485753133
3.4575268317957253	2.191931795930088	0.6330534485633081	0.6444481485753133
3.459935342772391	2.1934565202098564	0.6330601873262939	0.6444481485753133
3.462343853749057	2.1949812607255748	0.6330669307620007	0.6444481485753133
3.464752364725723	2.196506017488516	0.6330736788705823	0.6444481485753133
3.4671608757023886	2.198030790509952	0.6330804316521926	0.6444481485753133
3.4695693866790545	2.199555579801155	0.6330871891069856	0.6444481485753133
3.4719778976557203	2.2010803853733973	0.6330939512351149	0.6444481485753133
3.4743864086323857	2.2026052072379514	0.6331007180367345	0.6444481485753133
3.476794919609051	2.204130045406089	0.6331074895119984	0.6444481485753133
3.4792034305857165	2.2056548998890833	0.6331142656610601	0.6444481485753133
3.4816119415623823	2.207179770698206	0.6331210464840739	0.6444481485753133
3.484020452539048	2.20870465784473	0.6331278319811933	0.6444481485753133
3.486428963515714	2.2102295613399265	0.6331346221525722	0.6444481485753133
3.48883747449238	2.2117544811950687	0.6331414169983647	0.6444481485753133
3.4912459854690456	2.2132794174214285	0.6331482165187244	0.6444481485753133
3.4936544964457115	2.2148043700302784	0.6331550207138054	0.6444481485753133
3.4960630074223764	2.21632933903289	0.6331618295837613	0.6444481485753133
3.4984715183990422	2.2178543244405367	0.6331686431287462	0.6444481485753133
3.500880029375708	2.21937932626449	0.6331754613489138	0.6444481485753133
3.503288540352374	2.220904344516023	0.633182284244418	0.6444481485753133
3.5056970513290397	2.2224293792064067	0.6331891118154127	0.6444481485753133
3.5081055623057056	2.223954430346914	0.6331959440620517	0.6444481485753133
3.5105140732823714	2.2254794979488177	0.6332027809844889	0.6444481485753133
3.5129225842590364	2.227004582023389	0.633209622582878	0.6444481485753133
3.515331095235702	2.228529682581901	0.6332164688573733	0.6444481485753133
3.517739606212368	2.2300547996356266	0.6332233198081282	0.6444481485753133
3.520148117189034	2.2315799331958366	0.6332301754352967	0.6444481485753133
3.5225566281656997	2.2331050832738044	0.6332370357390327	0.6444481485753133
3.5249651391423655	2.234630249880802	0.6332439007194901	0.6444481485753133
3.5273736501190314	2.236155433028101	0.6332507703768226	0.6444481485753133
3.529782161095697	2.2376806327269745	0.6332576447111843	0.6444481485753133
3.532190672072362	2.239205848988694	0.6332645237227288	0.6444481485753133
3.534599183049028	2.240731081824533	0.6332714074116101	0.6444481485753133
3.537007694025694	2.242256331245763	0.6332782957779821	0.6444481485753133
3.539416205002359	2.2437815972636566	0.6332851888219986	0.6444481485753133
3.541824715979025	2.2453068798894855	0.6332920865438134	0.6444481485753133
3.544233226955691	2.2468321791345223	0.6332989889435805	0.6444481485753133
3.5466417379323567	2.2483574950100396	0.6333058960214537	0.6444481485753133
3.5490502489090225	2.2498828275273093	0.6333128077775868	0.6444481485753133
3.5514587598856875	2.2514081766976033	0.6333197242121337	0.6444481485753133
3.5538672708623533	2.252933542532195	0.6333266453252482	0.6444481485753133
3.556275781839019	2.254458925042356	0.6333335711170843	0.6444481485753133
3.558684292815685	2.2559843242393587	0.6333405015877958	0.6444481485753133
3.561092803792351	2.2575097401344757	0.6333474367375365	0.6444481485753133
3.5635013147690167	2.2590351727389786	0.6333543765664602	0.6444481485753133
3.5659098257456825	2.2605606220641397	0.633361321074721	0.6444481485753133
3.5683183367223483	2.262086088121232	0.6333682702624726	0.6444481485753133
3.5707268476990133	2.263611570921527	0.6333752241298688	0.6444481485753133
3.573135358675679	2.265137070476298	0.6333821826770636	0.6444481485753133
3.575543869652345	2.266662586796816	0.6333891459042108	0.6444481485753133
3.5779523806290108	2.2681881198943543	0.6333961138114642	0.6444481485753133
3.5803608916056766	2.269713669780185	0.6334030863989778	0.6444481485753133
3.5827694025823424	2.27123923646558	0.6334100636669053	0.6444481485753133
3.5851779135590083	2.2727648199618122	0.6334170456154007	0.6444481485753133
3.587586424535674	2.274290420280153	0.6334240322446177	0.6444481485753133
3.589994935512339	2.2758160374318748	0.6334310235547104	0.6444481485753133
3.592403446489005	2.277341671428251	0.6334380195458323	0.6444481485753133
3.5948119574656707	2.278867322280553	0.6334450202181376	0.6444481485753133
3.5972204684423366	2.2803929900000535	0.63345202557178	0.6444481485753133
3.599628979419002	2.281918674598024	0.6334590356069135	0.6444481485753133
3.602037490395668	2.2834443760857375	0.6334660503236919	0.6444481485753133
3.6044460013723336	2.2849700944744664	0.6334730697222688	0.6444481485753133
3.6068545123489995	2.2864958297754825	0.6334800938027983	0.6444481485753133
3.6092630233256644	2.2880215820000576	0.6334871225654344	0.6444481485753133
3.6116715343023302	2.2895473511594653	0.6334941560103307	0.6444481485753133
3.614080045278996	2.291073137264977	0.633501194137641	0.6444481485753133
3.616488556255662	2.2925989403278657	0.6335082369475196	0.6444481485753133
3.6188970672323277	2.2941247603594026	0.6335152844401198	0.6444481485753133
3.6213055782089936	2.295650597370861	0.6335223366155959	0.6444481485753133
3.6237140891856594	2.2971764513735127	0.6335293934741015	0.6444481485753133
3.6261226001623252	2.29870232237863	0.6335364550157906	0.6444481485753133
3.62853111113899	2.300228210397485	0.633543521240817	0.6444481485753133
3.630939622115656	2.3017541154413506	0.6335505921493346	0.6444481485753133
3.633348133092322	2.3032800375214983	0.6335576677414971	0.6444481485753133
3.6357566440689877	2.3048059766492015	0.6335647480174587	0.6444481485753133
3.6381651550456535	2.3063319328357315	0.6335718329773729	0.6444481485753133
3.6405736660223194	2.3078579060923605	0.6335789226213937	0.6444481485753133
3.642982176998985	2.3093838964303615	0.633586016949675	0.6444481485753133
3.645390687975651	2.3109099038610066	0.6335931159623707	0.6444481485753133
3.647799198952316	2.3124359283955673	0.6336002196596344	0.6444481485753133
3.650207709928982	2.313961970045317	0.6336073280416203	0.6444481485753133
3.6526162209056476	2.315488028821527	0.6336144411084821	0.6444481485753133
3.6550247318823135	2.317014104735471	0.6336215588603736	0.6444481485753133
3.6574332428589793	2.31854019779842	0.6336286812974488	0.6444481485753133
3.659841753835645	2.320066308021646	0.6336358084198613	0.6444481485753133
3.6622502648123105	2.321592435416423	0.6336429402277653	0.6444481485753133
3.6646587757889764	2.3231185799940217	0.6336500767213146	0.6444481485753133
3.6670672867656413	2.3246447417657143	0.6336572179006628	0.6444481485753133
3.669475797742307	2.3261709207427743	0.6336643637659639	0.6444481485753133
3.671884308718973	2.3276971169364735	0.6336715143173719	0.6444481485753133
3.674292819695639	2.3292233303580843	0.6336786695550405	0.6444481485753133
3.6767013306723046	2.3307495610188784	0.6336858294791236	0.6444481485753133
3.6791098416489705	2.3322758089301283	0.633692994089775	0.6444481485753133
3.6815183526256363	2.3338020741031067	0.6337001633871486	0.6444481485753133
3.683926863602302	2.3353283565490854	0.6337073373713984	0.6444481485753133
3.686335374578967	2.336854656279337	0.633714516042678	0.6444481485753133
3.688743885555633	2.3383809733051333	0.6337216994011415	0.6444481485753133
3.6911523965322988	2.3399073076377475	0.6337288874469427	0.6444481485753133
3.6935609075089646	2.3414336592884513	0.6337360801802354	0.6444481485753133
3.6959694184856304	2.342960028268517	0.6337432776011734	0.6444481485753133
3.6983779294622963	2.344486414589217	0.6337504797099107	0.6444481485753133
3.700786440438962	2.3460128182618236	0.633757686506601	0.6444481485753133
3.703194951415628	2.3475392392976087	0.6337648979913983	0.6444481485753133
3.705603462392293	2.3490656777078445	0.6337721141644566	0.6444481485753133
3.7080119733689587	2.3505921335038042	0.6337793350259293	0.6444481485753133
3.7104204843456245	2.3521186066967594	0.6337865605759707	0.6444481485753133
3.7128289953222904	2.3536450972979828	0.6337937908147344	0.6444481485753133
3.715237506298956	2.355171605318746	0.6338010257423745	0.6444481485753133
3.717646017275622	2.3566981307703223	0.6338082653590446	0.6444481485753133
3.720054528252288	2.358224673663983	0.6338155096648986	0.6444481485753133
3.7224630392289533	2.3597512340110005	0.6338227586600906	0.6444481485753133
3.7248715502056187	2.3612778118226476	0.6338300123447742	0.6444481485753133
3.727280061182284	2.3628044071101963	0.6338372707191035	0.6444481485753133
3.72968857215895	2.364331019884919	0.633844533783232	0.6444481485753133
3.7320970831356157	2.3658576501580884	0.6338518015373138	0.6444481485753133
3.7345055941122816	2.367384297940976	0.6338590739815029	0.6444481485753133
3.7369141050889474	2.368910963244854	0.6338663511159528	0.6444481485753133
3.7393226160656132	2.3704376460809953	0.6338736329408177	0.6444481485753133
3.741731127042279	2.3719643464606723	0.6338809194562512	0.6444481485753133
3.744139638018944	2.3734910643951563	0.6338882106624073	0.6444481485753133
3.74654814899561	2.3750177998957205	0.6338955065594398	0.6444481485753133
3.7489566599722757	2.376544552973637	0.6339028071475027	0.6444481485753133
3.7513651709489415	2.378071323640178	0.6339101124267497	0.6444481485753133
3.7537736819256073	2.379598111906616	0.6339174223973346	0.6444481485753133
