x	chi	dchidx	s0
0.0003764607035732147	0.0	0.0760083095968712	0.0760083095968712
0.01398549863824993	0.001034391769211798	0.07600654827432564	0.0760083095968712
0.027594536572926643	0.002068736855479112	0.07600144901860448	0.0760083095968712
0.04120357450760336	0.0031029898327578774	0.0759930118310794	0.0760083095968712
0.05481261244228007	0.004137105275012047	0.07598123671171207	0.0760083095968712
0.06842165037695679	0.0051710377562022665	0.07596612366041014	0.0760083095968712
0.0820306883116335	0.0062047418502857365	0.07594767267703754	0.0760083095968712
0.09563972624631023	0.007238172131216209	0.07592588376141454	0.0760083095968712
0.10924876418098693	0.008271283172943983	0.07590075691331764	0.0760083095968712
0.12285780211566363	0.009304029549415923	0.07587229213247967	0.0760083095968712
0.13646684005034035	0.010336365834575438	0.07584048941858974	0.0760083095968712
0.15007587798501706	0.011368246602362485	0.07580534877129322	0.0760083095968712
0.16368491591969378	0.012399626426446713	0.07576687019063057	0.0760083095968712
0.17729395385437047	0.013430459879674141	0.0757250536779775	0.0760083095968712
0.1909029917890472	0.014460701536053033	0.07567989923278452	0.0760083095968712
0.20451202972372393	0.015490305969717656	0.07563140685423796	0.0760083095968712
0.21812106765840064	0.016519227754779382	0.07557957654150234	0.0760083095968712
0.23173010559307733	0.017547421465326667	0.0755244082937205	0.0760083095968712
0.24533914352775404	0.018574841675425068	0.07546590211001356	0.0760083095968712
0.25894818146243076	0.019601442959117234	0.07540405798948088	0.0760083095968712
0.2725572193971075	0.020627179890422894	0.07533887593120013	0.0760083095968712
0.2861662573317842	0.021652007043338896	0.07527035593422725	0.0760083095968712
0.2997752952664609	0.022675878991839163	0.07519849799759641	0.0760083095968712
0.3133843332011376	0.023698750309874714	0.07512330212032012	0.0760083095968712
0.32699337113581434	0.02472057557137366	0.0750447683013891	0.0760083095968712
0.3406024090704911	0.025741309350241215	0.07496289653977241	0.0760083095968712
0.35421144700516777	0.026760906220359676	0.07487768683441733	0.0760083095968712
0.3678204849398445	0.027779320755588435	0.07478913918424943	0.0760083095968712
0.38142952287452125	0.02879650752976399	0.07469725358817256	0.0760083095968712
0.3950385608091979	0.02981242111669992	0.07460203004506885	0.0760083095968712
0.40864759874387463	0.03082701609018689	0.07450346855379868	0.0760083095968712
0.42225663667855134	0.03184024702399268	0.07440156911320074	0.0760083095968712
0.43586567461322806	0.032852068491862146	0.07429633172209195	0.0760083095968712
0.4494747125479048	0.033862435067517245	0.07418775637926754	0.0760083095968712
0.4630837504825815	0.034871301324657024	0.07407584308350101	0.0760083095968712
0.4766927884172582	0.035878621836957635	0.07396059183354411	0.0760083095968712
0.49030182635193487	0.036884351178072296	0.0738420026281269	0.0760083095968712
0.5039108642866116	0.037888443921631355	0.07372007546595767	0.0760083095968712
0.5175199022212884	0.03889085464124222	0.07359481034572302	0.0760083095968712
0.531128940155965	0.03989153791048942	0.07346620726608781	0.0760083095968712
0.5447379780906417	0.040890448302934555	0.07333426622569518	0.0760083095968712
0.5583470160253186	0.04188754039211633	0.07319898722316653	0.0760083095968712
0.5719560539599952	0.042882768751550546	0.07306037025710156	0.0760083095968712
0.5855650918946719	0.04387608795473009	0.0729184153260782	0.0760083095968712
0.5991741298293487	0.044867452575124936	0.07277312242865273	0.0760083095968712
0.6127831677640254	0.04585681718618219	0.07262449156335961	0.0760083095968712
0.626392205698702	0.046844136361325985	0.07247252272871164	0.0760083095968712
0.6400012436333787	0.04782936467395761	0.07231721592319988	0.0760083095968712
0.6536102815680555	0.04881245669745542	0.07215857114529364	0.0760083095968712
0.6672193195027323	0.04979336700517485	0.07199658839344054	0.0760083095968712
0.680828357437409	0.05077205017044847	0.07183126766606646	0.0760083095968712
0.6944373953720856	0.051748460766585895	0.07166260896157553	0.0760083095968712
0.7080464333067623	0.05272255336687386	0.07149061227835019	0.0760083095968712
0.721655471241439	0.053694282544576206	0.07131527761475112	0.0760083095968712
0.7352645091761157	0.054663602872933835	0.07113660496911732	0.0760083095968712
0.7488735471107926	0.05563046892516477	0.07095459433976603	0.0760083095968712
0.7624825850454693	0.05659483527446409	0.07076924572499275	0.0760083095968712
0.7760916229801459	0.05755665649400403	0.07058055912307129	0.0760083095968712
0.7897006609148226	0.05851588715693387	0.07038853453225373	0.0760083095968712
0.8033096988494993	0.05947248183637999	0.0701931719507704	0.0760083095968712
0.816918736784176	0.06042639510544587	0.06999447137682992	0.0760083095968712
0.8305277747188529	0.06137758153721206	0.06979243280861917	0.0760083095968712
0.8441368126535295	0.06232599570473625	0.06958705624430334	0.0760083095968712
0.8577458505882062	0.06327159218105323	0.06937834168202585	0.0760083095968712
0.8713548885228829	0.06421432553917479	0.06916628911990841	0.0760083095968712
0.8849639264575596	0.06515415035208993	0.06895089855605102	0.0760083095968712
0.8985729643922364	0.06609102119276465	0.06873216998853195	0.0760083095968712
0.912182002326913	0.0670248926341421	0.0685101034154077	0.0760083095968712
0.9257910402615898	0.06795571924914251	0.06828469883471311	0.0760083095968712
0.9394000781962665	0.06888345561066321	0.06805595624446127	0.0760083095968712
0.9530091161309432	0.06980805629157859	0.06782387564264351	0.0760083095968712
0.9666181540656199	0.07072947586474015	0.06758845702722949	0.0760083095968712
0.9802271920002965	0.07164766890297652	0.06734970039616708	0.0760083095968712
0.9938362299349733	0.0725625899790934	0.0671076057473825	0.0760083095968712
1.00744526786965	0.07347419366588787	0.06686217307863943	0.0760083095968712
1.0210543058043269	0.07438243453637386	0.0666134023851335	0.0760083095968712
1.0346633437390036	0.07528726716334158	0.0663612936634945	0.0760083095968712
1.0482723816736803	0.07618864611944116	0.0661058469112933	0.0760083095968712
1.0618814196083568	0.07708652597728621	0.06584706212608205	0.0760083095968712
1.0754904575430335	0.07798086130945382	0.06558493930539408	0.0760083095968712
1.0890994954777105	0.07887160668848457	0.06531947844674399	0.0760083095968712
1.1027085334123872	0.07975871668688253	0.0650506795476276	0.0760083095968712
1.1163175713470639	0.08064214587711524	0.06477854260552193	0.0760083095968712
1.1299266092817404	0.08152184883161373	0.0645030676178853	0.0760083095968712
1.143535647216417	0.08239778012277256	0.06422425458215719	0.0760083095968712
1.1571446851510938	0.0832698943229497	0.06394210349575837	0.0760083095968712
1.1707537230857707	0.08413814600446666	0.06365661435609077	0.0760083095968712
1.1843627610204475	0.08500248973960842	0.06336778716053763	0.0760083095968712
1.1979717989551242	0.08586288010062343	0.06307562190646337	0.0760083095968712
1.211580836889801	0.08671927165972364	0.06278011859121368	0.0760083095968712
1.2251898748244778	0.0875716189890845	0.06248127721211544	0.0760083095968712
1.238798912759154	0.08841987666084491	0.06217909776647679	0.0760083095968712
1.252407950693831	0.0892639992471073	0.06187358025158707	0.0760083095968712
1.2660169886285078	0.09010394131993757	0.061564724664716894	0.0760083095968712
1.2796260265631845	0.09093965745136506	0.061252531003118074	0.0760083095968712
1.2932350644978612	0.09177110221338267	0.06093699926402367	0.0760083095968712
1.306844102432538	0.09259823017794672	0.06061812944464797	0.0760083095968712
1.3204531403672146	0.09342116171479777	0.060291104020015064	0.0760083095968712
1.3340621783018913	0.09423927757646167	0.05994981933725703	0.0760083095968712
1.347671216236568	0.09505325900599476	0.05975874172066044	0.0760083095968712
1.3840059501115278	0.09722457813916552	0.059758804324093126	0.0760083095968712
1.4203406839864876	0.09939589955754884	0.05975886789449286	0.0760083095968712
1.4566754178614478	0.10156722329736607	0.05975893243373849	0.0760083095968712
1.4930101517364076	0.10373854939483848	0.059758997943708876	0.0760083095968712
1.5293448856113674	0.10590987788618739	0.059759064426282864	0.0760083095968712
1.5656796194863272	0.1080812088076341	0.059759131883339305	0.0760083095968712
1.602014353361287	0.11025254219539991	0.05975920031675706	0.0760083095968712
1.638349087236247	0.11242387808570617	0.059759269728414985	0.0760083095968712
1.6746838211112067	0.11459521651477411	0.05975934012019193	0.0760083095968712
1.7110185549861667	0.1167665575188251	0.059759411493966734	0.0760083095968712
1.7473532888611267	0.11893790113408043	0.05975948385161827	0.0760083095968712
1.7836880227360863	0.12110924739676138	0.05975955719502539	0.0760083095968712
1.8200227566110463	0.1232805963430893	0.059759631526066934	0.0760083095968712
1.856357490486006	0.12545194800928544	0.05975970684662177	0.0760083095968712
1.8926922243609658	0.12762330243157116	0.05975978315856874	0.0760083095968712
1.9290269582359258	0.12979465964616776	0.05975986046378671	0.0760083095968712
1.9653616921108854	0.1319660196892965	0.059759938764154516	0.0760083095968712
2.0016964259858456	0.13413738259717875	0.059760018061551026	0.0760083095968712
2.038031159860805	0.13630874840603574	0.05976009835785509	0.0760083095968712
2.074365893735765	0.13848011715208886	0.05976017965494557	0.0760083095968712
2.110700627610725	0.14065148887155937	0.05976026195470129	0.0760083095968712
2.147035361485685	0.1428228636006686	0.05976034525900114	0.0760083095968712
2.1833700953606447	0.14499424137563777	0.05976042956972395	0.0760083095968712
2.2197048292356047	0.1471656222326883	0.05976051488874858	0.0760083095968712
2.2560395631105643	0.14933700620804144	0.05976060121795389	0.0760083095968712
2.2923742969855243	0.15150839333791852	0.05976068855921872	0.0760083095968712
2.3287090308604843	0.15367978365854082	0.059760776914421936	0.0760083095968712
2.365043764735444	0.15585117720612968	0.05976086628544238	0.0760083095968712
2.4013784986104043	0.1580225744530624	0.05976095630386107	0.0760083095968712
2.4377132324853634	0.16019397508074296	0.0597610472652163	0.0760083095968712
2.474047966360324	0.16236537901497605	0.05976113926393764	0.0760083095968712
2.5103827002352834	0.16453678629370388	0.05976123230006617	0.0760083095968712
2.5467174341102434	0.16670819695486871	0.05976132637364297	0.0760083095968712
2.5830521679852034	0.1688796110364128	0.059761421484709094	0.0760083095968712
2.619386901860163	0.17105102857627835	0.05976151763330563	0.0760083095968712
2.655721635735123	0.1732224496124077	0.05976161481947365	0.0760083095968712
2.692056369610083	0.17539387418274302	0.05976171304325423	0.0760083095968712
2.7283911034850425	0.17756530232522658	0.05976181230468844	0.0760083095968712
2.7647258373600025	0.17973673407780066	0.05976191260381736	0.0760083095968712
2.8010605712349625	0.1819081694784075	0.05976201394068205	0.0760083095968712
2.837395305109922	0.1840796085649893	0.059762116315323605	0.0760083095968712
2.8737300389848817	0.18625105137548836	0.059762219727783075	0.0760083095968712
2.9100647728598417	0.18842249794784696	0.05976232417810156	0.0760083095968712
2.9463995067348017	0.19059394832000728	0.05976242966632011	0.0760083095968712
2.9827342406097612	0.1927654025299116	0.059762536192479815	0.0760083095968712
3.0190689744847217	0.1949368606155022	0.05976264375662174	0.0760083095968712
3.0554037083596817	0.19710832261472128	0.05976275235878697	0.0760083095968712
3.0917384422346412	0.1992797885655111	0.059762861999016564	0.0760083095968712
3.1280731761096012	0.20145125850581397	0.0597629726773516	0.0760083095968712
3.1644079099845612	0.20362273247357204	0.05976308439383317	0.0760083095968712
3.200742643859521	0.20579421050672764	0.059763197148502326	0.0760083095968712
3.2370773777344803	0.20796569264322295	0.059763310941400145	0.0760083095968712
3.273412111609441	0.21013717892100034	0.05976342577256771	0.0760083095968712
3.3097468454844003	0.2123086693780019	0.059763541642046086	0.0760083095968712
3.34608157935936	0.21448016405217002	0.05976365854987636	0.0760083095968712
3.38241631323432	0.2166516629814469	0.05976377649609959	0.0760083095968712
3.41875104710928	0.21882316620377473	0.05976389548075686	0.0760083095968712
3.4550857809842395	0.22099467375709586	0.059764015503889246	0.0760083095968712
3.4914205148591995	0.2231661856793525	0.05976413656553781	0.0760083095968712
3.52775524873416	0.2253377020084869	0.05976425866574364	0.0760083095968712
3.564089982609119	0.2275092227824413	0.0597643818045478	0.0760083095968712
3.6004247164840795	0.22968074803915792	0.059764505981991366	0.0760083095968712
3.6367594503590395	0.23185227781657908	0.05976463119811542	0.0760083095968712
3.673094184233999	0.23402381215264695	0.059764757452961025	0.0760083095968712
3.709428918108959	0.2361953510853039	0.059764884746569255	0.0760083095968712
3.7457636519839186	0.23836689465249206	0.059765013078981195	0.0760083095968712
3.7820983858588786	0.24053844289215376	0.05976514245023791	0.0760083095968712
3.818433119733838	0.24270999584223116	0.059765272860380476	0.0760083095968712
3.854767853608798	0.2448815535406666	0.05976540430944997	0.0760083095968712
3.891102587483758	0.2470531160254023	0.05976553679748746	0.0760083095968712
3.9274373213587177	0.2492246833343805	0.059765670324534025	0.0760083095968712
3.9637720552336777	0.25139625550554345	0.059765804890630735	0.0760083095968712
4.000106789108638	0.25356783257683346	0.05976594049581867	0.0760083095968712
4.036441522983598	0.25573941458619265	0.059766077140138894	0.0760083095968712
4.072776256858558	0.25791100157156344	0.059766214823632494	0.0760083095968712
4.109110990733517	0.2600825935708879	0.05976635354634054	0.0760083095968712
4.145445724608477	0.2622541906221085	0.059766493308304094	0.0760083095968712
4.181780458483437	0.26442579276316724	0.059766634109564246	0.0760083095968712
4.218115192358397	0.2665974000320065	0.05976677595016206	0.0760083095968712
4.254449926233357	0.2687690124665686	0.05976691883013861	0.0760083095968712
4.290784660108316	0.27094063010479563	0.059767062749534985	0.0760083095968712
4.327119393983276	0.27311225298462993	0.059767207708392237	0.0760083095968712
4.363454127858236	0.2752838811440138	0.05976735370675146	0.0760083095968712
4.399788861733196	0.27745551462088935	0.05976750074465371	0.0760083095968712
4.436123595608156	0.279627153453199	0.05976764882214007	0.0760083095968712
4.472458329483115	0.2817987976788848	0.05976779793925161	0.0760083095968712
4.508793063358076	0.2839704473358893	0.059767948096029415	0.0760083095968712
4.545127797233036	0.28614210246215444	0.059768099292514545	0.0760083095968712
4.581462531107995	0.2883137630956225	0.05976825152874809	0.0760083095968712
4.617797264982955	0.29048542927423593	0.0597684048047711	0.0760083095968712
4.654131998857915	0.2926571010359369	0.059768559120624676	0.0760083095968712
4.690466732732875	0.29482877841866756	0.05976871447634987	0.0760083095968712
4.726801466607835	0.2970004614603703	0.05976887087198777	0.0760083095968712
4.763136200482794	0.29917215019898724	0.05976902830757944	0.0760083095968712
4.799470934357755	0.3013438446724608	0.05976918678316597	0.0760083095968712
4.835805668232713	0.30351554491873295	0.05976934629878842	0.0760083095968712
4.872140402107674	0.3056872509757463	0.05976950685448786	0.0760083095968712
4.908475135982635	0.3078589628814429	0.059769668450305374	0.0760083095968712
4.944809869857593	0.3100306806737648	0.05976983108628203	0.0760083095968712
4.981144603732553	0.31220240439065466	0.059769994762458915	0.0760083095968712
5.017479337607514	0.31437413407005455	0.05977015947887709	0.0760083095968712
5.053814071482472	0.31654586974990656	0.059770325235577626	0.0760083095968712
5.090148805357433	0.31871761146815325	0.0597704920326016	0.0760083095968712
5.126483539232393	0.32088935926273665	0.059770659869990105	0.0760083095968712
5.162818273107352	0.323061113171599	0.05977082874778419	0.0760083095968712
5.199153006982313	0.3252328732326827	0.059770998666024935	0.0760083095968712
5.235487740857272	0.3274046394839299	0.05977116962475342	0.0760083095968712
5.271822474732232	0.3295764119632828	0.05977134162401072	0.0760083095968712
5.308157208607192	0.3317481907086839	0.0597715146638379	0.0760083095968712
5.344491942482152	0.3339199757580751	0.05977168874427604	0.0760083095968712
5.3808266763571115	0.3360917671493988	0.05977186386536621	0.0760083095968712
5.417161410232072	0.3382635649205974	0.05977204002714949	0.0760083095968712
5.4534961441070315	0.3404353691096129	0.059772217229666955	0.0760083095968712
5.4898308779819915	0.3426071797543877	0.05977239547295967	0.0760083095968712
5.526165611856952	0.3447789968928642	0.059772574757068715	0.0760083095968712
5.5625003457319115	0.3469508205629842	0.05977275508203516	0.0760083095968712
5.598835079606871	0.34912265080269034	0.05977293644790009	0.0760083095968712
5.6351698134818315	0.35129448764992477	0.059773118854704564	0.0760083095968712
5.6715045473567915	0.3534663311426297	0.059773302302489666	0.0760083095968712
5.707839281231751	0.35563818131874736	0.059773486791296467	0.0760083095968712
5.7441740151067116	0.35781003821622015	0.05977367232116604	0.0760083095968712
5.78050874898167	0.35998190187299006	0.05977385889213946	0.0760083095968712
5.816843482856631	0.36215377232699963	0.0597740465042578	0.0760083095968712
5.853178216731591	0.36432564961619096	0.05977423515756214	0.0760083095968712
5.88951295060655	0.3664975337785062	0.05977442485209354	0.0760083095968712
5.92584768448151	0.3686694248518878	0.05977461558789309	0.0760083095968712
5.96218241835647	0.3708413228742779	0.059774807365001854	0.0760083095968712
5.998517152231429	0.3730132278836188	0.05977500018346091	0.0760083095968712
6.03485188610639	0.3751851399178527	0.05977519404331133	0.0760083095968712
6.071186619981351	0.3773570590149219	0.059775388944594186	0.0760083095968712
6.107521353856309	0.3795289852127685	0.05977558488735056	0.0760083095968712
6.14385608773127	0.3817009185493351	0.05977578187162152	0.0760083095968712
6.18019082160623	0.38387285906256363	0.059775979897448143	0.0760083095968712
6.216525555481188	0.3860448067903963	0.059776178964871494	0.0760083095968712
6.252860289356149	0.3882167617707757	0.059776379073932656	0.0760083095968712
6.289195023231107	0.39038872404164365	0.05977658022467271	0.0760083095968712
6.325529757106068	0.3925606936409428	0.05977678241713271	0.0760083095968712
6.361864490981029	0.3947326706066152	0.059776985651353746	0.0760083095968712
6.398199224855987	0.396904654976603	0.059777189927376885	0.0760083095968712
6.434533958730948	0.3990766467888488	0.0597773952452432	0.0760083095968712
6.470868692605908	0.4012486460812945	0.05977760160499377	0.0760083095968712
6.507203426480867	0.40342065289188245	0.059777809006669666	0.0760083095968712
6.543538160355827	0.405592667258555	0.059778017450311964	0.0760083095968712
6.579872894230788	0.40776468921925435	0.05977822693596174	0.0760083095968712
6.616207628105746	0.4099367188119225	0.05977843746366006	0.0760083095968712
6.652542361980707	0.41210875607450226	0.059778649033448004	0.0760083095968712
6.688877095855668	0.41428080104493537	0.059778861645366645	0.0760083095968712
6.725211829730626	0.41645285376116425	0.05977907529945706	0.0760083095968712
6.761546563605587	0.41862491426113124	0.059779289995760314	0.0760083095968712
6.797881297480547	0.4207969825827784	0.05977950573431749	0.0760083095968712
6.834216031355505	0.4229690587640481	0.05977972251516966	0.0760083095968712
6.870550765230466	0.42514114284288274	0.059779940338357894	0.0760083095968712
6.906885499105427	0.4273132348572243	0.05978015920392327	0.0760083095968712
6.943220232980385	0.42948533484501505	0.05978037911190686	0.0760083095968712
6.979554966855346	0.4316574428441975	0.05978060006234974	0.0760083095968712
7.015889700730306	0.4338295588927137	0.059780822055292976	0.0760083095968712
7.052224434605265	0.43600168302850584	0.059781045090777654	0.0760083095968712
7.088559168480225	0.43817381528951627	0.059781269168844846	0.0760083095968712
7.1248939023551845	0.4403459557136873	0.059781494289535615	0.0760083095968712
7.1612286362301445	0.4425181043389611	0.05978172045289105	0.0760083095968712
7.197563370105105	0.4446902612032799	0.059781947658952214	0.0760083095968712
7.233898103980064	0.44686242634458595	0.059782175907760186	0.0760083095968712
7.2702328378550245	0.4490345998008216	0.059782405199356035	0.0760083095968712
7.306567571729985	0.451206781609929	0.05978263553378085	0.0760083095968712
7.342902305604944	0.45337897180985043	0.05978286691107568	0.0760083095968712
7.3792370394799045	0.4555511704385281	0.05978309933128162	0.0760083095968712
7.4155717733548645	0.45772337753390446	0.05978333279443973	0.0760083095968712
7.451906507229823	0.4598955931339215	0.059783567300591096	0.0760083095968712
7.488241241104784	0.4620678172765216	0.05978380284977678	0.0760083095968712
7.5245759749797445	0.46424004999964696	0.05978403944203787	0.0760083095968712
7.560910708854703	0.46641229134123974	0.05978427707741543	0.0760083095968712
7.597245442729664	0.46858454133924254	0.05978451575595054	0.0760083095968712
7.633580176604624	0.47075680003159726	0.05978475547768427	0.0760083095968712
7.669914910479583	0.4729290674562462	0.059784996242657686	0.0760083095968712
7.706249644354543	0.47510134365113177	0.059785238050911876	0.0760083095968712
7.742584378229504	0.4772736286541962	0.05978548090248791	0.0760083095968712
7.778919112104462	0.47944592250338147	0.05978572479742686	0.0760083095968712
7.815253845979423	0.4816182252366302	0.0597859697357698	0.0760083095968712
7.851588579854384	0.48379053689188445	0.0597862157175578	0.0760083095968712
7.887923313729342	0.48596285750708634	0.05978646274283195	0.0760083095968712
7.924258047604303	0.48813518712017834	0.0597867108116333	0.0760083095968712
7.960592781479261	0.49030752576910264	0.059786959924002944	0.0760083095968712
7.996927515354222	0.49247987349180145	0.059787210079981945	0.0760083095968712
8.033262249229182	0.4946522303262172	0.05978746127961138	0.0760083095968712
8.069596983104141	0.49682459631029174	0.05978771352293233	0.0760083095968712
8.105931716979102	0.49899697148196775	0.059787966809985854	0.0760083095968712
8.142266450854061	0.5011693558791873	0.05978822114081304	0.0760083095968712
8.17860118472902	0.5033417495398925	0.05978847651545495	0.0760083095968712
8.214935918603981	0.5055141525020259	0.05978873293395267	0.0760083095968712
8.251270652478942	0.5076865648035295	0.05978899039634727	0.0760083095968712
8.2876053863539	0.5098589864823456	0.059789248902679816	0.0760083095968712
8.32394012022886	0.5120314175764167	0.05978950845299139	0.0760083095968712
8.360274854103821	0.5142038581236847	0.05978976904732307	0.0760083095968712
8.39660958797878	0.5163763081620918	0.059790030685715916	0.0760083095968712
8.43294432185374	0.5185487677295807	0.05979029336821101	0.0760083095968712
8.4692790557287	0.5207212368640934	0.059790557094849435	0.0760083095968712
8.50561378960366	0.522893715603572	0.05979082186567225	0.0760083095968712
8.54194852347862	0.5250662039859589	0.059791087680720535	0.0760083095968712
8.578283257353581	0.5272387020491965	0.05979135454003537	0.0760083095968712
8.614617991228538	0.5294112098312267	0.05979162244365782	0.0760083095968712
8.6509527251035	0.5315837273699922	0.059791891391628965	0.0760083095968712
8.68728745897846	0.5337562547034347	0.05979216138398987	0.0760083095968712
8.72362219285342	0.5359287918694968	0.05979243242078162	0.0760083095968712
8.759956926728378	0.5381013389061209	0.05979270450204528	0.0760083095968712
8.796291660603337	0.5402738958512489	0.05979297762782193	0.0760083095968712
8.832626394478298	0.542446462742823	0.05979325179815265	0.0760083095968712
8.86896112835326	0.544619039618786	0.059793527013078496	0.0760083095968712
8.905295862228217	0.5467916265170796	0.059793803272640556	0.0760083095968712
8.941630596103177	0.5489642234756463	0.0597940805768799	0.0760083095968712
8.977965329978138	0.5511368305324283	0.0597943589258376	0.0760083095968712
9.014300063853097	0.5533094477253678	0.059794638319554734	0.0760083095968712
9.050634797728057	0.5554820750924071	0.05979491875807238	0.0760083095968712
9.086969531603017	0.5576547126714886	0.0597952002414316	0.0760083095968712
9.123304265477977	0.5598273605005541	0.059795482769673475	0.0760083095968712
9.159638999352937	0.5620000186175463	0.05979576634283908	0.0760083095968712
9.195973733227898	0.5641726870604075	0.05979605096096948	0.0760083095968712
9.232308467102856	0.5663453658670795	0.05979633662410576	0.0760083095968712
9.268643200977817	0.5685180550755049	0.059796623332288995	0.0760083095968712
9.304977934852777	0.5706907547236258	0.05979691108556025	0.0760083095968712
9.341312668727737	0.5728634648493844	0.0597971998839606	0.0760083095968712
9.377647402602696	0.5750361854907232	0.05979748972753113	0.0760083095968712
9.413982136477657	0.5772089166855843	0.0597977806163129	0.0760083095968712
9.450316870352616	0.5793816584719098	0.05979807255034699	0.0760083095968712
9.486651604227577	0.5815544108876423	0.05979836552967448	0.0760083095968712
9.522986338102537	0.5837271739707238	0.059798659554336435	0.0760083095968712
9.559321071977495	0.5858999477590965	0.05979895462437393	0.0760083095968712
9.595655805852456	0.5880727322907028	0.05979925073982804	0.0760083095968712
9.631990539727415	0.5902455276034847	0.059799547900739845	0.0760083095968712
9.668325273602374	0.592418333735385	0.05979984610715041	0.0760083095968712
9.704660007477335	0.5945911507243455	0.05980014535910081	0.0760083095968712
9.740994741352294	0.5967639786083084	0.05980044565663213	0.0760083095968712
9.777329475227255	0.5989368174252163	0.05980074699978543	0.0760083095968712
9.813664209102216	0.6011096672130112	0.05980104938860179	0.0760083095968712
9.849998942977173	0.6032825280096352	0.05980135282312229	0.0760083095968712
9.886333676852134	0.605455399853031	0.059801657303387996	0.0760083095968712
9.922668410727095	0.6076282827811406	0.05980196282943998	0.0760083095968712
9.959003144602054	0.609801176831906	0.05980226940131932	0.0760083095968712
9.995337878477013	0.61197408204327	0.0598025770190671	0.0760083095968712
10.031672612351974	0.6141469984531743	0.05980288568272437	0.0760083095968712
10.068007346226933	0.6163199260995615	0.059803195392332226	0.0760083095968712
10.104342080101894	0.6184928650203739	0.05980350614793173	0.0760083095968712
10.140676813976855	0.6206658152535536	0.059803817949563964	0.0760083095968712
10.177011547851812	0.6228387768370426	0.05980413079727	0.0760083095968712
10.213346281726773	0.6250117498087835	0.0598044446910909	0.0760083095968712
10.249681015601734	0.6271847342067186	0.05980475963106775	0.0760083095968712
10.286015749476691	0.6293577300687899	0.05980507561724163	0.0760083095968712
10.322350483351652	0.6315307374329397	0.0598053926496536	0.0760083095968712
10.358685217226613	0.6337037563371104	0.059805710728344744	0.0760083095968712
10.395019951101572	0.6358767868192441	0.059806029853356125	0.0760083095968712
10.431354684976533	0.6380498289172832	0.05980635002472883	0.0760083095968712
10.46768941885149	0.6402228826691696	0.059806671242503925	0.0760083095968712
10.504024152726451	0.6423959481128461	0.059806993506722486	0.0760083095968712
10.540358886601412	0.6445690252862546	0.059807316817425585	0.0760083095968712
10.576693620476371	0.6467421142273373	0.0598076411746543	0.0760083095968712
10.61302835435133	0.6489152149740367	0.0598079665784497	0.0760083095968712
10.649363088226291	0.6510883275642947	0.05980829302885286	0.0760083095968712
10.68569782210125	0.6532614520360539	0.05980862052590487	0.0760083095968712
10.722032555976211	0.6554345884272564	0.059808949069646775	0.0760083095968712
10.758367289851172	0.6576077367758445	0.05980927866011967	0.0760083095968712
10.794702023726131	0.6597808971197605	0.05980960929736462	0.0760083095968712
10.83103675760109	0.6619540694969462	0.0598099409814227	0.0760083095968712
10.867371491476051	0.6641272539453446	0.059810273712334994	0.0760083095968712
10.903706225351012	0.6663004505028974	0.05981060749014256	0.0760083095968712
10.94004095922597	0.6684736592075469	0.059810942314886484	0.0760083095968712
10.97637569310093	0.6706468800972356	0.05981127818660783	0.0760083095968712
11.012710426975891	0.6728201132099055	0.05981161510534768	0.0760083095968712
11.04904516085085	0.674993358583499	0.05981195307114711	0.0760083095968712
11.08537989472581	0.6771666162559584	0.05981229208404719	0.0760083095968712
11.121714628600769	0.6793398862652258	0.05981263214408899	0.0760083095968712
11.15804936247573	0.6815131686492435	0.059812973251313586	0.0760083095968712
11.19438409635069	0.683686463445954	0.059813315405762055	0.0760083095968712
11.230718830225648	0.6858597706932988	0.05981365860747547	0.0760083095968712
11.267053564100609	0.688033090429221	0.05981400285649491	0.0760083095968712
11.30338829797557	0.6902064226916625	0.059814348152861435	0.0760083095968712
11.339723031850529	0.6923797675185654	0.05981469449661613	0.0760083095968712
11.37605776572549	0.6945531249478724	0.05981504188780007	0.0760083095968712
11.412392499600449	0.6967264950175253	0.059815390326454325	0.0760083095968712
11.448727233475408	0.6988998777654665	0.059815739812619964	0.0760083095968712
11.485061967350369	0.7010732732296382	0.05981609034633807	0.0760083095968712
11.52139670122533	0.7032466814479827	0.05981644192764972	0.0760083095968712
11.557731435100287	0.7054201024584424	0.05981679455659597	0.0760083095968712
11.594066168975248	0.7075935362989595	0.05981714823321791	0.0760083095968712
11.630400902850209	0.7097669830074761	0.05981750295755661	0.0760083095968712
11.666735636725168	0.7119404426219343	0.05981785872965315	0.0760083095968712
11.703070370600127	0.7141139151802768	0.059818215549548595	0.0760083095968712
11.739405104475088	0.7162874007204456	0.05981857341728401	0.0760083095968712
11.775739838350047	0.7184608992803828	0.0598189323329005	0.0760083095968712
11.812074572225008	0.720634410898031	0.059819292296439106	0.0760083095968712
11.848409306099969	0.722807935611332	0.059819653307940916	0.0760083095968712
11.884744039974926	0.7249814734582286	0.05982001536744701	0.0760083095968712
11.921078773849887	0.7271550244766627	0.05982037847499845	0.0760083095968712
11.957413507724846	0.7293285887045765	0.05982074263063632	0.0760083095968712
11.993748241599807	0.7315021661799125	0.05982110783440168	0.0760083095968712
12.030082975474766	0.7336757569406128	0.05982147408633562	0.0760083095968712
12.066417709349725	0.7358493610246195	0.05982184138647921	0.0760083095968712
12.102752443224686	0.7380229784698753	0.05982220973487352	0.0760083095968712
12.139087177099647	0.7401966093143221	0.05982257913155962	0.0760083095968712
12.175421910974604	0.742370253595902	0.0598229495765786	0.0760083095968712
12.211756644849565	0.7445439113525577	0.05982332106997151	0.0760083095968712
12.248091378724526	0.7467175826222312	0.059823693611779444	0.0760083095968712
12.284426112599485	0.7488912674428647	0.059824067202043474	0.0760083095968712
12.320760846474444	0.7510649658524005	0.05982444184080466	0.0760083095968712
12.357095580349405	0.753238677888781	0.0598248175281041	0.0760083095968712
12.393430314224364	0.755412403589948	0.05982519426398284	0.0760083095968712
12.429765048099325	0.7575861429938444	0.05982557204848197	0.0760083095968712
12.466099781974286	0.7597598961384121	0.05982595088164256	0.0760083095968712
12.502434515849243	0.7619336630615932	0.05982633076350569	0.0760083095968712
12.538769249724204	0.7641074438013302	0.05982671169411243	0.0760083095968712
12.575103983599165	0.7662812383955653	0.05982709367350385	0.0760083095968712
12.611438717474124	0.7684550468822405	0.059827476701721026	0.0760083095968712
12.647773451349083	0.7706288759051242	0.059827860984913515	0.0760083095968712
12.684108185224044	0.7728027204509267	0.059828246364489086	0.0760083095968712
12.720442919099003	0.7749765789113091	0.05982863278899137	0.0760083095968712
12.756777652973964	0.7771504513248645	0.059829020258462214	0.0760083095968712
12.793112386848922	0.7793243377301854	0.059829408772943446	0.0760083095968712
12.829447120723882	0.7814982381658646	0.05982979833247692	0.0760083095968712
12.865781854598843	0.7836721526704948	0.05983018893710447	0.0760083095968712
12.902116588473802	0.7858460812826686	0.05983058058686794	0.0760083095968712
12.938451322348762	0.788020024040979	0.05983097328180917	0.0760083095968712
12.974786056223722	0.7901939809840185	0.05983136702197001	0.0760083095968712
13.011120790098682	0.7923679521503798	0.059831761807392296	0.0760083095968712
13.047455523973642	0.7945419375786557	0.059832157638117875	0.0760083095968712
13.083790257848603	0.7967159373074388	0.059832554514188584	0.0760083095968712
13.12012499172356	0.7988899513753219	0.059832952435646264	0.0760083095968712
13.156459725598522	0.8010639798208977	0.059833351402532764	0.0760083095968712
13.192794459473483	0.8032380226827591	0.05983375141488992	0.0760083095968712
13.229129193348442	0.8054120799994984	0.059834152472759576	0.0760083095968712
13.2654639272234	0.8075861518097087	0.05983455457618357	0.0760083095968712
13.301798661098362	0.8097602381519825	0.05983495772520375	0.0760083095968712
13.33813339497332	0.8119343390649125	0.05983536191986196	0.0760083095968712
13.374468128848282	0.8141084545870917	0.05983576716020004	0.0760083095968712
13.41080286272324	0.8162825847571126	0.05983617344625983	0.0760083095968712
13.4471375965982	0.8184567296135676	0.05983658077808317	0.0760083095968712
13.48347233047316	0.8206308891950501	0.0598369891557119	0.0760083095968712
13.519807064348122	0.8228050635401524	0.05983739857918788	0.0760083095968712
13.556141798223079	0.8249792526874671	0.059837809048552924	0.0760083095968712
13.59247653209804	0.8271534566755873	0.059838220563848896	0.0760083095968712
13.628811265972999	0.8293276755431053	0.059838633125117634	0.0760083095968712
13.66514599984796	0.8315019093286141	0.05983904673240097	0.0760083095968712
13.70148073372292	0.8336761580707064	0.05983946138574076	0.0760083095968712
13.737815467597878	0.8358504218079746	0.059839877085178836	0.0760083095968712
13.774150201472839	0.838024700579012	0.05984029383075704	0.0760083095968712
13.8104849353478	0.8401989944224109	0.05984071162251723	0.0760083095968712
13.846819669222759	0.8423733033767639	0.05984113046050123	0.0760083095968712
13.883154403097718	0.844547627480664	0.05984155034475088	0.0760083095968712
13.919489136972679	0.846721966772704	0.059841971275308034	0.0760083095968712
13.955823870847638	0.8488963212914762	0.059842393252214535	0.0760083095968712
13.992158604722599	0.8510706910755736	0.05984281627551221	0.0760083095968712
14.028493338597558	0.853245076163589	0.059843240345242917	0.0760083095968712
14.064828072472517	0.8554194765941148	0.059843665461448495	0.0760083095968712
14.101162806347478	0.857593892405744	0.05984409162417078	0.0760083095968712
14.137497540222439	0.8597683236370692	0.05984451883345162	0.0760083095968712
14.173832274097396	0.8619427703266831	0.05984494708933285	0.0760083095968712
14.210167007972357	0.8641172325131785	0.059845376391856324	0.0760083095968712
14.246501741847318	0.8662917102351481	0.05984580674106387	0.0760083095968712
14.282836475722277	0.8684662035311844	0.05984623813699734	0.0760083095968712
14.319171209597238	0.8706407124398804	0.05984667057969857	0.0760083095968712
14.355505943472197	0.8728152369998288	0.05984710406920941	0.0760083095968712
14.391840677347156	0.874989777249622	0.05984753860557169	0.0760083095968712
14.428175411222117	0.877164333227853	0.059847974188827265	0.0760083095968712
14.464510145097076	0.8793389049731144	0.05984841081901797	0.0760083095968712
14.500844878972035	0.8815134925239991	0.059848848496185644	0.0760083095968712
14.537179612846996	0.8836880959190997	0.05984928722037214	0.0760083095968712
14.573514346721955	0.8858627151970087	0.05984972699161929	0.0760083095968712
14.609849080596916	0.8880373503963191	0.05985016780996894	0.0760083095968712
14.646183814471875	0.8902120015556236	0.059850609675462935	0.0760083095968712
14.682518548346835	0.8923866687135147	0.059851052588143105	0.0760083095968712
14.718853282221795	0.8945613519085854	0.05985149654805131	0.0760083095968712
14.755188016096756	0.8967360511794282	0.05985194155522938	0.0760083095968712
14.791522749971714	0.8989107665646359	0.059852387609719164	0.0760083095968712
14.827857483846675	0.9010854981028011	0.0598528347115625	0.0760083095968712
14.864192217721635	0.9032602458325167	0.05985328286080122	0.0760083095968712
14.900526951596595	0.9054350097923753	0.05985373205747718	0.0760083095968712
14.936861685471555	0.9076097900209698	0.059854182301632225	0.0760083095968712
14.973196419346515	0.9097845865568925	0.05985463359330819	0.0760083095968712
15.009531153221474	0.9119593994387365	0.05985508593254692	0.0760083095968712
15.045865887096435	0.9141342287050944	0.05985553931939024	0.0760083095968712
15.082200620971395	0.9163090743945589	0.059855993753880024	0.0760083095968712
15.118535354846353	0.9184839365457226	0.05985644923605809	0.0760083095968712
15.154870088721314	0.9206588151971784	0.059856905765966285	0.0760083095968712
15.191204822596275	0.922833710387519	0.059857363343646455	0.0760083095968712
15.227539556471234	0.925008622155337	0.05985782196914044	0.0760083095968712
15.263874290346193	0.9271835505392252	0.05985828164249008	0.0760083095968712
15.300209024221152	0.9293584955777763	0.05985874236373723	0.0760083095968712
15.336543758096113	0.931533457309583	0.059859204132923706	0.0760083095968712
15.372878491971074	0.933708435773238	0.05985966695009138	0.0760083095968712
15.409213225846031	0.9358834310073341	0.05986013081528207	0.0760083095968712
15.445547959720992	0.9380584430504639	0.05986059572853763	0.0760083095968712
15.481882693595953	0.9402334719412202	0.0598610616898999	0.0760083095968712
15.518217427470912	0.9424085177181956	0.05986152869941073	0.0760083095968712
15.554552161345873	0.944583580419983	0.05986199675711194	0.0760083095968712
15.590886895220832	0.946758660085175	0.059862465863045396	0.0760083095968712
15.627221629095791	0.9489337567523642	0.05986293601725293	0.0760083095968712
15.663556362970752	0.9511088704601436	0.059863407219776385	0.0760083095968712
15.699891096845713	0.9532840012471058	0.0598638794706576	0.0760083095968712
15.73622583072067	0.9554591491518432	0.059864352769938414	0.0760083095968712
15.772560564595631	0.957634314212949	0.05986482711766068	0.0760083095968712
15.808895298470592	0.9598094964690157	0.059865302513866236	0.0760083095968712
15.845230032345551	0.9619846959586359	0.059865778958596925	0.0760083095968712
15.88156476622051	0.9641599127204026	0.059866256451894584	0.0760083095968712
15.917899500095471	0.9663351467929082	0.05986673499380106	0.0760083095968712
15.95423423397043	0.9685103982147456	0.05986721458435819	0.0760083095968712
15.990568967845391	0.9706856670245074	0.05986769522360782	0.0760083095968712
16.02690370172035	0.9728609532607866	0.05986817691159179	0.0760083095968712
16.06323843559531	0.9750362569621756	0.059868659648351946	0.0760083095968712
16.099573169470272	0.9772115781672671	0.05986914343393013	0.0760083095968712
16.13590790334523	0.9793869169146541	0.059869628268368176	0.0760083095968712
16.17224263722019	0.981562273242929	0.05987011415170794	0.0760083095968712
16.20857737109515	0.9837376471906848	0.05987060108399125	0.0760083095968712
16.24491210497011	0.985913038796514	0.05987108906525995	0.0760083095968712
16.281246838845068	0.9880884480990095	0.05987157809555589	0.0760083095968712
16.31758157272003	0.9902638751367638	0.05987206817492091	0.0760083095968712
16.35391630659499	0.9924393199483698	0.05987255930339685	0.0760083095968712
16.39025104046995	0.9946147825724201	0.05987305148102555	0.0760083095968712
16.42658577434491	0.9967902630475075	0.05987354470784886	0.0760083095968712
16.462920508219867	0.9989657614122246	0.05987403898390861	0.0760083095968712
16.49925524209483	1.0011412777051643	0.05987453430924665	0.0760083095968712
16.53558997596979	1.0033168119649192	0.059875030683904824	0.0760083095968712
16.571924709844748	1.005492364230082	0.059875528107924965	0.0760083095968712
16.608259443719707	1.0076679345392452	0.059876026581348926	0.0760083095968712
16.64459417759467	1.0098435229310019	0.05987652610421854	0.0760083095968712
16.68092891146963	1.0120191294439447	0.059877026676575656	0.0760083095968712
16.717263645344588	1.0141947541166663	0.059877528298462115	0.0760083095968712
16.753598379219547	1.0163703969877593	0.059878030969919754	0.0760083095968712
16.789933113094506	1.0185460580958166	0.05987853469099042	0.0760083095968712
16.82626784696947	1.0207217374794308	0.05987903946171595	0.0760083095968712
16.862602580844428	1.0228974351771947	0.059879545282138194	0.0760083095968712
16.898937314719387	1.0250731512277007	0.05988005215229899	0.0760083095968712
16.935272048594346	1.027248885669542	0.05988056007224018	0.0760083095968712
16.97160678246931	1.029424638541311	0.059881069042003604	0.0760083095968712
17.007941516344268	1.0316004098816005	0.0598815790616311	0.0760083095968712
17.044276250219227	1.0337761997290031	0.05988209013116452	0.0760083095968712
17.080610984094186	1.0359520081221119	0.05988260225064571	0.0760083095968712
17.116945717969145	1.0381278350995191	0.0598831154201165	0.0760083095968712
17.153280451844108	1.0403036806998178	0.059883629639618734	0.0760083095968712
17.189615185719063	1.0424795449616004	0.059884144909194255	0.0760083095968712
17.225949919594026	1.04465542792346	0.05988466122888491	0.0760083095968712
17.262284653468985	1.046831329623989	0.05988517859873253	0.0760083095968712
17.298619387343944	1.0490072501017802	0.05988569701877897	0.0760083095968712
17.334954121218907	1.0511831893954264	0.05988621648906607	0.0760083095968712
17.371288855093866	1.0533591475435202	0.05988673700963567	0.0760083095968712
17.407623588968825	1.0555351245846543	0.05988725858052961	0.0760083095968712
17.443958322843784	1.0577111205574217	0.05988778120178973	0.0760083095968712
17.480293056718747	1.0598871355004147	0.05988830487345787	0.0760083095968712
17.516627790593702	1.0620631694522262	0.059888829595575885	0.0760083095968712
17.552962524468665	1.064239222451449	0.05988935536818561	0.0760083095968712
17.589297258343624	1.0664152945366756	0.05988988219132888	0.0760083095968712
17.625631992218583	1.0685913857464988	0.059890410065047556	0.0760083095968712
17.661966726093546	1.0707674961195117	0.059890938989383455	0.0760083095968712
17.698301459968505	1.0729436256943066	0.059891468964378435	0.0760083095968712
17.734636193843464	1.075119774509476	0.059891999990074336	0.0760083095968712
17.770970927718423	1.0772959426036133	0.059892532066513	0.0760083095968712
17.807305661593386	1.0794721300153105	0.059893065193736265	0.0760083095968712
17.84364039546834	1.0816483367831606	0.05989359937178598	0.0760083095968712
17.879975129343304	1.0838245629457566	0.05989413460070398	0.0760083095968712
17.916309863218263	1.0860008085416908	0.059894670880532117	0.0760083095968712
17.952644597093222	1.0881770736095562	0.059895208211312216	0.0760083095968712
17.98897933096818	1.0903533581879454	0.059895746593086135	0.0760083095968712
18.02531406484314	1.0925296623154512	0.059896286025895716	0.0760083095968712
18.061648798718103	1.094705986030666	0.059896826509782786	0.0760083095968712
18.097983532593062	1.096882329372183	0.0598973680447892	0.0760083095968712
18.13431826646802	1.0990586923785943	0.0598979106309568	0.0760083095968712
18.17065300034298	1.1012350750884934	0.05989845426832743	0.0760083095968712
18.206987734217943	1.1034114775404724	0.059898998956942916	0.0760083095968712
18.243322468092902	1.105587899773124	0.059899544696845115	0.0760083095968712
18.27965720196786	1.1077643418250416	0.05990009148807587	0.0760083095968712
18.31599193584282	1.109940803734817	0.059900639330677005	0.0760083095968712
18.35232666971778	1.1121172855410435	0.059901188224690385	0.0760083095968712
18.388661403592742	1.1142937872823138	0.05990173817015784	0.0760083095968712
18.4249961374677	1.1164703089972203	0.059902289167121224	0.0760083095968712
18.46133087134266	1.1186468507243559	0.05990284121562236	0.0760083095968712
18.49766560521762	1.1208234125023135	0.0599033943157031	0.0760083095968712
18.534000339092582	1.1229999943696853	0.059903948467405294	0.0760083095968712
18.57033507296754	1.1251765963650646	0.05990450367077076	0.0760083095968712
18.6066698068425	1.1273532185270438	0.05990505992584137	0.0760083095968712
18.64300454071746	1.1295298608942157	0.05990561723265895	0.0760083095968712
18.67933927459242	1.1317065235051729	0.05990617559126535	0.0760083095968712
18.71567400846738	1.1338832063985083	0.0599067350017024	0.0760083095968712
18.752008742342337	1.1360599096128143	0.059907295464011946	0.0760083095968712
18.7883434762173	1.138236633186684	0.059907856978235835	0.0760083095968712
18.82467821009226	1.14041337715871	0.059908419544415906	0.0760083095968712
18.861012943967218	1.1425901415674848	0.059908983162594	0.0760083095968712
18.89734767784218	1.1447669264516016	0.059909547832811966	0.0760083095968712
18.933682411717136	1.1469437318496525	0.05991011355511164	0.0760083095968712
18.970017145592095	1.1491205578002304	0.05991068032953486	0.0760083095968712
19.006351879467058	1.1512974043419284	0.059911248156123476	0.0760083095968712
19.042686613342017	1.1534742715133388	0.05991181703491933	0.0760083095968712
19.079021347216976	1.1556511593530545	0.05991238696596426	0.0760083095968712
19.11535608109194	1.1578280678996682	0.05991295794930011	0.0760083095968712
19.151690814966898	1.1600049971917725	0.05991352998496872	0.0760083095968712
19.188025548841853	1.16218194726796	0.05991410307301193	0.0760083095968712
19.224360282716816	1.1643589181668241	0.05991467721347159	0.0760083095968712
19.260695016591775	1.1665359099269565	0.059915252406389535	0.0760083095968712
19.297029750466734	1.1687129225869508	0.05991582865180761	0.0760083095968712
19.333364484341697	1.1708899561853994	0.059916405949767666	0.0760083095968712
19.369699218216656	1.1730670107608947	0.05991698430031153	0.0760083095968712
19.406033952091615	1.1752440863520297	0.05991756370348105	0.0760083095968712
19.442368685966578	1.1774211829973975	0.059918144159318065	0.0760083095968712
19.478703419841537	1.1795983007355901	0.05991872566786443	0.0760083095968712
19.515038153716493	1.1817754396052005	0.05991930822916197	0.0760083095968712
19.551372887591455	1.1839525996448215	0.05991989184325253	0.0760083095968712
19.587707621466414	1.1861297808930458	0.05992047651017797	0.0760083095968712
19.624042355341373	1.1883069833884659	0.05992106222998011	0.0760083095968712
19.660377089216336	1.190484207169675	0.059921649002700805	0.0760083095968712
19.696711823091295	1.1926614522752652	0.05992223682838189	0.0760083095968712
19.733046556966254	1.1948387187438296	0.05992282570706521	0.0760083095968712
19.769381290841217	1.197016006613961	0.05992341563879261	0.0760083095968712
19.805716024716176	1.1991933159242518	0.059924006623605926	0.0760083095968712
19.84205075859113	1.2013706467132947	0.059924598661547	0.0760083095968712
19.878385492466094	1.2035479990196831	0.05992519175265768	0.0760083095968712
19.914720226341053	1.2057253728820088	0.05992578589697981	0.0760083095968712
19.951054960216013	1.207902768338865	0.059926381094555226	0.0760083095968712
19.987389694090975	1.2100801854288443	0.05992697734542577	0.0760083095968712
20.023724427965934	1.2122576241905394	0.05992757464963329	0.0760083095968712
20.060059161840893	1.2144350846625431	0.05992817300721962	0.0760083095968712
20.096393895715856	1.2166125668834482	0.05992877241822661	0.0760083095968712
20.132728629590815	1.2187900708918473	0.05992937288269609	0.0760083095968712
20.16906336346577	1.2209675967263327	0.05992997440066992	0.0760083095968712
20.20539809734073	1.2231451444254977	0.059930576972189925	0.0760083095968712
20.241732831215693	1.2253227140279352	0.05993118059729796	0.0760083095968712
20.27806756509065	1.227500305572237	0.05993178527603586	0.0760083095968712
20.31440229896561	1.2296779190969966	0.05993239100844547	0.0760083095968712
20.350737032840573	1.2318555546408068	0.05993299779456863	0.0760083095968712
20.387071766715533	1.2340332122422595	0.059933605634447176	0.0760083095968712
20.423406500590488	1.236210891939948	0.05993421452812296	0.0760083095968712
20.45974123446545	1.2383885937724652	0.059934824475637825	0.0760083095968712
20.49607596834041	1.2405663177784034	0.05993543547703361	0.0760083095968712
20.53241070221537	1.2427440639963552	0.05993604753235215	0.0760083095968712
20.56874543609033	1.2449218324649138	0.059936660641635296	0.0760083095968712
20.60508016996529	1.2470996232226716	0.05993727480492489	0.0760083095968712
20.64141490384025	1.2492774363082215	0.05993789002226277	0.0760083095968712
20.677749637715213	1.2514552717601561	0.059938506293690776	0.0760083095968712
20.71408437159017	1.2536331296170682	0.05993912361925076	0.0760083095968712
20.750419105465127	1.2558110099175501	0.05993974199898455	0.0760083095968712
20.78675383934009	1.257988912700195	0.059940361432934006	0.0760083095968712
20.82308857321505	1.2601668380035957	0.05994098192114095	0.0760083095968712
20.859423307090008	1.2623447858663444	0.05994160346364724	0.0760083095968712
20.895758040964967	1.2645227563270343	0.059942226060494715	0.0760083095968712
20.93209277483993	1.266700749424258	0.059942849711725206	0.0760083095968712
20.96842750871489	1.2688787651966078	0.05994347441738057	0.0760083095968712
21.004762242589848	1.2710568036826768	0.05994410017750264	0.0760083095968712
21.04109697646481	1.2732348649210579	0.05994472699213326	0.0760083095968712
21.077431710339766	1.2754129489503434	0.05994535486131427	0.0760083095968712
21.113766444214725	1.2775910558091264	0.05994598378508752	0.0760083095968712
21.150101178089688	1.2797691855359994	0.059946613763494846	0.0760083095968712
21.186435911964647	1.2819473381695548	0.059947244796578085	0.0760083095968712
21.222770645839606	1.2841255137483856	0.059947876884379095	0.0760083095968712
21.25910537971457	1.286303712311085	0.0599485100269397	0.0760083095968712
21.295440113589528	1.2884819338962448	0.059949144224301754	0.0760083095968712
21.331774847464487	1.2906601785424585	0.05994977947650709	0.0760083095968712
21.36810958133945	1.2928384462883185	0.05995041578359756	0.0760083095968712
21.404444315214405	1.2950167371724173	0.059951053145615	0.0760083095968712
21.440779049089365	1.2971950512333479	0.05995169156260126	0.0760083095968712
21.477113782964327	1.2993733885097032	0.05995233103459817	0.0760083095968712
21.513448516839286	1.3015517490400752	0.059952971561647576	0.0760083095968712
21.549783250714245	1.3037301328630573	0.05995361314379132	0.0760083095968712
21.586117984589208	1.305908540017242	0.059954255781071254	0.0760083095968712
21.622452718464167	1.308086970541222	0.05995489947352921	0.0760083095968712
21.658787452339123	1.3102654244735898	0.05995554422120703	0.0760083095968712
21.695122186214086	1.312443901852939	0.05995619002414656	0.0760083095968712
21.731456920089045	1.3146224027178608	0.05995683688238964	0.0760083095968712
21.767791653964004	1.3168009271069492	0.05995748479597811	0.0760083095968712
21.804126387838966	1.3189794750587964	0.05995813376495381	0.0760083095968712
21.840461121713926	1.3211580466119952	0.059958783789358594	0.0760083095968712
21.876795855588885	1.3233366418051382	0.059959434869234295	0.0760083095968712
21.913130589463847	1.3255152606768186	0.05996008700462276	0.0760083095968712
21.949465323338806	1.3276939032656285	0.059960740195565826	0.0760083095968712
21.985800057213762	1.3298725696101605	0.05996139444210533	0.0760083095968712
22.022134791088725	1.3320512597490082	0.05996204974428313	0.0760083095968712
22.058469524963684	1.3342299737207635	0.05996270610214106	0.0760083095968712
22.094804258838643	1.3364087115640193	0.05996336351572096	0.0760083095968712
22.131138992713606	1.3385874733173688	0.05996402198506467	0.0760083095968712
22.167473726588565	1.340766259019404	0.05996468151021404	0.0760083095968712
22.203808460463524	1.342945068708718	0.0599653420912109	0.0760083095968712
22.240143194338486	1.3451239024239037	0.0599660037280971	0.0760083095968712
22.276477928213446	1.347302760203553	0.059966666420914486	0.0760083095968712
22.3128126620884	1.3494816420862596	0.059967330169704895	0.0760083095968712
22.349147395963364	1.3516605481106159	0.05996799497451017	0.0760083095968712
22.385482129838323	1.3538394783152143	0.05996866083537215	0.0760083095968712
22.421816863713282	1.3560184327386477	0.05996932775233269	0.0760083095968712
22.458151597588245	1.358197411419509	0.059969995725433614	0.0760083095968712
22.494486331463204	1.3603764143963906	0.059970664754716775	0.0760083095968712
22.530821065338163	1.3625554417078853	0.059971334840224017	0.0760083095968712
22.567155799213122	1.3647344933925862	0.059972005981997166	0.0760083095968712
22.603490533088085	1.3669135694890855	0.059972678180078086	0.0760083095968712
22.63982526696304	1.3690926700359762	0.059973351434508604	0.0760083095968712
22.676160000838	1.3712717950718507	0.05997402574533057	0.0760083095968712
22.712494734712962	1.3734509446353025	0.059974701112585814	0.0760083095968712
22.74882946858792	1.3756301187649234	0.059975377536316196	0.0760083095968712
22.78516420246288	1.3778093174993062	0.05997605501656355	0.0760083095968712
22.821498936337843	1.3799885408770445	0.05997673355336971	0.0760083095968712
22.857833670212802	1.38216778893673	0.05997741314677653	0.0760083095968712
22.894168404087758	1.384347061716956	0.059978093796825845	0.0760083095968712
22.93050313796272	1.3865263592563148	0.059978775503559505	0.0760083095968712
22.96683787183768	1.3887056815933998	0.059979458267019344	0.0760083095968712
23.00317260571264	1.3908850287668026	0.0599801420872472	0.0760083095968712
23.0395073395876	1.3930644008151174	0.05998082696428493	0.0760083095968712
23.07584207346256	1.3952437977769354	0.05998151289817436	0.0760083095968712
23.11217680733752	1.3974232196908503	0.05998219988895735	0.0760083095968712
23.148511541212482	1.3996026665954546	0.05998288793667573	0.0760083095968712
23.18484627508744	1.4017821385293407	0.05998357704137134	0.0760083095968712
23.221181008962397	1.4039616355311018	0.05998426720308603	0.0760083095968712
23.25751574283736	1.4061411576393303	0.059984958421861634	0.0760083095968712
23.29385047671232	1.4083207048926192	0.05998565069774	0.0760083095968712
23.330185210587278	1.4105002773295605	0.059986344030762966	0.0760083095968712
23.36651994446224	1.412679874988748	0.05998703842097238	0.0760083095968712
23.4028546783372	1.4148594979087734	0.05998773386841008	0.0760083095968712
23.43918941221216	1.41703914612823	0.05998843037311791	0.0760083095968712
23.47552414608712	1.4192188196857103	0.05998912793513771	0.0760083095968712
23.51185887996208	1.4213985186198075	0.05998982655451132	0.0760083095968712
23.548193613837036	1.4235782429691133	0.059990526231280594	0.0760083095968712
23.584528347712	1.4257579927722213	0.05999122696548736	0.0760083095968712
23.620863081586958	1.4279377680677239	0.05999192875717346	0.0760083095968712
23.657197815461917	1.4301175688942136	0.05999263160638075	0.0760083095968712
23.69353254933688	1.4322973952902838	0.05999333551315106	0.0760083095968712
23.72986728321184	1.4344772472945264	0.05999404047752623	0.0760083095968712
23.766202017086798	1.4366571249455347	0.05999474649954811	0.0760083095968712
23.80253675096176	1.4388370282819012	0.05999545357925855	0.0760083095968712
23.83887148483672	1.4410169573422185	0.05999616171669937	0.0760083095968712
23.875206218711675	1.4431969121650794	0.05999687091191243	0.0760083095968712
23.911540952586638	1.4453768927890769	0.05999758116493956	0.0760083095968712
23.947875686461597	1.447556899252803	0.05999829247582262	0.0760083095968712
23.984210420336556	1.4497369315948512	0.05999900484460343	0.0760083095968712
24.02054515421152	1.4519169898538138	0.059999718271323846	0.0760083095968712
24.056879888086478	1.454097074068284	0.06000043275602571	0.0760083095968712
24.093214621961437	1.4562771842768534	0.060001148298750855	0.0760083095968712
24.1295493558364	1.4584573205181162	0.06000186489954113	0.0760083095968712
24.165884089711355	1.4606374828306636	0.06000258255843838	0.0760083095968712
24.202218823586314	1.4628176712530894	0.060003301275484436	0.0760083095968712
24.238553557461273	1.4649978858239858	0.06000402105072115	0.0760083095968712
24.274888291336236	1.4671781265819461	0.06000474188419036	0.0760083095968712
24.311223025211195	1.4693583935655623	0.06000546377593391	0.0760083095968712
24.347557759086154	1.4715386868134277	0.060006186725993636	0.0760083095968712
24.383892492961117	1.4737190063641346	0.060006910734411396	0.0760083095968712
24.420227226836076	1.4758993522562758	0.06000763580122901	0.0760083095968712
24.45656196071103	1.4780797245284436	0.06000836192648834	0.0760083095968712
24.492896694585994	1.480260123219232	0.060009089110231215	0.0760083095968712
24.529231428460953	1.4824405483672325	0.06000981735249949	0.0760083095968712
24.565566162335912	1.4846210000110382	0.06001054665333499	0.0760083095968712
24.601900896210875	1.486801478189242	0.060011277012779564	0.0760083095968712
24.638235630085834	1.4889819829404365	0.06001200843087506	0.0760083095968712
24.674570363960793	1.491162514303214	0.06001274090766332	0.0760083095968712
24.710905097835756	1.493343072316168	0.06001347444318618	0.0760083095968712
24.747239831710715	1.4955236570178903	0.06001420903748548	0.0760083095968712
24.78357456558567	1.4977042684469744	0.06001494469060307	0.0760083095968712
24.819909299460633	1.4998849066420128	0.06001568140258079	0.0760083095968712
24.856244033335592	1.502065571641598	0.06001641917346048	0.0760083095968712
24.89257876721055	1.504246263484323	0.06001715800328398	0.0760083095968712
24.928913501085514	1.5064269822087804	0.06001789789209313	0.0760083095968712
24.965248234960473	1.5086077278535623	0.060018638839929785	0.0760083095968712
25.001582968835432	1.5107885004572625	0.06001938084683577	0.0760083095968712
25.037917702710395	1.5129693000584732	0.06002012391285295	0.0760083095968712
25.074252436585354	1.515150126695787	0.060020868038023145	0.0760083095968712
25.11058717046031	1.5173309804077968	0.060021613222388207	0.0760083095968712
25.146921904335272	1.5195118612330953	0.06002235946598997	0.0760083095968712
25.18325663821023	1.5216927692102753	0.06002310676887029	0.0760083095968712
25.21959137208519	1.523873704377929	0.060023855131070995	0.0760083095968712
25.255926105960153	1.52605466677465	0.06002460455263394	0.0760083095968712
25.292260839835112	1.5282356564390298	0.06002535503360096	0.0760083095968712
25.32859557371007	1.5304166734096625	0.060026106574013895	0.0760083095968712
25.364930307585034	1.53259771772514	0.06002685917391459	0.0760083095968712
25.40126504145999	1.5347787894240548	0.06002761283334489	0.0760083095968712
25.43759977533495	1.5369598885450002	0.06002836755234663	0.0760083095968712
25.47393450920991	1.5391410151265688	0.06002912333096166	0.0760083095968712
25.51026924308487	1.541322169207353	0.06002988016923182	0.0760083095968712
25.54660397695983	1.5435033508259457	0.06003063806719894	0.0760083095968712
25.582938710834792	1.54568456002094	0.06003139702490488	0.0760083095968712
25.61927344470975	1.5478657968309282	0.060032157042391475	0.0760083095968712
25.65560817858471	1.5500470612945025	0.060032918119700567	0.0760083095968712
25.691942912459673	1.5522283534502568	0.06003368025687399	0.0760083095968712
25.72827764633463	1.554409673336783	0.060034443453953604	0.0760083095968712
25.764612380209588	1.5565910209926739	0.06003520771098124	0.0760083095968712
25.80094711408455	1.5587723964565225	0.060035973027998735	0.0760083095968712
25.83728184795951	1.5609537997669212	0.06003673940504794	0.0760083095968712
25.87361658183447	1.5631352309624629	0.06003750684217069	0.0760083095968712
25.909951315709428	1.56531669008174	0.060038275339408836	0.0760083095968712
25.94628604958439	1.5674981771633458	0.06003904489680422	0.0760083095968712
25.98262078345935	1.5696796922458724	0.06003981551439867	0.0760083095968712
26.018955517334305	1.5718612353679133	0.06004058719223405	0.0760083095968712
26.055290251209268	1.5740428065680605	0.06004135993035218	0.0760083095968712
26.091624985084227	1.5762244058849069	0.06004213372879491	0.0760083095968712
26.127959718959186	1.5784060333570449	0.06004290858760409	0.0760083095968712
26.16429445283415	1.5805876890230683	0.06004368450682155	0.0760083095968712
26.200629186709108	1.5827693729215688	0.06004446148648914	0.0760083095968712
26.236963920584067	1.5849510850911392	0.060045239526648704	0.0760083095968712
26.27329865445903	1.5871328255703727	0.06004601862734208	0.0760083095968712
26.30963338833399	1.5893145943978615	0.060046798788611105	0.0760083095968712
26.345968122208944	1.5914963916121985	0.060047580010497634	0.0760083095968712
26.382302856083907	1.593678217251977	0.06004836229304349	0.0760083095968712
26.418637589958866	1.5958600713557884	0.06004914563629054	0.0760083095968712
26.454972323833825	1.5980419539622268	0.06004993004028061	0.0760083095968712
26.491307057708788	1.600223865109884	0.06005071550505554	0.0760083095968712
26.527641791583747	1.6024058048373533	0.06005150203065718	0.0760083095968712
26.563976525458706	1.6045877731832268	0.060052289617127365	0.0760083095968712
26.60031125933367	1.606769770186098	0.060053078264507946	0.0760083095968712
26.636645993208624	1.6089517958845585	0.060053867972840756	0.0760083095968712
26.672980727083583	1.6111338503172021	0.060054658742167644	0.0760083095968712
26.709315460958546	1.613315933522621	0.06005545057253045	0.0760083095968712
26.745650194833505	1.6154980455394081	0.06005624346397101	0.0760083095968712
26.781984928708464	1.6176801864061563	0.06005703741653118	0.0760083095968712
26.818319662583427	1.6198623561614576	0.06005783243025279	0.0760083095968712
26.854654396458386	1.6220445548439053	0.06005862850517768	0.0760083095968712
26.890989130333345	1.6242267824920917	0.060059425641347704	0.0760083095968712
26.927323864208308	1.6264090391446102	0.0600602238388047	0.0760083095968712
26.963658598083263	1.6285913248400532	0.0600610230975905	0.0760083095968712
26.999993331958223	1.6307736396170127	0.06006182341774696	0.0760083095968712
27.036328065833185	1.6329559835140828	0.06006262479931592	0.0760083095968712
27.072662799708144	1.635138356569855	0.060063427242339214	0.0760083095968712
27.108997533583103	1.6373207588229224	0.06006423074685869	0.0760083095968712
27.145332267458066	1.6395031903118782	0.06006503531291619	0.0760083095968712
27.181667001333025	1.6416856510753142	0.06006584094055355	0.0760083095968712
27.218001735207984	1.643868141151824	0.06006664762981262	0.0760083095968712
27.254336469082947	1.6460506605799998	0.060067455380735234	0.0760083095968712
27.290671202957903	1.6482332093984342	0.060068264193363245	0.0760083095968712
27.32700593683286	1.6504157876457202	0.06006907406773848	0.0760083095968712
27.363340670707824	1.6525983953604508	0.0600698850039028	0.0760083095968712
27.399675404582784	1.654781032581218	0.06007069700189804	0.0760083095968712
27.436010138457743	1.656963699346615	0.060071510061766024	0.0760083095968712
27.472344872332705	1.6591463956952348	0.060072324183548624	0.0760083095968712
27.508679606207664	1.6613291216656694	0.06007313936728766	0.0760083095968712
27.545014340082624	1.6635118772965116	0.06007395561302498	0.0760083095968712
27.58134907395758	1.6656946626263545	0.06007477292080243	0.0760083095968712
27.61768380783254	1.667877477693791	0.06007559129066185	0.0760083095968712
27.6540185417075	1.6700603225374135	0.060076410722645086	0.0760083095968712
27.69035327558246	1.6722431971958143	0.06007723121679397	0.0760083095968712
27.726688009457423	1.6744261017075868	0.060078052773150356	0.0760083095968712
27.76302274333238	1.6766090361113233	0.06007887539175608	0.0760083095968712
27.79935747720734	1.6787920004456165	0.06007969907265298	0.0760083095968712
27.835692211082304	1.6809749947490598	0.06008052381588291	0.0760083095968712
27.87202694495726	1.683158019060245	0.060081349621487694	0.0760083095968712
27.908361678832218	1.685341073417765	0.06008217648950919	0.0760083095968712
27.94469641270718	1.6875241578602131	0.06008300441998923	0.0760083095968712
27.98103114658214	1.6897072724261815	0.06008383341296967	0.0760083095968712
28.0173658804571	1.6918904171542628	0.06008466346849233	0.0760083095968712
28.05370061433206	1.6940735920830503	0.06008549458659908	0.0760083095968712
28.09003534820702	1.6962567972511362	0.060086326767331735	0.0760083095968712
28.12637008208198	1.6984400326971134	0.06008716001073215	0.0760083095968712
28.162704815956943	1.7006232984595748	0.060087994316842176	0.0760083095968712
28.199039549831898	1.7028065945771127	0.060088829685703636	0.0760083095968712
28.235374283706857	1.70498992108832	0.06008966611735839	0.0760083095968712
28.27170901758182	1.7071732780317896	0.06009050361184826	0.0760083095968712
28.30804375145678	1.7093566654461139	0.060091342169215106	0.0760083095968712
28.344378485331738	1.7115400833698855	0.060092181789500765	0.0760083095968712
28.3807132192067	1.7137235318416981	0.060093022472747074	0.0760083095968712
28.41704795308166	1.7159070109001433	0.06009386421899588	0.0760083095968712
28.45338268695662	1.718090520583814	0.06009470702828903	0.0760083095968712
28.48971742083158	1.7202740609313034	0.06009555090066835	0.0760083095968712
28.526052154706537	1.722457631981204	0.060096395836175695	0.0760083095968712
28.562386888581496	1.7246412337721082	0.06009724183485291	0.0760083095968712
28.59872162245646	1.7268248663426093	0.06009808889674183	0.0760083095968712
28.635056356331418	1.7290085297312996	0.06009893702188429	0.0760083095968712
28.671391090206377	1.7311922239767719	0.06009978621032215	0.0760083095968712
28.70772582408134	1.7333759491176188	0.06010063646209724	0.0760083095968712
28.7440605579563	1.7355597051924332	0.060101487777251404	0.0760083095968712
28.780395291831258	1.7377434922398076	0.06010234015582648	0.0760083095968712
28.81673002570622	1.7399273102983353	0.06010319359786433	0.0760083095968712
28.853064759581176	1.7421111594066083	0.06010404810340676	0.0760083095968712
28.889399493456136	1.7442950396032195	0.06010490367249565	0.0760083095968712
28.9257342273311	1.746478950926762	0.06010576030517282	0.0760083095968712
28.962068961206057	1.748662893415828	0.060106618001480115	0.0760083095968712
28.998403695081016	1.7508468671090105	0.06010747676145938	0.0760083095968712
29.03473842895598	1.7530308720449024	0.06010833658515246	0.0760083095968712
29.07107316283094	1.7552149082620958	0.06010919747260119	0.0760083095968712
29.107407896705894	1.7573989757991837	0.060110059423847416	0.0760083095968712
29.143742630580856	1.7595830746947594	0.060110922438932984	0.0760083095968712
29.180077364455816	1.761767204987415	0.060111786517899723	0.0760083095968712
29.216412098330775	1.763951366715743	0.06011265166078949	0.0760083095968712
29.252746832205734	1.7661355599183364	0.06011351786764412	0.0760083095968712
29.289081566080696	1.7683197846337884	0.060114385138505456	0.0760083095968712
29.325416299955656	1.7705040409006911	0.06011525347341534	0.0760083095968712
29.361751033830615	1.7726883287576372	0.06011612287241562	0.0760083095968712
29.398085767705577	1.7748726482432198	0.06011699333554813	0.0760083095968712
29.434420501580533	1.7770569993960312	0.06011786486285471	0.0760083095968712
29.470755235455492	1.7792413822546647	0.06011873745437721	0.0760083095968712
29.507089969330455	1.7814257968577127	0.06011961111015747	0.0760083095968712
29.543424703205414	1.7836102432437673	0.060120485830237325	0.0760083095968712
29.579759437080373	1.7857947214514227	0.06012136161465863	0.0760083095968712
29.616094170955336	1.78797923151927	0.060122238463463214	0.0760083095968712
29.652428904830295	1.7901637734859026	0.06012311637669293	0.0760083095968712
29.688763638705254	1.7923483473899133	0.060123995354389614	0.0760083095968712
29.725098372580216	1.7945329532698953	0.060124875396595105	0.0760083095968712
29.761433106455172	1.7967175911644402	0.06012575650335125	0.0760083095968712
29.79776784033013	1.7989022611121408	0.060126638674699896	0.0760083095968712
29.834102574205094	1.8010869631515911	0.06012752191068288	0.0760083095968712
29.870437308080053	1.803271697321383	0.06012840621134204	0.0760083095968712
29.906772041955012	1.8054564636601085	0.06012929157671922	0.0760083095968712
29.943106775829975	1.8076412622063618	0.06013017800685627	0.0760083095968712
29.979441509704934	1.8098260929987342	0.06013106550179502	0.0760083095968712
30.015776243579893	1.8120109560758197	0.06013195406157732	0.0760083095968712
30.052110977454856	1.8141958514762102	0.06013284368624501	0.0760083095968712
30.08844571132981	1.8163807792384983	0.06013373437583994	0.0760083095968712
30.12478044520477	1.818565739401277	0.060134626130403934	0.0760083095968712
30.161115179079733	1.8207507320031393	0.060135518949978845	0.0760083095968712
30.197449912954692	1.8229357570826776	0.06013641283460652	0.0760083095968712
30.23378464682965	1.8251208146784843	0.06013730778432879	0.0760083095968712
30.270119380704614	1.8273059048291533	0.06013820379918751	0.0760083095968712
30.306454114579573	1.829491027573276	0.06013910087922451	0.0760083095968712
30.34278884845453	1.8316761829494452	0.06013999902448164	0.0760083095968712
30.37912358232949	1.8338613709962548	0.06014089823500073	0.0760083095968712
30.41545831620445	1.8360465917522961	0.060141798510823644	0.0760083095968712
30.45179305007941	1.8382318452561623	0.0601426998519922	0.0760083095968712
30.488127783954372	1.840417131546447	0.06014360225854826	0.0760083095968712
30.52446251782933	1.8426024506617416	0.060144505730533655	0.0760083095968712
30.56079725170429	1.8447878026406395	0.060145410267990224	0.0760083095968712
30.597131985579253	1.8469731875217335	0.060146315870959824	0.0760083095968712
30.633466719454212	1.8491586053436158	0.06014722253948428	0.0760083095968712
30.669801453329168	1.85134405614488	0.060148130273605445	0.0760083095968712
30.70613618720413	1.8535295399641178	0.060149039073365156	0.0760083095968712
30.74247092107909	1.855715056839922	0.06014994893880526	0.0760083095968712
30.77880565495405	1.8579006068108863	0.06015085986996759	0.0760083095968712
30.81514038882901	1.8600861899156027	0.060151771866894	0.0760083095968712
30.85147512270397	1.862271806192664	0.060152684929626325	0.0760083095968712
30.88780985657893	1.8644574556806628	0.06015359905820641	0.0760083095968712
30.924144590453892	1.8666431384181918	0.060154514252676095	0.0760083095968712
30.96047932432885	1.8688288544438443	0.06015543051307722	0.0760083095968712
30.996814058203807	1.8710146037962119	0.06015634783945163	0.0760083095968712
31.033148792078766	1.8732003865138882	0.06015726623184117	0.0760083095968712
31.06948352595373	1.875386202635466	0.06015818569028768	0.0760083095968712
31.105818259828688	1.8775720521995378	0.060159106214832996	0.0760083095968712
31.142152993703647	1.8797579352446956	0.06016002780551896	0.0760083095968712
31.17848772757861	1.8819438518095333	0.06016095046238743	0.0760083095968712
31.21482246145357	1.8841298019326431	0.06016187418548023	0.0760083095968712
31.251157195328528	1.8863157856526174	0.06016279897483921	0.0760083095968712
31.28749192920349	1.8885018030080492	0.06016372483050622	0.0760083095968712
31.323826663078446	1.8906878540375311	0.060164651752523085	0.0760083095968712
31.360161396953405	1.892873938779656	0.06016557974093166	0.0760083095968712
31.396496130828368	1.895060057273017	0.06016650879577378	0.0760083095968712
31.432830864703327	1.8972462095562057	0.06016743891709129	0.0760083095968712
31.469165598578286	1.8994323956678159	0.06016837010492603	0.0760083095968712
31.50550033245325	1.9016186156464396	0.060169302359319846	0.0760083095968712
31.541835066328208	1.9038048695306697	0.06017023568031458	0.0760083095968712
31.578169800203163	1.9059911573590993	0.06017117006795207	0.0760083095968712
31.614504534078126	1.908177479170321	0.060172105522274165	0.0760083095968712
31.650839267953085	1.9103638350029266	0.060173042043322696	0.0760083095968712
31.687174001828044	1.9125502248955102	0.06017397963113951	0.0760083095968712
31.723508735703007	1.914736648886664	0.06017491828576646	0.0760083095968712
31.759843469577966	1.9169231070149801	0.06017585800724537	0.0760083095968712
31.796178203452925	1.9191095993190523	0.060176798795618096	0.0760083095968712
31.832512937327888	1.921296125837472	0.06017774065092647	0.0760083095968712
31.868847671202847	1.9234826866088328	0.06017868357321234	0.0760083095968712
31.905182405077802	1.9256692816717274	0.06017962756251755	0.0760083095968712
31.941517138952765	1.9278559110647486	0.06018057261888394	0.0760083095968712
31.977851872827724	1.930042574826488	0.06018151874235335	0.0760083095968712
32.01418660670269	1.93222927299554	0.06018246593296762	0.0760083095968712
32.050521340577646	1.9344160056104966	0.0601834141907686	0.0760083095968712
32.086856074452605	1.9366027727099495	0.060184363515798124	0.0760083095968712
32.123190808327564	1.9387895743324934	0.06018531390809804	0.0760083095968712
32.15952554220252	1.9409764105167193	0.060186265367710184	0.0760083095968712
32.19586027607748	1.9431632813012203	0.060187217894676404	0.0760083095968712
32.23219500995244	1.9453501867245904	0.06018817148903854	0.0760083095968712
32.26852974382741	1.9475371268254205	0.060189126150838435	0.0760083095968712
32.30486447770237	1.9497241016423041	0.06019008188011793	0.0760083095968712
32.341199211577326	1.9519111112138345	0.060191038676918864	0.0760083095968712
32.377533945452285	1.9540981555786034	0.060191996541283085	0.0760083095968712
32.413868679327244	1.956285234775204	0.06019295547325243	0.0760083095968712
32.4502034132022	1.9584723488422289	0.06019391547286875	0.0760083095968712
32.48653814707716	1.9606594978182712	0.06019487654017387	0.0760083095968712
32.52287288095212	1.9628466817419228	0.060195838675209654	0.0760083095968712
32.55920761482708	1.9650339006517772	0.06019680187801793	0.0760083095968712
32.59554234870205	1.967221154586427	0.06019776614864054	0.0760083095968712
32.631877082577006	1.9694084435844639	0.06019873148711933	0.0760083095968712
32.66821181645196	1.9715957676844824	0.060199697893496135	0.0760083095968712
32.70454655032692	1.9737831269250736	0.06020066536781281	0.0760083095968712
32.74088128420188	1.9759705213448315	0.06020163391011119	0.0760083095968712
32.77721601807684	1.9781579509823484	0.060202603520433114	0.0760083095968712
32.8135507519518	1.980345415876216	0.060203574198820435	0.0760083095968712
32.84988548582676	1.9825329160650282	0.06020454594531498	0.0760083095968712
32.88622021970172	1.9847204515873775	0.0602055187599586	0.0760083095968712
32.92255495357668	1.986908022481856	0.06020649264279314	0.0760083095968712
32.958889687451645	1.9890956287870574	0.060207467593860434	0.0760083095968712
32.9952244213266	1.9912832705415742	0.06020844361320232	0.0760083095968712
33.031559155201556	1.9934709477839978	0.06020942070086066	0.0760083095968712
33.06789388907652	1.9956586605529223	0.06021039885687728	0.0760083095968712
33.10422862295148	1.9978464088869403	0.06021137808129403	0.0760083095968712
33.14056335682644	2.000034192824644	0.060212358374152744	0.0760083095968712
33.1768980907014	2.002222012404627	0.060213339735495267	0.0760083095968712
33.21323282457636	2.0044098676654807	0.060214322165363446	0.0760083095968712
33.24956755845132	2.0065977586457984	0.06021530566379912	0.0760083095968712
33.285902292326284	2.0087856853841735	0.06021629023084413	0.0760083095968712
33.322237026201236	2.0109736479191977	0.06021727586654031	0.0760083095968712
33.358571760076195	2.013161646289464	0.06021826257092952	0.0760083095968712
33.39490649395116	2.015349680533566	0.06021925034405359	0.0760083095968712
33.43124122782612	2.017537750690095	0.06022023918595437	0.0760083095968712
33.46757596170108	2.019725856797644	0.0602212290966737	0.0760083095968712
33.50391069557604	2.021913998894807	0.060222220076253406	0.0760083095968712
33.540245429451	2.024102177020176	0.06022321212473535	0.0760083095968712
33.57658016332596	2.0262903912123424	0.06022420524216137	0.0760083095968712
33.61291489720092	2.0284786415099005	0.0602251994285733	0.0760083095968712
33.649249631075875	2.030666927951443	0.060226194684012996	0.0760083095968712
33.685584364950834	2.0328552505755617	0.060227191008522286	0.0760083095968712
33.7219190988258	2.03504360942085	0.060228188402143015	0.0760083095968712
33.75825383270076	2.037232004525901	0.06022918686491703	0.0760083095968712
33.79458856657572	2.0394204359293058	0.060230186396886175	0.0760083095968712
33.83092330045068	2.0416089036696583	0.06023118699809229	0.0760083095968712
33.86725803432564	2.0437974077855516	0.060232188668577206	0.0760083095968712
33.903592768200596	2.0459859483155776	0.06023319140838278	0.0760083095968712
33.939927502075555	2.048174525298329	0.06023419521755085	0.0760083095968712
33.976262235950514	2.0503631387723993	0.06023520009612325	0.0760083095968712
34.01259696982547	2.0525517887763804	0.06023620604414183	0.0760083095968712
34.04893170370044	2.0547404753488654	0.060237213061648434	0.0760083095968712
34.0852664375754	2.0569291985284472	0.0602382211486849	0.0760083095968712
34.12160117145036	2.059117958353718	0.06023923030529307	0.0760083095968712
34.15793590532532	2.0613067548632706	0.06024024053151479	0.0760083095968712
34.194270639200276	2.063495588095698	0.060241251827391894	0.0760083095968712
34.230605373075235	2.0656844580895926	0.06024226419296623	0.0760083095968712
34.266940106950194	2.067873364883548	0.06024327762827964	0.0760083095968712
34.30327484082515	2.070062308516156	0.06024429213337397	0.0760083095968712
34.33960957470011	2.072251289026009	0.060245307708291056	0.0760083095968712
34.37594430857507	2.0744403064517005	0.060246324353072735	0.0760083095968712
34.41227904245004	2.076629360831823	0.06024734206776086	0.0760083095968712
34.448613776325	2.0788184522049695	0.06024836085239727	0.0760083095968712
34.484948510199956	2.0810075806097323	0.060249380707023806	0.0760083095968712
34.521283244074915	2.0831967460847043	0.060250401631682306	0.0760083095968712
34.557617977949874	2.0853859486684776	0.06025142362641462	0.0760083095968712
34.593952711824834	2.087575188399646	0.06025244669126258	0.0760083095968712
34.63028744569979	2.0897644653168017	0.060253470826268044	0.0760083095968712
34.66662217957475	2.0919537794585366	0.060254496031472836	0.0760083095968712
34.70295691344971	2.094143130863445	0.06025552230691881	0.0760083095968712
34.73929164732468	2.0963325195701183	0.0602565496526478	0.0760083095968712
34.775626381199636	2.0985219456171498	0.06025757806870166	0.0760083095968712
34.811961115074595	2.1007114090431327	0.060258607555122225	0.0760083095968712
34.848295848949554	2.102900909886659	0.06025963811195133	0.0760083095968712
34.884630582824514	2.105090448186321	0.060260669739230825	0.0760083095968712
34.92096531669947	2.107280023980713	0.06026170243700255	0.0760083095968712
34.95730005057443	2.109469637308426	0.06026273620530836	0.0760083095968712
34.99363478444939	2.111659288208053	0.06026377104419007	0.0760083095968712
35.02996951832435	2.1138489767181876	0.06026480695368954	0.0760083095968712
35.066304252199316	2.116038702877422	0.060265843933848616	0.0760083095968712
35.102638986074275	2.118228466724349	0.06026688198470913	0.0760083095968712
35.13897371994923	2.1204182682975614	0.060267921106312926	0.0760083095968712
35.175308453824194	2.122608107635652	0.06026896129870185	0.0760083095968712
35.21164318769915	2.1247979847772123	0.060270002561917745	0.0760083095968712
35.24797792157411	2.126987899760837	0.06027104489600244	0.0760083095968712
35.28431265544907	2.1291778526251175	0.0602720883009978	0.0760083095968712
35.32064738932403	2.1313678434086465	0.06027313277694564	0.0760083095968712
35.35698212319899	2.1335578721500177	0.060274178323887824	0.0760083095968712
35.393316857073955	2.1357479388878233	0.060275224941866185	0.0760083095968712
35.429651590948914	2.137938043660655	0.06027627263092256	0.0760083095968712
35.46598632482387	2.1401281865071073	0.06027732139109881	0.0760083095968712
35.50232105869883	2.1423183674657715	0.060278371222436754	0.0760083095968712
35.53865579257379	2.144508586575241	0.06027942212497825	0.0760083095968712
35.57499052644875	2.1466988438741086	0.060280474098765136	0.0760083095968712
35.61132526032371	2.148889139400967	0.06028152714383925	0.0760083095968712
35.64765999419867	2.1510794731944074	0.060282581260242434	0.0760083095968712
35.68399472807363	2.153269845293025	0.060283636448016535	0.0760083095968712
35.720329461948594	2.1554602557354112	0.060284692707203394	0.0760083095968712
35.756664195823554	2.157650704560158	0.06028575003784485	0.0760083095968712
35.792998929698506	2.1598411918058598	0.060286808439982756	0.0760083095968712
35.82933366357347	2.162031717511108	0.060287867913658935	0.0760083095968712
35.86566839744843	2.164222281714496	0.060288928458915245	0.0760083095968712
35.90200313132339	2.166412884454616	0.06028999007579352	0.0760083095968712
35.93833786519835	2.1686035257700618	0.060291052764335606	0.0760083095968712
35.97467259907331	2.1707942056994245	0.06029211652458334	0.0760083095968712
36.01100733294827	2.172984924281298	0.060293181356578573	0.0760083095968712
36.04734206682323	2.175175681554274	0.060294247260363136	0.0760083095968712
36.08367680069819	2.177366477556947	0.060295314235978885	0.0760083095968712
36.120011534573145	2.1795573123279084	0.06029638228346765	0.0760083095968712
36.156346268448104	2.18174818590575	0.06029745140287127	0.0760083095968712
36.19268100232307	2.1839390983290663	0.0602985215942316	0.0760083095968712
36.22901573619803	2.18613004963645	0.060299592857590484	0.0760083095968712
36.26535047007299	2.1883210398664916	0.060300665192989746	0.0760083095968712
36.30168520394795	2.1905120690577866	0.06030173860047124	0.0760083095968712
36.33801993782291	2.1927031372489263	0.06030281308007682	0.0760083095968712
36.374354671697866	2.1948942444785033	0.060303888631848296	0.0760083095968712
36.410689405572825	2.197085390785111	0.06030496525582754	0.0760083095968712
36.447024139447784	2.199276576207341	0.06030604295205638	0.0760083095968712
36.48335887332274	2.2014678007837873	0.06030712172057666	0.0760083095968712
36.51969360719771	2.203659064553042	0.06030820156143023	0.0760083095968712
36.55602834107267	2.205850367553698	0.060309282474658915	0.0760083095968712
36.59236307494763	2.2080417098243474	0.06031036446030457	0.0760083095968712
36.62869780882259	2.210233091403584	0.060311447518409035	0.0760083095968712
36.665032542697546	2.2124245123299993	0.06031253164901416	0.0760083095968712
36.701367276572505	2.2146159726421866	0.060313616852161765	0.0760083095968712
36.737702010447464	2.216807472378739	0.060314703127893714	0.0760083095968712
36.77403674432242	2.218999011578249	0.06031579047625184	0.0760083095968712
36.81037147819738	2.2211905902793085	0.060316878897277985	0.0760083095968712
36.84670621207235	2.2233822085205115	0.06031796839101399	0.0760083095968712
36.88304094594731	2.22557386634045	0.0603190589575017	0.0760083095968712
36.91937567982227	2.2277655637777163	0.06032015059678296	0.0760083095968712
36.955710413697226	2.2299573008709044	0.060321243308899604	0.0760083095968712
36.992045147572185	2.232149077658606	0.06032233709389348	0.0760083095968712
37.028379881447144	2.2343408941794136	0.06032343195180643	0.0760083095968712
37.0647146153221	2.2365327504719206	0.06032452788268029	0.0760083095968712
37.10104934919706	2.23872464657472	0.060325624886556906	0.0760083095968712
37.13738408307202	2.240916582526403	0.06032672296347813	0.0760083095968712
37.17371881694699	2.2431085583655643	0.060327822113485786	0.0760083095968712
37.21005355082195	2.245300574130795	0.06032892233662173	0.0760083095968712
37.246388284696906	2.2474926298606888	0.0603300236329278	0.0760083095968712
37.282723018571865	2.249684725593838	0.06033112600244583	0.0760083095968712
37.319057752446824	2.2518768613688356	0.060332229445217676	0.0760083095968712
37.35539248632178	2.2540690372242733	0.060333333961285165	0.0760083095968712
37.39172722019674	2.2562612531987454	0.06033443955069016	0.0760083095968712
37.4280619540717	2.258453509330844	0.06033554621347448	0.0760083095968712
37.46439668794666	2.2606458056591605	0.060336653949679984	0.0760083095968712
37.50073142182163	2.2628381422222894	0.060337762759348504	0.0760083095968712
37.537066155696586	2.265030519058823	0.060338872642521885	0.0760083095968712
37.573400889571545	2.2672229362073533	0.060339983599241975	0.0760083095968712
37.609735623446504	2.269415393706474	0.0603410956295506	0.0760083095968712
37.64607035732146	2.2716078915947775	0.060342208733489625	0.0760083095968712
