x	chi	dchidx	s0
0.0010145134807735248	0.0	0.03647433853642503	0.03647433853642503
0.014617106437902762	0.0004961363279066514	0.03647242228359539	0.03647433853642503
0.028219699395032	0.000992223907302835	0.0364671710049402	0.03647433853642503
0.041822292352161235	0.0014882173731975003	0.036458584701186326	0.03647433853642503
0.055424885309290475	0.0019840713606032317	0.036446663372349815	0.03647433853642503
0.06902747826641971	0.0024797405045319234	0.036431407018426946	0.03647433853642503
0.08263007122354894	0.0029751794399947356	0.03641281563939905	0.03647433853642503
0.09623266418067818	0.003470342802002096	0.03639088923523253	0.03647433853642503
0.10983525713780742	0.003965185225563696	0.03636562780587886	0.03647433853642503
0.12343785009493664	0.004459661345688494	0.036337031351274564	0.03647433853642503
0.1370404430520659	0.004953725797384713	0.03630509987134124	0.03647433853642503
0.15064303600919512	0.005447333215659841	0.036269833365985556	0.03647433853642503
0.16424562896632436	0.005940438235446001	0.03623123183603175	0.03647433853642503
0.17784822192345362	0.006432995491499527	0.03618929528466425	0.03647433853642503
0.19145081488058283	0.006924959618862086	0.03614402371167736	0.03647433853642503
0.20505340783771206	0.007416285252597384	0.03609541711652672	0.03647433853642503
0.21865600079484132	0.007906927027762889	0.03604347549867197	0.03647433853642503
0.23225859375197055	0.008396839579409834	0.035988198857576745	0.03647433853642503
0.24586118670909976	0.008885977542583214	0.035929587192708716	0.03647433853642503
0.259463779666229	0.009374295552321795	0.035867640503539557	0.03647433853642503
0.27306637262335826	0.0098617482436581	0.03580235878954496	0.03647433853642503
0.2866689655804875	0.010348290251618418	0.035733742050204624	0.03647433853642503
0.3002715585376167	0.010833876211222806	0.03566179028500227	0.03647433853642503
0.31387415149474596	0.01131846075748508	0.03558650349342564	0.03647433853642503
0.3274767444518752	0.011801998525412824	0.035507881674966456	0.03647433853642503
0.3410793374090044	0.012284444150007382	0.0354259248291205	0.03647433853642503
0.3546819303661337	0.01276575226626387	0.03534063295538752	0.03647433853642503
0.36828452332326295	0.01324587750917116	0.03525200605327132	0.03647433853642503
0.3818871162803921	0.01372477451371189	0.035160044122279695	0.03647433853642503
0.3954897092375214	0.014202397914862469	0.03506474716192445	0.03647433853642503
0.40909230219465054	0.014678702347593057	0.03496611517172142	0.03647433853642503
0.4226948951517798	0.015153642446867595	0.03486414815119044	0.03647433853642503
0.43629748810890906	0.015627172847643776	0.03475884609985536	0.03647433853642503
0.4499000810660383	0.016099248184873065	0.034650209017244055	0.03647433853642503
0.4635026740231676	0.016569823093500677	0.0345382369028884	0.03647433853642503
0.4771052669802968	0.017038852208465606	0.034422929756324286	0.03647433853642503
0.490707859937426	0.017506290164700608	0.034304287577091634	0.03647433853642503
0.5043104528945552	0.0179720915971322	0.03418231036473435	0.03647433853642503
0.5179130458516845	0.018436211140680666	0.03405699811880037	0.03647433853642503
0.5315156388088137	0.018898603430260043	0.03392835083884165	0.03647433853642503
0.545118231765943	0.01935922310077815	0.03379636852441415	0.03647433853642503
0.5587208247230723	0.01981802478713656	0.03366105117507784	0.03647433853642503
0.5723234176802013	0.020274963124230612	0.033522398790396715	0.03647433853642503
0.5859260106373306	0.02072999274694941	0.03338041136993878	0.03647433853642503
0.5995286035944599	0.021183068290175824	0.03323508891327604	0.03647433853642503
0.6131311965515891	0.021634144388786473	0.03308643141998453	0.03647433853642503
0.6267337895087184	0.022083175677651765	0.0329344388896443	0.03647433853642503
0.6403363824658477	0.02253011679163586	0.0327791113218394	0.03647433853642503
0.6539389754229769	0.02297492236559667	0.0326204487161579	0.03647433853642503
0.667541568380106	0.0234175470343859	0.032458451072191884	0.03647433853642503
0.6811441613372353	0.023857945432848995	0.032293118389537454	0.03647433853642503
0.6947467542943645	0.02429607219582517	0.032124450667794714	0.03647433853642503
0.7083493472514938	0.02473188195814741	0.0319524479065678	0.03647433853642503
0.7219519402086231	0.025165329354642458	0.03177711010546484	0.03647433853642503
0.7355545331657523	0.02559636902013083	0.03159843726409799	0.03647433853642503
0.7491571261228814	0.02602495558942679	0.03141642938208341	0.03647433853642503
0.7627597190800107	0.02645104369733838	0.03123108645904129	0.03647433853642503
0.77636231203714	0.026874587978667413	0.031042408494595813	0.03647433853642503
0.7899649049942692	0.027295543068209437	0.03085039548837519	0.03647433853642503
0.8035674979513985	0.0277138636007538	0.030655047440011636	0.03647433853642503
0.8171700909085277	0.028129504211083584	0.030456364349141393	0.03647433853642503
0.830772683865657	0.028542419533975665	0.030254346215404695	0.03647433853642503
0.8443752768227861	0.02895256420420064	0.03004899303844582	0.03647433853642503
0.8579778697799155	0.02935989285652292	0.029840304817913027	0.03647433853642503
0.8715804627370446	0.02976436012570066	0.029628281553458605	0.03647433853642503
0.8851830556941738	0.030165920646485753	0.029412923244738865	0.03647433853642503
0.8987856486513032	0.030564529053623897	0.02919422989141411	0.03647433853642503
0.9123882416084323	0.030960139981854533	0.028972201493148678	0.03647433853642503
0.9259908345655616	0.031352708065910874	0.028746838049610906	0.03647433853642503
0.9395934275226908	0.03174218794051989	0.02851813956047315	0.03647433853642503
0.9531960204798201	0.03212853424040232	0.028286106025411775	0.03647433853642503
0.9667986134369493	0.032511701600272655	0.02805073744410718	0.03647433853642503
0.9804012063940785	0.03289164465483918	0.02781203381624374	0.03647433853642503
0.9940037993512078	0.033268318038803917	0.027569995141509873	0.03647433853642503
1.007606392308337	0.03364167638686265	0.02732462141959801	0.03647433853642503
1.0212089852654662	0.03401167433370496	0.02707591265020458	0.03647433853642503
1.0348115782225955	0.03437826651401414	0.026823868833030028	0.03647433853642503
1.0484141711797246	0.0347414075624673	0.02656848996777884	0.03647433853642503
1.0620167641368539	0.03510105211373529	0.026309776054159465	0.03647433853642503
1.0756193570939832	0.035457154802482724	0.02604772709188441	0.03647433853642503
1.0892219500511124	0.03580967026336798	0.02578234308067018	0.03647433853642503
1.1028245430082417	0.036158553131043186	0.025513624020237297	0.03647433853642503
1.116427135965371	0.036503758040154294	0.025241569910310284	0.03647433853642503
1.1300297289225	0.036845239625340934	0.024966180750617687	0.03647433853642503
1.1436323218796294	0.03718295252123656	0.024687456540892074	0.03647433853642503
1.1572349148367587	0.037516851362468365	0.024405397280870007	0.03647433853642503
1.1708375077938877	0.037846890783657335	0.02412000297029207	0.03647433853642503
1.184440100751017	0.03817302541941817	0.02383127360890288	0.03647433853642503
1.1980426937081463	0.03849520990435939	0.02353920919645104	0.03647433853642503
1.2116452866652756	0.03881339887308324	0.023243809732689177	0.03647433853642503
1.225247879622405	0.03912754696018575	0.022945075217373927	0.03647433853642503
1.238850472579534	0.039437608800256686	0.02264300565026596	0.03647433853642503
1.2524530655366632	0.03974353902787963	0.02233760103112992	0.03647433853642503
1.2660556584937925	0.04004529227763188	0.022028861359734506	0.03647433853642503
1.2796582514509218	0.04034282318408452	0.021716786635852404	0.03647433853642503
1.293260844408051	0.04063608638180237	0.021401376859260336	0.03647433853642503
1.3068634373651802	0.04092503650534408	0.02108263202973901	0.03647433853642503
1.3204660303223095	0.041209628189261986	0.020760552147073164	0.03647433853642503
1.3340686232794385	0.041489816068102245	0.020435137211051557	0.03647433853642503
1.347671216236568	0.041765554776404756	0.020106387221466935	0.03647433853642503
1.4478750969784258	0.04378029375976063	0.02010640425092247	0.03647433853642503
1.5480789777202835	0.0457950344170652	0.020106421506791487	0.03647433853642503
1.6482828584621414	0.04780977677988833	0.02010643899632683	0.03647433853642503
1.7484867392039989	0.04982452087979984	0.020106456726781356	0.03647433853642503
1.8486906199458568	0.051839266748369583	0.020106474705407912	0.03647433853642503
1.9488945006877143	0.0538540144171674	0.020106492939459344	0.03647433853642503
2.0490983814295722	0.05586876391776315	0.02010651143618851	0.03647433853642503
2.14930226217143	0.05788351528172666	0.020106530202848256	0.03647433853642503
2.249506142913288	0.05989826854062777	0.020106549246691433	0.03647433853642503
2.349710023655146	0.06191302372603633	0.020106568574970892	0.03647433853642503
2.4499139043970035	0.06392778086952218	0.020106588194939483	0.03647433853642503
2.550117785138861	0.06594254000265515	0.020106608113850052	0.03647433853642503
2.650321665880719	0.06795730115700511	0.020106628338955455	0.03647433853642503
2.7505255466225766	0.06997206436414188	0.020106648877508543	0.03647433853642503
2.850729427364435	0.07198682965563533	0.02010666973676216	0.03647433853642503
2.9509333081062925	0.07400159706305526	0.02010669092396916	0.03647433853642503
3.05113718884815	0.07601636661797155	0.020106712446382395	0.03647433853642503
3.1513410695900075	0.07803113835195402	0.02010673431125471	0.03647433853642503
3.2515449503318656	0.08004591229657254	0.02010675652583896	0.03647433853642503
3.3517488310737233	0.08206068848339691	0.020106779097387992	0.03647433853642503
3.451952711815581	0.08407546694399703	0.02010680203315466	0.03647433853642503
3.552156592557439	0.08609024770994268	0.02010682534039181	0.03647433853642503
3.652360473299297	0.08810503138402279	0.020106848562895182	0.03647433853642503
3.752564354041154	0.09011981740019989	0.020106872166294875	0.03647433853642503
3.852768234783012	0.0921346057764139	0.020106896168387046	0.03647433853642503
3.95297211552487	0.09414939655309468	0.02010692056920954	0.03647433853642503
4.053175996266728	0.09616418977067212	0.0201069453688002	0.03647433853642503
4.153379877008586	0.09817898546957612	0.02010697056719687	0.03647433853642503
4.253583757750444	0.10019378369023657	0.020106996164437393	0.03647433853642503
4.353787638492301	0.10220858447308336	0.020107022160559616	0.03647433853642503
4.453991519234159	0.10422338785854635	0.02010704855560138	0.03647433853642503
4.554195399976017	0.1062381938870555	0.020107075349600524	0.03647433853642503
4.6543992807178745	0.10825300259904064	0.0201071025425949	0.03647433853642503
4.754603161459732	0.11026781403493169	0.020107130134622352	0.03647433853642503
4.85480704220159	0.11228262823515853	0.020107158125720715	0.03647433853642503
4.955010922943448	0.11429744524015105	0.02010718651592784	0.03647433853642503
5.055214803685305	0.11631226509033915	0.020107215305281572	0.03647433853642503
5.155418684427163	0.11832708782615273	0.02010724449381975	0.03647433853642503
5.255622565169021	0.12034191348802165	0.020107274081580216	0.03647433853642503
5.355826445910879	0.12235674211637582	0.02010730406860082	0.03647433853642503
5.456030326652737	0.12437157375164515	0.020107334454919402	0.03647433853642503
5.556234207394594	0.12638640843425947	0.020107365240573806	0.03647433853642503
5.6564380881364515	0.12840124620464877	0.02010739642560188	0.03647433853642503
5.75664196887831	0.13041608710324284	0.02010742801004146	0.03647433853642503
5.856845849620168	0.1324309311704716	0.020107459993930394	0.03647433853642503
5.957049730362026	0.134445778446765	0.02010749237730653	0.03647433853642503
6.057253611103883	0.13646062897255287	0.020107525160207706	0.03647433853642503
6.157457491845741	0.1384754827882651	0.020107558342671764	0.03647433853642503
6.257661372587599	0.14049033993433163	0.020107591924736556	0.03647433853642503
6.357865253329457	0.1425052004511823	0.020107625906439917	0.03647433853642503
6.458069134071314	0.14452006437924703	0.020107660287819698	0.03647433853642503
6.558273014813173	0.1465349317589557	0.020107695068913738	0.03647433853642503
6.65847689555503	0.1485498026307382	0.02010773024975988	0.03647433853642503
6.758680776296889	0.15056467703502444	0.020107765830395974	0.03647433853642503
6.858884657038746	0.15257955501224424	0.020107801810859856	0.03647433853642503
6.959088537780603	0.15459443660282757	0.020107838191189376	0.03647433853642503
7.059292418522461	0.15660932184720433	0.020107874971422374	0.03647433853642503
7.159496299264319	0.15862421078580435	0.020107912151596696	0.03647433853642503
7.259700180006178	0.16063910345905758	0.020107949731750185	0.03647433853642503
7.359904060748034	0.16265399990739382	0.020107987711920683	0.03647433853642503
7.460107941489892	0.16466890017124308	0.02010802609214604	0.03647433853642503
7.560311822231751	0.1666838042910352	0.02010806487246409	0.03647433853642503
7.6605157029736075	0.1686987123072	0.020108104052912683	0.03647433853642503
7.760719583715466	0.17071362426016748	0.02010814363352966	0.03647433853642503
7.860923464457323	0.17272854019036746	0.020108183614352872	0.03647433853642503
7.9611273451991815	0.1747434601382299	0.020108223995420154	0.03647433853642503
8.06133122594104	0.1767583841441846	0.02010826477676935	0.03647433853642503
8.161535106682898	0.1787733122486615	0.02010830595843831	0.03647433853642503
8.261738987424755	0.18078824449209052	0.020108347540464876	0.03647433853642503
8.361942868166613	0.18280318091490153	0.02010838952288689	0.03647433853642503
8.46214674890847	0.18481812155752436	0.020108431905742196	0.03647433853642503
8.562350629650327	0.18683306646038897	0.020108474689068637	0.03647433853642503
8.662554510392185	0.18884801566392526	0.020108517872904057	0.03647433853642503
8.762758391134044	0.19086296920856305	0.0201085614572863	0.03647433853642503
8.862962271875903	0.1928779271347323	0.02010860544225321	0.03647433853642503
8.96316615261776	0.1948928894828629	0.020108649827842634	0.03647433853642503
9.063370033359616	0.19690785629338467	0.02010869461409241	0.03647433853642503
9.163573914101475	0.1989228276067276	0.020108739801040387	0.03647433853642503
9.263777794843332	0.20093780346332152	0.020108785388724404	0.03647433853642503
9.36398167558519	0.2029527839035963	0.020108831377182307	0.03647433853642503
9.464185556327047	0.2049677689679819	0.02010887776645194	0.03647433853642503
9.564389437068906	0.20698275869690816	0.020108924556571147	0.03647433853642503
9.664593317810764	0.20899775313080493	0.020108971747577774	0.03647433853642503
9.764797198552621	0.21101275231010222	0.02010901933950966	0.03647433853642503
9.86500107929448	0.21302775627522985	0.02010906733240465	0.03647433853642503
9.965204960036337	0.21504276506661768	0.02010911572630059	0.03647433853642503
10.065408840778195	0.21705777872469573	0.02010916452123532	0.03647433853642503
10.165612721520052	0.2190727972898937	0.02010921371724669	0.03647433853642503
10.26581660226191	0.22108782080264167	0.020109263314372537	0.03647433853642503
10.366020483003767	0.22310284930336938	0.02010931331265071	0.03647433853642503
10.466224363745626	0.22511788283250672	0.02010936371211905	0.03647433853642503
10.566428244487485	0.22713292143048375	0.0201094145128154	0.03647433853642503
10.666632125229341	0.22914796513773023	0.020109465714777605	0.03647433853642503
10.7668360059712	0.23116301399467604	0.020109517318043512	0.03647433853642503
10.867039886713057	0.23317806804175112	0.02010956932265096	0.03647433853642503
10.967243767454914	0.23519312731938535	0.020109621728637794	0.03647433853642503
11.067447648196772	0.23720819186800862	0.020109674536041858	0.03647433853642503
11.16765152893863	0.23922326172805092	0.020109727744900996	0.03647433853642503
11.267855409680488	0.24123833693994196	0.020109781355253053	0.03647433853642503
11.368059290422346	0.24325341754411167	0.02010983536713587	0.03647433853642503
11.468263171164205	0.24526850358099	0.02010988978058729	0.03647433853642503
11.568467051906062	0.24728359509100684	0.020109944595645163	0.03647433853642503
11.668670932647919	0.24929869211459205	0.020109999812347328	0.03647433853642503
11.768874813389777	0.2513137946921756	0.02011005543073163	0.03647433853642503
11.869078694131634	0.25332890286418724	0.02011011145083591	0.03647433853642503
11.969282574873493	0.255344016671057	0.020110167872698016	0.03647433853642503
12.06948645561535	0.25735913615321465	0.02011022469635579	0.03647433853642503
12.169690336357208	0.25937426135109015	0.020110281921847075	0.03647433853642503
12.269894217099067	0.26138939230511343	0.020110339549209717	0.03647433853642503
12.370098097840923	0.2634045290557143	0.020110397578481556	0.03647433853642503
12.470301978582782	0.2654196716433227	0.02011045600970044	0.03647433853642503
12.570505859324639	0.2674348201083685	0.02011051484290421	0.03647433853642503
12.670709740066497	0.26944997449128155	0.02011057407813071	0.03647433853642503
12.770913620808354	0.27146513483249185	0.020110633715417783	0.03647433853642503
12.871117501550211	0.27348030117242916	0.020110693754803278	0.03647433853642503
12.97132138229207	0.27549547355152354	0.02011075419632503	0.03647433853642503
13.071525263033926	0.27751065201020464	0.020110815040020893	0.03647433853642503
13.171729143775787	0.2795258365889027	0.020110876285928704	0.03647433853642503
13.271933024517644	0.2815410273280472	0.020110937934086307	0.03647433853642503
13.3721369052595	0.2835562242680683	0.020110999984531544	0.03647433853642503
13.472340786001357	0.28557142744939584	0.020111062437302266	0.03647433853642503
13.572544666743214	0.28758663691245967	0.020111125292436312	0.03647433853642503
13.672748547485075	0.2896018526976898	0.020111188549971525	0.03647433853642503
13.772952428226931	0.2916170748455159	0.02011125220994575	0.03647433853642503
13.87315630896879	0.29363230339636803	0.02011131627239683	0.03647433853642503
13.973360189710647	0.29564753839067603	0.020111380737362614	0.03647433853642503
14.073564070452507	0.2976627798688699	0.020111445604880936	0.03647433853642503
14.173767951194364	0.2996780278713793	0.02011151087498965	0.03647433853642503
14.27397183193622	0.30169328243863436	0.020111576547726592	0.03647433853642503
14.374175712678078	0.30370854361106475	0.02011164262312961	0.03647433853642503
14.474379593419938	0.3057238114291006	0.020111709101236545	0.03647433853642503
14.574583474161795	0.3077390859331716	0.02011177598208524	0.03647433853642503
14.674787354903652	0.3097543671637077	0.020111843265713546	0.03647433853642503
14.77499123564551	0.31176965516113886	0.0201119109521593	0.03647433853642503
14.875195116387367	0.3137849499658949	0.020111979041460348	0.03647433853642503
14.975398997129227	0.31580025161840575	0.02011204753365453	0.03647433853642503
15.075602877871084	0.3178155601591013	0.020112116428779695	0.03647433853642503
15.175806758612941	0.31983087562841134	0.020112185726873687	0.03647433853642503
15.276010639354798	0.32184619806676584	0.020112255427974346	0.03647433853642503
15.376214520096658	0.3238615275145948	0.020112325532119515	0.03647433853642503
15.476418400838515	0.32587686401232796	0.020112396039347044	0.03647433853642503
15.576622281580372	0.3278922076003952	0.020112466949694773	0.03647433853642503
15.67682616232223	0.3299075583192265	0.020112538263200544	0.03647433853642503
15.777030043064087	0.33192291620925174	0.0201126099799022	0.03647433853642503
15.877233923805948	0.3339382813109008	0.020112682099837593	0.03647433853642503
15.977437804547804	0.3359536536646035	0.020112754623044557	0.03647433853642503
16.077641685289663	0.33796903331078987	0.02011282754956094	0.03647433853642503
16.177845566031518	0.3399844202898896	0.020112900879424588	0.03647433853642503
16.278049446773377	0.34199981464233287	0.02011297461267334	0.03647433853642503
16.378253327515235	0.3440152164085493	0.020113048749345042	0.03647433853642503
16.478457208257094	0.34603062562896897	0.02011312328947754	0.03647433853642503
16.57866108899895	0.3480460423440216	0.020113198233108674	0.03647433853642503
16.678864969740808	0.35006146659413717	0.02011327358027629	0.03647433853642503
16.779068850482666	0.3520768984197456	0.020113349331018233	0.03647433853642503
16.879272731224525	0.35409233786127675	0.020113425485372344	0.03647433853642503
16.979476611966383	0.3561077849591605	0.020113502043376464	0.03647433853642503
17.07968049270824	0.3581232397538267	0.020113579005068445	0.03647433853642503
17.179884373450097	0.3601387022857053	0.020113656370486125	0.03647433853642503
17.280088254191956	0.3621541725952264	0.02011373413966735	0.03647433853642503
17.380292134933814	0.3641696507228194	0.02011381231264996	0.03647433853642503
17.48049601567567	0.3661851367089146	0.020113890889471804	0.03647433853642503
17.580699896417528	0.36820063059394176	0.020113969870170723	0.03647433853642503
17.680903777159386	0.37021613241833073	0.02011404925478456	0.03647433853642503
17.781107657901245	0.37223164222251154	0.02011412904335116	0.03647433853642503
17.8813115386431	0.3742471600469139	0.02011420923590837	0.03647433853642503
17.98151541938496	0.3762626859319677	0.02011428983249403	0.03647433853642503
18.081719300126817	0.37827821991810295	0.02011437083314598	0.03647433853642503
18.181923180868672	0.38029376204574955	0.02011445223790207	0.03647433853642503
18.282127061610534	0.3823093123553374	0.020114534046800144	0.03647433853642503
18.38233094235239	0.3843248708872963	0.02011461625987804	0.03647433853642503
18.482534823094248	0.3863404376820561	0.02011469887717361	0.03647433853642503
18.582738703836103	0.38835601278004683	0.020114781898724687	0.03647433853642503
18.68294258457796	0.39037159622169826	0.020114865324569124	0.03647433853642503
18.78314646531982	0.39238718804744044	0.020114949154744762	0.03647433853642503
18.88335034606168	0.39440278829770314	0.020115033389289445	0.03647433853642503
18.983554226803538	0.39641839701291626	0.020115118028241015	0.03647433853642503
19.083758107545393	0.39843401423350966	0.02011520307163732	0.03647433853642503
19.183961988287255	0.40044963999991334	0.020115288519516196	0.03647433853642503
19.28416586902911	0.402465274352557	0.020115374371915493	0.03647433853642503
19.38436974977097	0.4044809173318708	0.020115460628873056	0.03647433853642503
19.484573630512823	0.4064965689782844	0.020115547290426725	0.03647433853642503
19.584777511254682	0.4085122293322278	0.020115634356614343	0.03647433853642503
19.68498139199654	0.4105278984341309	0.020115721827473756	0.03647433853642503
19.7851852727384	0.41254357632442357	0.02011580970304281	0.03647433853642503
19.885389153480258	0.41455926304353563	0.020115897983359343	0.03647433853642503
19.985593034222113	0.41657495863189703	0.020115986668461202	0.03647433853642503
20.08579691496397	0.4185906631299377	0.020116075758386233	0.03647433853642503
20.18600079570583	0.42060637657808764	0.020116165253172277	0.03647433853642503
20.28620467644769	0.4226220990167764	0.020116255152857178	0.03647433853642503
20.386408557189544	0.42463783048643405	0.020116345457478778	0.03647433853642503
20.486612437931402	0.4266535710274906	0.020116436167074925	0.03647433853642503
20.58681631867326	0.4286693206803758	0.02011652728168346	0.03647433853642503
20.68702019941512	0.43068507948551965	0.020116618801342228	0.03647433853642503
20.787224080156978	0.43270084748335186	0.02011671072608907	0.03647433853642503
20.887427960898833	0.43471662471430245	0.02011680305596183	0.03647433853642503
20.98763184164069	0.4367324112188013	0.02011689579099836	0.03647433853642503
21.08783572238255	0.43874820703727835	0.020116988931236493	0.03647433853642503
21.18803960312441	0.4407640122101635	0.02011708247671408	0.03647433853642503
21.288243483866264	0.44277982677788635	0.02011717642746896	0.03647433853642503
21.388447364608123	0.44479565078087724	0.02011727078353898	0.03647433853642503
21.48865124534998	0.44681148425956574	0.02011736554496198	0.03647433853642503
21.58885512609184	0.44882732725438185	0.02011746071177581	0.03647433853642503
21.6890590068337	0.45084317980575545	0.020117556284018307	0.03647433853642503
21.789262887575553	0.4528590419541164	0.02011765226172732	0.03647433853642503
21.889466768317412	0.4548749137398947	0.02011774864494069	0.03647433853642503
21.989670649059267	0.45689079520352005	0.02011784543369626	0.03647433853642503
22.08987452980113	0.45890668638542254	0.020117942628031876	0.03647433853642503
22.190078410542984	0.4609225873260319	0.02011804022798538	0.03647433853642503
22.290282291284843	0.4629384980657782	0.02011813823359462	0.03647433853642503
22.3904861720267	0.4649544186450912	0.020118236644897435	0.03647433853642503
22.49069005276856	0.46697034910440083	0.020118335461931668	0.03647433853642503
22.59089393351042	0.46898628948413695	0.020118434684735165	0.03647433853642503
22.691097814252274	0.4710022398247295	0.020118534313345773	0.03647433853642503
22.791301694994132	0.4730182001666082	0.02011863434780133	0.03647433853642503
22.891505575735987	0.47503417055020325	0.020118734788139685	0.03647433853642503
22.99170945647785	0.4770501510159444	0.020118835634398678	0.03647433853642503
23.091913337219705	0.4790661416042614	0.020118936886616152	0.03647433853642503
23.192117217961563	0.4810821423555843	0.020119038544829954	0.03647433853642503
23.29232109870342	0.4830981533103429	0.020119140609077924	0.03647433853642503
23.392524979445277	0.48511417450896716	0.02011924307939791	0.03647433853642503
23.49272886018714	0.487130205991887	0.020119345955827758	0.03647433853642503
23.592932740928994	0.48914624779953225	0.020119449238405303	0.03647433853642503
23.693136621670853	0.49116229997233274	0.020119552927168393	0.03647433853642503
23.793340502412708	0.4931783625507185	0.020119657022154874	0.03647433853642503
23.893544383154566	0.49519443557511933	0.02011976152340259	0.03647433853642503
23.993748263896425	0.49721051908596525	0.02011986643094938	0.03647433853642503
24.093952144638283	0.49922661312368594	0.02011997174483309	0.03647433853642503
24.194156025380142	0.5012427177287113	0.020120077465091566	0.03647433853642503
24.294359906121997	0.5032588329414714	0.02012018359176265	0.03647433853642503
24.39456378686386	0.5052749588023961	0.020120290124884185	0.03647433853642503
24.494767667605714	0.5072910953519152	0.02012039706449402	0.03647433853642503
24.594971548347573	0.5093072426304587	0.02012050441062999	0.03647433853642503
24.695175429089428	0.5113234006784563	0.020120612163329943	0.03647433853642503
24.795379309831286	0.5133395695363381	0.020120720322631725	0.03647433853642503
24.895583190573145	0.515355749244534	0.020120828888573177	0.03647433853642503
24.995787071315004	0.517371939938244	0.020120937862227663	0.03647433853642503
25.095990952056862	0.5193881533373567	0.020121047370744972	0.03647433853642503
25.196194832798717	0.5214043775899423	0.02012115728370038	0.03647433853642503
25.296398713540576	0.5234206127372633	0.02012126760110996	0.03647433853642503
25.39660259428243	0.5254368588205819	0.020121378322989797	0.03647433853642503
25.49680647502429	0.5274531158811604	0.02012148944935597	0.03647433853642503
25.597010355766148	0.5294693839602611	0.020121600980224558	0.03647433853642503
25.697214236508003	0.5314856630991465	0.020121712915611642	0.03647433853642503
25.797418117249862	0.5335019533390786	0.020121825255533306	0.03647433853642503
25.897621997991724	0.5355182547213201	0.020121938000005626	0.03647433853642503
25.997825878733583	0.5375345672871329	0.02012205114904468	0.03647433853642503
26.098029759475438	0.5395508910777794	0.020122164702666555	0.03647433853642503
26.198233640217296	0.5415672261345221	0.020122278660887328	0.03647433853642503
26.29843752095915	0.5435835724986232	0.02012239302372308	0.03647433853642503
26.39864140170101	0.545599930211345	0.02012250779118989	0.03647433853642503
26.49884528244287	0.5476162993139497	0.02012262296330384	0.03647433853642503
26.599049163184723	0.5496326798476998	0.020122738540081005	0.03647433853642503
26.699253043926582	0.5516490718538575	0.020122854521537475	0.03647433853642503
26.799456924668444	0.5536654753736853	0.02012297090768932	0.03647433853642503
26.899660805410303	0.5556818904484452	0.02012308769855263	0.03647433853642503
26.999864686152158	0.5576983171193995	0.020123204894143477	0.03647433853642503
27.100068566894016	0.5597147554278108	0.020123322494477947	0.03647433853642503
27.20027244763587	0.5617312054149413	0.020123440499572116	0.03647433853642503
27.30047632837773	0.5637476671220532	0.020123558909442067	0.03647433853642503
27.40068020911959	0.5657641405904087	0.02012367772410388	0.03647433853642503
27.50088408986145	0.5677806258612705	0.020123796943573635	0.03647433853642503
27.601087970603306	0.5697971229759007	0.02012391656786741	0.03647433853642503
27.701291851345164	0.5718136319755615	0.02012403659700129	0.03647433853642503
27.801495732087023	0.5738301529015153	0.020124157030991352	0.03647433853642503
27.901699612828878	0.5758466857950244	0.020124277869853678	0.03647433853642503
28.001903493570737	0.5778632306973511	0.020124399113604346	0.03647433853642503
28.10210737431259	0.5798797876497577	0.020124520762259436	0.03647433853642503
28.20231125505445	0.5818963566935066	0.020124642815835033	0.03647433853642503
28.30251513579631	0.58391293786986	0.020124765274347214	0.03647433853642503
28.402719016538164	0.5859295312200802	0.020124888137812057	0.03647433853642503
28.502922897280026	0.5879461367854297	0.02012501140624565	0.03647433853642503
28.603126778021885	0.5899627546071705	0.020125135079664062	0.03647433853642503
28.703330658763743	0.5919793847265651	0.020125259158083383	0.03647433853642503
28.8035345395056	0.5939960271848758	0.02012538364151969	0.03647433853642503
28.903738420247457	0.5960126820233648	0.020125508529989063	0.03647433853642503
29.003942300989312	0.5980293492832945	0.020125633823507582	0.03647433853642503
29.10414618173117	0.6000460290059272	0.020125759522091325	0.03647433853642503
29.20435006247303	0.6020627212325252	0.020125885625756377	0.03647433853642503
29.304553943214884	0.6040794260043508	0.02012601213451882	0.03647433853642503
29.404757823956746	0.6060961433626665	0.020126139048394723	0.03647433853642503
29.504961704698605	0.6081128733487342	0.02012626636740018	0.03647433853642503
29.605165585440464	0.6101296160038164	0.020126394091551262	0.03647433853642503
29.70536946618232	0.6121463713691755	0.020126522220864054	0.03647433853642503
29.805573346924177	0.6141631394860738	0.020126650755354632	0.03647433853642503
29.905777227666032	0.6161799203957734	0.020126779695039083	0.03647433853642503
30.00598110840789	0.6181967141395368	0.02012690903993348	0.03647433853642503
30.10618498914975	0.6202135207586263	0.020127038790053908	0.03647433853642503
30.206388869891605	0.6222303402943041	0.020127168945416444	0.03647433853642503
30.306592750633463	0.6242471727878327	0.020127299506037172	0.03647433853642503
30.406796631375325	0.6262640182804744	0.020127430471932172	0.03647433853642503
30.507000512117184	0.6282808768134911	0.020127561843117522	0.03647433853642503
30.60720439285904	0.6302977484281456	0.0201276936196093	0.03647433853642503
30.707408273600898	0.6323146331656998	0.020127825801423593	0.03647433853642503
30.807612154342753	0.6343315310674162	0.020127958388576474	0.03647433853642503
30.90781603508461	0.6363484421745573	0.02012809138108403	0.03647433853642503
31.00801991582647	0.6383653665283852	0.02012822477896234	0.03647433853642503
31.108223796568325	0.6403823041701621	0.020128358582227477	0.03647433853642503
31.208427677310183	0.6423992551411505	0.02012849279089553	0.03647433853642503
31.308631558052046	0.6444162194826127	0.020128627404982575	0.03647433853642503
31.408835438793904	0.6464331972358109	0.020128762424504697	0.03647433853642503
31.50903931953576	0.6484501884420075	0.02012889784947797	0.03647433853642503
31.609243200277618	0.6504671931424647	0.020129033679918477	0.03647433853642503
31.709447081019473	0.6524842113784449	0.020129169915842297	0.03647433853642503
31.80965096176133	0.6545012431912104	0.020129306557265515	0.03647433853642503
31.90985484250319	0.6565182886220234	0.020129443604204204	0.03647433853642503
32.010058723245045	0.6585353477121464	0.02012958105667445	0.03647433853642503
32.110262603986904	0.6605524205028416	0.02012971891469233	0.03647433853642503
32.21046648472876	0.6625695070353712	0.020129857178273928	0.03647433853642503
32.31067036547062	0.6645866073509977	0.02012999584743532	0.03647433853642503
32.41087424621248	0.6666037214909833	0.02013013492219259	0.03647433853642503
32.51107812695434	0.6686208494965904	0.020130274402561817	0.03647433853642503
32.6112820076962	0.6706379914090811	0.020130414288559082	0.03647433853642503
32.711485888438055	0.6726551472697179	0.020130554580200462	0.03647433853642503
32.81168976917991	0.674672317119763	0.02013069527750204	0.03647433853642503
32.911893649921765	0.6766895010004789	0.020130836380479897	0.03647433853642503
33.012097530663624	0.6787066989531276	0.02013097788915011	0.03647433853642503
33.11230141140548	0.6807239110189716	0.020131119803528764	0.03647433853642503
33.21250529214734	0.6827411372392733	0.020131262123631935	0.03647433853642503
33.3127091728892	0.6847583776552948	0.020131404849475704	0.03647433853642503
33.41291305363106	0.6867756323082985	0.020131547981076154	0.03647433853642503
33.51311693437292	0.6887929012395466	0.020131691518449363	0.03647433853642503
33.613320815114776	0.6908101844903016	0.020131835461611413	0.03647433853642503
33.71352469585663	0.6928274821018258	0.020131979810578383	0.03647433853642503
33.813728576598486	0.6948447941153812	0.020132124565366352	0.03647433853642503
33.913932457340344	0.6968621205722305	0.020132269725991404	0.03647433853642503
34.0141363380822	0.6988794615136358	0.020132415292469615	0.03647433853642503
34.11434021882406	0.7008968169808594	0.020132561264817068	0.03647433853642503
34.21454409956592	0.7029141870151638	0.020132707643049846	0.03647433853642503
34.31474798030778	0.7049315716578111	0.020132854427184023	0.03647433853642503
34.41495186104964	0.7069489709500635	0.02013300161723568	0.03647433853642503
34.515155741791496	0.7089663849331835	0.020133149213220902	0.03647433853642503
34.61535962253335	0.7109838136484334	0.020133297215155766	0.03647433853642503
34.715563503275206	0.7130012571370756	0.020133445623056356	0.03647433853642503
34.815767384017065	0.7150187154403721	0.020133594436938747	0.03647433853642503
34.91597126475892	0.7170361885995855	0.020133743656819022	0.03647433853642503
35.01617514550078	0.7190536766559781	0.020133893282713262	0.03647433853642503
35.11637902624264	0.721071179650812	0.020134043314637546	0.03647433853642503
35.2165829069845	0.7230886976253497	0.020134193752607953	0.03647433853642503
35.31678678772636	0.7251062306208533	0.020134344596640565	0.03647433853642503
35.416990668468216	0.7271237786785852	0.020134495846751466	0.03647433853642503
35.51719454921007	0.7291413418398078	0.020134647502956727	0.03647433853642503
35.617398429951926	0.7311589201457834	0.02013479956527244	0.03647433853642503
35.717602310693785	0.7331765136377743	0.020134952033714675	0.03647433853642503
35.81780619143564	0.7351941223570426	0.020135104908299516	0.03647433853642503
35.9180100721775	0.7372117463448509	0.020135258189043045	0.03647433853642503
36.01821395291935	0.7392293856424612	0.02013541187596134	0.03647433853642503
36.11841783366122	0.7412470402911363	0.020135565969070485	0.03647433853642503
36.21862171440308	0.7432647103321379	0.020135720468386555	0.03647433853642503
36.318825595144936	0.7452823958067287	0.020135875373925635	0.03647433853642503
36.41902947588679	0.7473000967561709	0.020136030685703802	0.03647433853642503
36.51923335662865	0.7493178132217269	0.020136186403737138	0.03647433853642503
36.619437237370505	0.7513355452446587	0.020136342528041723	0.03647433853642503
36.719641118112364	0.753353292866229	0.020136499058633635	0.03647433853642503
36.81984499885422	0.7553710561276998	0.020136655995528958	0.03647433853642503
36.920048879596074	0.7573888350703335	0.02013681333874377	0.03647433853642503
37.02025276033794	0.7594066297353927	0.020136971088294153	0.03647433853642503
37.1204566410798	0.7614244401641392	0.020137129244196184	0.03647433853642503
37.22066052182166	0.7634422663978357	0.02013728780646595	0.03647433853642503
37.32086440256351	0.7654601084777444	0.020137446775119524	0.03647433853642503
37.42106828330537	0.7674779664451274	0.020137606150172987	0.03647433853642503
37.521272164047225	0.7694958403412473	0.020137765931642425	0.03647433853642503
37.621476044789084	0.7715137302073662	0.020137926119543913	0.03647433853642503
37.72167992553094	0.7735316360847465	0.020138086713893534	0.03647433853642503
37.821883806272794	0.7755495580146505	0.020138247714707364	0.03647433853642503
37.92208768701465	0.7775674960383407	0.02013840912200149	0.03647433853642503
38.02229156775652	0.7795854501970791	0.02013857093579199	0.03647433853642503
38.12249544849838	0.7816034205321282	0.02013873315609494	0.03647433853642503
38.22269932924023	0.78362140708475	0.020138895782926425	0.03647433853642503
38.32290320998209	0.7856394098962072	0.020139058816302523	0.03647433853642503
38.423107090723946	0.7876574290077618	0.020139222256239316	0.03647433853642503
38.523310971465804	0.7896754644606764	0.020139386102752885	0.03647433853642503
38.62351485220766	0.7916935162962131	0.020139550355859306	0.03647433853642503
38.723718732949514	0.7937115845556342	0.020139715015574662	0.03647433853642503
38.82392261369137	0.7957296692802022	0.020139880081915036	0.03647433853642503
38.92412649443324	0.7977477705111793	0.020140045554896503	0.03647433853642503
39.0243303751751	0.7997658882898276	0.020140211434535146	0.03647433853642503
39.12453425591695	0.8017840226574098	0.020140377720847046	0.03647433853642503
39.22473813665881	0.8038021736551878	0.020140544413848282	0.03647433853642503
39.324942017400666	0.8058203413244241	0.020140711513554937	0.03647433853642503
39.425145898142524	0.8078385257063811	0.020140879019983085	0.03647433853642503
39.52534977888438	0.8098567268423211	0.020141046933148814	0.03647433853642503
39.625553659626235	0.8118749447735063	0.0201412152530682	0.03647433853642503
39.72575754036809	0.813893179541199	0.020141383979757323	0.03647433853642503
39.82596142110995	0.8159114311866614	0.020141553113232263	0.03647433853642503
39.92616530185182	0.8179296997511561	0.020141722653509102	0.03647433853642503
40.02636918259367	0.8199479852759453	0.02014189260060392	0.03647433853642503
40.12657306333553	0.8219662878022911	0.0201420629545328	0.03647433853642503
40.226776944077386	0.8239846073714561	0.020142233715311816	0.03647433853642503
40.326980824819245	0.8260029440247024	0.02014240488295705	0.03647433853642503
40.4271847055611	0.8280212978032925	0.020142576457484587	0.03647433853642503
40.527388586302955	0.8300396687484883	0.020142748438910507	0.03647433853642503
40.62759246704481	0.8320580569015528	0.020142920827250884	0.03647433853642503
40.72779634778667	0.8340764623037475	0.020143093622521802	0.03647433853642503
40.82800022852854	0.8360948849963354	0.020143266824739343	0.03647433853642503
40.92820410927039	0.8381133250205786	0.020143440433919583	0.03647433853642503
41.02840799001225	0.840131782417739	0.020143614450078607	0.03647433853642503
41.128611870754106	0.8421502572290795	0.020143788873232493	0.03647433853642503
41.228815751495965	0.844168749495862	0.020143963703397317	0.03647433853642503
41.329019632237824	0.8461872592593489	0.020144138940589168	0.03647433853642503
41.429223512979675	0.8482057865608026	0.020144314584824123	0.03647433853642503
41.529427393721534	0.8502243314414855	0.020144490636118256	0.03647433853642503
41.62963127446339	0.8522428939426596	0.02014466709448766	0.03647433853642503
41.72983515520526	0.8542614741055876	0.0201448439599484	0.03647433853642503
41.83003903594711	0.8562800719715313	0.02014502123251657	0.03647433853642503
41.93024291668897	0.8582986875817534	0.020145198912208243	0.03647433853642503
42.03044679743083	0.8603173209775161	0.0201453769990395	0.03647433853642503
42.130650678172685	0.8623359722000816	0.02014555549302642	0.03647433853642503
42.230854558914544	0.8643546412907124	0.02014573439418509	0.03647433853642503
42.331058439656395	0.8663733282906707	0.02014591370253158	0.03647433853642503
42.431262320398254	0.8683920332412189	0.02014609341808198	0.03647433853642503
42.53146620114011	0.8704107561836192	0.020146273540852366	0.03647433853642503
42.63167008188197	0.8724294971591338	0.020146454070858816	0.03647433853642503
42.73187396262383	0.8744482562090253	0.020146635008117416	0.03647433853642503
42.83207784336569	0.8764670333745558	0.02014681635264424	0.03647433853642503
42.93228172410755	0.8784858286969877	0.020146998104455374	0.03647433853642503
43.032485604849406	0.8805046422175832	0.020147180263566895	0.03647433853642503
43.132689485591264	0.8825234739776047	0.02014736282999488	0.03647433853642503
43.232893366333116	0.8845423240183145	0.02014754580375542	0.03647433853642503
43.333097247074974	0.8865611923809747	0.020147729184864585	0.03647433853642503
43.43330112781683	0.888580079106848	0.02014791297333846	0.03647433853642503
43.53350500855869	0.8905989842371964	0.02014809716919312	0.03647433853642503
43.63370888930055	0.8926179078132825	0.020148281772444654	0.03647433853642503
43.73391277004241	0.8946368498763683	0.020148466783109137	0.03647433853642503
43.83411665078427	0.8966558104677163	0.020148652201202648	0.03647433853642503
43.934320531526126	0.8986747896285885	0.02014883802674127	0.03647433853642503
44.03452441226798	0.9006937874002475	0.020149024259741084	0.03647433853642503
44.134728293009836	0.9027128038239556	0.02014921090021817	0.03647433853642503
44.234932173751695	0.9047318389409751	0.020149397948188607	0.03647433853642503
44.33513605449355	0.9067508927925682	0.020149585403668475	0.03647433853642503
44.43533993523541	0.9087699654199972	0.020149773266673852	0.03647433853642503
44.53554381597727	0.9107890568645246	0.020149961537220824	0.03647433853642503
44.63574769671913	0.9128081671674125	0.020150150215325468	0.03647433853642503
44.73595157746099	0.9148272963699233	0.020150339301003864	0.03647433853642503
44.836155458202846	0.9168464445133193	0.020150528794272093	0.03647433853642503
44.9363593389447	0.9188656116388627	0.020150718695146234	0.03647433853642503
45.036563219686556	0.9208847977878161	0.020150909003642373	0.03647433853642503
45.136767100428415	0.9229040030014415	0.02015109971977658	0.03647433853642503
45.23697098117027	0.9249232273210013	0.020151290843564946	0.03647433853642503
45.33717486191213	0.9269424707877578	0.020151482375023545	0.03647433853642503
45.43737874265398	0.9289617334429734	0.020151674314168457	0.03647433853642503
45.53758262339585	0.9309810153279106	0.020151866661015767	0.03647433853642503
45.63778650413771	0.933000316483831	0.02015205941558155	0.03647433853642503
45.737990384879566	0.9350196369519976	0.02015225257788189	0.03647433853642503
45.83819426562142	0.9370389767736724	0.020152446147932865	0.03647433853642503
45.93839814636328	0.9390583359901177	0.020152640125750555	0.03647433853642503
46.038602027105135	0.9410777146425959	0.020152834511351043	0.03647433853642503
46.138805907846994	0.9430971127723693	0.02015302930475041	0.03647433853642503
46.23900978858885	0.9451165304207003	0.020153224505964733	0.03647433853642503
46.339213669330704	0.9471359676288509	0.02015342011501009	0.03647433853642503
46.43941755007256	0.9491554244380838	0.020153616131902568	0.03647433853642503
46.53962143081443	0.9511749008896611	0.020153812556658244	0.03647433853642503
46.63982531155629	0.953194397024845	0.0201540093892932	0.03647433853642503
46.74002919229814	0.955213912884898	0.02015420662982351	0.03647433853642503
46.84023307304	0.9572334485110823	0.020154404278265262	0.03647433853642503
46.940436953781855	0.9592530039446602	0.020154602334634533	0.03647433853642503
47.040640834523714	0.961272579226894	0.020154800798947402	0.03647433853642503
47.14084471526557	0.9632921743990461	0.02015499967121995	0.03647433853642503
47.241048596007424	0.9653117895023788	0.02015519895146826	0.03647433853642503
47.34125247674928	0.9673314245781544	0.02015539863970841	0.03647433853642503
47.44145635749115	0.9693510796676352	0.02015559873595648	0.03647433853642503
47.54166023823301	0.9713707548120836	0.020155799240228554	0.03647433853642503
47.64186411897486	0.9733904500527615	0.020156000152540706	0.03647433853642503
47.74206799971672	0.9754101654309315	0.02015620147290902	0.03647433853642503
47.842271880458576	0.9774299009878561	0.02015640320134958	0.03647433853642503
47.942475761200434	0.9794496567647972	0.020156605337878455	0.03647433853642503
48.04267964194229	0.9814694328030175	0.020156807882511736	0.03647433853642503
48.142883522684144	0.983489229143779	0.020157010835265502	0.03647433853642503
48.243087403426	0.9855090458283442	0.020157214196155827	0.03647433853642503
48.34329128416786	0.9875288828979752	0.020157417965198796	0.03647433853642503
48.44349516490973	0.9895487403939347	0.020157622142410493	0.03647433853642503
48.54369904565158	0.9915686183574847	0.02015782672780699	0.03647433853642503
48.64390292639344	0.9935885168298875	0.02015803172140437	0.03647433853642503
48.744106807135296	0.9956084358524053	0.02015823712321872	0.03647433853642503
48.844310687877154	0.9976283754663007	0.02015844293326611	0.03647433853642503
48.94451456861901	0.999648335712836	0.020158649151562624	0.03647433853642503
49.044718449360865	1.0016683166332732	0.020158855778124346	0.03647433853642503
49.14492233010272	1.0036883182688747	0.020159062812967355	0.03647433853642503
49.24512621084458	1.0057083406609033	0.02015927025610773	0.03647433853642503
49.34533009158645	1.0077283838506208	0.020159478107561548	0.03647433853642503
49.4455339723283	1.0097484478792893	0.020159686367344894	0.03647433853642503
49.54573785307016	1.0117685327881718	0.020159895035473847	0.03647433853642503
49.645941733812016	1.01378863861853	0.020160104111964488	0.03647433853642503
49.746145614553875	1.0158087654116263	0.020160313596832895	0.03647433853642503
49.84634949529573	1.0178289132087235	0.02016052349009515	0.03647433853642503
49.946553376037585	1.019849082051083	0.020160733791767336	0.03647433853642503
50.04675725677944	1.0218692719799682	0.020160944501865525	0.03647433853642503
50.1469611375213	1.0238894830366405	0.020161155620405807	0.03647433853642503
50.24716501826316	1.025909715262363	0.020161367147404255	0.03647433853642503
50.34736889900502	1.0279299686983974	0.020161579082876954	0.03647433853642503
50.44757277974688	1.029950243386006	0.020161791426839982	0.03647433853642503
50.547776660488736	1.0319705393664516	0.020162004179309422	0.03647433853642503
50.647980541230595	1.033990856680996	0.02016221734030135	0.03647433853642503
50.748184421972454	1.036011195370902	0.020162430909831847	0.03647433853642503
50.848388302714305	1.0380315554774309	0.020162644887916997	0.03647433853642503
50.948592183456164	1.0400519370418462	0.02016285927457288	0.03647433853642503
51.04879606419802	1.0420723401054097	0.02016307406981557	0.03647433853642503
51.14899994493988	1.0440927647093838	0.020163289273661154	0.03647433853642503
51.24920382568174	1.0461132108950304	0.02016350488612571	0.03647433853642503
51.34940770642359	1.0481336787036126	0.020163720907225315	0.03647433853642503
51.44961158716545	1.050154168176392	0.020163937336976055	0.03647433853642503
51.54981546790731	1.0521746793546312	0.02016415417539401	0.03647433853642503
51.65001934864917	1.0541952122795926	0.020164371422495254	0.03647433853642503
51.750223229391025	1.0562157669925383	0.020164589078295873	0.03647433853642503
51.85042711013288	1.0582363435347304	0.020164807142811946	0.03647433853642503
51.950630990874735	1.060256941947432	0.020165025616059554	0.03647433853642503
52.050834871616594	1.0622775622719043	0.020165244498054773	0.03647433853642503
52.15103875235846	1.0642982045494107	0.02016546378881369	0.03647433853642503
52.25124263310032	1.066318868821213	0.02016568348835238	0.03647433853642503
52.35144651384218	1.0683395551285733	0.020165903596686924	0.03647433853642503
52.451650394584036	1.0703602635127543	0.020166124113833405	0.03647433853642503
52.551854275325894	1.0723809940150177	0.020166345039807902	0.03647433853642503
52.652058156067746	1.0744017466766267	0.020166566374626497	0.03647433853642503
52.752262036809604	1.076422521538843	0.020166788118305266	0.03647433853642503
52.85246591755146	1.078443318642929	0.02016701027086029	0.03647433853642503
52.95266979829332	1.0804641380301472	0.020167232832307654	0.03647433853642503
53.05287367903518	1.0824849797417597	0.020167455802663433	0.03647433853642503
53.15307755977703	1.084505843819029	0.02016767918194371	0.03647433853642503
53.25328144051889	1.0865267303032171	0.020167902970164565	0.03647433853642503
53.35348532126075	1.0885476392355864	0.02016812716734208	0.03647433853642503
53.45368920200261	1.0905685706573993	0.02016835177349233	0.03647433853642503
53.553893082744466	1.0925895246099184	0.0201685767886314	0.03647433853642503
53.65409696348633	1.0946105011344056	0.02016880221277537	0.03647433853642503
53.75430084422819	1.0966315002721232	0.02016902804594032	0.03647433853642503
53.85450472497005	1.098652522064334	0.020169254288142327	0.03647433853642503
53.9547086057119	1.1006735665522993	0.020169480939397477	0.03647433853642503
54.05491248645376	1.1026946337772823	0.020169707999721842	0.03647433853642503
54.15511636719562	1.1047157237805452	0.02016993546913151	0.03647433853642503
54.255320247937476	1.1067368366033499	0.020170163347642562	0.03647433853642503
54.355524128679335	1.1087579722869592	0.02017039163527107	0.03647433853642503
54.455728009421186	1.1107791308726351	0.020170620332033123	0.03647433853642503
54.555931890163045	1.1128003124016397	0.020170849437944796	0.03647433853642503
54.6561357709049	1.114821516915236	0.020171078953022174	0.03647433853642503
54.75633965164676	1.1168427444546856	0.02017130887728133	0.03647433853642503
54.85654353238862	1.1188639950612513	0.02017153921073835	0.03647433853642503
54.95674741313047	1.120885268776195	0.020171769953409312	0.03647433853642503
55.05695129387233	1.1229065656407793	0.0201720011053103	0.03647433853642503
55.15715517461419	1.1249278856962666	0.020172232666457388	0.03647433853642503
55.25735905535605	1.1269492289839187	0.02017246463686666	0.03647433853642503
55.35756293609791	1.1289705955449985	0.0201726970165542	0.03647433853642503
55.45776681683976	1.1309919854207677	0.02017292980553608	0.03647433853642503
55.55797069758163	1.1330133986524895	0.020173163003828386	0.03647433853642503
55.65817457832349	1.1350348352814252	0.020173396611447198	0.03647433853642503
55.75837845906534	1.1370562953488377	0.020173630628408594	0.03647433853642503
55.8585823398072	1.1390777788959892	0.020173865054728655	0.03647433853642503
55.95878622054906	1.1410992859641418	0.02017409989042346	0.03647433853642503
56.05899010129092	1.1431208165945579	0.020174335135509095	0.03647433853642503
56.159193982032775	1.1451423708285002	0.020174570790001636	0.03647433853642503
56.25939786277463	1.1471639487072305	0.020174806853917163	0.03647433853642503
56.359601743516485	1.1491855502720112	0.020175043327271755	0.03647433853642503
56.459805624258344	1.151207175564105	0.020175280210081498	0.03647433853642503
56.5600095050002	1.1532288246247737	0.020175517502362465	0.03647433853642503
56.66021338574206	1.1552504974952797	0.02017575520413074	0.03647433853642503
56.76041726648391	1.157272194216886	0.020175993315402405	0.03647433853642503
56.86062114722577	1.1592939148308536	0.020176231836193537	0.03647433853642503
56.96082502796763	1.1613156593784462	0.02017647076652022	0.03647433853642503
57.06102890870949	1.1633374279009248	0.02017671010639853	0.03647433853642503
57.16123278945135	1.1653592204395529	0.02017694985584455	0.03647433853642503
57.2614366701932	1.167381037035592	0.02017719001487436	0.03647433853642503
57.36164055093506	1.1694028777303047	0.02017743058350404	0.03647433853642503
57.46184443167693	1.1714247425649535	0.02017767156174967	0.03647433853642503
57.56204831241878	1.1734466315808003	0.020177912949627327	0.03647433853642503
57.66225219316064	1.1754685448191076	0.0201781547471531	0.03647433853642503
57.7624560739025	1.1774904823211374	0.02017839695434306	0.03647433853642503
57.86265995464436	1.1795124441281528	0.020178639571213294	0.03647433853642503
57.962863835386216	1.1815344302814152	0.02017888259777988	0.03647433853642503
58.06306771612807	1.1835564408221877	0.020179126034058897	0.03647433853642503
58.163271596869926	1.1855784757917318	0.020179369880066425	0.03647433853642503
58.263475477611784	1.1876005352313106	0.020179614135818546	0.03647433853642503
58.36367935835364	1.189622619182186	0.02017985880133134	0.03647433853642503
58.4638832390955	1.1916447276856201	0.02018010387662089	0.03647433853642503
58.56408711983735	1.1936668607828755	0.02018034936170327	0.03647433853642503
58.66429100057921	1.1956890185152145	0.020180595256594564	0.03647433853642503
58.76449488132107	1.1977112009238997	0.020180841561310853	0.03647433853642503
58.86469876206293	1.1997334080501925	0.020181088275868217	0.03647433853642503
58.96490264280479	1.2017556399353562	0.020181335400282736	0.03647433853642503
59.06510652354664	1.2037778966206525	0.020181582934570487	0.03647433853642503
59.1653104042885	1.205800178147344	0.020181830878747555	0.03647433853642503
59.265514285030356	1.2078224845566927	0.02018207923283002	0.03647433853642503
59.36571816577222	1.2098448158899617	0.02018232799683396	0.03647433853642503
59.46592204651408	1.2118671721884122	0.020182577170775456	0.03647433853642503
59.56612592725594	1.2138895534933072	0.020182826754670587	0.03647433853642503
59.6663298079978	1.2159119598459087	0.020183076748535436	0.03647433853642503
59.766533688739656	1.217934391287479	0.02018332715238608	0.03647433853642503
59.86673756948151	1.2199568478592808	0.020183577966238604	0.03647433853642503
59.966941450223366	1.221979329602576	0.020183829190109085	0.03647433853642503
60.067145330965225	1.2240018365586272	0.020184080824013604	0.03647433853642503
60.167349211707084	1.2260243687686967	0.02018433286796824	0.03647433853642503
60.26755309244894	1.2280469262740463	0.020184585321989076	0.03647433853642503
60.367756973190794	1.2300695091159388	0.02018483818609219	0.03647433853642503
60.46796085393265	1.2320921173356365	0.020185091460293663	0.03647433853642503
60.56816473467451	1.2341147509744017	0.020185345144609575	0.03647433853642503
60.66836861541637	1.2361374100734963	0.020185599239056006	0.03647433853642503
60.76857249615823	1.2381600946741829	0.02018585374364904	0.03647433853642503
60.86877637690008	1.2401828048177241	0.02018610865840475	0.03647433853642503
60.96898025764194	1.2422055405453816	0.02018636398333922	0.03647433853642503
61.0691841383838	1.2442283018984184	0.020186619718468538	0.03647433853642503
61.169388019125655	1.246251088918096	0.02018687586380877	0.03647433853642503
61.26959189986752	1.2482739016456779	0.020187132419376006	0.03647433853642503
61.36979578060938	1.250296740122425	0.020187389385186324	0.03647433853642503
61.46999966135124	1.2523196043896005	0.020187646761255805	0.03647433853642503
61.5702035420931	1.2543424944884662	0.020187904547600527	0.03647433853642503
61.67040742283495	1.2563654104602848	0.02018816274423657	0.03647433853642503
61.77061130357681	1.2583883523463186	0.02018842135118002	0.03647433853642503
61.870815184318666	1.2604113201878295	0.02018868036844695	0.03647433853642503
61.971019065060524	1.2624343140260805	0.020188939796053445	0.03647433853642503
62.07122294580238	1.2644573339023333	0.02018919963401558	0.03647433853642503
62.171426826544234	1.2664803798578501	0.020189459882349443	0.03647433853642503
62.27163070728609	1.268503451933894	0.020189720541071113	0.03647433853642503
62.37183458802795	1.2705265501717267	0.020189981610196663	0.03647433853642503
62.47203846876981	1.2725496746126104	0.02019024308974218	0.03647433853642503
62.57224234951167	1.274572825297808	0.02019050497972374	0.03647433853642503
62.67244623025352	1.2765960022685812	0.020190767280157427	0.03647433853642503
62.77265011099538	1.2786192055661925	0.02019102999105932	0.03647433853642503
62.87285399173724	1.2806424352319044	0.0201912931124455	0.03647433853642503
62.973057872479096	1.282665691306979	0.020191556644332045	0.03647433853642503
63.073261753220955	1.2846889738326785	0.020191820586735038	0.03647433853642503
63.17346563396282	1.286712282850266	0.020192084939670556	0.03647433853642503
63.27366951470468	1.2887356184010024	0.020192349703154682	0.03647433853642503
63.37387339544654	1.2907589805261512	0.0201926148772035	0.03647433853642503
63.47407727618839	1.2927823692669742	0.02019288046183308	0.03647433853642503
63.57428115693025	1.2948057846647338	0.02019314645705951	0.03647433853642503
63.674485037672106	1.2968292267606922	0.020193412862898868	0.03647433853642503
63.774688918413965	1.298852695596112	0.020193679679367235	0.03647433853642503
63.87489279915582	1.300876191212255	0.020193946906480693	0.03647433853642503
63.975096679897675	1.3028997136503844	0.02019421454425532	0.03647433853642503
64.07530056063953	1.3049232629517613	0.020194482592707196	0.03647433853642503
64.17550444138139	1.306946839157649	0.0201947510518524	0.03647433853642503
64.27570832212325	1.3089704423093096	0.020195019921707018	0.03647433853642503
64.37591220286511	1.3109940724480054	0.020195289202287123	0.03647433853642503
64.47611608360697	1.313017729614998	0.0201955588936088	0.03647433853642503
64.57631996434883	1.3150414138515505	0.02019582899568813	0.03647433853642503
64.67652384509068	1.317065125198925	0.02019609950854119	0.03647433853642503
64.77672772583253	1.3190888636983837	0.02019637043218406	0.03647433853642503
64.87693160657439	1.3211126293911892	0.020196641766632828	0.03647433853642503
64.97713548731625	1.3231364223186035	0.02019691351190356	0.03647433853642503
65.07733936805812	1.3251602425218896	0.020197185668012353	0.03647433853642503
65.17754324879998	1.3271840900423084	0.020197458234975273	0.03647433853642503
65.27774712954184	1.3292079649211235	0.02019773121280841	0.03647433853642503
65.3779510102837	1.3312318671995964	0.020198004601527837	0.03647433853642503
65.47815489102555	1.3332557969189898	0.02019827840114964	0.03647433853642503
65.5783587717674	1.3352797541205659	0.020198552611689898	0.03647433853642503
65.67856265250926	1.3373037388455873	0.020198827233164688	0.03647433853642503
65.77876653325112	1.3393277511353157	0.020199102265590095	0.03647433853642503
65.87897041399297	1.341351791031014	0.020199377708982197	0.03647433853642503
65.97917429473483	1.3433758585739441	0.02019965356335707	0.03647433853642503
66.07937817547669	1.3453999538053687	0.020199929828730805	0.03647433853642503
66.17958205621855	1.3474240767665497	0.020200206505119472	0.03647433853642503
66.27978593696041	1.3494482274987498	0.020200483592539155	0.03647433853642503
66.37998981770227	1.3514724060432308	0.020200761091005937	0.03647433853642503
66.48019369844413	1.3534966124412557	0.02020103900053589	0.03647433853642503
66.58039757918597	1.3555208467340862	0.020201317321145107	0.03647433853642503
66.68060145992783	1.3575451089629849	0.020201596052849657	0.03647433853642503
66.78080534066969	1.3595693991692137	0.020201875195665627	0.03647433853642503
66.88100922141155	1.3615937173940356	0.020202154749609093	0.03647433853642503
66.98121310215342	1.3636180636787127	0.02020243471469614	0.03647433853642503
67.08141698289528	1.3656424380645067	0.020202715090942843	0.03647433853642503
67.18162086363714	1.3676668405926806	0.020202995878365288	0.03647433853642503
67.281824744379	1.3696912713044964	0.02020327707697955	0.03647433853642503
67.38202862512084	1.3717157302412164	0.02020355868680171	0.03647433853642503
67.4822325058627	1.3737402174441031	0.02020384070784785	0.03647433853642503
67.58243638660456	1.3757647329544187	0.020204123140134055	0.03647433853642503
67.68264026734641	1.3777892768134254	0.020204405983676395	0.03647433853642503
67.78284414808827	1.3798138490623857	0.020204689238490958	0.03647433853642503
67.88304802883013	1.3818384497425615	0.02020497290459382	0.03647433853642503
67.98325190957199	1.383863078895216	0.020205256982001065	0.03647433853642503
68.08345579031385	1.3858877365616107	0.02020554147072877	0.03647433853642503
68.18365967105571	1.3879124227830077	0.020205826370793017	0.03647433853642503
68.28386355179757	1.3899371376006702	0.020206111682209888	0.03647433853642503
68.38406743253941	1.3919618810558598	0.020206397404995458	0.03647433853642503
68.48427131328127	1.3939866531898393	0.020206683539165816	0.03647433853642503
68.58447519402313	1.3960114540438706	0.02020697008473703	0.03647433853642503
68.68467907476499	1.398036283659216	0.020207257041725192	0.03647433853642503
68.78488295550684	1.400061142077138	0.02020754441014638	0.03647433853642503
68.88508683624872	1.4020860293388995	0.020207832190016668	0.03647433853642503
68.98529071699058	1.4041109454857614	0.02020812038135214	0.03647433853642503
69.08549459773243	1.4061358905589871	0.020208408984168875	0.03647433853642503
69.18569847847428	1.4081608645998385	0.020208697998482957	0.03647433853642503
69.28590235921614	1.4101858676495782	0.020208987424310466	0.03647433853642503
69.386106239958	1.4122108997494682	0.020209277261667477	0.03647433853642503
69.48631012069986	1.4142359609407709	0.020209567510570077	0.03647433853642503
69.58651400144171	1.4162610512647487	0.02020985817103434	0.03647433853642503
69.68671788218357	1.4182861707626637	0.02021014924307635	0.03647433853642503
69.78692176292543	1.4203113194757784	0.020210440726712187	0.03647433853642503
69.88712564366729	1.422336497445355	0.020210732621957928	0.03647433853642503
69.98732952440915	1.424361704712656	0.02021102492882966	0.03647433853642503
70.087533405151	1.4263869413189432	0.02021131764734346	0.03647433853642503
70.18773728589285	1.4284122073054797	0.020211610777515404	0.03647433853642503
70.28794116663471	1.4304375027135272	0.020211904319361578	0.03647433853642503
70.38814504737657	1.4324628275843483	0.02021219827289806	0.03647433853642503
70.48834892811843	1.4344881819592048	0.02021249263814093	0.03647433853642503
70.58855280886029	1.4365135658793597	0.020212787415106268	0.03647433853642503
70.68875668960214	1.438538979386075	0.02021308260381016	0.03647433853642503
70.78896057034402	1.4405644225206131	0.020213378204268675	0.03647433853642503
70.88916445108588	1.442589895324236	0.020213674216497904	0.03647433853642503
70.98936833182772	1.4446153978382066	0.02021397064051392	0.03647433853642503
71.08957221256958	1.4466409301037866	0.02021426747633281	0.03647433853642503
71.18977609331144	1.4486664921622385	0.020214564723970648	0.03647433853642503
71.2899799740533	1.4506920840548245	0.02021486238344352	0.03647433853642503
71.39018385479515	1.4527177058228073	0.0202151604547675	0.03647433853642503
71.49038773553701	1.4547433575074487	0.020215458937958675	0.03647433853642503
71.59059161627887	1.4567690391500117	0.02021575783303312	0.03647433853642503
71.69079549702073	1.4587947507917578	0.020216057140006915	0.03647433853642503
71.79099937776259	1.4608204924739496	0.020216356858896143	0.03647433853642503
71.89120325850445	1.4628462642378497	0.020216656989716888	0.03647433853642503
71.99140713924629	1.46487206612472	0.02021695753248522	0.03647433853642503
72.09161101998815	1.4668978981758234	0.02021725848721723	0.03647433853642503
72.19181490073001	1.4689237604324215	0.02021755985392899	0.03647433853642503
72.29201878147187	1.4709496529357768	0.020217861632636586	0.03647433853642503
72.39222266221373	1.472975575727152	0.020218163823356096	0.03647433853642503
72.49242654295558	1.4750015288478089	0.0202184664261036	0.03647433853642503
72.59263042369744	1.4770275123390104	0.020218769440895182	0.03647433853642503
72.69283430443932	1.4790535262420184	0.020219072867746914	0.03647433853642503
72.79303818518116	1.4810795705980948	0.020219376706674886	0.03647433853642503
72.89324206592302	1.4831056454485028	0.02021968095769517	0.03647433853642503
72.99344594666488	1.4851317508345039	0.020219985620823853	0.03647433853642503
73.09364982740674	1.4871578867973612	0.02022029069607701	0.03647433853642503
73.1938537081486	1.489184053378336	0.020220596183470725	0.03647433853642503
73.29405758889045	1.4912102506186917	0.020220902083021075	0.03647433853642503
73.39426146963231	1.4932364785596897	0.020221208394744145	0.03647433853642503
73.49446535037417	1.495262737242593	0.020221515118656008	0.03647433853642503
73.59466923111603	1.4972890267086636	0.020221822254772752	0.03647433853642503
73.69487311185789	1.4993153469991638	0.020222129803110455	0.03647433853642503
73.79507699259973	1.5013416981553558	0.020222437763685194	0.03647433853642503
73.89528087334159	1.503368080218502	0.02022274613651305	0.03647433853642503
73.99548475408345	1.5053944932298648	0.02022305492161011	0.03647433853642503
74.09568863482531	1.5074209372307066	0.020223364118992445	0.03647433853642503
74.19589251556717	1.5094474122622894	0.02022367372867614	0.03647433853642503
74.29609639630903	1.5114739183658754	0.020223983750677278	0.03647433853642503
74.39630027705088	1.5135004555827276	0.020224294185011933	0.03647433853642503
74.49650415779274	1.5155270239541077	0.02022460503169619	0.03647433853642503
74.5967080385346	1.5175536235212785	0.020224916290746128	0.03647433853642503
74.69691191927646	1.5195802543255015	0.020225227962177825	0.03647433853642503
74.79711580001832	1.5216069164080395	0.020225540046007365	0.03647433853642503
74.89731968076018	1.523633609810155	0.020225852542250827	0.03647433853642503
74.99752356150204	1.5256603345731103	0.020226165450924292	0.03647433853642503
75.0977274422439	1.527687090738167	0.020226478772043834	0.03647433853642503
75.19793132298575	1.5297138783465885	0.020226792505625542	0.03647433853642503
75.29813520372761	1.531740697439636	0.020227106651685492	0.03647433853642503
75.39833908446947	1.5337675480585724	0.020227421210239765	0.03647433853642503
75.49854296521133	1.53579443024466	0.020227736181304443	0.03647433853642503
75.59874684595317	1.5378213440391613	0.020228051564895603	0.03647433853642503
75.69895072669503	1.5398482894833383	0.02022836736102933	0.03647433853642503
75.79915460743689	1.5418752666184532	0.020228683569721698	0.03647433853642503
75.89935848817875	1.543902275485768	0.02022900019098879	0.03647433853642503
75.9995623689206	1.5459293161265464	0.02022931722484669	0.03647433853642503
76.09976624966247	1.5479563885820493	0.02022963467131147	0.03647433853642503
76.19997013040432	1.5499834928935394	0.02022995253039922	0.03647433853642503
76.30017401114618	1.5520106291022793	0.020230270802126013	0.03647433853642503
76.40037789188804	1.554037797249531	0.020230589486507935	0.03647433853642503
76.5005817726299	1.5560649973765575	0.020230908583561063	0.03647433853642503
76.60078565337176	1.5580922295246196	0.020231228093301475	0.03647433853642503
76.70098953411362	1.5601194937349807	0.020231548015745254	0.03647433853642503
76.80119341485548	1.5621467900489034	0.020231868350908483	0.03647433853642503
76.90139729559733	1.5641741185076494	0.020232189098807238	0.03647433853642503
77.0016011763392	1.5662014791524808	0.0202325102594576	0.03647433853642503
77.10180505708105	1.5682288720246604	0.02023283183287565	0.03647433853642503
77.20200893782291	1.5702562971654506	0.02023315381907747	0.03647433853642503
77.30221281856477	1.5722837546161132	0.02023347621807914	0.03647433853642503
77.40241669930661	1.5743112444179106	0.020233799029896735	0.03647433853642503
77.50262058004847	1.5763387666121056	0.02023412225454634	0.03647433853642503
77.60282446079033	1.5783663212399603	0.020234445892044036	0.03647433853642503
77.70302834153219	1.580393908342737	0.0202347699424059	0.03647433853642503
77.80323222227405	1.5824215279616975	0.020235094405648017	0.03647433853642503
77.9034361030159	1.5844491801381042	0.020235419281786463	0.03647433853642503
78.00363998375776	1.5864768649132204	0.02023574457083732	0.03647433853642503
78.10384386449962	1.5885045823283077	0.020236070272816667	0.03647433853642503
78.20404774524148	1.5905323324246279	0.020236396387740586	0.03647433853642503
78.30425162598334	1.5925601152434443	0.020236722915625158	0.03647433853642503
78.4044555067252	1.5945879308260187	0.02023704985648646	0.03647433853642503
78.50465938746706	1.5966157792136135	0.020237377210340576	0.03647433853642503
78.60486326820892	1.598643660447491	0.020237704977203584	0.03647433853642503
78.70506714895077	1.600671574568913	0.02023803315709156	0.03647433853642503
78.80527102969263	1.6026995216191424	0.020238361750020598	0.03647433853642503
78.90547491043449	1.6047275016394416	0.020238690756006764	0.03647433853642503
79.00567879117635	1.6067555146710726	0.020239020175066142	0.03647433853642503
79.10588267191821	1.608783560755298	0.02023935000721482	0.03647433853642503
79.20608655266005	1.6108116399333796	0.020239680252468865	0.03647433853642503
79.30629043340191	1.6128397522465798	0.020240010910844368	0.03647433853642503
79.40649431414377	1.6148678977361617	0.02024034198235741	0.03647433853642503
79.50669819488563	1.6168960764433868	0.020240673467024062	0.03647433853642503
79.60690207562749	1.6189242884095174	0.02024100536486041	0.03647433853642503
79.70710595636935	1.620952533675816	0.020241337675882536	0.03647433853642503
79.8073098371112	1.6229808122835454	0.020241670400106514	0.03647433853642503
79.90751371785306	1.625009124273967	0.02024200353754843	0.03647433853642503
80.00771759859492	1.6270374696883438	0.020242337088224364	0.03647433853642503
80.10792147933678	1.629065848567938	0.020242671052150395	0.03647433853642503
80.20812536007864	1.6310942609540113	0.020243005429342605	0.03647433853642503
80.3083292408205	1.6331227068878267	0.02024334021981707	0.03647433853642503
80.40853312156236	1.6351511864106465	0.020243675423589874	0.03647433853642503
80.50873700230422	1.6371796995637329	0.020244011040677093	0.03647433853642503
80.60894088304607	1.6392082463883475	0.020244347071094813	0.03647433853642503
80.70914476378793	1.6412368269257538	0.020244683514859113	0.03647433853642503
80.80934864452979	1.643265441217213	0.02024502037198607	0.03647433853642503
80.90955252527165	1.645294089303988	0.020245357642491767	0.03647433853642503
81.0097564060135	1.6473227712273415	0.020245695326392282	0.03647433853642503
81.10996028675535	1.6493514870285346	0.0202460334237037	0.03647433853642503
81.21016416749721	1.6513802367488308	0.020246371934442096	0.03647433853642503
81.31036804823907	1.6534090204294922	0.020246710858623552	0.03647433853642503
81.41057192898093	1.6554378381117805	0.02024705019626415	0.03647433853642503
81.51077580972279	1.657466689836958	0.02024738994737997	0.03647433853642503
81.61097969046465	1.6594955756462881	0.020247730111987088	0.03647433853642503
81.7111835712065	1.6615244955810322	0.02024807069010159	0.03647433853642503
81.81138745194836	1.6635534496824524	0.020248411681739555	0.03647433853642503
81.91159133269022	1.6655824379918118	0.02024875308691706	0.03647433853642503
82.01179521343207	1.667611460550372	0.02024909490565019	0.03647433853642503
82.11199909417394	1.6696405173993965	0.02024943713795502	0.03647433853642503
82.2122029749158	1.6716696085801455	0.020249779783847635	0.03647433853642503
82.31240685565766	1.673698734133883	0.020250122843344112	0.03647433853642503
82.41261073639951	1.675727894101871	0.020250466316460537	0.03647433853642503
82.51281461714137	1.6777570885253716	0.020250810203212982	0.03647433853642503
82.61301849788323	1.6797863174456467	0.02025115450361753	0.03647433853642503
82.71322237862509	1.681815580903959	0.020251499217690268	0.03647433853642503
82.81342625936693	1.6838448789415716	0.020251844345447266	0.03647433853642503
82.9136301401088	1.6858742115997454	0.02025218988690461	0.03647433853642503
83.01383402085065	1.6879035789197436	0.02025253584207838	0.03647433853642503
83.11403790159251	1.689932980942828	0.020252882210984657	0.03647433853642503
83.21424178233437	1.6919624177102617	0.02025322899363952	0.03647433853642503
83.31444566307623	1.6939918892633061	0.020253576190059047	0.03647433853642503
83.41464954381809	1.696021395643224	0.020253923800259324	0.03647433853642503
83.51485342455994	1.6980509368912777	0.020254271824256428	0.03647433853642503
83.6150573053018	1.7000805130487295	0.020254620262066435	0.03647433853642503
83.71526118604366	1.702110124156841	0.02025496911370543	0.03647433853642503
83.8154650667855	1.7041397702568757	0.020255318379189497	0.03647433853642503
83.91566894752737	1.7061694513900951	0.020255668058534713	0.03647433853642503
84.01587282826924	1.7081991675977624	0.020256018151757153	0.03647433853642503
84.1160767090111	1.7102289189211382	0.020256368658872904	0.03647433853642503
84.21628058975296	1.7122587054014868	0.020256719579898042	0.03647433853642503
84.31648447049481	1.7142885270800687	0.020257070914848654	0.03647433853642503
84.41668835123667	1.7163183839981477	0.02025742266374081	0.03647433853642503
84.51689223197853	1.718348276196985	0.0202577748265906	0.03647433853642503
84.61709611272038	1.7203782037178437	0.020258127403414098	0.03647433853642503
84.71729999346223	1.7224081666019857	0.020258480394227386	0.03647433853642503
84.81750387420409	1.7244381648906733	0.020258833799046548	0.03647433853642503
84.91770775494595	1.7264681986251689	0.02025918761788766	0.03647433853642503
85.01791163568781	1.728498267846735	0.0202595418507668	0.03647433853642503
85.11811551642967	1.7305283725966336	0.020259896497700054	0.03647433853642503
85.21831939717153	1.7325585129161274	0.0202602515587035	0.03647433853642503
85.31852327791339	1.7345886888464777	0.020260607033793218	0.03647433853642503
85.41872715865524	1.7366189004289483	0.02026096292298529	0.03647433853642503
85.5189310393971	1.7386491477048005	0.020261319226295794	0.03647433853642503
85.61913492013895	1.7406794307152964	0.02026167594374081	0.03647433853642503
85.7193388008808	1.7427097495016994	0.020262033075336423	0.03647433853642503
85.81954268162266	1.7447401041052708	0.02026239062109871	0.03647433853642503
85.91974656236454	1.7467704945672735	0.020262748581043745	0.03647433853642503
86.0199504431064	1.7488009209289697	0.02026310695518762	0.03647433853642503
86.12015432384825	1.7508313832316214	0.020263465743546406	0.03647433853642503
86.22035820459011	1.7528618815164907	0.02026382494613619	0.03647433853642503
86.32056208533197	1.7548924158248407	0.020264184562973048	0.03647433853642503
86.42076596607382	1.756922986197933	0.02026454459407306	0.03647433853642503
86.52096984681567	1.758953592677031	0.02026490503945231	0.03647433853642503
86.62117372755753	1.7609842353033955	0.020265265899126875	0.03647433853642503
86.72137760829939	1.7630149141182891	0.020265627173112838	0.03647433853642503
86.82158148904125	1.7650456291629757	0.020265988861426276	0.03647433853642503
86.92178536978311	1.7670763804787155	0.02026635096408327	0.03647433853642503
87.02198925052497	1.769107168106772	0.020266713481099905	0.03647433853642503
87.12219313126683	1.7711379920884074	0.020267076412492254	0.03647433853642503
87.22239701200868	1.773168852464884	0.0202674397582764	0.03647433853642503
87.32260089275054	1.7751997492774638	0.02026780351846843	0.03647433853642503
87.42280477349239	1.7772306825674091	0.020268167693084413	0.03647433853642503
87.52300865423425	1.7792616523759825	0.02026853228214044	0.03647433853642503
87.6232125349761	1.7812926587444462	0.020268897285652582	0.03647433853642503
87.72341641571796	1.7833237017140626	0.020269262703636923	0.03647433853642503
87.82362029645984	1.785354781326094	0.020269628536109547	0.03647433853642503
87.9238241772017	1.7873858976218027	0.02026999478308653	0.03647433853642503
88.02402805794355	1.7894170506424505	0.02027036144458395	0.03647433853642503
88.12423193868541	1.7914482404293004	0.020270728520617894	0.03647433853642503
88.22443581942726	1.793479467023614	0.020271096011204436	0.03647433853642503
88.32463970016912	1.7955107304666544	0.020271463916359662	0.03647433853642503
88.42484358091097	1.7975420307996837	0.020271832236099647	0.03647433853642503
88.52504746165283	1.7995733680639638	0.020272200970440475	0.03647433853642503
88.62525134239469	1.8016047423007575	0.020272570119398228	0.03647433853642503
88.72545522313655	1.8036361535513268	0.020272939682988978	0.03647433853642503
88.82565910387841	1.8056676018569338	0.020273309661228815	0.03647433853642503
88.92586298462027	1.807699087258841	0.02027368005413381	0.03647433853642503
89.02606686536213	1.809730609798311	0.02027405086172005	0.03647433853642503
89.12627074610398	1.8117621695166064	0.020274422084003617	0.03647433853642503
89.22647462684583	1.8137937664549884	0.020274793721000585	0.03647433853642503
89.32667850758769	1.8158254006547199	0.02027516577272704	0.03647433853642503
89.42688238832955	1.8178570721570635	0.020275538239199056	0.03647433853642503
89.5270862690714	1.8198887810032809	0.020275911120432717	0.03647433853642503
89.62729014981326	1.821920527234635	0.020276284416444103	0.03647433853642503
89.72749403055514	1.8239523108923876	0.020276658127249297	0.03647433853642503
89.827697911297	1.8259841320178016	0.020277032252864376	0.03647433853642503
89.92790179203885	1.8280159906521387	0.02027740679330542	0.03647433853642503
90.0281056727807	1.8300478868366614	0.02027778174858851	0.03647433853642503
90.12830955352256	1.8320798206126319	0.020278157118729725	0.03647433853642503
90.22851343426441	1.834111792021313	0.020278532903745147	0.03647433853642503
90.32871731500627	1.836143801103967	0.020278909103650856	0.03647433853642503
90.42892119574813	1.838175847901855	0.020279285718462936	0.03647433853642503
90.52912507648999	1.840207932456241	0.02027966274819746	0.03647433853642503
90.62932895723185	1.8422400548083862	0.020280040192870514	0.03647433853642503
90.72953283797371	1.8442722149995534	0.020280418052498174	0.03647433853642503
90.82973671871557	1.846304413071004	0.020280796327096524	0.03647433853642503
90.92994059945742	1.8483366490640014	0.020281175016681644	0.03647433853642503
91.03014448019927	1.8503689230198082	0.02028155412126961	0.03647433853642503
91.13034836094113	1.8524012349796855	0.020281933640876507	0.03647433853642503
91.23055224168299	1.8544335849848959	0.020282313575518414	0.03647433853642503
91.33075612242484	1.8564659730767024	0.020282693925211412	0.03647433853642503
91.4309600031667	1.8584983992963666	0.020283074689971578	0.03647433853642503
91.53116388390856	1.8605308636851512	0.020283455869814997	0.03647433853642503
91.63136776465043	1.8625633662843182	0.020283837464757745	0.03647433853642503
91.7315716453923	1.8645959071351301	0.020284219474815905	0.03647433853642503
91.83177552613414	1.8666284862788491	0.020284601900005556	0.03647433853642503
91.931979406876	1.8686611037567382	0.02028498474034278	0.03647433853642503
92.03218328761785	1.8706937596100586	0.020285367995843656	0.03647433853642503
92.13238716835971	1.8727264538800728	0.020285751666524264	0.03647433853642503
92.23259104910157	1.8747591866080437	0.020286135752400684	0.03647433853642503
92.33279492984343	1.8767919578352337	0.020286520253488996	0.03647433853642503
92.43299881058529	1.8788247676029042	0.020286905169805285	0.03647433853642503
92.53320269132715	1.8808576159523183	0.020287290501365626	0.03647433853642503
92.633406572069	1.8828905029247376	0.020287676248186098	0.03647433853642503
92.73361045281086	1.8849234285614256	0.020288062410282786	0.03647433853642503
92.83381433355271	1.8869563929036435	0.020288448987671768	0.03647433853642503
92.93401821429457	1.8889893959926538	0.020288835980369128	0.03647433853642503
93.03422209503643	1.8910224378697187	0.02028922338839094	0.03647433853642503
93.13442597577829	1.8930555185761015	0.020289611211753288	0.03647433853642503
93.23462985652014	1.8950886381530636	0.02028999945047225	0.03647433853642503
93.334833737262	1.8971217966418674	0.02029038810456391	0.03647433853642503
93.43503761800386	1.899154994083775	0.020290777174044344	0.03647433853642503
93.53524149874572	1.9011882305200496	0.020291166658929636	0.03647433853642503
93.63544537948758	1.9032215059919522	0.020291556559235865	0.03647433853642503
93.73564926022944	1.9052548205407462	0.02029194687497911	0.03647433853642503
93.8358531409713	1.9072881742076935	0.020292337606175454	0.03647433853642503
93.93605702171315	1.9093215670340564	0.020292728752840977	0.03647433853642503
94.03626090245501	1.9113549990610972	0.020293120314991756	0.03647433853642503
94.13646478319687	1.9133884703300783	0.020293512292643874	0.03647433853642503
94.23666866393873	1.915421980882262	0.020293904685813408	0.03647433853642503
94.33687254468059	1.9174555307589105	0.020294297494516444	0.03647433853642503
94.43707642542245	1.9194891200012867	0.02029469071876906	0.03647433853642503
94.5372803061643	1.9215227486506512	0.02029508435858733	0.03647433853642503
94.63748418690615	1.9235564167482684	0.020295478413987343	0.03647433853642503
94.73768806764801	1.9255901243353994	0.02029587288498518	0.03647433853642503
94.83789194838987	1.927623871453307	0.02029626777159691	0.03647433853642503
94.93809582913173	1.929657658143253	0.020296663073838626	0.03647433853642503
95.03829970987358	1.9316914844465	0.0202970587917264	0.03647433853642503
95.13850359061544	1.9337253504043108	0.020297454925276317	0.03647433853642503
95.2387074713573	1.9357592560579469	0.020297851474504455	0.03647433853642503
95.33891135209916	1.9377932014486707	0.020298248439426896	0.03647433853642503
95.43911523284102	1.9398271866177454	0.02029864582005972	0.03647433853642503
95.53931911358288	1.9418612116064322	0.020299043616419002	0.03647433853642503
95.63952299432474	1.9438952764559936	0.02029944182852083	0.03647433853642503
95.7397268750666	1.9459293812076925	0.02029984045638128	0.03647433853642503
95.83993075580845	1.9479635259027908	0.020300239500016432	0.03647433853642503
95.94013463655031	1.9499977105825508	0.02030063895944237	0.03647433853642503
96.04033851729217	1.9520319352882347	0.02030103883467517	0.03647433853642503
96.14054239803403	1.9540662000611055	0.020301439125730916	0.03647433853642503
96.24074627877589	1.956100504942425	0.020301839832625686	0.03647433853642503
96.34095015951773	1.9581348499734545	0.02030224095537556	0.03647433853642503
96.44115404025959	1.9601692351954583	0.020302642493996617	0.03647433853642503
96.54135792100145	1.9622036606496973	0.020303044448504944	0.03647433853642503
96.64156180174331	1.9642381263774347	0.020303446818916614	0.03647433853642503
96.74176568248517	1.9662726324199316	0.020303849605247712	0.03647433853642503
96.84196956322702	1.9683071788184514	0.020304252807514314	0.03647433853642503
96.94217344396888	1.9703417656142563	0.020304656425732502	0.03647433853642503
97.04237732471074	1.972376392848608	0.02030506045991836	0.03647433853642503
97.1425812054526	1.9744110605627694	0.020305464910087962	0.03647433853642503
97.24278508619446	1.9764457687980022	0.020305869776257392	0.03647433853642503
97.34298896693632	1.9784805175955698	0.020306275058442732	0.03647433853642503
97.44319284767818	1.980515306996733	0.020306680756660058	0.03647433853642503
97.54339672842003	1.9825501370427552	0.020307086870925452	0.03647433853642503
97.6436006091619	1.984585007774898	0.020307493401254994	0.03647433853642503
97.74380448990375	1.9866199192344247	0.02030790034766477	0.03647433853642503
97.84400837064561	1.9886548714625967	0.02030830771017085	0.03647433853642503
97.94421225138747	1.9906898645006765	0.02030871548878932	0.03647433853642503
98.04441613212933	1.9927248983899268	0.02030912368353626	0.03647433853642503
98.14462001287117	1.9947599731716097	0.02030953229442775	0.03647433853642503
98.24482389361303	1.9967950888869872	0.020309941321479875	0.03647433853642503
98.34502777435489	1.998830245577322	0.020310350764708707	0.03647433853642503
98.44523165509675	2.000865443283876	0.020310760624130328	0.03647433853642503
98.5454355358386	2.002900682047912	0.020311170899760825	0.03647433853642503
98.64563941658047	2.0049359619106917	0.02031158159161627	0.03647433853642503
98.74584329732232	2.006971282913478	0.020311992699712747	0.03647433853642503
98.84604717806418	2.009006645097533	0.020312404224066338	0.03647433853642503
98.94625105880604	2.011042048504119	0.020312816164693118	0.03647433853642503
99.0464549395479	2.013077493174498	0.020313228521609175	0.03647433853642503
99.14665882028976	2.015112979149933	0.020313641294830584	0.03647433853642503
99.24686270103162	2.017148506471686	0.020314054484373425	0.03647433853642503
99.34706658177348	2.0191840751810193	0.02031446809025378	0.03647433853642503
99.44727046251533	2.0212196853191946	0.020314882112487727	0.03647433853642503
99.54747434325719	2.023255336927475	0.020315296551091353	0.03647433853642503
99.64767822399905	2.0252910300471223	0.020315711406080728	0.03647433853642503
99.74788210474091	2.0273267647193993	0.020316126677471943	0.03647433853642503
99.84808598548277	2.029362540985568	0.02031654236528107	0.03647433853642503
99.94828986622461	2.0313983588868907	0.020316958469524193	0.03647433853642503
100.04849374696647	2.0334342184646297	0.020317374990217393	0.03647433853642503
100.14869762770833	2.0354701197600473	0.020317791927376747	0.03647433853642503
100.24890150845019	2.037506062814406	0.020318209281018337	0.03647433853642503
100.34910538919205	2.0395420476689683	0.020318627051158247	0.03647433853642503
100.4493092699339	2.041578074364996	0.020319045237812552	0.03647433853642503
100.54951315067576	2.043614142943751	0.020319463840997334	0.03647433853642503
100.64971703141762	2.0456502534464964	0.020319882860728673	0.03647433853642503
100.74992091215948	2.047686405914495	0.02032030229702265	0.03647433853642503
100.85012479290134	2.049722600389008	0.020320722149895346	0.03647433853642503
100.95032867364318	2.051758836911298	0.02032114241936284	0.03647433853642503
101.05053255438504	2.0537951155226275	0.020321563105441212	0.03647433853642503
101.15073643512692	2.055831436264259	0.020321984208146543	0.03647433853642503
101.25094031586877	2.057867799177454	0.020322405727494913	0.03647433853642503
101.35114419661063	2.059904204303476	0.020322827663502404	0.03647433853642503
101.45134807735248	2.061940651683586	0.020323250016185092	0.03647433853642503
