x	chi	dchidx	s0
0.00013929319897009753	0.0	1.6279846687402222	1.6279846687402222
0.013750726765006438	0.022159202742205987	1.6279841728558968	1.6279846687402222
0.02736216033104278	0.04431839306847296	1.6279828462502939	1.6279846687402222
0.04097359389707912	0.06647755970112589	1.6279806913621007	1.6279846687402222
0.05458502746311547	0.08863669136720288	1.627977708427673	1.6279846687402222
0.0681964610291518	0.11079577679569766	1.627973897556444	1.6279846687402222
0.08180789459518815	0.1329548047175595	1.627969258730924	1.6279846687402222
0.0954193281612245	0.15511376379900468	1.6279637918927419	1.6279846687402222
0.10903076172726084	0.1772726427103791	1.6279574970479844	1.6279846687402222
0.12264219529329717	0.19943143020234946	1.6279503741677344	1.6279846687402222
0.1362536288593335	0.22159011502361523	1.6279424232191975	1.6279846687402222
0.14986506242536987	0.24374868592083537	1.6279336441657573	1.6279846687402222
0.1634764959914062	0.26590713163862845	1.6279240369669754	1.6279846687402222
0.1770879295574425	0.28806544091957265	1.627913601578591	1.6279846687402222
0.1906993631234789	0.31022360250420583	1.6279023379525213	1.6279846687402222
0.2043107966895152	0.3323816051310251	1.627890246036861	1.6279846687402222
0.21792223025555155	0.3545394375364873	1.627877325775883	1.6279846687402222
0.23153366382158788	0.3766970884550091	1.627863577110038	1.6279846687402222
0.24514509738762422	0.39885454661896635	1.6278489999759544	1.6279846687402222
0.2587565309536606	0.4210118007586947	1.6278335943064384	1.6279846687402222
0.2723679645196969	0.4431688396024893	1.6278173600304742	1.6279846687402222
0.28597939808573325	0.465325651876605	1.6278002970732237	1.6279846687402222
0.29959083165176964	0.48748222630525584	1.6277824053560268	1.6279846687402222
0.313202265217806	0.5096385516106159	1.627763684796401	1.6279846687402222
0.3268136987838423	0.5317946165128186	1.627744135308042	1.6279846687402222
0.34042513234987865	0.5539504097299567	1.6277237568008227	1.6279846687402222
0.354036565915915	0.5761059199780831	1.6277025491807946	1.6279846687402222
0.3676479994819513	0.5982611359712098	1.6276805123501865	1.6279846687402222
0.3812594330479877	0.6204160464213089	1.6276576462074053	1.6279846687402222
0.39487086661402404	0.642570640038311	1.6276339506470356	1.6279846687402222
0.4084823001800604	0.6647249055301073	1.62760942555984	1.6279846687402222
0.4220937337460967	0.6868788316025487	1.6275840708327585	1.6279846687402222
0.43570516731213305	0.7090324069594445	1.6275578863489093	1.6279846687402222
0.4493166008781694	0.7311856203025647	1.6275308719875887	1.6279846687402222
0.4629280344442057	0.7533384603316383	1.6275030276242706	1.6279846687402222
0.47653946801024205	0.7754909157443544	1.627474353130606	1.6279846687402222
0.4901509015762784	0.7976429752363606	1.627444848374425	1.6279846687402222
0.5037623351423147	0.8197946275012655	1.6274145132197346	1.6279846687402222
0.5173737687083511	0.8419458612306362	1.6273833475267203	1.6279846687402222
0.5309852022743874	0.8640966651139996	1.6273513511517448	1.6279846687402222
0.5445966358404237	0.8862470278388425	1.627318523947349	1.6279846687402222
0.5582080694064601	0.9083969380906108	1.6272848657622516	1.6279846687402222
0.5718195029724964	0.9305463845527107	1.6272503764413493	1.6279846687402222
0.5854309365385327	0.952695355906507	1.6272150558257161	1.6279846687402222
0.5990423701045692	0.9748438408313249	1.6271789037526043	1.6279846687402222
0.6126538036706055	0.9969918280044487	1.627141920055444	1.6279846687402222
0.6262652372366418	1.0191393061011227	1.627104104563843	1.6279846687402222
0.6398766708026782	1.0412862637945497	1.6270654571035872	1.6279846687402222
0.6534881043687145	1.0634326897558941	1.6270259774966398	1.6279846687402222
0.6670995379347509	1.0855785726542773	1.626985665561142	1.6279846687402222
0.6807109715007872	1.1077239011567825	1.6269445211114137	1.6279846687402222
0.6943224050668235	1.1298686639284512	1.6269025439579512	1.6279846687402222
0.7079338386328599	1.152012849632285	1.6268597339074298	1.6279846687402222
0.7215452721988962	1.1741564469292451	1.626816090762702	1.6279846687402222
0.7351567057649325	1.1962994444782515	1.6267716143227986	1.6279846687402222
0.7487681393309689	1.218441830936185	1.6267263043829276	1.6279846687402222
0.7623795728970053	1.240583594957885	1.6266801607344754	1.6279846687402222
0.7759910064630415	1.2627247251961506	1.626633183165006	1.6279846687402222
0.789602440029078	1.2848652103017413	1.6265853714582614	1.6279846687402222
0.8032138735951142	1.307005038923375	1.6265367253941614	1.6279846687402222
0.8168253071611506	1.3291441997077302	1.6264872447488032	1.6279846687402222
0.8304367407271869	1.351282992138923	1.6264369298360728	1.6279846687402222
0.8440481742932233	1.37342239877777	1.6263855132837668	1.6279846687402222
0.8576596078592595	1.3955622025720575	1.626332451160614	1.6279846687402222
0.871271041425296	1.4177020956826343	1.6262772693554954	1.6279846687402222
0.8848824749913324	1.4398417928455056	1.626219578424242	1.6279846687402222
0.8984939085573687	1.4619810313718358	1.6261590735896363	1.6279846687402222
0.9121053421234051	1.4841195711479487	1.6260955347414128	1.6279846687402222
0.9257167756894413	1.5062571946353245	1.6260288264362566	1.6279846687402222
0.9393282092554777	1.528393706870604	1.6259588978978041	1.6279846687402222
0.952939642821514	1.5505289354655845	1.625885783016643	1.6279846687402222
0.9665510763875503	1.5726627306072227	1.6258096003503126	1.6279846687402222
0.9801625099535867	1.5947949650576336	1.6257305531233033	1.6279846687402222
0.993773943519623	1.616925534154091	1.6256489292270562	1.6279846687402222
1.0073853770856596	1.6390543558090256	1.6255651012199643	1.6279846687402222
1.0209968106516958	1.6611813705100278	1.6254795263273716	1.6279846687402222
1.0346082442177322	1.6833065413198465	1.6253927464415736	1.6279846687402222
1.0482196777837685	1.7054298538763881	1.6253053881218167	1.6279846687402222
1.0618311113498047	1.7275513163927185	1.6252181625942987	1.6279846687402222
1.0754425449158411	1.7496709596570605	1.625131865752169	1.6279846687402222
1.0890539784818773	1.771788837032797	1.6250473781555275	1.6279846687402222
1.1026654120479138	1.7939050244584682	1.624965665031426	1.6279846687402222
1.11627684561395	1.8160196204477725	1.6248877762738674	1.6279846687402222
1.1298882791799865	1.8381327460895682	1.6248148464438057	1.6279846687402222
1.1434997127460227	1.8602445450478697	1.6247480947691464	1.6279846687402222
1.1571111463120591	1.8823551835618524	1.624688825144746	1.6279846687402222
1.1707225798780954	1.9044648504458475	1.6246384261324125	1.6279846687402222
1.1843340134441318	1.9265737570893466	1.624598370960905	1.6279846687402222
1.1979454470101683	1.9486821374569991	1.6245702175259338	1.6279846687402222
1.2115568805762045	1.9707902480886121	1.6245556083901607	1.6279846687402222
1.225168314142241	1.9928983680991523	1.6245562707831984	1.6279846687402222
1.2387797477082771	2.0150067991787433	1.6245740166016114	1.6279846687402222
1.2523911812743136	2.0371158655926687	1.624610742408915	1.6279846687402222
1.2660026148403498	2.0592259141813694	1.6246684294355753	1.6279846687402222
1.2796140484063863	2.0813373143604457	1.6247491435790111	1.6279846687402222
1.2932254819724225	2.103450458120654	1.6248550354035913	1.6279846687402222
1.306836915538459	2.125565760027913	1.6249883401406362	1.6279846687402222
1.3204483491044954	2.147683657223296	1.6251513776884177	1.6279846687402222
1.3340597826705316	2.169804609423036	1.6253465526121584	1.6279846687402222
1.347671216236568	2.191929098918526	1.6255763541440331	1.6279846687402222
1.3477165223161118	2.1920027474288606	1.6255771795196001	1.6279846687402222
1.3477618283956558	2.1920763959765908	1.625578004922869	1.6279846687402222
1.3478071344751998	2.192150044561717	1.6255788303538399	1.6279846687402222
1.3478524405547438	2.19222369318424	1.6255796558125126	1.6279846687402222
1.3478977466342876	2.192297341844162	1.6255804812988877	1.6279846687402222
1.3479430527138319	2.192370990541484	1.6255813068129645	1.6279846687402222
1.3479883587933756	2.192444639276207	1.6255821323547437	1.6279846687402222
1.3480336648729196	2.1925182880483325	1.625582957924225	1.6279846687402222
1.3480789709524637	2.1925919368578617	1.6255837835214084	1.6279846687402222
1.3481242770320077	2.1926655857047956	1.6255846091462942	1.6279846687402222
1.3481695831115514	2.1927392345891357	1.6255854347988823	1.6279846687402222
1.3482148891910954	2.1928128835108835	1.6255862604791729	1.6279846687402222
1.3482601952706394	2.1928865324700397	1.6255870861871657	1.6279846687402222
1.3483055013501832	2.192960181466606	1.625587911922861	1.6279846687402222
1.3483508074297272	2.1930338305005836	1.6255887376862588	1.6279846687402222
1.3483961135092712	2.1931074795719736	1.625589563477359	1.6279846687402222
1.3484414195888152	2.193181128680777	1.6255903892961618	1.6279846687402222
1.348486725668359	2.1932547778269957	1.6255912151426672	1.6279846687402222
1.348532031747903	2.1933284270106306	1.6255920410168754	1.6279846687402222
1.348577337827447	2.193402076231683	1.6255928669187862	1.6279846687402222
1.3486226439069908	2.193475725490154	1.6255936928483996	1.6279846687402222
1.3486679499865348	2.193549374786045	1.625594518805716	1.6279846687402222
1.3487132560660788	2.1936230241193573	1.6255953447907352	1.6279846687402222
1.3487585621456228	2.1936966734900922	1.6255961708034572	1.6279846687402222
1.3488038682251666	2.1937703228982506	1.625596996843882	1.6279846687402222
1.3488491743047109	2.193843972343834	1.6255978229120098	1.6279846687402222
1.3488944803842546	2.193917621826844	1.6255986490078407	1.6279846687402222
1.3489397864637986	2.1939912713472816	1.6255994751313747	1.6279846687402222
1.3489850925433426	2.1940649209051477	1.6256003012826117	1.6279846687402222
1.3490303986228867	2.194138570500444	1.6256011274615516	1.6279846687402222
1.3490757047024304	2.194212220133171	1.625601953668195	1.6279846687402222
1.3491210107819744	2.1942858698033314	1.6256027799025414	1.6279846687402222
1.3491663168615184	2.1943595195109253	1.625603606164591	1.6279846687402222
1.3492116229410622	2.194433169255954	1.6256044324543442	1.6279846687402222
1.3492569290206062	2.1945068190384194	1.6256052587718006	1.6279846687402222
1.3493022351001502	2.194580468858322	1.6256060851169603	1.6279846687402222
1.3493475411796942	2.194654118715664	1.6256069114898235	1.6279846687402222
1.349392847259238	2.194727768610446	1.6256077378903901	1.6279846687402222
1.3494381533387823	2.194801418542669	1.6256085643186602	1.6279846687402222
1.349483459418326	2.1948750685123346	1.6256093907746338	1.6279846687402222
1.3495287654978698	2.194948718519444	1.6256102172583111	1.6279846687402222
1.349574071577414	2.1950223685639987	1.625611043769692	1.6279846687402222
1.3496193776569578	2.195096018646	1.6256118703087767	1.6279846687402222
1.3496646837365018	2.1951696687654487	1.625612696875565	1.6279846687402222
1.3497099898160458	2.1952433189223464	1.6256135234700573	1.6279846687402222
1.3497552958955898	2.195316969116694	1.625614350092253	1.6279846687402222
1.3498006019751336	2.195390619348493	1.625615176742153	1.6279846687402222
1.3498459080546776	2.195464269617745	1.6256160034197566	1.6279846687402222
1.3498912141342216	2.1955379199244507	1.6256168301250642	1.6279846687402222
1.3499365202137656	2.1956115702686114	1.6256176568580758	1.6279846687402222
1.3499818262933094	2.195685220650229	1.6256184836187915	1.6279846687402222
1.3500271323728534	2.1957588710693035	1.6256193104072112	1.6279846687402222
1.3500724384523974	2.195832521525838	1.625620137223335	1.6279846687402222
1.3501177445319412	2.1959061720198316	1.6256209640671628	1.6279846687402222
1.3501630506114854	2.1959798225512874	1.625621790938695	1.6279846687402222
1.3502083566910292	2.1960534731202053	1.6256226178379314	1.6279846687402222
1.3502536627705732	2.196127123726588	1.625623444764872	1.6279846687402222
1.3502989688501172	2.196200774370435	1.625624271719517	1.6279846687402222
1.3503442749296612	2.196274425051749	1.6256250987018666	1.6279846687402222
1.350389581009205	2.1963480757705307	1.6256259257119203	1.6279846687402222
1.350434887088749	2.1964217265267814	1.6256267527496786	1.6279846687402222
1.350480193168293	2.196495377320502	1.6256275798151414	1.6279846687402222
1.3505254992478368	2.1965690281516945	1.6256284069083087	1.6279846687402222
1.3505708053273808	2.1966426790203597	1.6256292340291805	1.6279846687402222
1.3506161114069248	2.196716329926499	1.625630061177757	1.6279846687402222
1.3506614174864688	2.196789980870113	1.6256308883540382	1.6279846687402222
1.3507067235660126	2.196863631851204	1.6256317155580242	1.6279846687402222
1.3507520296455566	2.196937282869773	1.6256325427897147	1.6279846687402222
1.3507973357251006	2.1970109339258204	1.6256333700491101	1.6279846687402222
1.3508426418046446	2.197084585019349	1.6256341973362105	1.6279846687402222
1.3508879478841884	2.197158236150358	1.6256350246510156	1.6279846687402222
1.3509332539637324	2.1972318873188503	1.625635851993526	1.6279846687402222
1.3509785600432764	2.197305538524827	1.625636679363741	1.6279846687402222
1.3510238661228202	2.1973791897682884	1.625637506761661	1.6279846687402222
1.3510691722023644	2.197452841049237	1.6256383341872862	1.6279846687402222
1.3511144782819082	2.197526492367673	1.6256391616406165	1.6279846687402222
1.3511597843614522	2.1976001437235984	1.625639989121652	1.6279846687402222
1.3512050904409962	2.197673795117014	1.6256408166303924	1.6279846687402222
1.3512503965205402	2.1977474465479214	1.6256416441668382	1.6279846687402222
1.351295702600084	2.197821098016321	1.6256424717309894	1.6279846687402222
1.351341008679628	2.197894749522215	1.6256432993228458	1.6279846687402222
1.351386314759172	2.1979684010656046	1.6256441269424076	1.6279846687402222
1.3514316208387158	2.1980420526464908	1.6256449545896747	1.6279846687402222
1.3514769269182598	2.198115704264875	1.6256457822646473	1.6279846687402222
1.3515222329978038	2.198189355920758	1.6256466099673255	1.6279846687402222
1.3515675390773478	2.1982630076141416	1.6256474376977093	1.6279846687402222
1.3516128451568916	2.198336659345027	1.6256482654557984	1.6279846687402222
1.3516581512364358	2.198410311113415	1.6256490932415932	1.6279846687402222
1.3517034573159796	2.1984839629193074	1.6256499210550936	1.6279846687402222
1.3517487633955236	2.198557614762705	1.6256507488963	1.6279846687402222
1.3517940694750676	2.198631266643609	1.6256515767652118	1.6279846687402222
1.3518393755546114	2.1987049185620213	1.6256524046618297	1.6279846687402222
1.3518846816341554	2.198778570517943	1.6256532325861532	1.6279846687402222
1.3519299877136994	2.1988522225113747	1.6256540605381826	1.6279846687402222
1.3519752937932434	2.1989258745423186	1.625654888517918	1.6279846687402222
1.3520205998727872	2.1989995266107747	1.6256557165253593	1.6279846687402222
1.3520659059523312	2.1990731787167457	1.6256565445605067	1.6279846687402222
1.3521112120318752	2.199146830860232	1.62565737262336	1.6279846687402222
1.3521565181114192	2.199220483041235	1.6256582007139195	1.6279846687402222
1.352201824190963	2.199294135259756	1.625659028832185	1.6279846687402222
1.352247130270507	2.1993677875157958	1.6256598569781568	1.6279846687402222
1.352292436350051	2.1994414398093567	1.625660685151835	1.6279846687402222
1.3523377424295948	2.1995150921404387	1.625661513353219	1.6279846687402222
1.352383048509139	2.1995887445090445	1.6256623415823097	1.6279846687402222
1.3524283545886828	2.199662396915174	1.6256631698391066	1.6279846687402222
1.3524736606682268	2.199736049358829	1.6256639981236098	1.6279846687402222
1.3525189667477708	2.199809701840011	1.6256648264358196	1.6279846687402222
1.3525642728273148	2.1998833543587213	1.6256656547757358	1.6279846687402222
1.3526095789068586	2.1999570069149605	1.6256664831433585	1.6279846687402222
1.3526548849864026	2.2000306595087302	1.625667311538688	1.6279846687402222
1.3527001910659466	2.2001043121400317	1.6256681399617239	1.6279846687402222
1.3527454971454904	2.2001779648088666	1.6256689684124663	1.6279846687402222
1.3527908032250344	2.2002516175152356	1.6256697968909155	1.6279846687402222
1.3528361093045784	2.20032527025914	1.6256706253970716	1.6279846687402222
1.3528814153841224	2.2003989230405816	1.6256714539309343	1.6279846687402222
1.3529267214636662	2.200472575859561	1.6256722824925038	1.6279846687402222
1.3529720275432102	2.2005462287160795	1.6256731110817804	1.6279846687402222
1.3530173336227542	2.2006198816101388	1.6256739396987636	1.6279846687402222
1.3530626397022982	2.2006935345417404	1.625674768343454	1.6279846687402222
1.353107945781842	2.2007671875108845	1.6256755970158514	1.6279846687402222
1.353153251861386	2.2008408405175732	1.6256764257159557	1.6279846687402222
1.35319855794093	2.2009144935618075	1.625677254443767	1.6279846687402222
1.3532438640204738	2.2009881466435885	1.6256780831992856	1.6279846687402222
1.353289170100018	2.201061799762918	1.6256789119825112	1.6279846687402222
1.3533344761795618	2.2011354529197966	1.6256797407934442	1.6279846687402222
1.3533797822591058	2.201209106114226	1.6256805696320844	1.6279846687402222
1.3534250883386498	2.201282759346207	1.6256813984984317	1.6279846687402222
1.3534703944181938	2.2013564126157417	1.6256822273924867	1.6279846687402222
1.3535157004977376	2.20143006592283	1.6256830563142488	1.6279846687402222
1.3535610065772816	2.2015037192674747	1.6256838852637183	1.6279846687402222
1.3536063126568256	2.201577372649676	1.6256847142408954	1.6279846687402222
1.3536516187363694	2.2016510260694355	1.62568554324578	1.6279846687402222
1.3536969248159134	2.2017246795267544	1.625686372278372	1.6279846687402222
1.3537422308954574	2.201798333021634	1.6256872013386718	1.6279846687402222
1.3537875369750014	2.201871986554076	1.6256880304266792	1.6279846687402222
1.3538328430545452	2.2019456401240807	1.6256888595423942	1.6279846687402222
1.3538781491340894	2.20201929373165	1.625689688685817	1.6279846687402222
1.3539234552136332	2.202092947376785	1.6256905178569476	1.6279846687402222
1.3539687612931772	2.202166601059487	1.6256913470557859	1.6279846687402222
1.3540140673727212	2.202240254779757	1.625692176282332	1.6279846687402222
1.3540593734522652	2.202313908537597	1.6256930055365861	1.6279846687402222
1.354104679531809	2.202387562333007	1.6256938348185481	1.6279846687402222
1.354149985611353	2.2024612161659896	1.6256946641282182	1.6279846687402222
1.354195291690897	2.202534870036545	1.6256954934655963	1.6279846687402222
1.3542405977704408	2.2026085239446753	1.6256963228306824	1.6279846687402222
1.3542859038499848	2.2026821778903813	1.6256971522234767	1.6279846687402222
1.3543312099295288	2.202755831873664	1.625697981643979	1.6279846687402222
1.3543765160090728	2.2028294858945254	1.6256988110921895	1.6279846687402222
1.3544218220886166	2.202903139952966	1.6256996405681083	1.6279846687402222
1.3544671281681606	2.202976794048988	1.6257004700717355	1.6279846687402222
1.3545124342477046	2.203050448182591	1.6257012996030709	1.6279846687402222
1.3545577403272484	2.203124102353778	1.6257021291621145	1.6279846687402222
1.3546030464067924	2.20319775656255	1.6257029587488667	1.6279846687402222
1.3546483524863364	2.203271410808907	1.6257037883633274	1.6279846687402222
1.3546936585658804	2.2033450650928517	1.6257046180054966	1.6279846687402222
1.3547389646454244	2.203418719414384	1.6257054476753743	1.6279846687402222
1.3547842707249684	2.2034923737735066	1.6257062773729605	1.6279846687402222
1.3548295768045122	2.2035660281702194	1.6257071070982554	1.6279846687402222
1.3548748828840562	2.203639682604525	1.625707936851259	1.6279846687402222
1.3549201889636002	2.2037133370764233	1.6257087666319714	1.6279846687402222
1.3549654950431442	2.2037869915859165	1.6257095964403923	1.6279846687402222
1.355010801122688	2.2038606461330055	1.6257104262765223	1.6279846687402222
1.355056107202232	2.2039343007176915	1.6257112561403608	1.6279846687402222
1.355101413281776	2.2040079553399763	1.6257120860319085	1.6279846687402222
1.3551467193613198	2.2040816099998604	1.625712915951165	1.6279846687402222
1.3551920254408638	2.2041552646973455	1.6257137458981303	1.6279846687402222
1.3552373315204078	2.2042289194324325	1.6257145758728049	1.6279846687402222
1.3552826375999518	2.204302574205123	1.6257154058751884	1.6279846687402222
1.3553279436794956	2.2043762290154185	1.625716235905281	1.6279846687402222
1.3553732497590398	2.2044498838633197	1.6257170659630829	1.6279846687402222
1.3554185558385836	2.204523538748828	1.6257178960485938	1.6279846687402222
1.3554638619181274	2.204597193671945	1.625718726161814	1.6279846687402222
1.3555091679976716	2.2046708486326714	1.6257195563027436	1.6279846687402222
1.3555544740772154	2.2047445036310087	1.6257203864713823	1.6279846687402222
1.3555997801567594	2.204818158666958	1.6257212166677304	1.6279846687402222
1.3556450862363034	2.204891813740521	1.625722046891788	1.6279846687402222
1.3556903923158474	2.204965468851699	1.625722877143555	1.6279846687402222
1.3557356983953912	2.2050391240004927	1.6257237074230315	1.6279846687402222
1.3557810044749352	2.2051127791869036	1.6257245377302174	1.6279846687402222
1.3558263105544792	2.205186434410933	1.625725368065113	1.6279846687402222
1.3558716166340232	2.2052600896725822	1.6257261984277183	1.6279846687402222
1.355916922713567	2.205333744971852	1.625727028818033	1.6279846687402222
1.355962228793111	2.2054074003087445	1.6257278592360576	1.6279846687402222
1.356007534872655	2.205481055683261	1.625728689681792	1.6279846687402222
1.3560528409521988	2.2055547110954015	1.625729520155236	1.6279846687402222
1.356098147031743	2.205628366545168	1.6257303506563898	1.6279846687402222
1.3561434531112868	2.205702022032562	1.6257311811852537	1.6279846687402222
1.3561887591908308	2.2057756775575843	1.6257320117418275	1.6279846687402222
1.3562340652703748	2.2058493331202365	1.625732842326111	1.6279846687402222
1.3562793713499188	2.20592298872052	1.6257336729381047	1.6279846687402222
1.3563246774294626	2.2059966443584353	1.6257345035778084	1.6279846687402222
1.3563699835090066	2.2060703000339843	1.6257353342452223	1.6279846687402222
1.3564152895885506	2.2061439557471685	1.6257361649403461	1.6279846687402222
1.3564605956680944	2.2062176114979883	1.6257369956631804	1.6279846687402222
1.3565059017476384	2.206291267286446	1.6257378264137246	1.6279846687402222
1.3565512078271824	2.2063649231125417	1.6257386571919792	1.6279846687402222
1.3565965139067264	2.2064385789762775	1.625739487997944	1.6279846687402222
1.3566418199862702	2.2065122348776542	1.6257403188316193	1.6279846687402222
1.3566871260658142	2.206585890816674	1.625741149693005	1.6279846687402222
1.3567324321453582	2.206659546793336	1.6257419805821012	1.6279846687402222
1.3567777382249022	2.2067332028076443	1.6257428114989076	1.6279846687402222
1.356823044304446	2.206806858859598	1.6257436424434246	1.6279846687402222
1.35686835038399	2.206880514949199	1.6257444734156523	1.6279846687402222
1.356913656463534	2.2069541710764486	1.6257453044155905	1.6279846687402222
1.356958962543078	2.207027827241348	1.6257461354432394	1.6279846687402222
1.357004268622622	2.207101483443899	1.625746966498599	1.6279846687402222
1.3570495747021658	2.207175139684102	1.6257477975816692	1.6279846687402222
1.3570948807817098	2.207248795961959	1.6257486286924503	1.6279846687402222
1.3571401868612538	2.2073224522774706	1.6257494598309423	1.6279846687402222
1.3571854929407978	2.207396108630639	1.625750290997145	1.6279846687402222
1.3572307990203416	2.207469765021464	1.6257511221910588	1.6279846687402222
1.3572761050998856	2.2075434214499476	1.6257519534126832	1.6279846687402222
1.3573214111794296	2.2076170779160917	1.625752784662019	1.6279846687402222
1.3573667172589734	2.207690734419897	1.6257536159390655	1.6279846687402222
1.3574120233385174	2.2077643909613647	1.6257544472438232	1.6279846687402222
1.3574573294180614	2.2078380475404957	1.625755278576292	1.6279846687402222
1.3575026354976054	2.2079117041572918	1.6257561099364721	1.6279846687402222
1.3575479415771492	2.207985360811754	1.6257569413243633	1.6279846687402222
1.3575932476566934	2.208059017503884	1.6257577727399657	1.6279846687402222
1.3576385537362372	2.2081326742336826	1.6257586041832794	1.6279846687402222
1.3576838598157812	2.2082063310011515	1.6257594356543046	1.6279846687402222
1.3577291658953252	2.208279987806291	1.6257602671530411	1.6279846687402222
1.357774471974869	2.2083536446491037	1.625761098679489	1.6279846687402222
1.357819778054413	2.2084273015295897	1.6257619302336483	1.6279846687402222
1.357865084133957	2.208500958447751	1.6257627618155193	1.6279846687402222
1.357910390213501	2.208574615403588	1.6257635934251016	1.6279846687402222
1.3579556962930448	2.208648272397103	1.6257644250623957	1.6279846687402222
1.3580010023725888	2.2087219294282967	1.6257652567274012	1.6279846687402222
1.3580463084521328	2.2087955864971702	1.6257660884201186	1.6279846687402222
1.3580916145316768	2.2088692436037256	1.6257669201405476	1.6279846687402222
1.3581369206112206	2.208942900747963	1.6257677518886884	1.6279846687402222
1.3581822266907648	2.209016557929884	1.625768583664541	1.6279846687402222
1.3582275327703086	2.2090902151494904	1.6257694154681055	1.6279846687402222
1.3582728388498524	2.209163872406783	1.6257702472993818	1.6279846687402222
1.3583181449293966	2.2092375297017637	1.6257710791583702	1.6279846687402222
1.3583634510089404	2.2093111870344324	1.6257719110450706	1.6279846687402222
1.3584087570884844	2.209384844404792	1.6257727429594828	1.6279846687402222
1.3584540631680284	2.2094585018128425	1.6257735749016071	1.6279846687402222
1.3584993692475724	2.2095321592585857	1.6257744068714437	1.6279846687402222
1.3585446753271162	2.2096058167420223	1.6257752388689923	1.6279846687402222
1.3585899814066602	2.2096794742631545	1.625776070894253	1.6279846687402222
1.3586352874862042	2.2097531318219827	1.6257769029472262	1.6279846687402222
1.358680593565748	2.209826789418509	1.6257777350279115	1.6279846687402222
1.358725899645292	2.209900447052734	1.6257785671363092	1.6279846687402222
1.358771205724836	2.209974104724659	1.6257793992724192	1.6279846687402222
1.35881651180438	2.2100477624342854	1.6257802314362417	1.6279846687402222
1.3588618178839238	2.2101214201816144	1.6257810636277767	1.6279846687402222
1.3589071239634678	2.2101950779666475	1.625781895847024	1.6279846687402222
1.3589524300430118	2.2102687357893855	1.625782728093984	1.6279846687402222
1.3589977361225558	2.2103423936498303	1.6257835603686566	1.6279846687402222
1.3590430422020996	2.2104160515479823	1.6257843926710416	1.6279846687402222
1.3590883482816438	2.2104897094838436	1.6257852250011395	1.6279846687402222
1.3591336543611876	2.210563367457415	1.62578605735895	1.6279846687402222
1.3591789604407316	2.2106370254686976	1.6257868897444734	1.6279846687402222
1.3592242665202756	2.2107106835176933	1.6257877221577095	1.6279846687402222
1.3592695725998194	2.2107843416044024	1.6257885545986583	1.6279846687402222
1.3593148786793634	2.2108579997288276	1.6257893870673201	1.6279846687402222
1.3593601847589074	2.2109316578909683	1.6257902195636948	1.6279846687402222
1.3594054908384514	2.2110053160908274	1.6257910520877825	1.6279846687402222
1.3594507969179952	2.211078974328405	1.6257918846395834	1.6279846687402222
1.3594961029975392	2.211152632603703	1.6257927172190971	1.6279846687402222
1.3595414090770832	2.2112262909167226	1.625793549826324	1.6279846687402222
1.359586715156627	2.2112999492674645	1.625794382461264	1.6279846687402222
1.359632021236171	2.211373607655931	1.6257952151239172	1.6279846687402222
1.359677327315715	2.2114472660821227	1.6257960478142837	1.6279846687402222
1.359722633395259	2.2115209245460408	1.6257968805323633	1.6279846687402222
1.3597679394748028	2.2115945830476864	1.6257977132781563	1.6279846687402222
1.359813245554347	2.2116682415870614	1.6257985460516626	1.6279846687402222
1.3598585516338908	2.2117419001641663	1.6257993788528824	1.6279846687402222
1.3599038577134348	2.211815558779003	1.6258002116818158	1.6279846687402222
1.3599491637929788	2.2118892174315725	1.6258010445384623	1.6279846687402222
1.3599944698725228	2.211962876121876	1.6258018774228227	1.6279846687402222
1.3600397759520666	2.212036534849915	1.6258027103348964	1.6279846687402222
1.3600850820316106	2.21211019361569	1.6258035432746838	1.6279846687402222
1.3601303881111546	2.2121838524192032	1.625804376242185	1.6279846687402222
1.3601756941906984	2.2122575112604554	1.6258052092373996	1.6279846687402222
1.3602210002702424	2.212331170139448	1.6258060422603282	1.6279846687402222
1.3602663063497864	2.212404829056182	1.6258068753109705	1.6279846687402222
1.3603116124293304	2.2124784880106594	1.6258077083893265	1.6279846687402222
1.3603569185088742	2.21255214700288	1.6258085414953967	1.6279846687402222
1.3604022245884184	2.212625806032847	1.6258093746291806	1.6279846687402222
1.3604475306679622	2.21269946510056	1.6258102077906784	1.6279846687402222
1.360492836747506	2.212773124206021	1.6258110409798903	1.6279846687402222
1.3605381428270502	2.212846783349231	1.6258118741968162	1.6279846687402222
1.360583448906594	2.2129204425301916	1.6258127074414561	1.6279846687402222
1.360628754986138	2.2129941017489037	1.6258135407138103	1.6279846687402222
1.360674061065682	2.2130677610053686	1.6258143740138786	1.6279846687402222
1.360719367145226	2.213141420299588	1.6258152073416612	1.6279846687402222
1.3607646732247698	2.213215079631562	1.625816040697158	1.6279846687402222
1.3608099793043138	2.2132887390012934	1.6258168740803691	1.6279846687402222
1.3608552853838578	2.2133623984087825	1.6258177074912945	1.6279846687402222
1.3609005914634018	2.213436057854031	1.6258185409299344	1.6279846687402222
1.3609458975429456	2.2135097173370397	1.6258193743962885	1.6279846687402222
1.3609912036224896	2.21358337685781	1.6258202078903574	1.6279846687402222
1.3610365097020336	2.2136570364163437	1.6258210414121406	1.6279846687402222
1.3610818157815774	2.213730696012641	1.6258218749616384	1.6279846687402222
1.3611271218611214	2.213804355646704	1.6258227085388508	1.6279846687402222
1.3611724279406654	2.213878015318534	1.6258235421437779	1.6279846687402222
1.3612177340202094	2.2139516750281314	1.6258243757764197	1.6279846687402222
1.3612630400997532	2.2140253347754983	1.625825209436776	1.6279846687402222
1.3613083461792974	2.214098994560636	1.6258260431248472	1.6279846687402222
1.3613536522588412	2.214172654383545	1.6258268768406334	1.6279846687402222
1.361398958338385	2.2142463142442272	1.6258277105841343	1.6279846687402222
1.3614442644179292	2.2143199741426836	1.6258285443553502	1.6279846687402222
1.361489570497473	2.2143936340789154	1.625829378154281	1.6279846687402222
1.361534876577017	2.214467294052924	1.6258302119809267	1.6279846687402222
1.361580182656561	2.2145409540647107	1.6258310458352876	1.6279846687402222
1.361625488736105	2.214614614114277	1.6258318797173634	1.6279846687402222
1.3616707948156488	2.2146882742016234	1.6258327136271544	1.6279846687402222
1.3617161008951928	2.2147619343267517	1.6258335475646606	1.6279846687402222
1.3617614069747368	2.2148355944896627	1.625834381529882	1.6279846687402222
1.3618067130542808	2.2149092546903586	1.6258352155228186	1.6279846687402222
1.3618520191338246	2.21498291492884	1.6258360495434705	1.6279846687402222
1.3618973252133686	2.2150565752051077	1.6258368835918378	1.6279846687402222
1.3619426312929126	2.2151302355191635	1.6258377176679204	1.6279846687402222
1.3619879373724564	2.215203895871009	1.6258385517717184	1.6279846687402222
1.3620332434520006	2.215277556260645	1.625839385903232	1.6279846687402222
1.3620785495315444	2.215351216688073	1.625840220062461	1.6279846687402222
1.3621238556110884	2.2154248771532936	1.6258410542494055	1.6279846687402222
1.3621691616906324	2.215498537656309	1.6258418884640657	1.6279846687402222
1.3622144677701764	2.21557219819712	1.6258427227064416	1.6279846687402222
1.3622597738497202	2.2156458587757277	1.625843556976533	1.6279846687402222
1.3623050799292642	2.2157195193921333	1.62584439127434	1.6279846687402222
1.3623503860088082	2.2157931800463384	1.6258452255998632	1.6279846687402222
1.362395692088352	2.2158668407383444	1.625846059953102	1.6279846687402222
1.362440998167896	2.215940501468152	1.6258468943340565	1.6279846687402222
1.36248630424744	2.216014162235763	1.625847728742727	1.6279846687402222
1.362531610326984	2.2160878230411782	1.6258485631791135	1.6279846687402222
1.3625769164065278	2.2161614838843993	1.6258493976432158	1.6279846687402222
1.3626222224860718	2.216235144765427	1.6258502321350343	1.6279846687402222
1.3626675285656158	2.216308805684263	1.625851066654569	1.6279846687402222
1.3627128346451598	2.2163824666409084	1.6258519012018195	1.6279846687402222
1.3627581407247038	2.2164561276353645	1.6258527357767862	1.6279846687402222
1.3628034468042476	2.2165297886676325	1.6258535703794692	1.6279846687402222
1.3628487528837916	2.216603449737714	1.6258544050098684	1.6279846687402222
1.3628940589633356	2.2166771108456094	1.625855239667984	1.6279846687402222
1.3629393650428796	2.216750771991321	1.6258560743538157	1.6279846687402222
1.3629846711224234	2.2168244331748492	1.6258569090673638	1.6279846687402222
1.3630299772019674	2.216898094396196	1.6258577438086284	1.6279846687402222
1.3630752832815114	2.216971755655362	1.6258585785776094	1.6279846687402222
1.3631205893610554	2.217045416952349	1.625859413374307	1.6279846687402222
1.3631658954405992	2.2171190782871575	1.625860248198721	1.6279846687402222
1.3632112015201432	2.2171927396597892	1.6258610830508518	1.6279846687402222
1.3632565075996872	2.217266401070246	1.625861917930699	1.6279846687402222
1.363301813679231	2.217340062518528	1.625862752838263	1.6279846687402222
1.363347119758775	2.2174137240046377	1.6258635877735437	1.6279846687402222
1.363392425838319	2.217487385528575	1.625864422736541	1.6279846687402222
1.363437731917863	2.217561047090342	1.6258652577272552	1.6279846687402222
1.3634830379974068	2.21763470868994	1.6258660927456863	1.6279846687402222
1.363528344076951	2.2177083703273697	1.625866927791834	1.6279846687402222
1.3635736501564948	2.217782032002633	1.625867762865699	1.6279846687402222
1.3636189562360388	2.2178556937157308	1.625868597967281	1.6279846687402222
1.3636642623155828	2.2179293554666644	1.6258694330965797	1.6279846687402222
1.3637095683951266	2.218003017255435	1.6258702682535955	1.6279846687402222
1.3637548744746706	2.218076679082044	1.6258711034383284	1.6279846687402222
1.3638001805542146	2.218150340946492	1.6258719386507785	1.6279846687402222
1.3638454866337586	2.2182240028487814	1.625872773890946	1.6279846687402222
1.3638907927133024	2.218297664788913	1.6258736091588304	1.6279846687402222
1.3639360987928464	2.2183713267668876	1.6258744444544322	1.6279846687402222
1.3639814048723904	2.218444988782707	1.6258752797777514	1.6279846687402222
1.3640267109519344	2.2185186508363723	1.6258761151287877	1.6279846687402222
1.3640720170314782	2.2185923129278846	1.6258769505075417	1.6279846687402222
1.3641173231110224	2.2186659750572453	1.625877785914013	1.6279846687402222
1.3641626291905662	2.2187396372244557	1.6258786213482017	1.6279846687402222
1.36420793527011	2.2188132994295167	1.625879456810108	1.6279846687402222
1.3642532413496542	2.21888696167243	1.625880292299732	1.6279846687402222
1.364298547429198	2.2189606239531967	1.6258811278170735	1.6279846687402222
1.364343853508742	2.219034286271818	1.6258819633621326	1.6279846687402222
1.364389159588286	2.219107948628295	1.6258827989349094	1.6279846687402222
1.36443446566783	2.2191816110226297	1.625883634535404	1.6279846687402222
1.3644797717473738	2.2192552734548223	1.6258844701636164	1.6279846687402222
1.3645250778269178	2.2193289359248753	1.6258853058195466	1.6279846687402222
1.3645703839064618	2.2194025984327883	1.6258861415031947	1.6279846687402222
1.3646156899860056	2.219476260978564	1.6258869772145605	1.6279846687402222
1.3646609960655496	2.2195499235622034	1.6258878129536445	1.6279846687402222
1.3647063021450936	2.219623586183707	1.6258886487204465	1.6279846687402222
1.3647516082246376	2.219697248843077	1.6258894845149665	1.6279846687402222
1.3647969143041814	2.2197709115403135	1.6258903203372046	1.6279846687402222
1.3648422203837254	2.219844574275419	1.6258911561871607	1.6279846687402222
1.3648875264632694	2.219918237048394	1.6258919920648351	1.6279846687402222
1.3649328325428134	2.2199918998592403	1.6258928279702278	1.6279846687402222
1.3649781386223574	2.2200655627079584	1.6258936639033386	1.6279846687402222
1.3650234447019014	2.2201392255945507	1.6258944998641678	1.6279846687402222
1.3650687507814452	2.220212888519017	1.6258953358527153	1.6279846687402222
1.3651140568609892	2.2202865514813594	1.625896171868981	1.6279846687402222
1.3651593629405332	2.2203602144815795	1.6258970079129655	1.6279846687402222
1.365204669020077	2.2204338775196777	1.6258978439846683	1.6279846687402222
1.365249975099621	2.220507540595656	1.6258986800840896	1.6279846687402222
1.365295281179165	2.220581203709515	1.6258995162112293	1.6279846687402222
1.365340587258709	2.2206548668612567	1.6259003523660878	1.6279846687402222
1.3653858933382528	2.2207285300508817	1.625901188548665	1.6279846687402222
1.3654311994177968	2.2208021932783915	1.6259020247589608	1.6279846687402222
1.3654765054973408	2.2208758565437874	1.6259028609969752	1.6279846687402222
1.3655218115768846	2.2209495198470703	1.6259036972627086	1.6279846687402222
1.3655671176564286	2.221023183188242	1.6259045335561606	1.6279846687402222
1.3656124237359726	2.2210968465673036	1.6259053698773316	1.6279846687402222
1.3656577298155166	2.2211705099842565	1.6259062062262215	1.6279846687402222
1.3657030358950604	2.2212441734391013	1.6259070426028304	1.6279846687402222
1.3657483419746046	2.22131783693184	1.6259078790071582	1.6279846687402222
1.3657936480541484	2.221391500462473	1.6259087154392051	1.6279846687402222
1.3658389541336924	2.221465164031003	1.625909551898971	1.6279846687402222
1.3658842602132364	2.2215388276374295	1.625910388386456	1.6279846687402222
1.3659295662927804	2.221612491281755	1.6259112249016603	1.6279846687402222
1.3659748723723242	2.2216861549639804	1.6259120614445837	1.6279846687402222
1.3660201784518682	2.2217598186841068	1.6259128980152262	1.6279846687402222
1.3660654845314122	2.2218334824421357	1.6259137346135881	1.6279846687402222
1.366110790610956	2.221907146238068	1.6259145712396694	1.6279846687402222
1.3661560966905	2.221980810071906	1.62591540789347	1.6279846687402222
1.366201402770044	2.222054473943649	1.6259162445749902	1.6279846687402222
1.366246708849588	2.2221281378533004	1.6259170812842296	1.6279846687402222
1.3662920149291318	2.22220180180086	1.6259179180211887	1.6279846687402222
1.366337321008676	2.2222754657863297	1.6259187547858673	1.6279846687402222
1.3663826270882198	2.22234912980971	1.6259195915782656	1.6279846687402222
1.3664279331677636	2.222422793871003	1.6259204283983832	1.6279846687402222
1.3664732392473078	2.2224964579702102	1.6259212652462207	1.6279846687402222
1.3665185453268516	2.222570122107332	1.625922102121778	1.6279846687402222
1.3665638514063956	2.22264378628237	1.625922939025055	1.6279846687402222
1.3666091574859396	2.2227174504953253	1.6259237759560516	1.6279846687402222
1.3666544635654836	2.2227911147462	1.6259246129147684	1.6279846687402222
1.3666997696450274	2.222864779034994	1.6259254499012048	1.6279846687402222
1.3667450757245714	2.2229384433617096	1.6259262869153612	1.6279846687402222
1.3667903818041154	2.223012107726347	1.6259271239572377	1.6279846687402222
1.3668356878836594	2.223085772128909	1.6259279610268342	1.6279846687402222
1.3668809939632032	2.2231594365693956	1.6259287981241506	1.6279846687402222
1.3669263000427472	2.2232331010478084	1.6259296352491872	1.6279846687402222
1.3669716061222912	2.223306765564149	1.625930472401944	1.6279846687402222
1.367016912201835	2.223380430118418	1.625931309582421	1.6279846687402222
1.367062218281379	2.2234540947106174	1.6259321467906183	1.6279846687402222
1.367107524360923	2.2235277593407474	1.6259329840265357	1.6279846687402222
1.367152830440467	2.2236014240088107	1.6259338212901735	1.6279846687402222
1.367198136520011	2.223675088714807	1.6259346585815317	1.6279846687402222
1.367243442599555	2.2237487534587395	1.6259354959006103	1.6279846687402222
1.3672887486790988	2.2238224182406072	1.6259363332474093	1.6279846687402222
1.3673340547586428	2.223896083060413	1.6259371706219288	1.6279846687402222
1.3673793608381868	2.2239697479181575	1.6259380080241688	1.6279846687402222
1.3674246669177306	2.224043412813842	1.6259388454541295	1.6279846687402222
1.3674699729972746	2.224117077747468	1.6259396829118107	1.6279846687402222
1.3675152790768186	2.2241907427190366	1.6259405203972126	1.6279846687402222
1.3675605851563626	2.224264407728549	1.6259413579103352	1.6279846687402222
1.3676058912359064	2.2243380727760065	1.6259421954511786	1.6279846687402222
1.3676511973154504	2.22441173786141	1.6259430330197429	1.6279846687402222
1.3676965033949944	2.2244854029847616	1.6259438706160279	1.6279846687402222
1.3677418094745384	2.224559068146062	1.6259447082400336	1.6279846687402222
1.3677871155540822	2.224632733345312	1.6259455458917604	1.6279846687402222
1.3678324216336262	2.224706398582514	1.6259463835712082	1.6279846687402222
1.3678777277131702	2.2247800638576685	1.625947221278377	1.6279846687402222
1.367923033792714	2.2248537291707766	1.6259480590132669	1.6279846687402222
1.3679683398722582	2.22492739452184	1.6259488967758777	1.6279846687402222
1.368013645951802	2.22500105991086	1.62594973456621	1.6279846687402222
1.368058952031346	2.2250747253378376	1.625950572384263	1.6279846687402222
1.36810425811089	2.225148390802774	1.6259514102300376	1.6279846687402222
1.368149564190434	2.2252220563056704	1.6259522481035333	1.6279846687402222
1.3681948702699778	2.2252957218465284	1.6259530860047504	1.6279846687402222
1.3682401763495218	2.2253693874253493	1.6259539239336889	1.6279846687402222
1.3682854824290658	2.225443053042134	1.6259547618903487	1.6279846687402222
1.3683307885086096	2.2255167186968836	1.62595559987473	1.6279846687402222
1.3683760945881536	2.2255903843896	1.6259564378868328	1.6279846687402222
1.3684214006676976	2.225664050120284	1.625957275926657	1.6279846687402222
1.3684667067472416	2.225737715888937	1.6259581139942028	1.6279846687402222
1.3685120128267854	2.2258113816955603	1.6259589520894702	1.6279846687402222
1.3685573189063296	2.225885047540155	1.6259597902124594	1.6279846687402222
1.3686026249858734	2.225958713422722	1.62596062836317	1.6279846687402222
1.3686479310654174	2.226032379343264	1.6259614665416027	1.6279846687402222
1.3686932371449614	2.2261060453017802	1.625962304747757	1.6279846687402222
1.3687385432245052	2.2261797112982733	1.625963142981633	1.6279846687402222
1.3687838493040492	2.2262533773327444	1.6259639812432312	1.6279846687402222
1.3688291553835932	2.226327043405194	1.625964819532551	1.6279846687402222
1.3688744614631372	2.2264007095156244	1.625965657849593	1.6279846687402222
1.368919767542681	2.226474375664036	1.6259664961943567	1.6279846687402222
1.368965073622225	2.226548041850431	1.6259673345668426	1.6279846687402222
1.369010379701769	2.226621708074809	1.6259681729670508	1.6279846687402222
1.369055685781313	2.226695374337173	1.6259690113949807	1.6279846687402222
1.3691009918608568	2.2267690406375236	1.6259698498506332	1.6279846687402222
1.3691462979404008	2.226842706975862	1.6259706883340077	1.6279846687402222
1.3691916040199448	2.226916373352189	1.6259715268451045	1.6279846687402222
1.3692369100994886	2.2269900397665063	1.6259723653839235	1.6279846687402222
1.3692822161790326	2.2270637062188157	1.6259732039504649	1.6279846687402222
1.3693275222585766	2.2271373727091177	1.6259740425447287	1.6279846687402222
1.3693728283381206	2.227211039237414	1.625974881166715	1.6279846687402222
1.3694181344176644	2.2272847058037053	1.6259757198164235	1.6279846687402222
1.3694634404972086	2.2273583724079935	1.6259765584938548	1.6279846687402222
1.3695087465767524	2.2274320390502793	1.6259773971990086	1.6279846687402222
1.3695540526562964	2.2275057057305645	1.625978235931885	1.6279846687402222
1.3695993587358404	2.2275793724488495	1.625979074692484	1.6279846687402222
1.3696446648153842	2.2276530392051366	1.6259799134808057	1.6279846687402222
1.3696899708949282	2.2277267059994266	1.6259807522968501	1.6279846687402222
1.3697352769744722	2.2278003728317204	1.6259815911406172	1.6279846687402222
1.3697805830540162	2.2278740397020202	1.6259824300121073	1.6279846687402222
1.36982588913356	2.227947706610326	1.6259832689113203	1.6279846687402222
1.369871195213104	2.2280213735566403	1.625984107838256	1.6279846687402222
1.369916501292648	2.228095040540963	1.6259849467929148	1.6279846687402222
1.369961807372192	2.228168707563297	1.6259857857752964	1.6279846687402222
1.3700071134517358	2.228242374623642	1.6259866247854011	1.6279846687402222
1.37005241953128	2.2283160417220005	1.625987463823229	1.6279846687402222
1.3700977256108238	2.228389708858373	1.62598830288878	1.6279846687402222
1.3701430316903676	2.2284633760327606	1.625989141982054	1.6279846687402222
1.3701883377699118	2.228537043245165	1.6259899811030514	1.6279846687402222
1.3702336438494556	2.2286107104955875	1.6259908202517719	1.6279846687402222
1.3702789499289996	2.2286843777840293	1.6259916594282158	1.6279846687402222
1.3703242560085436	2.2287580451104914	1.6259924986323828	1.6279846687402222
1.3703695620880876	2.2288317124749755	1.6259933378642735	1.6279846687402222
1.3704148681676314	2.2289053798774825	1.6259941771238873	1.6279846687402222
1.3704601742471754	2.2289790473180138	1.6259950164112247	1.6279846687402222
1.3705054803267194	2.22905271479657	1.6259958557262857	1.6279846687402222
1.3705507864062632	2.2291263823131535	1.62599669506907	1.6279846687402222
1.3705960924858072	2.229200049867765	1.6259975344395783	1.6279846687402222
1.3706413985653512	2.2292737174604054	1.6259983738378099	1.6279846687402222
1.3706867046448952	2.2293473850910765	1.6259992132637653	1.6279846687402222
1.370732010724439	2.2294210527597795	1.6260000527174443	1.6279846687402222
1.3707773168039832	2.2294947204665156	1.6260008921988471	1.6279846687402222
1.370822622883527	2.229568388211286	1.6260017317079738	1.6279846687402222
1.370867928963071	2.2296420559940917	1.6260025712448243	1.6279846687402222
1.370913235042615	2.2297157238149343	1.6260034108093986	1.6279846687402222
1.370958541122159	2.2297893916738154	1.626004250401697	1.6279846687402222
1.3710038472017028	2.229863059570735	1.6260050900217193	1.6279846687402222
1.3710491532812468	2.2299367275056956	1.6260059296694656	1.6279846687402222
1.3710944593607908	2.2300103954786983	1.626006769344936	1.6279846687402222
1.3711397654403346	2.2300840634897434	1.6260076090481304	1.6279846687402222
1.3711850715198786	2.2301577315388332	1.6260084487790492	1.6279846687402222
1.3712303775994226	2.2302313996259686	1.6260092885376918	1.6279846687402222
1.3712756836789666	2.2303050677511513	1.626010128324059	1.6279846687402222
1.3713209897585104	2.2303787359143814	1.6260109681381503	1.6279846687402222
1.3713662958380544	2.2304524041156615	1.626011807979966	1.6279846687402222
1.3714116019175984	2.2305260723549916	1.6260126478495058	1.6279846687402222
1.3714569079971421	2.230599740632374	1.6260134877467702	1.6279846687402222
1.3715022140766862	2.2306734089478093	1.6260143276717591	1.6279846687402222
1.3715475201562302	2.2307470773012987	1.6260151676244725	1.6279846687402222
1.3715928262357742	2.2308207456928444	1.6260160076049104	1.6279846687402222
1.371638132315318	2.2308944141224467	1.626016847613073	1.6279846687402222
1.3716834383948622	2.230968082590107	1.62601768764896	1.6279846687402222
1.371728744474406	2.231041751095827	1.6260185277125718	1.6279846687402222
1.37177405055395	2.2311154196396075	1.6260193678039083	1.6279846687402222
1.371819356633494	2.23118908822145	1.6260202079229695	1.6279846687402222
1.371864662713038	2.231262756841356	1.6260210480697554	1.6279846687402222
1.3719099687925818	2.2313364254993258	1.6260218882442663	1.6279846687402222
1.3719552748721258	2.2314100941953616	1.626022728446502	1.6279846687402222
1.3720005809516698	2.2314837629294644	1.6260235686764626	1.6279846687402222
1.3720458870312136	2.2315574317016353	1.6260244089341482	1.6279846687402222
1.3720911931107576	2.231631100511876	1.6260252492195588	1.6279846687402222
1.3721364991903016	2.231704769360187	1.6260260895326946	1.6279846687402222
1.3721818052698456	2.23177843824657	1.6260269298735552	1.6279846687402222
1.3722271113493894	2.2318521071710262	1.6260277702421413	1.6279846687402222
1.3722724174289336	2.2319257761335574	1.6260286106384523	1.6279846687402222
1.3723177235084774	2.231999445134164	1.6260294510624886	1.6279846687402222
1.3723630295880214	2.2320731141728474	1.6260302915142502	1.6279846687402222
1.3724083356675654	2.2321467832496094	1.626031131993737	1.6279846687402222
1.3724536417471092	2.2322204523644507	1.6260319725009493	1.6279846687402222
1.3724989478266532	2.2322941215173726	1.626032813035887	1.6279846687402222
1.3725442539061972	2.232367790708377	1.62603365359855	1.6279846687402222
1.3725895599857412	2.2324414599374642	1.6260344941889386	1.6279846687402222
1.372634866065285	2.232515129204636	1.6260353348070526	1.6279846687402222
1.372680172144829	2.232588798509894	1.6260361754528923	1.6279846687402222
1.372725478224373	2.2326624678532387	1.6260370161264575	1.6279846687402222
1.372770784303917	2.232736137234672	1.6260378568277485	1.6279846687402222
1.3728160903834608	2.2328098066541946	1.626038697556765	1.6279846687402222
1.3728613964630048	2.232883476111808	1.6260395383135073	1.6279846687402222
1.3729067025425488	2.232957145607514	1.6260403790979754	1.6279846687402222
1.3729520086220925	2.2330308151413125	1.6260412199101695	1.6279846687402222
1.3729973147016368	2.2331044847132064	1.6260420607500892	1.6279846687402222
1.3730426207811806	2.2331781543231957	1.626042901617735	1.6279846687402222
1.3730879268607246	2.233251823971282	1.6260437425131067	1.6279846687402222
1.3731332329402686	2.2333254936574667	1.6260445834362043	1.6279846687402222
1.3731785390198126	2.2333991633817516	1.626045424387028	1.6279846687402222
1.3732238450993564	2.2334728331441367	1.6260462653655778	1.6279846687402222
1.3732691511789004	2.2335465029446238	1.6260471063718538	1.6279846687402222
1.3733144572584444	2.233620172783215	1.6260479474058558	1.6279846687402222
1.3733597633379881	2.2336938426599104	1.626048788467584	1.6279846687402222
1.3734050694175322	2.233767512574712	1.6260496295570386	1.6279846687402222
1.3734503754970762	2.23384118252762	1.6260504706742196	1.6279846687402222
1.3734956815766202	2.233914852518637	1.6260513118191267	1.6279846687402222
1.373540987656164	2.233988522547764	1.6260521529917604	1.6279846687402222
1.373586293735708	2.234062192615001	1.6260529941921202	1.6279846687402222
1.373631599815252	2.234135862720351	1.6260538354202068	1.6279846687402222
1.373676905894796	2.234209532863814	1.6260546766760198	1.6279846687402222
1.3737222119743397	2.2342832030453916	1.6260555179595593	1.6279846687402222
1.3737675180538838	2.234356873265085	1.6260563592708255	1.6279846687402222
1.3738128241334278	2.234430543522896	1.6260572006098184	1.6279846687402222
1.3738581302129715	2.2345042138188256	1.6260580419765378	1.6279846687402222
1.3739034362925158	2.2345778841528747	1.626058883370984	1.6279846687402222
1.3739487423720596	2.234651554525045	1.626059724793157	1.6279846687402222
1.3739940484516036	2.234725224935337	1.6260605662430567	1.6279846687402222
1.3740393545311476	2.234798895383753	1.6260614077206834	1.6279846687402222
1.3740846606106916	2.2348725658702935	1.6260622492260368	1.6279846687402222
1.3741299666902353	2.23494623639496	1.6260630907591174	1.6279846687402222
1.3741752727697794	2.235019906957754	1.6260639323199249	1.6279846687402222
1.3742205788493234	2.235093577558676	1.6260647739084593	1.6279846687402222
1.3742658849288671	2.235167248197728	1.626065615524721	1.6279846687402222
1.3743111910084111	2.2352409188749114	1.6260664571687096	1.6279846687402222
1.3743564970879552	2.235314589590226	1.6260672988404254	1.6279846687402222
1.3744018031674992	2.2353882603436754	1.6260681405398685	1.6279846687402222
1.374447109247043	2.235461931135259	1.6260689822670389	1.6279846687402222
1.3744924153265872	2.235535601964979	1.6260698240219364	1.6279846687402222
1.374537721406131	2.2356092728328356	1.6260706658045614	1.6279846687402222
1.374583027485675	2.2356829437388313	1.6260715076149137	1.6279846687402222
1.374628333565219	2.2357566146829666	1.6260723494529934	1.6279846687402222
1.3746736396447627	2.235830285665243	1.6260731913188005	1.6279846687402222
1.3747189457243068	2.2359039566856618	1.6260740332123351	1.6279846687402222
1.3747642518038508	2.235977627744224	1.6260748751335974	1.6279846687402222
1.3748095578833948	2.2360512988409313	1.626075717082587	1.6279846687402222
1.3748548639629385	2.2361249699757844	1.6260765590593045	1.6279846687402222
1.3749001700424826	2.236198641148785	1.6260774010637495	1.6279846687402222
1.3749454761220266	2.2362723123599344	1.6260782430959224	1.6279846687402222
1.3749907822015706	2.2363459836092336	1.6260790851558231	1.6279846687402222
1.3750360882811143	2.2364196548966837	1.6260799272434514	1.6279846687402222
1.3750813943606583	2.2364933262222864	1.6260807693588075	1.6279846687402222
1.3751267004402024	2.2365669975860425	1.6260816115018917	1.6279846687402222
1.3751720065197461	2.2366406689879534	1.6260824536727039	1.6279846687402222
1.3752173125992904	2.236714340428021	1.626083295871244	1.6279846687402222
1.3752626186788341	2.2367880119062455	1.6260841380975117	1.6279846687402222
1.3753079247583782	2.236861683422629	1.6260849803515078	1.6279846687402222
1.3753532308379222	2.236935354977172	1.6260858226332322	1.6279846687402222
1.3753985369174662	2.2370090265698765	1.6260866649426844	1.6279846687402222
1.37544384299701	2.2370826982007435	1.626087507279865	1.6279846687402222
1.375489149076554	2.237156369869774	1.6260883496447738	1.6279846687402222
1.375534455156098	2.2372300415769693	1.6260891920374108	1.6279846687402222
1.3755797612356417	2.237303713322331	1.6260900344577762	1.6279846687402222
1.3756250673151857	2.23737738510586	1.62609087690587	1.6279846687402222
1.3756703733947298	2.237451056927558	1.626091719381692	1.6279846687402222
1.3757156794742738	2.2375247287874256	1.6260925618852426	1.6279846687402222
1.3757609855538175	2.2375984006854646	1.6260934044165216	1.6279846687402222
1.3758062916333615	2.237672072621676	1.6260942469755293	1.6279846687402222
1.3758515977129055	2.237745744596061	1.6260950895622654	1.6279846687402222
1.3758969037924496	2.2378194166086214	1.6260959321767303	1.6279846687402222
1.3759422098719933	2.2378930886593578	1.6260967748189237	1.6279846687402222
1.3759875159515376	2.2379667607482716	1.626097617488846	1.6279846687402222
1.3760328220310813	2.2380404328753642	1.6260984601864967	1.6279846687402222
1.3760781281106251	2.238114105040637	1.6260993029118764	1.6279846687402222
1.3761234341901694	2.238187777244091	1.626100145664985	1.6279846687402222
1.3761687402697131	2.2382614494857274	1.6261009884458224	1.6279846687402222
1.3762140463492571	2.2383351217655476	1.626101831254389	1.6279846687402222
1.3762593524288012	2.238408794083553	1.626102674090684	1.6279846687402222
1.3763046585083452	2.2384824664397445	1.6261035169547085	1.6279846687402222
1.376349964587889	2.2385561388341237	1.6261043598464617	1.6279846687402222
1.376395270667433	2.2386298112666916	1.6261052027659442	1.6279846687402222
1.376440576746977	2.2387034837374493	1.6261060457131558	1.6279846687402222
1.3764858828265207	2.2387771562463987	1.6261068886880967	1.6279846687402222
1.3765311889060647	2.2388508287935407	1.6261077316907666	1.6279846687402222
1.3765764949856087	2.2389245013788766	1.6261085747211659	1.6279846687402222
1.3766218010651528	2.238998174002407	1.6261094177792945	1.6279846687402222
1.3766671071446965	2.2390718466641344	1.6261102608651523	1.6279846687402222
1.3767124132242408	2.2391455193640595	1.6261111039787397	1.6279846687402222
1.3767577193037845	2.239219192102183	1.6261119471200565	1.6279846687402222
1.3768030253833285	2.239292864878507	1.6261127902891026	1.6279846687402222
1.3768483314628726	2.239366537693032	1.6261136334858783	1.6279846687402222
1.3768936375424166	2.2394402105457596	1.6261144767103837	1.6279846687402222
1.3769389436219603	2.239513883436691	1.6261153199626186	1.6279846687402222
1.3769842497015043	2.2395875563658274	1.6261161632425831	1.6279846687402222
1.3770295557810484	2.239661229333171	1.6261170065502775	1.6279846687402222
1.3770748618605921	2.2397349023387214	1.6261178498857014	1.6279846687402222
1.3771201679401361	2.2398085753824812	1.6261186932488552	1.6279846687402222
1.3771654740196801	2.239882248464451	1.6261195366397387	1.6279846687402222
1.3772107800992242	2.2399559215846323	1.6261203800583524	1.6279846687402222
1.377256086178768	2.240029594743026	1.6261212235046958	1.6279846687402222
1.377301392258312	2.2401032679396344	1.626122066978769	1.6279846687402222
1.377346698337856	2.2401769411744574	1.6261229104805723	1.6279846687402222
1.3773920044173997	2.2402506144474965	1.6261237540101057	1.6279846687402222
1.3774373104969437	2.240324287758754	1.6261245975673693	1.6279846687402222
1.3774826165764877	2.24039796110823	1.6261254411523627	1.6279846687402222
1.3775279226560317	2.2404716344959263	1.6261262847650866	1.6279846687402222
1.3775732287355757	2.2405453079218445	1.6261271284055405	1.6279846687402222
1.3776185348151198	2.240618981385985	1.6261279720737247	1.6279846687402222
1.3776638408946635	2.2406926548883495	1.6261288157696392	1.6279846687402222
1.3777091469742075	2.2407663284289394	1.6261296594932841	1.6279846687402222
1.3777544530537515	2.2408400020077557	1.6261305032446594	1.6279846687402222
1.3777997591332956	2.2409136756247996	1.6261313470237648	1.6279846687402222
1.3778450652128393	2.2409873492800725	1.626132190830601	1.6279846687402222
1.3778903712923833	2.2410610229735757	1.6261330346651677	1.6279846687402222
1.3779356773719273	2.2411346967053105	1.6261338785274648	1.6279846687402222
1.3779809834514711	2.2412083704752783	1.6261347224174927	1.6279846687402222
1.3780262895310151	2.24128204428348	1.626135566335251	1.6279846687402222
1.3780715956105591	2.241355718129917	1.6261364102807403	1.6279846687402222
1.3781169016901031	2.2414293920145902	1.62613725425396	1.6279846687402222
1.378162207769647	2.2415030659375015	1.6261380982549107	1.6279846687402222
1.3782075138491912	2.241576739898652	1.6261389422835921	1.6279846687402222
1.378252819928735	2.2416504138980424	1.6261397863400042	1.6279846687402222
1.378298126008279	2.241724087935675	1.6261406304241475	1.6279846687402222
1.378343432087823	2.2417977620115495	1.6261414745360216	1.6279846687402222
1.3783887381673667	2.2418714361256686	1.6261423186756268	1.6279846687402222
1.3784340442469107	2.2419451102780332	1.6261431628429628	1.6279846687402222
1.3784793503264547	2.242018784468644	1.62614400703803	1.6279846687402222
1.3785246564059987	2.242092458697503	1.6261448512608283	1.6279846687402222
1.3785699624855425	2.242166132964611	1.6261456955113578	1.6279846687402222
1.3786152685650865	2.242239807269969	1.6261465397896184	1.6279846687402222
1.3786605746446305	2.242313481613579	1.6261473840956104	1.6279846687402222
1.3787058807241745	2.2423871559954422	1.6261482284293336	1.6279846687402222
1.3787511868037183	2.242460830415559	1.6261490727907881	1.6279846687402222
1.3787964928832623	2.242534504873931	1.626149917179974	1.6279846687402222
1.3788417989628063	2.2426081793705603	1.6261507615968913	1.6279846687402222
1.3788871050423501	2.242681853905447	1.62615160604154	1.6279846687402222
1.3789324111218944	2.242755528478593	1.6261524505139204	1.6279846687402222
1.3789777172014381	2.2428292030899994	1.626153295014032	1.6279846687402222
1.3790230232809821	2.2429028777396676	1.6261541395418755	1.6279846687402222
1.3790683293605261	2.242976552427599	1.6261549840974505	1.6279846687402222
1.3791136354400702	2.243050227153794	1.6261558286807574	1.6279846687402222
1.379158941519614	2.2431239019182545	1.6261566732917956	1.6279846687402222
1.379204247599158	2.243197576720982	1.6261575179305658	1.6279846687402222
1.379249553678702	2.243271251561977	1.626158362597068	1.6279846687402222
1.3792948597582457	2.2433449264412415	1.6261592072913016	1.6279846687402222
1.3793401658377897	2.2434186013587767	1.6261600520132673	1.6279846687402222
1.3793854719173337	2.2434922763145835	1.626160896762965	1.6279846687402222
1.3794307779968777	2.243565951308663	1.6261617415403946	1.6279846687402222
1.3794760840764215	2.2436396263410168	1.6261625863455562	1.6279846687402222
1.3795213901559655	2.2437133014116464	1.6261634311784499	1.6279846687402222
1.3795666962355095	2.2437869765205525	1.6261642760390758	1.6279846687402222
1.3796120023150535	2.2438606516677364	1.6261651209274337	1.6279846687402222
1.3796573083945973	2.2439343268532	1.6261659658435237	1.6279846687402222
1.3797026144741413	2.2440080020769435	1.6261668107873462	1.6279846687402222
1.3797479205536853	2.2440816773389693	1.6261676557589007	1.6279846687402222
1.3797932266332293	2.244155352639278	1.6261685007581876	1.6279846687402222
1.3798385327127733	2.244229027977871	1.6261693457852069	1.6279846687402222
1.3798838387923171	2.2443027033547494	1.6261701908399586	1.6279846687402222
1.3799291448718611	2.244376378769915	1.6261710359224428	1.6279846687402222
1.3799744509514051	2.244450054223368	1.6261718810326595	1.6279846687402222
1.3800197570309491	2.2445237297151106	1.6261727261706087	1.6279846687402222
1.380065063110493	2.244597405245144	1.6261735713362904	1.6279846687402222
1.380110369190037	2.244671080813469	1.6261744165297047	1.6279846687402222
1.380155675269581	2.244744756420087	1.6261752617508518	1.6279846687402222
1.3802009813491247	2.2448184320649993	1.6261761069997316	1.6279846687402222
1.3802462874286687	2.2448921077482074	1.626176952276344	1.6279846687402222
1.3802915935082127	2.244965783469712	1.6261777975806893	1.6279846687402222
1.3803368995877567	2.245039459229515	1.6261786429127674	1.6279846687402222
1.3803822056673005	2.2451131350276174	1.6261794882725784	1.6279846687402222
1.3804275117468447	2.2451868108640203	1.6261803336601222	1.6279846687402222
1.3804728178263885	2.245260486738725	1.626181179075399	1.6279846687402222
1.3805181239059325	2.245334162651733	1.626182024518409	1.6279846687402222
1.3805634299854765	2.245407838603045	1.6261828699891518	1.6279846687402222
1.3806087360650203	2.245481514592663	1.626183715487628	1.6279846687402222
1.3806540421445643	2.2455551906205877	1.626184561013837	1.6279846687402222
1.3806993482241083	2.2456288666868205	1.6261854065677794	1.6279846687402222
1.3807446543036523	2.245702542791363	1.626186252149455	1.6279846687402222
1.3807899603831961	2.245776218934216	1.6261870977588637	1.6279846687402222
1.3808352664627401	2.245849895115381	1.6261879433960058	1.6279846687402222
1.3808805725422841	2.245923571334859	1.6261887890608813	1.6279846687402222
1.3809258786218281	2.2459972475926517	1.62618963475349	1.6279846687402222
1.380971184701372	2.2460709238887597	1.6261904804738325	1.6279846687402222
1.3810164907809162	2.246144600223185	1.626191326221908	1.6279846687402222
1.38106179686046	2.246218276595928	1.6261921719977175	1.6279846687402222
1.3811071029400037	2.246291953006991	1.6261930178012602	1.6279846687402222
1.381152409019548	2.2463656294563745	1.6261938636325368	1.6279846687402222
1.3811977150990917	2.24643930594408	1.626194709491547	1.6279846687402222
1.3812430211786357	2.246512982470109	1.6261955553782907	1.6279846687402222
1.3812883272581797	2.246586659034462	1.6261964012927683	1.6279846687402222
1.3813336333377237	2.246660335637141	1.6261972472349795	1.6279846687402222
1.3813789394172675	2.246734012278147	1.6261980932049247	1.6279846687402222
1.3814242454968115	2.2468076889574813	1.6261989392026037	1.6279846687402222
1.3814695515763555	2.2468813656751445	1.6261997852280166	1.6279846687402222
1.3815148576558993	2.246955042431139	1.6262006312811634	1.6279846687402222
1.3815601637354433	2.2470287192254657	1.6262014773620443	1.6279846687402222
1.3816054698149873	2.2471023960581253	1.6262023234706593	1.6279846687402222
1.3816507758945313	2.2471760729291197	1.626203169607008	1.6279846687402222
1.3816960819740751	2.2472497498384496	1.6262040157710913	1.6279846687402222
1.3817413880536191	2.247323426786117	1.6262048619629086	1.6279846687402222
1.3817866941331631	2.247397103772122	1.62620570818246	1.6279846687402222
1.3818320002127071	2.247470780796467	1.6262065544297457	1.6279846687402222
1.381877306292251	2.247544457859153	1.6262074007047658	1.6279846687402222
1.3819226123717951	2.2476181349601805	1.62620824700752	1.6279846687402222
1.381967918451339	2.2476918120995517	1.626209093338009	1.6279846687402222
1.382013224530883	2.2477654892772674	1.626209939696232	1.6279846687402222
1.382058530610427	2.247839166493329	1.6262107860821897	1.6279846687402222
1.3821038366899707	2.2479128437477374	1.6262116324958817	1.6279846687402222
1.3821491427695147	2.2479865210404943	1.6262124789373085	1.6279846687402222
1.3821944488490587	2.248060198371601	1.6262133254064697	1.6279846687402222
1.3822397549286027	2.2481338757410585	1.6262141719033656	1.6279846687402222
1.3822850610081465	2.248207553148868	1.6262150184279962	1.6279846687402222
1.3823303670876905	2.248281230595031	1.6262158649803615	1.6279846687402222
1.3823756731672345	2.2483549080795484	1.6262167115604618	1.6279846687402222
1.3824209792467785	2.248428585602422	1.6262175581682967	1.6279846687402222
1.3824662853263223	2.2485022631636524	1.6262184048038664	1.6279846687402222
1.3825115914058663	2.2485759407632413	1.626219251467171	1.6279846687402222
1.3825568974854103	2.24864961840119	1.6262200981582107	1.6279846687402222
1.3826022035649541	2.2487232960774994	1.6262209448769853	1.6279846687402222
1.3826475096444983	2.2487969737921714	1.626221791623495	1.6279846687402222
1.3826928157240421	2.2488706515452064	1.6262226383977396	1.6279846687402222
1.3827381218035861	2.2489443293366063	1.6262234851997193	1.6279846687402222
1.3827834278831301	2.249018007166372	1.6262243320294343	1.6279846687402222
1.3828287339626741	2.249091685034505	1.6262251788868844	1.6279846687402222
1.382874040042218	2.249165362941006	1.6262260257720698	1.6279846687402222
1.382919346121762	2.249239040885877	1.6262268726849904	1.6279846687402222
1.382964652201306	2.2493127188691195	1.6262277196256465	1.6279846687402222
1.3830099582808497	2.2493863968907335	1.626228566594038	1.6279846687402222
1.3830552643603937	2.2494600749507216	1.6262294135901647	1.6279846687402222
1.3831005704399377	2.249533753049084	1.6262302606140269	1.6279846687402222
1.3831458765194817	2.2496074311858223	1.6262311076656246	1.6279846687402222
1.3831911825990255	2.249681109360938	1.626231954744958	1.6279846687402222
1.3832364886785695	2.249754787574432	1.6262328018520267	1.6279846687402222
1.3832817947581135	2.249828465826306	1.6262336489868312	1.6279846687402222
1.3833271008376573	2.249902144116561	1.6262344961493713	1.6279846687402222
1.3833724069172015	2.2499758224451982	1.6262353433396473	1.6279846687402222
1.3834177129967453	2.250049500812219	1.626236190557659	1.6279846687402222
1.3834630190762893	2.2501231792176246	1.6262370378034063	1.6279846687402222
1.3835083251558333	2.250196857661416	1.6262378850768897	1.6279846687402222
1.3835536312353773	2.250270536143595	1.626238732378109	1.6279846687402222
1.3835989373149211	2.250344214664162	1.626239579707064	1.6279846687402222
1.3836442433944651	2.2504178932231196	1.626240427063755	1.6279846687402222
1.3836895494740091	2.2504915718204677	1.626241274448182	1.6279846687402222
1.3837348555535531	2.2505652504562086	1.6262421218603451	1.6279846687402222
1.383780161633097	2.2506389291303424	1.6262429693002445	1.6279846687402222
1.383825467712641	2.250712607842871	1.6262438167678799	1.6279846687402222
1.383870773792185	2.2507862865937964	1.6262446642632513	1.6279846687402222
1.3839160798717287	2.250859965383119	1.6262455117863592	1.6279846687402222
1.3839613859512727	2.25093364421084	1.6262463593372032	1.6279846687402222
1.3840066920308167	2.2510073230769607	1.6262472069157836	1.6279846687402222
1.3840519981103607	2.2510810019814826	1.6262480545221003	1.6279846687402222
1.3840973041899045	2.2511546809244067	1.6262489021561535	1.6279846687402222
1.3841426102694487	2.2512283599057348	1.6262497498179431	1.6279846687402222
1.3841879163489925	2.2513020389254677	1.6262505975074693	1.6279846687402222
1.3842332224285365	2.2513757179836067	1.6262514452247319	1.6279846687402222
1.3842785285080805	2.251449397080153	1.626252292969731	1.6279846687402222
1.3843238345876243	2.2515230762151077	1.6262531407424667	1.6279846687402222
1.3843691406671683	2.251596755388473	1.6262539885429392	1.6279846687402222
1.3844144467467123	2.251670434600249	1.6262548363711484	1.6279846687402222
1.3844597528262563	2.2517441138504375	1.6262556842270943	1.6279846687402222
1.3845050589058001	2.2518177931390393	1.626256532110777	1.6279846687402222
1.3845503649853441	2.2518914724660566	1.6262573800221964	1.6279846687402222
1.3845956710648881	2.25196515183149	1.6262582279613529	1.6279846687402222
1.3846409771444321	2.2520388312353403	1.6262590759282463	1.6279846687402222
1.384686283223976	2.25211251067761	1.6262599239228765	1.6279846687402222
1.38473158930352	2.252186190158299	1.6262607719452438	1.6279846687402222
1.384776895383064	2.2522598696774097	1.6262616199953481	1.6279846687402222
1.3848222014626077	2.2523335492349426	1.6262624680731896	1.6279846687402222
1.384867507542152	2.2524072288308994	1.626263316178768	1.6279846687402222
1.3849128136216957	2.252480908465281	1.6262641643120839	1.6279846687402222
1.3849581197012397	2.2525545881380893	1.6262650124731368	1.6279846687402222
1.3850034257807837	2.2526282678493246	1.6262658606619271	1.6279846687402222
1.3850487318603277	2.2527019475989887	1.6262667088784546	1.6279846687402222
1.3850940379398715	2.252775627387083	1.6262675571227194	1.6279846687402222
1.3851393440194155	2.252849307213608	1.6262684053947216	1.6279846687402222
1.3851846500989595	2.2529229870785663	1.6262692536944614	1.6279846687402222
1.3852299561785033	2.2529966669819577	1.6262701020219386	1.6279846687402222
1.3852752622580473	2.253070346923785	1.6262709503771533	1.6279846687402222
1.3853205683375913	2.2531440269040477	1.6262717987601054	1.6279846687402222
1.3853658744171353	2.253217706922748	1.6262726471707953	1.6279846687402222
1.385411180496679	2.2532913869798876	1.6262734956092229	1.6279846687402222
1.3854564865762231	2.253365067075467	1.626274344075388	1.6279846687402222
1.3855017926557671	2.2534387472094877	1.6262751925692909	1.6279846687402222
1.3855470987353111	2.2535124273819513	1.6262760410909316	1.6279846687402222
1.3855924048148551	2.253586107592858	1.6262768896403101	1.6279846687402222
1.385637710894399	2.2536597878422104	1.6262777382174265	1.6279846687402222
1.385683016973943	2.253733468130009	1.6262785868222809	1.6279846687402222
1.385728323053487	2.253807148456255	1.626279435454873	1.6279846687402222
1.385773629133031	2.25388082882095	1.6262802841152033	1.6279846687402222
1.3858189352125747	2.253954509224095	1.6262811328032716	1.6279846687402222
1.3858642412921187	2.2540281896656915	1.626281981519078	1.6279846687402222
1.3859095473716627	2.2541018701457407	1.6262828302626224	1.6279846687402222
1.3859548534512067	2.2541755506642436	1.626283679033905	1.6279846687402222
1.3860001595307505	2.2542492312212015	1.6262845278329259	1.6279846687402222
1.3860454656102945	2.254322911816616	1.626285376659685	1.6279846687402222
1.3860907716898385	2.254396592450488	1.6262862255141826	1.6279846687402222
1.3861360777693823	2.254470273122819	1.6262870743964182	1.6279846687402222
1.3861813838489263	2.2545439538336103	1.6262879233063923	1.6279846687402222
1.3862266899284703	2.2546176345828624	1.6262887722441048	1.6279846687402222
1.3862719960080143	2.254691315370578	1.626289621209556	1.6279846687402222
1.386317302087558	2.254764996196757	1.6262904702027454	1.6279846687402222
1.3863626081671023	2.254838677061401	1.6262913192236734	1.6279846687402222
1.3864079142466461	2.254912357964512	1.6262921682723401	1.6279846687402222
1.3864532203261901	2.2549860389060905	1.6262930173487453	1.6279846687402222
1.3864985264057341	2.2550597198861375	1.6262938664528892	1.6279846687402222
1.386543832485278	2.255133400904655	1.626294715584772	1.6279846687402222
1.386589138564822	2.255207081961644	1.6262955647443935	1.6279846687402222
1.386634444644366	2.255280763057106	1.6262964139317537	1.6279846687402222
1.38667975072391	2.255354444191042	1.6262972631468529	1.6279846687402222
1.3867250568034537	2.2554281253634523	1.626298112389691	1.6279846687402222
1.3867703628829977	2.25550180657434	1.6262989616602679	1.6279846687402222
1.3868156689625417	2.255575487823705	1.6262998109585838	1.6279846687402222
1.3868609750420857	2.2556491691115492	1.6263006602846388	1.6279846687402222
1.3869062811216295	2.2557228504378735	1.6263015096384328	1.6279846687402222
1.3869515872011737	2.2557965318026794	1.626302359019966	1.6279846687402222
1.3869968932807175	2.2558702132059683	1.6263032084292381	1.6279846687402222
1.3870421993602613	2.2559438946477406	1.6263040578662498	1.6279846687402222
1.3870875054398055	2.2560175761279986	1.6263049073310005	1.6279846687402222
1.3871328115193493	2.256091257646743	1.6263057568234904	1.6279846687402222
1.3871781175988933	2.2561649392039755	1.6263066063437197	1.6279846687402222
1.3872234236784373	2.2562386207996967	1.6263074558916886	1.6279846687402222
1.3872687297579813	2.2563123024339085	1.6263083054673966	1.6279846687402222
1.387314035837525	2.2563859841066116	1.6263091550708442	1.6279846687402222
1.387359341917069	2.2564596658178075	1.6263100047020311	1.6279846687402222
1.3874046479966131	2.2565333475674976	1.626310854360958	1.6279846687402222
1.387449954076157	2.256607029355683	1.626311704047624	1.6279846687402222
1.387495260155701	2.2566807111823652	1.6263125537620298	1.6279846687402222
1.387540566235245	2.2567543930475447	1.6263134035041753	1.6279846687402222
1.387585872314789	2.256828074951224	1.6263142532740607	1.6279846687402222
1.3876311783943327	2.256901756893403	1.6263151030716856	1.6279846687402222
1.3876764844738767	2.256975438874084	1.6263159528970503	1.6279846687402222
1.3877217905534207	2.2570491208932677	1.6263168027501549	1.6279846687402222
1.3877670966329647	2.257122802950956	1.6263176526309993	1.6279846687402222
1.3878124027125087	2.2571964850471486	1.6263185025395839	1.6279846687402222
1.3878577087920527	2.257270167181849	1.626319352475908	1.6279846687402222
1.3879030148715965	2.2573438493550566	1.6263202024399726	1.6279846687402222
1.3879483209511405	2.257417531566773	1.626321052431777	1.6279846687402222
1.3879936270306845	2.2574912138170005	1.6263219024513216	1.6279846687402222
1.3880389331102283	2.2575648961057393	1.6263227524986061	1.6279846687402222
1.3880842391897723	2.2576385784329913	1.6263236025736312	1.6279846687402222
1.3881295452693163	2.2577122607987574	1.6263244526763962	1.6279846687402222
1.3881748513488603	2.257785943203039	1.6263253028069016	1.6279846687402222
1.388220157428404	2.257859625645837	1.6263261529651474	1.6279846687402222
1.388265463507948	2.2579333081271535	1.6263270031511334	1.6279846687402222
1.388310769587492	2.2580069906469884	1.6263278533648597	1.6279846687402222
1.3883560756670361	2.2580806732053444	1.6263287036063268	1.6279846687402222
1.38840138174658	2.2581543558022217	1.626329553875534	1.6279846687402222
1.388446687826124	2.258228038437622	1.626330404172482	1.6279846687402222
1.388491993905668	2.258301721111547	1.6263312544971704	1.6279846687402222
1.3885372999852117	2.258375403823997	1.6263321048495996	1.6279846687402222
1.388582606064756	2.2584490865749736	1.6263329552297694	1.6279846687402222
1.3886279121442997	2.2585227693644785	1.6263338056376797	1.6279846687402222
1.3886732182238437	2.2585964521925126	1.626334656073331	1.6279846687402222
1.3887185243033877	2.258670135059077	1.6263355065367229	1.6279846687402222
1.3887638303829317	2.2587438179641737	1.6263363570278557	1.6279846687402222
1.3888091364624755	2.258817500907803	1.6263372075467295	1.6279846687402222
1.3888544425420195	2.258891183889966	1.626338058093344	1.6279846687402222
1.3888997486215635	2.2589648669106657	1.6263389086676996	1.6279846687402222
1.3889450547011073	2.2590385499699015	1.6263397592697961	1.6279846687402222
1.3889903607806513	2.2591122330676754	1.6263406098996338	1.6279846687402222
1.3890356668601953	2.2591859162039887	1.6263414605572126	1.6279846687402222
1.3890809729397393	2.2592595993788427	1.6263423112425324	1.6279846687402222
1.389126279019283	2.259333282592238	1.6263431619555935	1.6279846687402222
1.3891715850988273	2.259406965844177	1.6263440126963955	1.6279846687402222
1.389216891178371	2.2594806491346597	1.6263448634649391	1.6279846687402222
1.3892621972579149	2.259554332463688	1.6263457142612239	1.6279846687402222
1.3893075033374591	2.2596280158312636	1.62634656508525	1.6279846687402222
1.389352809417003	2.2597016992373873	1.6263474159370175	1.6279846687402222
1.389398115496547	2.25977538268206	1.6263482668165266	1.6279846687402222
1.389443421576091	2.2598490661652835	1.626349117723777	1.6279846687402222
1.389488727655635	2.2599227496870586	1.6263499686587688	1.6279846687402222
1.3895340337351787	2.259996433247387	1.6263508196215024	1.6279846687402222
1.3895793398147227	2.2600701168462702	1.6263516706119776	1.6279846687402222
1.3896246458942667	2.2601438004837084	1.6263525216301942	1.6279846687402222
1.3896699519738107	2.260217484159704	1.6263533726761528	1.6279846687402222
1.3897152580533545	2.260291167874257	1.626354223749853	1.6279846687402222
1.3897605641328985	2.2603648516273696	1.626355074851295	1.6279846687402222
1.3898058702124425	2.2604385354190435	1.6263559259804787	1.6279846687402222
1.3898511762919863	2.2605122192492786	1.6263567771374043	1.6279846687402222
1.3898964823715303	2.260585903118077	1.6263576283220718	1.6279846687402222
1.3899417884510743	2.2606595870254402	1.6263584795344814	1.6279846687402222
1.3899870945306183	2.260733270971369	1.626359330774633	1.6279846687402222
1.390032400610162	2.2608069549558643	1.6263601820425264	1.6279846687402222
1.3900777066897063	2.260880638978928	1.626361033338162	1.6279846687402222
1.39012301276925	2.2609543230405613	1.6263618846615397	1.6279846687402222
1.390168318848794	2.2610280071407654	1.6263627360126596	1.6279846687402222
1.390213624928338	2.261101691279541	1.6263635873915216	1.6279846687402222
1.390258931007882	2.26117537545689	1.626364438798126	1.6279846687402222
1.390304237087426	2.2612490596728136	1.6263652902324726	1.6279846687402222
1.39034954316697	2.261322743927313	1.6263661416945616	1.6279846687402222
1.390394849246514	2.2613964282203893	1.626366993184393	1.6279846687402222
1.3904401553260577	2.2614701125520438	1.6263678447019667	1.6279846687402222
1.3904854614056017	2.2615437969222776	1.626368696247283	1.6279846687402222
1.3905307674851457	2.261617481331092	1.6263695478203417	1.6279846687402222
1.3905760735646897	2.261691165778489	1.626370399421143	1.6279846687402222
1.3906213796442335	2.261764850264469	1.6263712510496868	1.6279846687402222
1.3906666857237775	2.2618385347890335	1.6263721027059734	1.6279846687402222
1.3907119918033215	2.2619122193521837	1.6263729543900025	1.6279846687402222
1.3907572978828653	2.261985903953921	1.6263738061017745	1.6279846687402222
1.3908026039624095	2.262059588594247	1.6263746578412892	1.6279846687402222
1.3908479100419533	2.262133273273162	1.6263755096085466	1.6279846687402222
1.3908932161214973	2.262206957990668	1.626376361403547	1.6279846687402222
1.3909385222010413	2.2622806427467657	1.6263772132262901	1.6279846687402222
1.3909838282805853	2.2623543275414573	1.6263780650767765	1.6279846687402222
1.391029134360129	2.262428012374743	1.6263789169550056	1.6279846687402222
1.391074440439673	2.2625016972466248	1.6263797688609778	1.6279846687402222
1.391119746519217	2.2625753821571037	1.626380620794693	1.6279846687402222
1.3911650525987609	2.2626490671061807	1.6263814727561514	1.6279846687402222
1.391210358678305	2.2627227520938575	1.6263823247453528	1.6279846687402222
1.391255664757849	2.262796437120135	1.6263831767622976	1.6279846687402222
1.391300970837393	2.2628701221850145	1.6263840288069855	1.6279846687402222
1.3913462769169367	2.2629438072884978	1.6263848808794168	1.6279846687402222
1.391391582996481	2.2630174924305853	1.6263857329795912	1.6279846687402222
1.3914368890760247	2.2630911776112788	1.6263865851075092	1.6279846687402222
1.3914821951555687	2.2631648628305796	1.6263874372631704	1.6279846687402222
1.3915275012351127	2.2632385480884887	1.6263882894465753	1.6279846687402222
1.3915728073146565	2.2633122333850073	1.6263891416577234	1.6279846687402222
1.3916181133942005	2.263385918720137	1.6263899938966153	1.6279846687402222
1.3916634194737445	2.2634596040938786	1.6263908461632508	1.6279846687402222
1.3917087255532885	2.263533289506234	1.6263916984576297	1.6279846687402222
1.3917540316328323	2.2636069749572036	1.6263925507797523	1.6279846687402222
1.3917993377123763	2.2636806604467896	1.6263934031296188	1.6279846687402222
1.3918446437919203	2.2637543459749923	1.6263942555072288	1.6279846687402222
1.3918899498714643	2.263828031541814	1.626395107912583	1.6279846687402222
1.391935255951008	2.2639017171472546	1.6263959603456806	1.6279846687402222
1.391980562030552	2.263975402791317	1.6263968128065223	1.6279846687402222
1.392025868110096	2.264049088474001	1.626397665295108	1.6279846687402222
1.3920711741896399	2.2641227741953087	1.6263985178114375	1.6279846687402222
1.3921164802691839	2.264196459955241	1.626399370355511	1.6279846687402222
1.392161786348728	2.2642701457537995	1.6264002229273287	1.6279846687402222
1.392207092428272	2.264343831590985	1.6264010755268905	1.6279846687402222
1.3922523985078157	2.264417517466799	1.6264019281541964	1.6279846687402222
1.39229770458736	2.264491203381243	1.6264027808092463	1.6279846687402222
1.3923430106669037	2.2645648893343178	1.6264036334920406	1.6279846687402222
1.3923883167464477	2.264638575326025	1.6264044862025793	1.6279846687402222
1.3924336228259917	2.2647122613563657	1.626405338940862	1.6279846687402222
1.3924789289055357	2.264785947425341	1.6264061917068893	1.6279846687402222
1.3925242349850795	2.2648596335329523	1.6264070445006609	1.6279846687402222
1.3925695410646235	2.264933319679201	1.626407897322177	1.6279846687402222
1.3926148471441675	2.2650070058640885	1.6264087501714375	1.6279846687402222
1.3926601532237113	2.2650806920876154	1.6264096030484425	1.6279846687402222
1.3927054593032553	2.2651543783497834	1.6264104559531922	1.6279846687402222
1.3927507653827993	2.265228064650594	1.6264113088856864	1.6279846687402222
1.3927960714623433	2.265301750990048	1.6264121618459253	1.6279846687402222
1.392841377541887	2.2653754373681463	1.6264130148339089	1.6279846687402222
1.3928866836214313	2.2654491237848915	1.6264138678496374	1.6279846687402222
1.392931989700975	2.2655228102402836	1.6264147208931103	1.6279846687402222
