x	chi	dchidx	s0
0.0007517875320107319	0.0	0.04408247962052859	0.04408247962052859
0.014357034286602219	0.0005997441934446478	0.04408062710720942	0.04408247962052859
0.02796228104119371	0.0011994404873784618	0.0440754382919813	0.04408247962052859
0.041567527795785195	0.0017990434905995254	0.04406691317565826	0.04408247962052859
0.05517277455037668	0.00239850781191009	0.04405505175824675	0.04408247962052859
0.06877802130496817	0.0029977880601113394	0.04403985403972883	0.04408247962052859
0.08238326805955964	0.003596838844003325	0.044021320020067894	0.04408247962052859
0.09598851481415115	0.004195614772384974	0.04399944969920873	0.04408247962052859
0.10959376156874263	0.00479407045405408	0.04397424307707744	0.04408247962052859
0.12319900832333412	0.005392160497807314	0.0439457001535815	0.04408247962052859
0.13680425507792562	0.0059898395124402095	0.04391382092860975	0.04408247962052859
0.1504095018325171	0.006587062106747179	0.04387860540203238	0.04408247962052859
0.16401474858710857	0.007183782889453639	0.04384005357388419	0.04408247962052859
0.17761999534170006	0.0077799564691057	0.04379816544468123	0.04408247962052859
0.19122524209629155	0.008375537454523086	0.04375294101420038	0.04408247962052859
0.20483048885088304	0.008970480454548551	0.04370438028213174	0.04408247962052859
0.21843573560547452	0.009564740078017511	0.04365248324815944	0.04408247962052859
0.232040982360066	0.01015827093375806	0.04359724991196163	0.04408247962052859
0.24564622911465753	0.010751027630590954	0.04353868027321047	0.04408247962052859
0.259251475869249	0.011342964777329623	0.043476774331572154	0.04408247962052859
0.2728567226238405	0.011934036982780163	0.043411532086706894	0.04408247962052859
0.28646196937843194	0.012524198855741343	0.043342953538268926	0.04408247962052859
0.30006721613302345	0.013113405005004596	0.04327103868590651	0.04408247962052859
0.3136724628876149	0.013701610039354028	0.04319578752926192	0.04408247962052859
0.32727770964220637	0.014288768567566414	0.04311720006797145	0.04408247962052859
0.3408829563967979	0.014874835198411197	0.043035276301665426	0.04408247962052859
0.35448820315138935	0.015459764540650489	0.042950016229968205	0.04408247962052859
0.36809344990598086	0.016043511203039068	0.04286141985249813	0.04408247962052859
0.3816986966605723	0.01662602979432439	0.04276948716886761	0.04408247962052859
0.39530394341516384	0.01720727492324657	0.04267421817868304	0.04408247962052859
0.4089091901697553	0.0177872011985384	0.042575612881544864	0.04408247962052859
0.4225144369243468	0.018365763228925337	0.04247367127704753	0.04408247962052859
0.4361196836789383	0.01894291562312551	0.0423683933647795	0.04408247962052859
0.44972493043352973	0.019518612989849714	0.0422597791443233	0.04408247962052859
0.4633301771881213	0.020092809937801416	0.04214782861525542	0.04408247962052859
0.47693542394271277	0.02066546107567675	0.04203254177714642	0.04408247962052859
0.4905406706973043	0.02123652101216452	0.04191391862956086	0.04408247962052859
0.5041459174518957	0.02180594435594619	0.04179195917205732	0.04408247962052859
0.5177511642064873	0.02237368571569592	0.04166666340418841	0.04408247962052859
0.5313564109610787	0.02293969970008051	0.04153803132550076	0.04408247962052859
0.5449616577156702	0.023503940917759442	0.04140606293553502	0.04408247962052859
0.5585669044702617	0.024066363977384864	0.041270758233825866	0.04408247962052859
0.5721721512248531	0.024626923487601596	0.04113211721990198	0.04408247962052859
0.5857773979794447	0.025185574057047133	0.04099013989328609	0.04408247962052859
0.5993826447340362	0.025742270294351628	0.040844826253494934	0.04408247962052859
0.6129878914886276	0.0262969668081379	0.040696176300039265	0.04408247962052859
0.6265931382432192	0.02684961820702145	0.04054419003242388	0.04408247962052859
0.6401983849978106	0.02740017909961045	0.04038886745014756	0.04408247962052859
0.6538036317524021	0.027948604094505718	0.04023020855270316	0.04408247962052859
0.6674088785069936	0.028494847800300777	0.040068213339577496	0.04408247962052859
0.6810141252615851	0.029038864825581778	0.039902881810251464	0.04408247962052859
0.6946193720161765	0.02958060977892758	0.039734213964199946	0.04408247962052859
0.708224618770768	0.03012003726890967	0.039562209800891854	0.04408247962052859
0.7218298655253595	0.030657101904092265	0.03938686931979013	0.04408247962052859
0.7354351122799511	0.031191758293032185	0.03920819252035172	0.04408247962052859
0.7490403590345425	0.031723961044278964	0.039026179402027614	0.04408247962052859
0.762645605789134	0.032253664766374764	0.03884082996426281	0.04408247962052859
0.7762508525437254	0.03278082406785446	0.03865214420649633	0.04408247962052859
0.789856099298317	0.033305393557245586	0.038460122128161224	0.04408247962052859
0.8034613460529084	0.03382732784306832	0.03826476372868455	0.04408247962052859
0.8170665928074999	0.03434658153383553	0.03806606900748741	0.04408247962052859
0.8306718395620913	0.03486310923805276	0.0378640379639849	0.04408247962052859
0.844277086316683	0.03537686556421819	0.03765867059758616	0.04408247962052859
0.8578823330712745	0.035887805120822715	0.03744996690769435	0.04408247962052859
0.8714875798258659	0.03639588251634986	0.03723792689370664	0.04408247962052859
0.8850928265804574	0.036901052359275835	0.03702255055501423	0.04408247962052859
0.8986980733350488	0.03740326925806953	0.03680383789100234	0.04408247962052859
0.9123033200896404	0.03790248782119249	0.03658178890105021	0.04408247962052859
0.9259085668442318	0.03839866265712484	0.03635640358423061	0.04408247962052859
0.9395138135988234	0.03889174837439579	0.036127681938845774	0.04408247962052859
0.9531190603534148	0.03938169958143922	0.03589562396406194	0.04408247962052859
0.9667243071080064	0.039868470886670566	0.0356602296591214	0.04408247962052859
0.9803295538625978	0.04035201689849405	0.035421499023262436	0.04408247962052859
0.9939348006171893	0.040832292225302706	0.03517943205571939	0.04408247962052859
1.0075400473717808	0.04130925147547839	0.034934028755722615	0.04408247962052859
1.0211452941263721	0.04178284925739177	0.034685289122498485	0.04408247962052859
1.0347505408809639	0.04225304017940231	0.03443321315526941	0.04408247962052859
1.0483557876355551	0.042719778849858274	0.03417780085325383	0.04408247962052859
1.0619610343901467	0.043183019877096766	0.033919052215666205	0.04408247962052859
1.0755662811447382	0.043642717869443674	0.03365696724171702	0.04408247962052859
1.0891715278993297	0.044098827435213706	0.03339154593061279	0.04408247962052859
1.1027767746539212	0.044551303182710375	0.03312278828155606	0.04408247962052859
1.1163820214085127	0.045000099720226006	0.032850694293745396	0.04408247962052859
1.1299872681631042	0.04544517165604173	0.032575263966375397	0.04408247962052859
1.1435925149176955	0.04588647359842749	0.03229649729863667	0.04408247962052859
1.1571977616722873	0.04632396015564205	0.03201439428971588	0.04408247962052859
1.1708030084268786	0.04675758593593296	0.03172895493879569	0.04408247962052859
1.1844082551814703	0.0471873055475366	0.03144017924505481	0.04408247962052859
1.1980135019360616	0.047613073598678134	0.03114806720766796	0.04408247962052859
1.2116187486906531	0.04803484469757156	0.030852618825805905	0.04408247962052859
1.2252239954452446	0.048452573452419684	0.030553834098635418	0.04408247962052859
1.2388292421998361	0.04886621447141411	0.03025171302531931	0.04408247962052859
1.2524344889544274	0.049276002110084476	0.029945682411559912	0.04408247962052859
1.266039735709019	0.049682157085909666	0.029629109030206824	0.04408247962052859
1.2796449824636105	0.05008366884689145	0.029298151798687576	0.04408247962052859
1.293250229218202	0.050479997461628366	0.028959655392004752	0.04408247962052859
1.3068554759727933	0.05087117600678172	0.028631298691084064	0.04408247962052859
1.320460722727385	0.051257810567075644	0.028341594782774315	0.04408247962052859
1.3340659694819765	0.05164108023529704	0.028129890959847446	0.04408247962052859
1.347671216236568	0.05202273711229562	0.02804636872099848	0.04408247962052859
1.4215762032083763	0.05409550454528726	0.028046391932492497	0.04408247962052859
1.4954811901801848	0.05616827368401082	0.02804641554235285	0.04408247962052859
1.5693861771519935	0.058241044562487895	0.02804643955527913	0.04408247962052859
1.6432911641238017	0.060313817214740106	0.028046463975970937	0.04408247962052859
1.71719615109561	0.0623865916747891	0.028046488809127863	0.04408247962052859
1.7911011380674184	0.06445936797665648	0.028046514059449506	0.04408247962052859
1.8650061250392271	0.06653214615436387	0.028046539731635456	0.04408247962052859
1.9389111120110354	0.0686049262419329	0.02804656583038531	0.04408247962052859
2.0128160989828436	0.07067770827338518	0.028046592360398668	0.04408247962052859
2.086721085954652	0.07275049228274236	0.028046619326375116	0.04408247962052859
2.1606260729264606	0.07482327830402603	0.028046646733014255	0.04408247962052859
2.234531059898269	0.07689606637125784	0.028046674585015675	0.04408247962052859
2.308436046870077	0.07896885651845938	0.02804670288707898	0.04408247962052859
2.382341033841886	0.08104164877965231	0.02804673164390375	0.04408247962052859
2.4562460208136945	0.08311444318885823	0.028046760860189597	0.04408247962052859
2.530151007785503	0.08518723978009876	0.028046790540636104	0.04408247962052859
2.604055994757311	0.08726003858739553	0.02804682068994287	0.04408247962052859
2.6779609817291194	0.08933283964477018	0.028046851312809488	0.04408247962052859
2.751865968700928	0.09140564298624432	0.028046882413935555	0.04408247962052859
2.825770955672736	0.09347844864583953	0.028046913998020666	0.04408247962052859
2.8996759426445453	0.09555125665757752	0.028046946069764416	0.04408247962052859
2.9735809296163533	0.09762406705547981	0.028046978633866397	0.04408247962052859
3.0474859165881614	0.0996968798735681	0.028047011695026207	0.04408247962052859
3.1213909035599703	0.1017696953454623	0.028047045088873523	0.04408247962052859
3.1952958905317783	0.10384251363958406	0.028047078692848833	0.04408247962052859
3.269200877503587	0.10591533441534523	0.028047112822349035	0.04408247962052859
3.3431058644753953	0.10798815771194957	0.028047147477409266	0.04408247962052859
3.4170108514472033	0.11006098356860085	0.028047182658064662	0.04408247962052859
3.4909158384190127	0.11213381202450293	0.02804721836435035	0.04408247962052859
3.5648208253908207	0.1142066431188595	0.028047254596301474	0.04408247962052859
3.6387258123626287	0.1162794768908744	0.028047291353953157	0.04408247962052859
3.7126307993344376	0.11835231337975141	0.02804732863734054	0.04408247962052859
3.7865357863062457	0.1204251526246943	0.028047366446498755	0.04408247962052859
3.8604407732780546	0.1224979946649069	0.028047404781462938	0.04408247962052859
3.9343457602498626	0.12457083953959293	0.028047443642268216	0.04408247962052859
4.008250747221671	0.1266436872879562	0.02804748302894973	0.04408247962052859
4.0821557341934795	0.12871653794920052	0.028047522941542613	0.04408247962052859
4.156060721165288	0.13078939156252964	0.028047563380081995	0.04408247962052859
4.229965708137096	0.13286224816714737	0.02804760434460301	0.04408247962052859
4.3038706951089045	0.1349351078022575	0.028047645835140796	0.04408247962052859
4.3777756820807125	0.13700797050706376	0.028047687851730483	0.04408247962052859
4.451680669052522	0.13908083632077003	0.028047730394407205	0.04408247962052859
4.52558565602433	0.14115370528258003	0.0280477734632061	0.04408247962052859
4.599490642996138	0.14322657743169753	0.0280478170581623	0.04408247962052859
4.673395629967947	0.14529945280732637	0.028047861179310934	0.04408247962052859
4.747300616939755	0.1473723314486703	0.028047905826687144	0.04408247962052859
4.821205603911563	0.14944521339493308	0.028047951000326057	0.04408247962052859
4.895110590883372	0.1515180986853186	0.028047996700262808	0.04408247962052859
4.96901557785518	0.1535909873590305	0.028048042926532537	0.04408247962052859
5.042920564826989	0.15566387945527269	0.028048089679170368	0.04408247962052859
5.116825551798797	0.15773677501324887	0.028048136958211442	0.04408247962052859
5.190730538770605	0.15980967407216287	0.028048184763690892	0.04408247962052859
5.264635525742414	0.16188257667121847	0.02804823309564385	0.04408247962052859
5.338540512714222	0.16395548284961947	0.02804828195410545	0.04408247962052859
5.41244549968603	0.1660283926465696	0.028048331339110825	0.04408247962052859
5.486350486657839	0.16810130610127272	0.02804838125069511	0.04408247962052859
5.560255473629647	0.17017422325293252	0.02804843168889344	0.04408247962052859
5.634160460601457	0.1722471441407529	0.02804848265374095	0.04408247962052859
5.708065447573265	0.17432006880393752	0.02804853414527277	0.04408247962052859
5.781970434545073	0.17639299728169028	0.02804858616352403	0.04408247962052859
5.855875421516882	0.17846592961321492	0.028048638708529878	0.04408247962052859
5.92978040848869	0.1805388658377152	0.028048691780325433	0.04408247962052859
6.003685395460498	0.18261180599439492	0.02804874537894584	0.04408247962052859
6.077590382432307	0.1846847501224579	0.028048799504426226	0.04408247962052859
6.151495369404115	0.18675769826110789	0.028048854156801726	0.04408247962052859
6.225400356375924	0.18883065044954872	0.028048909336107472	0.04408247962052859
6.299305343347732	0.19090360672698403	0.028048965042378603	0.04408247962052859
6.373210330319541	0.1929765671326178	0.02804902127565025	0.04408247962052859
6.447115317291349	0.1950495317056537	0.028049078035957548	0.04408247962052859
6.521020304263157	0.19712250048529553	0.02804913532333563	0.04408247962052859
6.594925291234966	0.19919547351074715	0.028049193137819627	0.04408247962052859
6.668830278206774	0.20126845082121222	0.028049251479444676	0.04408247962052859
6.742735265178582	0.2033414324558946	0.028049310348245912	0.04408247962052859
6.816640252150392	0.2054144184539981	0.02804936974425847	0.04408247962052859
6.8905452391222	0.2074874088547264	0.028049429667517476	0.04408247962052859
6.964450226094008	0.2095604036972834	0.02804949011805807	0.04408247962052859
7.038355213065817	0.21163340302087286	0.028049551095915386	0.04408247962052859
7.112260200037625	0.21370640686469852	0.028049612601124554	0.04408247962052859
7.186165187009434	0.2157794152679642	0.028049674633720715	0.04408247962052859
7.260070173981242	0.21785242826987367	0.028049737193738995	0.04408247962052859
7.33397516095305	0.2199254459096307	0.02804980028121453	0.04408247962052859
7.407880147924859	0.22199846822643915	0.028049863896182456	0.04408247962052859
7.481785134896667	0.2240714952595027	0.028049928038677906	0.04408247962052859
7.5556901218684756	0.22614452704802518	0.028049992708736017	0.04408247962052859
7.629595108840284	0.22821756363121043	0.028050057906391916	0.04408247962052859
7.703500095812092	0.2302906050482622	0.02805012363168074	0.04408247962052859
7.7774050827839005	0.23236365133838421	0.028050189884637623	0.04408247962052859
7.8513100697557086	0.2344367025407803	0.0280502566652977	0.04408247962052859
7.925215056727517	0.2365097586946543	0.028050323973696105	0.04408247962052859
7.9991200436993255	0.23858281983920993	0.02805039180986797	0.04408247962052859
8.073025030671134	0.2406558860136509	0.028050460173848428	0.04408247962052859
8.146930017642942	0.2427289572571812	0.028050529065672614	0.04408247962052859
8.22083500461475	0.2448020336090045	0.028050598485375663	0.04408247962052859
8.294739991586559	0.2468751151083245	0.02805066843299271	0.04408247962052859
8.368644978558368	0.24894820179434513	0.028050738908558883	0.04408247962052859
8.442549965530176	0.25102129370627013	0.02805080991210932	0.04408247962052859
8.516454952501984	0.25309439088330327	0.02805088144367916	0.04408247962052859
8.590359939473792	0.2551674933646484	0.028050953503303527	0.04408247962052859
8.6642649264456	0.25724060118950914	0.028051026091017558	0.04408247962052859
8.73816991341741	0.25931371439708945	0.028051099206856393	0.04408247962052859
8.812074900389218	0.261386833026593	0.028051172850855156	0.04408247962052859
8.885979887361026	0.2634599571172236	0.028051247023048988	0.04408247962052859
8.959884874332836	0.26553308670818515	0.028051321723473018	0.04408247962052859
9.033789861304644	0.26760622183868127	0.028051396952162386	0.04408247962052859
9.107694848276452	0.2696793625479158	0.02805147270915222	0.04408247962052859
9.18159983524826	0.2717525088750926	0.028051548994477656	0.04408247962052859
9.255504822220068	0.27382566085941534	0.02805162580817383	0.04408247962052859
9.329409809191876	0.2758988185400879	0.028051703150275872	0.04408247962052859
9.403314796163686	0.27797198195631406	0.028051781020818917	0.04408247962052859
9.477219783135494	0.28004515114729756	0.0280518594198381	0.04408247962052859
9.551124770107302	0.2821183261522421	0.028051938347368556	0.04408247962052859
9.62502975707911	0.2841915070103516	0.028052017803445416	0.04408247962052859
9.698934744050918	0.28626469376082986	0.028052097788103816	0.04408247962052859
9.772839731022728	0.2883378864428806	0.028052178301378888	0.04408247962052859
9.846744717994536	0.2904110850957076	0.028052259343305765	0.04408247962052859
9.920649704966344	0.29248428975851465	0.028052340913919584	0.04408247962052859
9.994554691938152	0.2945575004705056	0.028052423013255477	0.04408247962052859
10.06845967890996	0.29663071727088414	0.028052505641348577	0.04408247962052859
10.14236466588177	0.2987039401988542	0.02805258879823402	0.04408247962052859
10.216269652853578	0.30077716929361936	0.02805267248394694	0.04408247962052859
10.290174639825386	0.30285040459438356	0.028052756698522467	0.04408247962052859
10.364079626797194	0.30492364614035045	0.02805284144199574	0.04408247962052859
10.437984613769002	0.306996893970724	0.02805292671440189	0.04408247962052859
10.51188960074081	0.3090701481247078	0.02805301251577605	0.04408247962052859
10.58579458771262	0.31114340864150586	0.028053098846153354	0.04408247962052859
10.659699574684428	0.31321667556032173	0.02805318570556894	0.04408247962052859
10.733604561656236	0.3152899489203593	0.02805327309405794	0.04408247962052859
10.807509548628044	0.31736322876082235	0.02805336101165548	0.04408247962052859
10.881414535599852	0.3194365151209147	0.028053449458396704	0.04408247962052859
10.95531952257166	0.32150980803984014	0.02805353843431674	0.04408247962052859
11.02922450954347	0.3235831075568025	0.02805362793945073	0.04408247962052859
11.103129496515278	0.32565641371100534	0.028053717973833797	0.04408247962052859
11.177034483487086	0.3277297265416526	0.02805380853750108	0.04408247962052859
11.250939470458894	0.32980304608794814	0.028053899630487714	0.04408247962052859
11.324844457430702	0.3318763723890956	0.02805399125282883	0.04408247962052859
11.398749444402513	0.33394970548429886	0.028054083404559567	0.04408247962052859
11.472654431374322	0.3360230454127617	0.028054176085715053	0.04408247962052859
11.54655941834613	0.3380963922136878	0.028054269296330422	0.04408247962052859
11.620464405317938	0.3401697459262811	0.02805436303644081	0.04408247962052859
11.694369392289746	0.3422431065897452	0.028054457306081353	0.04408247962052859
11.768274379261554	0.3443164742432841	0.02805455210528718	0.04408247962052859
11.842179366233363	0.34638984892610153	0.02805464743409343	0.04408247962052859
11.916084353205171	0.34846323067740104	0.028054743292535232	0.04408247962052859
11.98998934017698	0.35053661953638676	0.02805483968064772	0.04408247962052859
12.063894327148788	0.35261001554226223	0.028054936598466033	0.04408247962052859
12.137799314120596	0.3546834187342313	0.0280550340460253	0.04408247962052859
12.211704301092405	0.3567568291514979	0.02805513202336066	0.04408247962052859
12.285609288064213	0.3588302468332656	0.02805523053050724	0.04408247962052859
12.359514275036021	0.36090367181873834	0.02805532956750018	0.04408247962052859
12.43341926200783	0.36297710414711976	0.02805542913437461	0.04408247962052859
12.507324248979637	0.3650505438576137	0.028055529231165662	0.04408247962052859
12.581229235951445	0.36712399098942405	0.028055629857908472	0.04408247962052859
12.655134222923255	0.36919744558175455	0.028055731014638177	0.04408247962052859
12.729039209895063	0.3712709076738089	0.02805583270138991	0.04408247962052859
12.802944196866871	0.3733443773047909	0.0280559349181988	0.04408247962052859
12.87684918383868	0.3754178545139044	0.028056037665099988	0.04408247962052859
12.950754170810487	0.37749133934035317	0.0280561409421286	0.04408247962052859
13.024659157782297	0.3795648318233411	0.028056244749319774	0.04408247962052859
13.098564144754105	0.3816383320020717	0.028056349086708645	0.04408247962052859
13.172469131725913	0.383711839915749	0.028056453954330346	0.04408247962052859
13.246374118697721	0.3857853556035766	0.02805655935222001	0.04408247962052859
13.32027910566953	0.38785887910475847	0.02805666528041277	0.04408247962052859
13.39418409264134	0.38993241045849825	0.02805677173894376	0.04408247962052859
13.468089079613147	0.3920059497039998	0.028056878727848115	0.04408247962052859
13.541994066584955	0.3940794968804669	0.02805698624716097	0.04408247962052859
13.615899053556763	0.3961530520271034	0.028057094296917457	0.04408247962052859
13.689804040528571	0.39822661518311286	0.02805720287715271	0.04408247962052859
13.763709027500383	0.4003001863876994	0.028057311987901866	0.04408247962052859
13.83761401447219	0.4023737656800665	0.028057421629200052	0.04408247962052859
13.911519001443999	0.40444735309941804	0.02805753180108241	0.04408247962052859
13.985423988415807	0.40652094868495786	0.028057642503584064	0.04408247962052859
14.059328975387615	0.40859455247588966	0.028057753736740156	0.04408247962052859
14.133233962359423	0.4106681645114174	0.028057865500585817	0.04408247962052859
14.207138949331233	0.4127417848307447	0.028057977795156182	0.04408247962052859
14.28104393630304	0.41481541347307543	0.028058090620486385	0.04408247962052859
14.354948923274849	0.41688905047761327	0.028058203976611556	0.04408247962052859
14.428853910246657	0.41896269588356216	0.028058317863566835	0.04408247962052859
14.502758897218465	0.42103634973012566	0.028058432281387352	0.04408247962052859
14.576663884190275	0.4231100120565079	0.028058547230108238	0.04408247962052859
14.650568871162083	0.4251836829019123	0.028058662709764634	0.04408247962052859
14.72447385813389	0.4272573623055428	0.028058778720391666	0.04408247962052859
14.798378845105699	0.4293310503066032	0.028058895262024475	0.04408247962052859
14.872283832077507	0.4314047469442972	0.02805901233469819	0.04408247962052859
14.946188819049315	0.43347845225782883	0.02805912993844795	0.04408247962052859
15.020093806021125	0.43555216628640164	0.02805924807330888	0.04408247962052859
15.093998792992933	0.4376258890692195	0.028059366739316124	0.04408247962052859
15.16790377996474	0.43969962064548607	0.028059485936504806	0.04408247962052859
15.241808766936549	0.4417733610544054	0.02805960566491007	0.04408247962052859
15.315713753908357	0.4438471103351809	0.02805972592456704	0.04408247962052859
15.389618740880167	0.44592086852701684	0.02805984671551086	0.04408247962052859
15.463523727851975	0.44799463566911657	0.028059968037776654	0.04408247962052859
15.537428714823783	0.4500684118006841	0.02806008989139956	0.04408247962052859
15.61133370179559	0.45214219696092306	0.02806021227641472	0.04408247962052859
15.685238688767399	0.4542159911890374	0.02806033519285725	0.04408247962052859
15.759143675739208	0.45628979452423085	0.028060458640762297	0.04408247962052859
15.833048662711017	0.45836360700570716	0.028060582620164993	0.04408247962052859
15.906953649682825	0.4604374286726701	0.02806070713110047	0.04408247962052859
15.980858636654633	0.4625112595643236	0.02806083217360386	0.04408247962052859
16.054763623626442	0.4645850997198712	0.028060957747710304	0.04408247962052859
16.12866861059825	0.4666589491785169	0.02806108385345493	0.04408247962052859
16.20257359757006	0.4687328079794644	0.02806121049087287	0.04408247962052859
16.276478584541866	0.4708066761619175	0.028061337659999262	0.04408247962052859
16.350383571513674	0.47288055376508004	0.028061465360869238	0.04408247962052859
16.424288558485483	0.4749544408281556	0.028061593593517932	0.04408247962052859
16.49819354545729	0.4770283373903482	0.02806172235798048	0.04408247962052859
16.572098532429102	0.47910224349086156	0.02806185165429201	0.04408247962052859
16.64600351940091	0.4811761591688994	0.028061981482487664	0.04408247962052859
16.719908506372718	0.4832500844636655	0.02806211184260257	0.04408247962052859
16.793813493344526	0.48532401941436376	0.028062242734671863	0.04408247962052859
16.867718480316334	0.48739796406019786	0.02806237415873068	0.04408247962052859
16.941623467288142	0.4894719184403717	0.02806250611481415	0.04408247962052859
17.01552845425995	0.4915458825940888	0.028062638602957407	0.04408247962052859
17.08943344123176	0.49361985656055335	0.02806277162319559	0.04408247962052859
17.163338428203566	0.49569384037896874	0.028062905175563826	0.04408247962052859
17.237243415175374	0.497767834088539	0.028063039260097258	0.04408247962052859
17.311148402147182	0.4998418377284678	0.02806317387683101	0.04408247962052859
17.385053389118994	0.5019158513379591	0.028063309025800225	0.04408247962052859
17.458958376090802	0.5039898749562165	0.028063444707040027	0.04408247962052859
17.53286336306261	0.5060639086224438	0.028063580920585557	0.04408247962052859
17.606768350034418	0.5081379523758448	0.028063717666471946	0.04408247962052859
17.680673337006226	0.5102120062556234	0.02806385494473433	0.04408247962052859
17.754578323978038	0.5122860703009833	0.02806399275540784	0.04408247962052859
17.828483310949846	0.5143601445511282	0.028064131098527612	0.04408247962052859
17.902388297921654	0.516434229045262	0.02806426997412878	0.04408247962052859
17.976293284893462	0.5185083238225884	0.028064409382246476	0.04408247962052859
18.05019827186527	0.5205824289223113	0.028064549322915834	0.04408247962052859
18.124103258837078	0.5226565443836345	0.02806468979617199	0.04408247962052859
18.198008245808886	0.5247306702457616	0.028064830802050078	0.04408247962052859
18.271913232780694	0.5268048065478965	0.028064972340585227	0.04408247962052859
18.345818219752502	0.5288789533292431	0.028065114411812576	0.04408247962052859
18.41972320672431	0.5309531106290049	0.028065257015767255	0.04408247962052859
18.49362819369612	0.533027278486386	0.0280654001524844	0.04408247962052859
18.56753318066793	0.5351014569405899	0.028065543821999148	0.04408247962052859
18.641438167639738	0.5371756460308206	0.028065688024346627	0.04408247962052859
18.715343154611546	0.5392498457962818	0.028065832759561975	0.04408247962052859
18.789248141583354	0.5413240562761772	0.02806597802768032	0.04408247962052859
18.86315312855516	0.5433982775097108	0.028066123828736803	0.04408247962052859
18.93705811552697	0.5454725095360862	0.028066270162766558	0.04408247962052859
19.010963102498778	0.5475467523945073	0.02806641702980471	0.04408247962052859
19.084868089470586	0.5496210061241776	0.028066564429886403	0.04408247962052859
19.158773076442394	0.5516952707643015	0.028066712363046763	0.04408247962052859
19.232678063414202	0.553769546354082	0.02806686082932093	0.04408247962052859
19.306583050386017	0.5558438329327238	0.028067009828744032	0.04408247962052859
19.380488037357825	0.5579181305394298	0.028067159361351207	0.04408247962052859
19.454393024329633	0.5599924392134042	0.02806730942717759	0.04408247962052859
19.52829801130144	0.5620667589938507	0.02806746002625831	0.04408247962052859
19.60220299827325	0.5641410899199732	0.028067611158628505	0.04408247962052859
19.676107985245057	0.5662154320309755	0.028067762824323307	0.04408247962052859
19.750012972216865	0.5682897853660611	0.02806791502337785	0.04408247962052859
19.823917959188673	0.5703641499644342	0.028068067755827267	0.04408247962052859
19.89782294616048	0.5724385258652981	0.028068221021706693	0.04408247962052859
19.97172793313229	0.574512913107857	0.028068374821051262	0.04408247962052859
20.045632920104097	0.5765873117313146	0.02806852915389611	0.04408247962052859
20.11953790707591	0.5786617217748747	0.028068684020276364	0.04408247962052859
20.193442894047717	0.5807361432777409	0.028068839420227164	0.04408247962052859
20.267347881019525	0.582810576279117	0.02806899535378364	0.04408247962052859
20.341252867991333	0.584885020818207	0.028069151820980933	0.04408247962052859
20.41515785496314	0.5869594769342146	0.028069308821854166	0.04408247962052859
20.48906284193495	0.5890339446663434	0.02806946635643848	0.04408247962052859
20.562967828906757	0.5911084240537975	0.02806962442476901	0.04408247962052859
20.636872815878565	0.5931829243649946	0.028069783167438783	0.04408247962052859
20.710777802850377	0.595257437403701	0.028069942458091923	0.04408247962052859
20.784682789822185	0.5973319621093681	0.028070102279935956	0.04408247962052859
20.858587776793993	0.5994064985219351	0.02807026263299175	0.04408247962052859
20.9324927637658	0.6014810466813403	0.02807042351728018	0.04408247962052859
21.00639775073761	0.6035556066275225	0.028070584932822124	0.04408247962052859
21.080302737709417	0.6056301784004203	0.02807074687963845	0.04408247962052859
21.154207724681225	0.6077047620399724	0.02807090935775003	0.04408247962052859
21.228112711653033	0.6097793575861173	0.028071072367177742	0.04408247962052859
21.30201769862484	0.6118539650787939	0.028071235907942454	0.04408247962052859
21.37592268559665	0.6139285845579405	0.028071399980065043	0.04408247962052859
21.44982767256846	0.6160032160634961	0.028071564583566383	0.04408247962052859
21.52373265954027	0.6180778596353991	0.028071729718467345	0.04408247962052859
21.597637646512077	0.6201525153135882	0.028071895384788804	0.04408247962052859
21.671542633483885	0.622227183138002	0.02807206158255163	0.04408247962052859
21.745447620455693	0.624301863148579	0.0280722283117767	0.04408247962052859
21.8193526074275	0.6263765553852583	0.028072395572484886	0.04408247962052859
21.89325759439931	0.6284512598879782	0.02807256336469706	0.04408247962052859
21.967162581371117	0.6305259766966773	0.028072731688434095	0.04408247962052859
22.041067568342925	0.6326007058512945	0.028072900543716868	0.04408247962052859
22.114972555314733	0.6346754473917682	0.028073069930566248	0.04408247962052859
22.18887754228654	0.6367502013580372	0.02807323984900311	0.04408247962052859
22.262782529258352	0.63882496779004	0.028073410299048328	0.04408247962052859
22.33668751623016	0.6408997467277154	0.02807358128072277	0.04408247962052859
22.41059250320197	0.6429745382110019	0.028073752794047318	0.04408247962052859
22.484497490173776	0.6450493422798382	0.028073924839042842	0.04408247962052859
22.558402477145584	0.647124158974163	0.02807409741573021	0.04408247962052859
22.632307464117392	0.6491989883339148	0.0280742705241303	0.04408247962052859
22.7062124510892	0.6512738303990322	0.02807444416426399	0.04408247962052859
22.78011743806101	0.6533486852094541	0.02807461833615214	0.04408247962052859
22.854022425032817	0.655423552805119	0.028074793039815634	0.04408247962052859
22.927927412004625	0.6574984332259655	0.028074968275275343	0.04408247962052859
23.001832398976433	0.6595733265119323	0.02807514404255214	0.04408247962052859
23.075737385948244	0.6616482327029581	0.028075320341666897	0.04408247962052859
23.149642372920052	0.6637231518389815	0.02807549717264049	0.04408247962052859
23.22354735989186	0.665798083959941	0.028075674535493787	0.04408247962052859
23.29745234686367	0.6678730291057753	0.028075852430247666	0.04408247962052859
23.371357333835476	0.6699479873164231	0.028076030856923	0.04408247962052859
23.445262320807284	0.672022958631823	0.028076209815540657	0.04408247962052859
23.519167307779092	0.6740979430919138	0.028076389306121517	0.04408247962052859
23.5930722947509	0.676172940736634	0.028076569328686452	0.04408247962052859
23.66697728172271	0.6782479516059222	0.02807674988325633	0.04408247962052859
23.740882268694516	0.6803229757397171	0.028076930969852032	0.04408247962052859
23.814787255666324	0.6823980131779573	0.028077112588494425	0.04408247962052859
23.888692242638136	0.6844730639605816	0.028077294739204384	0.04408247962052859
23.962597229609944	0.6865481281275285	0.028077477422002783	0.04408247962052859
24.036502216581752	0.6886232057187366	0.028077660636910497	0.04408247962052859
24.11040720355356	0.6906982967741446	0.028077844383948395	0.04408247962052859
24.184312190525368	0.6927734013336911	0.028078028663137352	0.04408247962052859
24.258217177497176	0.6948485194373148	0.028078213474498244	0.04408247962052859
24.332122164468984	0.6969236511249544	0.02807839881805194	0.04408247962052859
24.406027151440792	0.6989987964365484	0.028078584693819315	0.04408247962052859
24.4799321384126	0.7010739554120355	0.028078771101821245	0.04408247962052859
24.55383712538441	0.7031491280913543	0.0280789580420786	0.04408247962052859
24.627742112356223	0.7052243145144437	0.028079145514612252	0.04408247962052859
24.70164709932803	0.707299514721242	0.028079333519443077	0.04408247962052859
24.77555208629984	0.7093747287516879	0.028079522056591946	0.04408247962052859
24.849457073271648	0.7114499566457202	0.028079711126079734	0.04408247962052859
24.923362060243456	0.7135251984432774	0.028079900727927317	0.04408247962052859
24.997267047215264	0.7156004541842982	0.02808009086215556	0.04408247962052859
25.07117203418707	0.7176757239087213	0.028080281528785347	0.04408247962052859
25.14507702115888	0.7197510076564851	0.028080472727837542	0.04408247962052859
25.218982008130688	0.7218263054675287	0.02808066445933302	0.04408247962052859
25.292886995102496	0.7239016173817903	0.028080856723292663	0.04408247962052859
25.366791982074304	0.7259769434392086	0.028081049519737333	0.04408247962052859
25.440696969046115	0.7280522836797225	0.028081242848687907	0.04408247962052859
25.514601956017923	0.7301276381432704	0.028081436710165258	0.04408247962052859
25.58850694298973	0.7322030068697911	0.028081631104190263	0.04408247962052859
25.66241192996154	0.7342783898992231	0.02808182603078379	0.04408247962052859
25.736316916933347	0.7363537872715051	0.028082021489966715	0.04408247962052859
25.810221903905155	0.7384291990265758	0.028082217481759913	0.04408247962052859
25.884126890876964	0.7405046252043738	0.028082414006184254	0.04408247962052859
25.95803187784877	0.7425800658448376	0.02808261106326061	0.04408247962052859
26.03193686482058	0.7446555209879061	0.02808280865300986	0.04408247962052859
26.105841851792388	0.7467309906735178	0.02808300677545287	0.04408247962052859
26.1797468387642	0.7488064749416115	0.02808320543061052	0.04408247962052859
26.253651825736007	0.7508819738321254	0.028083404618503678	0.04408247962052859
26.327556812707815	0.7529574873849986	0.02808360433915322	0.04408247962052859
26.401461799679623	0.7550330156401694	0.02808380459258002	0.04408247962052859
26.47536678665143	0.7571085586375768	0.02808400537880495	0.04408247962052859
26.54927177362324	0.7591841164171592	0.028084206697848883	0.04408247962052859
26.623176760595047	0.7612596890188552	0.02808440854973269	0.04408247962052859
26.697081747566855	0.7633352764826037	0.028084610934477252	0.04408247962052859
26.770986734538663	0.7654108788483431	0.028084813852103433	0.04408247962052859
26.84489172151047	0.7674864961560122	0.02808501730263211	0.04408247962052859
26.91879670848228	0.7695621284455495	0.02808522128608416	0.04408247962052859
26.99270169545409	0.7716377757568937	0.02808542580248045	0.04408247962052859
27.0666066824259	0.7737134381299836	0.028085630851841854	0.04408247962052859
27.140511669397707	0.7757891156047575	0.02808583643418925	0.04408247962052859
27.214416656369515	0.7778648082211543	0.02808604254954351	0.04408247962052859
27.288321643341323	0.7799405160191125	0.028086249197925503	0.04408247962052859
27.36222663031313	0.7820162390385709	0.028086456379356105	0.04408247962052859
27.43613161728494	0.784091977319468	0.02808666409385619	0.04408247962052859
27.510036604256747	0.7861677309017425	0.02808687234144663	0.04408247962052859
27.583941591228555	0.788243499825333	0.0280870811221483	0.04408247962052859
27.657846578200363	0.7903192841301783	0.02808729043598207	0.04408247962052859
27.73175156517217	0.7923950838562168	0.028087500282968816	0.04408247962052859
27.805656552143983	0.7944708990433873	0.02808771066312941	0.04408247962052859
27.87956153911579	0.7965467297316284	0.028087921576484726	0.04408247962052859
27.9534665260876	0.7986225759608788	0.028088133023055635	0.04408247962052859
28.027371513059407	0.8006984377710771	0.028088345002863016	0.04408247962052859
28.101276500031215	0.8027743152021617	0.028088557515927735	0.04408247962052859
28.175181487003023	0.8048502082940716	0.02808877056227067	0.04408247962052859
28.24908647397483	0.8069261170867453	0.02808898414191269	0.04408247962052859
28.32299146094664	0.8090020416201215	0.028089198254874676	0.04408247962052859
28.396896447918447	0.8110779819341387	0.028089412901177495	0.04408247962052859
28.470801434890255	0.8131539380687356	0.02808962808084202	0.04408247962052859
28.544706421862063	0.8152299100638509	0.028089843793889128	0.04408247962052859
28.618611408833875	0.8173058979594234	0.028090060040339686	0.04408247962052859
28.692516395805683	0.8193819017953914	0.028090276820214574	0.04408247962052859
28.76642138277749	0.8214579216116937	0.028090494133534663	0.04408247962052859
28.8403263697493	0.823533957448269	0.028090711980320825	0.04408247962052859
28.914231356721107	0.8256100093450557	0.028090930360593933	0.04408247962052859
28.988136343692915	0.8276860773419927	0.028091149274374866	0.04408247962052859
29.062041330664723	0.8297621614790186	0.02809136872168449	0.04408247962052859
29.13594631763653	0.831838261796072	0.028091588702543677	0.04408247962052859
29.20985130460834	0.8339143783330915	0.028091809216973306	0.04408247962052859
29.283756291580147	0.8359905111300158	0.02809203026499425	0.04408247962052859
29.357661278551962	0.8380666602267836	0.02809225184662738	0.04408247962052859
29.43156626552377	0.8401428256633334	0.028092473961893568	0.04408247962052859
29.50547125249558	0.8422190074796039	0.02809269661081369	0.04408247962052859
29.579376239467386	0.8442952057155336	0.02809291979340862	0.04408247962052859
29.653281226439194	0.8463714204110615	0.028093143509699228	0.04408247962052859
29.727186213411002	0.8484476516061259	0.02809336775970639	0.04408247962052859
29.80109120038281	0.8505238993406656	0.028093592543450976	0.04408247962052859
29.87499618735462	0.8526001636546192	0.028093817860953864	0.04408247962052859
29.948901174326426	0.8546764445879254	0.028094043712235922	0.04408247962052859
30.022806161298234	0.8567527421805228	0.028094270097318026	0.04408247962052859
30.096711148270042	0.85882905647235	0.02809449701622105	0.04408247962052859
30.170616135241854	0.8609053875033458	0.028094724468965864	0.04408247962052859
30.244521122213662	0.8629817353134486	0.028094952455573346	0.04408247962052859
30.31842610918547	0.8650580999425971	0.028095180976064366	0.04408247962052859
30.392331096157278	0.86713448143073	0.028095410030459796	0.04408247962052859
30.466236083129086	0.869210879817786	0.02809563961878051	0.04408247962052859
30.540141070100894	0.8712872951437037	0.02809586974104739	0.04408247962052859
30.614046057072702	0.8733637274484216	0.028096100397281294	0.04408247962052859
30.68795104404451	0.8754401767718787	0.028096331587503107	0.04408247962052859
30.76185603101632	0.8775166431540131	0.028096563311733696	0.04408247962052859
30.835761017988126	0.879593126634764	0.028096795569993938	0.04408247962052859
30.909666004959938	0.8816696272540698	0.028097028362304703	0.04408247962052859
30.983570991931746	0.883746145051869	0.028097261688686866	0.04408247962052859
31.057475978903554	0.8858226800681004	0.028097495549161303	0.04408247962052859
31.131380965875362	0.8878992323427026	0.02809772994374888	0.04408247962052859
31.20528595284717	0.8899758019156142	0.028097964872470477	0.04408247962052859
31.279190939818978	0.892052388826774	0.028098200335346966	0.04408247962052859
31.353095926790786	0.8941289931161204	0.028098436332399217	0.04408247962052859
31.427000913762594	0.8962056148235923	0.028098672863648106	0.04408247962052859
31.500905900734402	0.8982822539891281	0.028098909929114506	0.04408247962052859
31.57481088770621	0.9003589106526666	0.02809914752881929	0.04408247962052859
31.648715874678018	0.9024355848541464	0.02809938566278333	0.04408247962052859
31.72262086164983	0.9045122766335063	0.0280996243310275	0.04408247962052859
31.796525848621638	0.9065889860306846	0.028099863533572675	0.04408247962052859
31.870430835593446	0.9086657130856202	0.028100103270439727	0.04408247962052859
31.944335822565254	0.9107424578382516	0.028100343541649527	0.04408247962052859
32.01824080953706	0.9128192203285175	0.028100584347222953	0.04408247962052859
32.09214579650887	0.9148960005963565	0.028100825687180874	0.04408247962052859
32.16605078348068	0.9169727986817073	0.028101067561544166	0.04408247962052859
32.23995577045249	0.9190496146245086	0.0281013099703337	0.04408247962052859
32.313860757424294	0.921126448464699	0.02810155291357035	0.04408247962052859
32.387765744396106	0.9232033002422171	0.02810179639127499	0.04408247962052859
32.46167073136791	0.9252801699970015	0.02810204040346849	0.04408247962052859
32.53557571833972	0.9273570577689909	0.02810228495017173	0.04408247962052859
32.60948070531153	0.9294339635981239	0.028102530031405577	0.04408247962052859
32.68338569228334	0.9315108875243394	0.02810277564719091	0.04408247962052859
32.75729067925515	0.9335878295875755	0.028103021797548592	0.04408247962052859
32.831195666226954	0.9356647898277712	0.02810326848249951	0.04408247962052859
32.905100653198765	0.9377417682848652	0.028103515702064527	0.04408247962052859
32.97900564017057	0.9398187649987961	0.02810376345626452	0.04408247962052859
33.05291062714238	0.9418957800095024	0.02810401174512036	0.04408247962052859
33.126815614114186	0.9439728133569227	0.028104260568652922	0.04408247962052859
33.200720601086	0.946049865080996	0.02810450992688308	0.04408247962052859
33.2746255880578	0.9481269352216606	0.02810475981983171	0.04408247962052859
33.34853057502961	0.9502040238188552	0.028105010247519678	0.04408247962052859
33.422435562001425	0.9522811309125185	0.028105261209967862	0.04408247962052859
33.49634054897323	0.9543582565425892	0.028105512707197133	0.04408247962052859
33.57024553594504	0.9564354007490057	0.028105764739228364	0.04408247962052859
33.644150522916846	0.958512563571707	0.028106017306082434	0.04408247962052859
33.71805550988866	0.9605897450506314	0.028106270407780208	0.04408247962052859
33.79196049686046	0.9626669452257177	0.028106524044342565	0.04408247962052859
33.86586548383227	0.9647441641369047	0.028106778215790378	0.04408247962052859
33.93977047080408	0.9668214018241308	0.028107032922144518	0.04408247962052859
34.01367545777589	0.9688986583273347	0.028107288163425857	0.04408247962052859
34.0875804447477	0.970975933686455	0.02810754393965527	0.04408247962052859
34.161485431719505	0.9730532279414306	0.028107800250853632	0.04408247962052859
34.23539041869132	0.9751305411321997	0.028108057097041814	0.04408247962052859
34.30929540566312	0.9772078732987011	0.02810831447824069	0.04408247962052859
34.38320039263493	0.9792852244808737	0.02810857239447113	0.04408247962052859
34.45710537960674	0.981362594718656	0.028108830845754017	0.04408247962052859
34.53101036657855	0.9834399840519865	0.02810908983211021	0.04408247962052859
34.60491535355035	0.985517392520804	0.028109349353560596	0.04408247962052859
34.678820340522165	0.9875948201650471	0.028109609410126038	0.04408247962052859
34.75272532749397	0.9896722670246543	0.028109870001827415	0.04408247962052859
34.82663031446578	0.9917497331395644	0.0281101311286856	0.04408247962052859
34.90053530143759	0.9938272185497161	0.028110392790721465	0.04408247962052859
34.9744402884094	0.995904723295048	0.02811065498795588	0.04408247962052859
35.04834527538121	0.9979822474154986	0.028110917720409724	0.04408247962052859
35.12225026235301	1.0000597909510067	0.028111180988103866	0.04408247962052859
35.196155249324825	1.0021373539415106	0.02811144479105918	0.04408247962052859
35.27006023629663	1.0042149364269495	0.02811170912929654	0.04408247962052859
35.34396522326844	1.0062925384472616	0.028111974002836822	0.04408247962052859
35.417870210240245	1.0083701600423858	0.028112239411700896	0.04408247962052859
35.49177519721206	1.0104478012522606	0.028112505355909635	0.04408247962052859
35.56568018418386	1.012525462116825	0.028112771835483913	0.04408247962052859
35.63958517115567	1.014603142676017	0.0281130388504446	0.04408247962052859
35.713490158127485	1.0166808429697753	0.028113306400812575	0.04408247962052859
35.78739514509929	1.0187585630380391	0.02811357448660871	0.04408247962052859
35.8613001320711	1.0208363029207468	0.028113843107853878	0.04408247962052859
35.935205119042905	1.0229140626578368	0.028114112264568947	0.04408247962052859
36.00911010601472	1.0249918422892481	0.0281143819567748	0.04408247962052859
36.08301509298652	1.027069641854919	0.0281146521844923	0.04408247962052859
36.15692007995833	1.0291474613947884	0.028114922947742326	0.04408247962052859
36.23082506693014	1.0312253009487948	0.028115194246545752	0.04408247962052859
36.30473005390195	1.033303160556877	0.028115466080923447	0.04408247962052859
36.37863504087375	1.0353810402589736	0.028115738450896287	0.04408247962052859
36.45254002784557	1.0374589400950232	0.028116011356485147	0.04408247962052859
36.52644501481738	1.0395368601049642	0.028116284797710896	0.04408247962052859
36.60035000178919	1.0416148003287355	0.028116558774594413	0.04408247962052859
36.67425498876099	1.0436927608062756	0.028116833287156563	0.04408247962052859
36.748159975732804	1.0457707415775235	0.028117108335418226	0.04408247962052859
36.82206496270461	1.0478487426824175	0.028117383919400274	0.04408247962052859
36.89596994967642	1.049926764160896	0.02811766003912358	0.04408247962052859
36.969874936648225	1.0520048060528981	0.028117936694609012	0.04408247962052859
37.043779923620036	1.0540828683983625	0.02811821388587745	0.04408247962052859
37.11768491059184	1.0561609512372276	0.02811849161294977	0.04408247962052859
37.19158989756365	1.058239054609432	0.028118769875846834	0.04408247962052859
37.265494884535464	1.0603171785549146	0.028119048674589524	0.04408247962052859
37.33939987150727	1.0623953231136136	0.02811932800919871	0.04408247962052859
37.41330485847908	1.064473488325468	0.02811960787969527	0.04408247962052859
37.487209845450884	1.0665516742304164	0.02811988828610007	0.04408247962052859
37.561114832422696	1.0686298808683974	0.028120169228433987	0.04408247962052859
37.6350198193945	1.0707081082793497	0.028120450706717894	0.04408247962052859
37.708924806366305	1.0727863565032116	0.028120732720972662	0.04408247962052859
37.78282979333812	1.0748646255799224	0.02812101527121917	0.04408247962052859
37.85673478030992	1.07694291554942	0.028121298357478286	0.04408247962052859
37.93063976728173	1.0790212264516437	0.028121581979770886	0.04408247962052859
38.00454475425354	1.0810995583265313	0.02812186613811784	0.04408247962052859
38.07844974122535	1.0831779112140225	0.02812215083254002	0.04408247962052859
38.15235472819716	1.0852562851540553	0.02812243606305831	0.04408247962052859
38.226259715168965	1.0873346801865684	0.02812272182969357	0.04408247962052859
38.300164702140776	1.0894130963515007	0.028123008132466685	0.04408247962052859
38.37406968911258	1.0914915336887905	0.028123294971398517	0.04408247962052859
38.44797467608439	1.0935699922383764	0.028123582346509947	0.04408247962052859
38.5218796630562	1.0956484720401973	0.028123870257821842	0.04408247962052859
38.59578465002801	1.097726973134192	0.028124158705355083	0.04408247962052859
38.66968963699981	1.0998054955602987	0.028124447689130538	0.04408247962052859
38.743594623971624	1.1018840393584561	0.02812473720916908	0.04408247962052859
38.817499610943436	1.1039626045686037	0.028125027265491587	0.04408247962052859
38.89140459791524	1.1060411912306787	0.02812531785811893	0.04408247962052859
38.965309584887045	1.1081197993846206	0.028125608987071976	0.04408247962052859
39.03921457185886	1.1101984290703681	0.028125900652371607	0.04408247962052859
39.11311955883066	1.1122770803278594	0.02812619285403869	0.04408247962052859
39.18702454580247	1.1143557531970338	0.028126485592094106	0.04408247962052859
39.260929532774284	1.1164344477178294	0.02812677886655872	0.04408247962052859
39.33483451974609	1.1185131639301846	0.02812707267745341	0.04408247962052859
39.4087395067179	1.1205919018740387	0.028127367024799045	0.04408247962052859
39.482644493689705	1.1226706615893298	0.0281276619086165	0.04408247962052859
39.556549480661516	1.1247494431159974	0.028127957328926652	0.04408247962052859
39.63045446763332	1.1268282464939792	0.02812825328575037	0.04408247962052859
39.70435945460513	1.1289070717632141	0.02812854977910853	0.04408247962052859
39.77826444157694	1.1309859189636409	0.028128846809022005	0.04408247962052859
39.85216942854875	1.1330647881351983	0.028129144375511665	0.04408247962052859
39.92607441552055	1.1351436793178244	0.028129442478598384	0.04408247962052859
39.999979402492364	1.1372225925514585	0.02812974111830304	0.04408247962052859
40.073884389464176	1.1393015278760394	0.0281300402946465	0.04408247962052859
40.14778937643598	1.1413804853315046	0.02813034000764964	0.04408247962052859
40.22169436340779	1.143459464957794	0.028130640257333337	0.04408247962052859
40.2955993503796	1.1455384667948454	0.02813094104371846	0.04408247962052859
40.36950433735141	1.147617490882598	0.02813124236682588	0.04408247962052859
40.44340932432321	1.14969653726099	0.028131544226676474	0.04408247962052859
40.517314311295024	1.1517756059699604	0.028131846623291115	0.04408247962052859
40.59121929826683	1.1538546970494474	0.028132149556690675	0.04408247962052859
40.66512428523864	1.1559338105393904	0.02813245302689603	0.04408247962052859
40.739029272210445	1.1580129464797269	0.02813275703392805	0.04408247962052859
40.812934259182256	1.160092104910397	0.028133061577807608	0.04408247962052859
40.88683924615407	1.162171285871338	0.028133366658555578	0.04408247962052859
40.96074423312587	1.164250489402489	0.028133672276192834	0.04408247962052859
41.034649220097684	1.1663297155437893	0.028133978430740253	0.04408247962052859
41.10855420706949	1.168408964335176	0.0281342851222187	0.04408247962052859
41.1824591940413	1.1704882358165896	0.028134592350649055	0.04408247962052859
41.256364181013105	1.1725675300279674	0.028134900116052186	0.04408247962052859
41.330269167984916	1.1746468470092488	0.028135208418448972	0.04408247962052859
41.40417415495672	1.1767261868003718	0.02813551725786028	0.04408247962052859
41.47807914192853	1.1788055494412757	0.02813582663430699	0.04408247962052859
41.55198412890035	1.1808849349718988	0.02813613654780997	0.04408247962052859
41.62588911587215	1.1829643434321793	0.028136446998390095	0.04408247962052859
41.69979410284397	1.1850437748620566	0.02813675798606824	0.04408247962052859
41.773699089815764	1.187123229301469	0.028137069510865274	0.04408247962052859
41.84760407678758	1.1892027067903554	0.028137381572802073	0.04408247962052859
41.92150906375938	1.191282207368654	0.028137694171899513	0.04408247962052859
41.9954140507312	1.1933617310763034	0.02813800730817846	0.04408247962052859
42.069319037702996	1.1954412779532428	0.028138320981659793	0.04408247962052859
42.143224024674815	1.1975208480394106	0.028138635192364387	0.04408247962052859
42.21712901164661	1.1996004413747452	0.02813894994031311	0.04408247962052859
42.29103399861843	1.2016800579991855	0.028139265225526833	0.04408247962052859
42.36493898559024	1.2037596979526701	0.028139581048026437	0.04408247962052859
42.43884397256205	1.2058393612751375	0.028139897407832792	0.04408247962052859
42.51274895953386	1.2079190480065267	0.02814021430496677	0.04408247962052859
42.58665394650566	1.209998758186776	0.028140531739449248	0.04408247962052859
42.660558933477475	1.212078491855824	0.028140849711301093	0.04408247962052859
42.73446392044928	1.2141582490536096	0.028141168220543182	0.04408247962052859
42.80836890742109	1.2162380298200712	0.02814148726719639	0.04408247962052859
42.882273894392895	1.2183178341951475	0.028141806851281585	0.04408247962052859
42.95617888136471	1.2203976622187773	0.028142126972819648	0.04408247962052859
43.03008386833651	1.222477513930899	0.028142447631831442	0.04408247962052859
43.10398885530832	1.2245573893714514	0.02814276882833785	0.04408247962052859
43.177893842280135	1.2266372885803736	0.02814309056235974	0.04408247962052859
43.25179882925194	1.228717211597603	0.028143412833917986	0.04408247962052859
43.32570381622375	1.2307971584630795	0.028143735643033463	0.04408247962052859
43.399608803195555	1.232877129216741	0.028144058989727043	0.04408247962052859
43.47351379016737	1.2349571238985266	0.028144382874019595	0.04408247962052859
43.54741877713917	1.2370371425483744	0.028144707295932	0.04408247962052859
43.62132376411098	1.239117185206224	0.028145032255485126	0.04408247962052859
43.69522875108279	1.2411972519120127	0.02814535775269985	0.04408247962052859
43.7691337380546	1.2432773427056802	0.02814568378759704	0.04408247962052859
43.8430387250264	1.2453574576271644	0.028146010360197576	0.04408247962052859
43.916943711998215	1.2474375967164049	0.028146337470522326	0.04408247962052859
43.99084869897003	1.2495177600133396	0.028146665118592165	0.04408247962052859
44.06475368594183	1.251597947557907	0.028146993304427964	0.04408247962052859
44.13865867291364	1.2536781593900463	0.028147322028050602	0.04408247962052859
44.21256365988545	1.255758395549696	0.028147651289480945	0.04408247962052859
44.28646864685726	1.2578386560767947	0.028147981088739872	0.04408247962052859
44.36037363382906	1.2599189410112805	0.02814831142584825	0.04408247962052859
44.434278620800875	1.2619992503930928	0.028148642300826962	0.04408247962052859
44.50818360777268	1.26407958426217	0.028148973713696873	0.04408247962052859
44.58208859474449	1.2661599426584509	0.02814930566447886	0.04408247962052859
44.655993581716295	1.2682403256218735	0.028149638153193792	0.04408247962052859
44.72989856868811	1.270320733192377	0.028149971179862548	0.04408247962052859
44.80380355565992	1.2724011654099003	0.028150304744505996	0.04408247962052859
44.87770854263172	1.2744816223143811	0.028150638847145016	0.04408247962052859
44.951613529603534	1.2765621039457589	0.028150973487800473	0.04408247962052859
45.02551851657534	1.2786426103439719	0.028151308666493246	0.04408247962052859
45.09942350354715	1.2807231415489593	0.028151644383244207	0.04408247962052859
45.173328490518955	1.2828036976006587	0.028151980638074225	0.04408247962052859
45.24723347749077	1.28488427853901	0.02815231743100418	0.04408247962052859
45.32113846446257	1.2869648844039505	0.028152654762054943	0.04408247962052859
45.39504345143438	1.28904551523542	0.028152992631247386	0.04408247962052859
45.46894843840619	1.2911261710733566	0.028153331038602382	0.04408247962052859
45.542853425378	1.2932068519576991	0.028153669984140806	0.04408247962052859
45.61675841234981	1.2952875579283862	0.028154009467883528	0.04408247962052859
45.690663399321615	1.2973682890253564	0.028154349489851425	0.04408247962052859
45.764568386293426	1.2994490452885483	0.028154690050065368	0.04408247962052859
45.83847337326523	1.3015298267579003	0.02815503114854623	0.04408247962052859
45.91237836023704	1.3036106334733517	0.028155372785314887	0.04408247962052859
45.98628334720885	1.3056914654748404	0.028155714960392212	0.04408247962052859
46.06018833418066	1.3077723228023062	0.028156057673799074	0.04408247962052859
46.13409332115246	1.3098532054956862	0.02815640092555635	0.04408247962052859
46.207998308124274	1.31193411359492	0.028156744715684908	0.04408247962052859
46.28190329509608	1.3140150471399459	0.028157089044205632	0.04408247962052859
46.35580828206789	1.316096006170703	0.028157433911139385	0.04408247962052859
46.4297132690397	1.3181769907271295	0.028157779316507044	0.04408247962052859
46.50361825601151	1.3202580008491642	0.028158125260329483	0.04408247962052859
46.57752324298332	1.322339036576746	0.02815847174262757	0.04408247962052859
46.65142822995512	1.3244200979498126	0.02815881876342219	0.04408247962052859
46.725333216926934	1.3265011850083037	0.028159166322734203	0.04408247962052859
46.79923820389874	1.3285822977921573	0.02815951442058449	0.04408247962052859
46.87314319087055	1.3306634363413123	0.028159863056993924	0.04408247962052859
46.947048177842355	1.3327446006957075	0.028160212231983374	0.04408247962052859
47.020953164814166	1.3348257908952814	0.028160561945573717	0.04408247962052859
47.09485815178598	1.3369070069799727	0.028160912197785826	0.04408247962052859
47.16876313875778	1.3389882489897196	0.02816126298864057	0.04408247962052859
47.242668125729594	1.3410695169644615	0.02816161431815883	0.04408247962052859
47.3165731127014	1.343150810944136	0.028161966186361475	0.04408247962052859
47.39047809967321	1.3452321309686828	0.028162318593269373	0.04408247962052859
47.464383086645014	1.34731347707804	0.028162671538903408	0.04408247962052859
47.538288073616826	1.3493948493121466	0.028163025023284445	0.04408247962052859
47.61219306058863	1.3514762477109405	0.02816337904643336	0.04408247962052859
47.68609804756044	1.3535576723143612	0.028163733608371024	0.04408247962052859
47.76000303453225	1.3556391231623466	0.028164088709118313	0.04408247962052859
47.83390802150406	1.357720600294836	0.0281644443486961	0.04408247962052859
47.90781300847587	1.3598021037517678	0.028164800527125257	0.04408247962052859
47.981717995447674	1.3618836335730804	0.02816515724442666	0.04408247962052859
48.055622982419486	1.363965189798713	0.02816551450062118	0.04408247962052859
48.12952796939129	1.3660467724686034	0.02816587229572969	0.04408247962052859
48.2034329563631	1.368128381622691	0.028166230629773064	0.04408247962052859
48.277337943334906	1.370210017300914	0.028166589502772173	0.04408247962052859
48.35124293030672	1.3722916795432112	0.028166948914747893	0.04408247962052859
48.42514791727852	1.3743733683895212	0.028167308865721098	0.04408247962052859
48.499052904250334	1.376455083879783	0.028167669355712657	0.04408247962052859
48.57295789122214	1.3785368260539346	0.02816803038474345	0.04408247962052859
48.64686287819395	1.3806185949519152	0.028168391952834344	0.04408247962052859
48.72076786516576	1.382700390613663	0.028168754060006213	0.04408247962052859
48.794672852137566	1.384782213079117	0.02816911670627993	0.04408247962052859
48.86857783910938	1.3868640623882158	0.028169479891676376	0.04408247962052859
48.94248282608118	1.3889459385808975	0.028169843616216415	0.04408247962052859
49.016387813052994	1.3910278416971014	0.028170207879920924	0.04408247962052859
49.0902928000248	1.393109771776766	0.028170572682810775	0.04408247962052859
49.16419778699661	1.3951917288598297	0.02817093802490684	0.04408247962052859
49.238102773968414	1.3972737129862312	0.02817130390623	0.04408247962052859
49.312007760940226	1.3993557241959094	0.028171670326801117	0.04408247962052859
49.38591274791203	1.4014377625288028	0.02817203728664107	0.04408247962052859
49.45981773488384	1.40351982802485	0.028172404785770735	0.04408247962052859
49.53372272185565	1.4056019207239898	0.02817277282421098	0.04408247962052859
49.60762770882746	1.4076840406661604	0.02817314140198268	0.04408247962052859
49.68153269579927	1.409766187891301	0.028173510519106708	0.04408247962052859
49.755437682771074	1.4118483624393496	0.02817388017560394	0.04408247962052859
49.829342669742886	1.4139305643502456	0.028174250371495246	0.04408247962052859
49.90324765671469	1.4160127936639268	0.0281746211068015	0.04408247962052859
49.9771526436865	1.418095050420333	0.028174992381543574	0.04408247962052859
50.051057630658306	1.4201773346594018	0.028175364195742347	0.04408247962052859
50.12496261763012	1.4222596464210722	0.028175736549418684	0.04408247962052859
50.19886760460192	1.4243419857452826	0.028176109442593463	0.04408247962052859
50.272772591573734	1.426424352671972	0.02817648287528756	0.04408247962052859
50.346677578545545	1.4285067472410793	0.02817685684752184	0.04408247962052859
50.42058256551735	1.4305891694925421	0.028177231359317184	0.04408247962052859
50.49448755248916	1.4326716194663	0.028177606410694462	0.04408247962052859
50.568392539460966	1.4347540972022914	0.02817798200167455	0.04408247962052859
50.64229752643278	1.4368366027404549	0.028178358132278314	0.04408247962052859
50.71620251340458	1.4389191361207287	0.028178734802526636	0.04408247962052859
50.79010750037639	1.4410016973830524	0.02817911201244038	0.04408247962052859
50.8640124873482	1.4430842865673639	0.02817948976204043	0.04408247962052859
50.93791747432001	1.445166903713602	0.028179868051347652	0.04408247962052859
51.01182246129182	1.4472495488617056	0.028180246880382922	0.04408247962052859
51.085727448263626	1.4493322220516127	0.02818062624916711	0.04408247962052859
51.15963243523544	1.4514149233232627	0.02818100615772109	0.04408247962052859
51.23353742220724	1.4534976527165937	0.028181386606065742	0.04408247962052859
51.30744240917905	1.4555804102715446	0.02818176759422193	0.04408247962052859
51.38134739615086	1.457663196028054	0.028182149122210533	0.04408247962052859
51.45525238312267	1.4597460100260606	0.028182531190052422	0.04408247962052859
51.529157370094474	1.4618288523055027	0.02818291379776847	0.04408247962052859
51.603062357066285	1.4639117229063197	0.028183296945379552	0.04408247962052859
51.67696734403809	1.4659946218684492	0.02818368063290654	0.04408247962052859
51.7508723310099	1.4680775492318305	0.028184064860370305	0.04408247962052859
51.82477731798172	1.4701605050364028	0.028184449627791725	0.04408247962052859
51.89868230495352	1.4722434893221032	0.02818483493519167	0.04408247962052859
51.972587291925336	1.4743265021288716	0.028185220782591017	0.04408247962052859
52.046492278897134	1.4764095434966462	0.028185607170010632	0.04408247962052859
52.12039726586895	1.4784926134653658	0.028185994097471394	0.04408247962052859
52.19430225284075	1.4805757120749685	0.028186381564994176	0.04408247962052859
52.26820723981257	1.4826588393653939	0.02818676957259985	0.04408247962052859
52.342112226784366	1.48474199537658	0.02818715812030929	0.04408247962052859
52.416017213756184	1.4868251801484655	0.028187547208143367	0.04408247962052859
52.48992220072798	1.488908393720989	0.02818793683612296	0.04408247962052859
52.5638271876998	1.4909916361340896	0.02818832700426893	0.04408247962052859
52.63773217467161	1.4930749074277054	0.028188717712602167	0.04408247962052859
52.71163716164342	1.495158207641775	0.02818910896114353	0.04408247962052859
52.78554214861523	1.4972415368162375	0.0281895007499139	0.04408247962052859
52.85944713558703	1.4993248949910312	0.028189893078934148	0.04408247962052859
52.933352122558844	1.501408282206095	0.028190285948225147	0.04408247962052859
53.00725710953065	1.5034916985013673	0.028190679357807773	0.04408247962052859
53.08116209650246	1.5055751439167868	0.028191073307702895	0.04408247962052859
53.155067083474265	1.507658618492292	0.028191467797931385	0.04408247962052859
53.228972070446076	1.5097421222678218	0.028191862828514123	0.04408247962052859
53.30287705741788	1.5118256552833147	0.028192258399471978	0.04408247962052859
53.37678204438969	1.51390921757871	0.028192654510825824	0.04408247962052859
53.450687031361504	1.5159928091939454	0.02819305116259653	0.04408247962052859
53.52459201833331	1.5180764301689593	0.02819344835480498	0.04408247962052859
53.59849700530512	1.5201600805436917	0.028193846087472035	0.04408247962052859
53.672401992276924	1.52224376035808	0.028194244360618577	0.04408247962052859
53.746306979248736	1.5243274696520634	0.028194643174265475	0.04408247962052859
53.82021196622054	1.5264112084655805	0.028195042528433602	0.04408247962052859
53.89411695319235	1.52849497683857	0.028195442423143834	0.04408247962052859
53.96802194016416	1.5305787748109703	0.028195842858417045	0.04408247962052859
54.04192692713597	1.5326626024227203	0.0281962438342741	0.04408247962052859
54.11583191410777	1.5347464597137581	0.028196645350735884	0.04408247962052859
54.189736901079584	1.5368303467240232	0.02819704740782326	0.04408247962052859
54.263641888051396	1.5389142634934534	0.02819745000555711	0.04408247962052859
54.3375468750232	1.5409982100619881	0.0281978531439583	0.04408247962052859
54.41145186199501	1.5430821864695656	0.028198256823047708	0.04408247962052859
54.485356848966816	1.545166192756124	0.028198661042846206	0.04408247962052859
54.55926183593863	1.547250228961603	0.028199065803374664	0.04408247962052859
54.63316682291043	1.5493342951259403	0.02819947110465396	0.04408247962052859
54.707071809882244	1.551418391289075	0.028199876946704963	0.04408247962052859
54.78097679685405	1.5535025174909458	0.02820028332954855	0.04408247962052859
54.85488178382586	1.5555866737714914	0.028200690253205592	0.04408247962052859
54.928786770797664	1.5576708601706502	0.028201097717696962	0.04408247962052859
55.002691757769476	1.5597550767283606	0.028201505723043536	0.04408247962052859
55.07659674474129	1.5618393234845618	0.028201914269266187	0.04408247962052859
55.15050173171309	1.5639236004791919	0.028202323356385783	0.04408247962052859
55.224406718684904	1.5660079077521902	0.028202732984423204	0.04408247962052859
55.29831170565671	1.5680922453434947	0.028203143153399318	0.04408247962052859
55.37221669262852	1.5701766132930444	0.028203553863335	0.04408247962052859
55.446121679600324	1.5722610116407778	0.028203965114251127	0.04408247962052859
55.520026666572136	1.574345440426634	0.028204376906168567	0.04408247962052859
55.59393165354394	1.5764298996905506	0.028204789239108193	0.04408247962052859
55.66783664051575	1.5785143894724671	0.028205202113090883	0.04408247962052859
55.741741627487556	1.5805989098123219	0.028205615528137506	0.04408247962052859
55.81564661445937	1.5826834607500537	0.028206029484268938	0.04408247962052859
55.88955160143118	1.5847680423256012	0.02820644398150605	0.04408247962052859
55.963456588402984	1.5868526545789028	0.028206859019869718	0.04408247962052859
56.037361575374796	1.5889372975498972	0.028207274599380813	0.04408247962052859
56.1112665623466	1.5910219712785232	0.028207690720060206	0.04408247962052859
56.18517154931841	1.5931066758047194	0.028208107381928776	0.04408247962052859
56.259076536290216	1.5951914111684244	0.028208524585007395	0.04408247962052859
56.33298152326203	1.597276177409577	0.028208942329316932	0.04408247962052859
56.40688651023383	1.5993609745681152	0.028209360614878262	0.04408247962052859
56.480791497205644	1.6014458026839786	0.02820977944171226	0.04408247962052859
56.554696484177455	1.6035306617971052	0.028210198809839798	0.04408247962052859
56.62860147114926	1.6056155519474338	0.028210618719281752	0.04408247962052859
56.70250645812107	1.6077004731749032	0.02821103917005899	0.04408247962052859
56.776411445092876	1.6097854255194517	0.02821146016219239	0.04408247962052859
56.85031643206469	1.611870409021018	0.028211881695702823	0.04408247962052859
56.92422141903649	1.613955423719541	0.02821230377061116	0.04408247962052859
56.9981264060083	1.6160404696549597	0.02821272638693828	0.04408247962052859
57.07203139298011	1.6181255468672116	0.028213149544705052	0.04408247962052859
57.14593637995192	1.6202106553962363	0.02821357324393235	0.04408247962052859
57.219841366923724	1.6222957952819717	0.028213997484641044	0.04408247962052859
57.293746353895536	1.6243809665643574	0.028214422266852016	0.04408247962052859
57.36765134086735	1.6264661692833313	0.02821484759058613	0.04408247962052859
57.44155632783915	1.6285514034788322	0.028215273455864266	0.04408247962052859
57.51546131481096	1.630636669190799	0.028215699862707295	0.04408247962052859
57.58936630178277	1.63272196645917	0.028216126811136086	0.04408247962052859
57.66327128875458	1.6348072953238841	0.02821655430117152	0.04408247962052859
57.737176275726384	1.6368926558248795	0.028216982332834463	0.04408247962052859
57.811081262698195	1.638978048002096	0.028217410906145792	0.04408247962052859
57.88498624967	1.6410634718954704	0.028217840021126383	0.04408247962052859
57.95889123664181	1.6431489275449427	0.0282182696777971	0.04408247962052859
58.032796223613616	1.6452344149904512	0.028218699876178827	0.04408247962052859
58.10670121058543	1.6473199342719345	0.028219130616292432	0.04408247962052859
58.18060619755724	1.6494054854293314	0.028219561898158788	0.04408247962052859
58.25451118452904	1.6514910685025808	0.02821999372179877	0.04408247962052859
58.328416171500855	1.6535766835316206	0.028220426087233248	0.04408247962052859
58.40232115847266	1.655662330556389	0.028220858994483098	0.04408247962052859
58.47622614544447	1.6577480096168267	0.02822129244356919	0.04408247962052859
58.550131132416276	1.6598337207528702	0.028221726434512404	0.04408247962052859
58.62403611938809	1.6619194640044597	0.02822216096733361	0.04408247962052859
58.69794110635989	1.6640052394115323	0.028222596042053676	0.04408247962052859
58.7718460933317	1.666091047014028	0.02822303165869348	0.04408247962052859
58.84575108030351	1.6681768868518851	0.028223467817273896	0.04408247962052859
58.91965606727532	1.670262758965042	0.028223904517815798	0.04408247962052859
58.99356105424713	1.6723486633934375	0.02822434176034006	0.04408247962052859
59.067466041218935	1.6744346001770096	0.028224779544867545	0.04408247962052859
59.14137102819075	1.6765205693556982	0.02822521787141914	0.04408247962052859
59.21527601516255	1.6786065709694409	0.028225656740015707	0.04408247962052859
59.28918100213436	1.6806926050581767	0.02822609615067813	0.04408247962052859
59.36308598910617	1.682778671661844	0.02822653610342727	0.04408247962052859
59.43699097607798	1.684864770820382	0.02822697659828401	0.04408247962052859
59.510895963049784	1.6869509025737293	0.02822741763526922	0.04408247962052859
59.584800950021595	1.689037066961824	0.028227859214403773	0.04408247962052859
59.6587059369934	1.6911232640246046	0.028228301335708545	0.04408247962052859
59.73261092396521	1.6932094938020104	0.028228743999204404	0.04408247962052859
59.80651591093702	1.6952957563339799	0.02822918720491223	0.04408247962052859
59.88042089790883	1.6973820516604516	0.028229630952852885	0.04408247962052859
59.95432588488064	1.6994683798213641	0.028230075243047256	0.04408247962052859
60.02823087185244	1.7015547408566558	0.028230520075516206	0.04408247962052859
60.102135858824255	1.703641134806266	0.028230965450280615	0.04408247962052859
60.17604084579606	1.7057275617101333	0.02823141136736135	0.04408247962052859
60.24994583276787	1.7078140216081954	0.02823185782677929	0.04408247962052859
60.323850819739675	1.7099005145403918	0.028232304828555304	0.04408247962052859
60.39775580671149	1.7119870405466606	0.02823275237271027	0.04408247962052859
60.4716607936833	1.7140735996669412	0.028233200459265057	0.04408247962052859
60.5455657806551	1.716160191941172	0.028233649088240536	0.04408247962052859
60.619470767626915	1.718246817409291	0.028234098259657586	0.04408247962052859
60.69337575459872	1.720333476111237	0.02823454797353708	0.04408247962052859
60.76728074157053	1.7224201680869493	0.028234998229899888	0.04408247962052859
60.841185728542335	1.7245068933763665	0.028235449028766884	0.04408247962052859
60.91509071551415	1.7265936520194265	0.02823590037015894	0.04408247962052859
60.98899570248595	1.728680444056068	0.028236352254096934	0.04408247962052859
61.06290068945776	1.7307672695262302	0.028236804680601732	0.04408247962052859
61.13680567642957	1.7328541284698518	0.028237257649694217	0.04408247962052859
61.21071066340138	1.7349410209268712	0.028237711161395253	0.04408247962052859
61.2846156503732	1.7370279469372267	0.028238165215725718	0.04408247962052859
61.358520637344995	1.7391149065408569	0.02823861981270648	0.04408247962052859
61.432425624316814	1.7412018997777017	0.028239074952358424	0.04408247962052859
61.50633061128861	1.7432889266876979	0.02823953063470241	0.04408247962052859
61.58023559826043	1.7453759873107857	0.02823998685975932	0.04408247962052859
61.65414058523223	1.7474630816869023	0.028240443627550023	0.04408247962052859
61.728045572204046	1.7495502098559883	0.028240900938095392	0.04408247962052859
61.80195055917584	1.7516373718579807	0.0282413587914163	0.04408247962052859
61.87585554614766	1.7537245677328186	0.028241817187533626	0.04408247962052859
61.94976053311946	1.7558117975204404	0.02824227612646824	0.04408247962052859
62.02366552009128	1.757899061260785	0.02824273560824101	0.04408247962052859
62.09757050706309	1.7599863589937914	0.02824319563287282	0.04408247962052859
62.171475494034894	1.7620736907593981	0.02824365620038453	0.04408247962052859
62.245380481006706	1.764161056597543	0.028244117310797023	0.04408247962052859
62.31928546797851	1.766248456548165	0.02824457896413117	0.04408247962052859
62.39319045495032	1.7683358906512037	0.028245041160407842	0.04408247962052859
62.467095441922126	1.7704233589465972	0.028245503899647913	0.04408247962052859
62.54100042889394	1.7725108614742835	0.028245967181872257	0.04408247962052859
62.61490541586574	1.774598398274202	0.028246431007101752	0.04408247962052859
62.688810402837554	1.7766859693862909	0.02824689537535726	0.04408247962052859
62.76271538980936	1.7787735748504891	0.028247360286659667	0.04408247962052859
62.83662037678117	1.7808612147067353	0.028247825741029835	0.04408247962052859
62.91052536375298	1.7829488889949678	0.028248291738488644	0.04408247962052859
62.984430350724786	1.7850365977551252	0.028248758279056967	0.04408247962052859
63.0583353376966	1.787124341027147	0.028249225362755676	0.04408247962052859
63.1322403246684	1.7892121188509709	0.02824969298960564	0.04408247962052859
63.20614531164021	1.791299931266536	0.02825016115962774	0.04408247962052859
63.28005029861202	1.7933877783137806	0.028250629872842842	0.04408247962052859
63.35395528558383	1.7954756600326434	0.028251099129271828	0.04408247962052859
63.427860272555634	1.7975635764630635	0.02825156892893556	0.04408247962052859
63.501765259527446	1.7996515276449794	0.028252039271854924	0.04408247962052859
63.57567024649925	1.801739513618329	0.028252510158050782	0.04408247962052859
63.64957523347106	1.8038275344230519	0.028252981587544013	0.04408247962052859
63.72348022044287	1.8059155900990866	0.028253453560355486	0.04408247962052859
63.79738520741468	1.808003680686371	0.02825392607650608	0.04408247962052859
63.87129019438649	1.8100918062248448	0.028254399136016666	0.04408247962052859
63.945195181358294	1.8121799667544454	0.028254872738908116	0.04408247962052859
64.0191001683301	1.8142681623151125	0.028255346885201302	0.04408247962052859
64.09300515530191	1.8163563929467843	0.0282558215749171	0.04408247962052859
64.16691014227372	1.8184446586893999	0.028256296808076384	0.04408247962052859
64.24081512924552	1.8205329595828965	0.028256772584700027	0.04408247962052859
64.31472011621733	1.822621295667215	0.028257248904808897	0.04408247962052859
64.38862510318914	1.824709666982292	0.028257725768423874	0.04408247962052859
64.46253009016095	1.8267980735680676	0.02825820317556583	0.04408247962052859
64.53643507713277	1.8288865154644796	0.02825868112625563	0.04408247962052859
64.61034006410456	1.8309749927114662	0.02825915962051416	0.04408247962052859
64.68424505107637	1.8330635053489672	0.028259638658362285	0.04408247962052859
64.75815003804819	1.835152053416921	0.02826011823982088	0.04408247962052859
64.83205502502	1.8372406369552658	0.028260598364910818	0.04408247962052859
64.9059600119918	1.83932925600394	0.028261079033652974	0.04408247962052859
64.9798649989636	1.841417910602883	0.02826156024606822	0.04408247962052859
65.05376998593542	1.8435066007920333	0.02826204200217743	0.04408247962052859
65.12767497290723	1.8455953266113292	0.028262524302001477	0.04408247962052859
65.20157995987903	1.8476840881007088	0.028263007145561233	0.04408247962052859
65.27548494685084	1.8497728853001123	0.02826349053287757	0.04408247962052859
65.34938993382265	1.8518617182494772	0.028263974463971366	0.04408247962052859
65.42329492079446	1.8539505869887427	0.02826445893886349	0.04408247962052859
65.49719990776627	1.8560394915578466	0.02826494395757482	0.04408247962052859
65.57110489473807	1.8581284319967282	0.02826542952012622	0.04408247962052859
65.64500988170988	1.860217408345326	0.028265915626538574	0.04408247962052859
65.7189148686817	1.862306420643579	0.02826640227683275	0.04408247962052859
65.7928198556535	1.8643954689314255	0.02826688947102962	0.04408247962052859
65.8667248426253	1.8664845532488037	0.02826737720915006	0.04408247962052859
65.94062982959711	1.868573673635653	0.028267865491214943	0.04408247962052859
66.01453481656894	1.870662830131912	0.028268354317245142	0.04408247962052859
66.08843980354074	1.8727520227775185	0.02826884368726153	0.04408247962052859
66.16234479051255	1.8748412516124122	0.028269333601284977	0.04408247962052859
66.23624977748435	1.8769305166765307	0.02826982405933636	0.04408247962052859
66.31015476445617	1.8790198180098137	0.028270315061436554	0.04408247962052859
66.38405975142797	1.8811091556521993	0.02827080660760643	0.04408247962052859
66.45796473839978	1.8831985296436262	0.02827129869786686	0.04408247962052859
66.53186972537158	1.8852879400240323	0.028271791332238717	0.04408247962052859
66.6057747123434	1.8873773868333579	0.028272284510742873	0.04408247962052859
66.6796796993152	1.8894668701115405	0.028272778233400207	0.04408247962052859
66.75358468628701	1.8915563898985186	0.02827327250023159	0.04408247962052859
66.82748967325882	1.8936459462342317	0.028273767311257893	0.04408247962052859
66.90139466023064	1.895735539158617	0.02827426266649999	0.04408247962052859
66.97529964720245	1.8978251687116148	0.028274758565978754	0.04408247962052859
67.04920463417425	1.8999148349331632	0.02827525500971506	0.04408247962052859
67.12310962114606	1.9020045378632005	0.028275751997729782	0.04408247962052859
67.19701460811787	1.9040942775416647	0.02827624953004379	0.04408247962052859
67.27091959508968	1.906184054008496	0.028276747606677956	0.04408247962052859
67.34482458206148	1.9082738673036321	0.02827724622765316	0.04408247962052859
67.41872956903329	1.9103637174670118	0.02827774539299027	0.04408247962052859
67.4926345560051	1.9124536045385736	0.028278245102710157	0.04408247962052859
67.56653954297691	1.9145435285582566	0.028278745356833702	0.04408247962052859
67.64044452994872	1.9166334895659993	0.02827924615538177	0.04408247962052859
67.71434951692052	1.9187234876017398	0.02827974749837524	0.04408247962052859
67.78825450389233	1.9208135227054173	0.028280249385834986	0.04408247962052859
67.86215949086414	1.92290359491697	0.028280751817781877	0.04408247962052859
67.93606447783596	1.924993704276337	0.028281254794236786	0.04408247962052859
68.00996946480775	1.927083850823457	0.02828175831522059	0.04408247962052859
68.08387445177956	1.9291740345982682	0.02828226238075416	0.04408247962052859
68.15777943875138	1.931264255640709	0.02828276699085837	0.04408247962052859
68.23168442572319	1.933354513990719	0.02828327214555409	0.04408247962052859
68.30558941269499	1.935444809688236	0.028283777844862197	0.04408247962052859
68.3794943996668	1.937535142773199	0.028284284088803565	0.04408247962052859
68.45339938663861	1.9396255132855467	0.028284790877399067	0.04408247962052859
68.52730437361042	1.9417159212652175	0.028285298210669572	0.04408247962052859
68.60120936058223	1.9438063667521501	0.028285806088635956	0.04408247962052859
68.67511434755403	1.9458968497862836	0.028286314511319095	0.04408247962052859
68.74901933452584	1.9479873704075563	0.028286823478739856	0.04408247962052859
68.82292432149765	1.9500779286559062	0.02828733299091912	0.04408247962052859
68.89682930846946	1.952168524571273	0.028287843047877754	0.04408247962052859
68.97073429544126	1.9542591581935949	0.02828835364963663	0.04408247962052859
69.04463928241307	1.9563498295628103	0.028288864796216628	0.04408247962052859
69.11854426938488	1.9584405387188577	0.02828937648763862	0.04408247962052859
69.1924492563567	1.9605312857016766	0.028289888723923472	0.04408247962052859
69.26635424332851	1.9626220705512052	0.028290401505092065	0.04408247962052859
69.3402592303003	1.9647128933073819	0.02829091483116527	0.04408247962052859
69.41416421727212	1.966803754010146	0.028291428702163956	0.04408247962052859
69.48806920424393	1.9688946526994344	0.028291943118109005	0.04408247962052859
69.56197419121574	1.9709855894151884	0.028292458079021282	0.04408247962052859
69.63587917818754	1.9730765641973445	0.028292973584921666	0.04408247962052859
69.70978416515935	1.9751675770858426	0.028293489635831025	0.04408247962052859
69.78368915213116	1.9772586281206201	0.028294006231770235	0.04408247962052859
69.85759413910297	1.9793497173416166	0.028294523372760172	0.04408247962052859
69.93149912607478	1.981440844788771	0.028295041058821704	0.04408247962052859
70.00540411304658	1.9835320105020213	0.028295559289975708	0.04408247962052859
70.07930910001839	1.9856232145213062	0.028296078066243055	0.04408247962052859
70.1532140869902	1.9877144568865641	0.028296597387644618	0.04408247962052859
70.22711907396202	1.9898057376377345	0.028297117254201275	0.04408247962052859
70.30102406093381	1.9918970568147552	0.028297637665933892	0.04408247962052859
70.37492904790562	1.9939884144575655	0.028298158622863348	0.04408247962052859
70.44883403487744	1.9960798106061028	0.028298680125010512	0.04408247962052859
70.52273902184925	1.9981712453003075	0.028299202172396263	0.04408247962052859
70.59664400882104	2.0002627185801174	0.02829972476504147	0.04408247962052859
70.67054899579286	2.002354230485471	0.028300247902967004	0.04408247962052859
70.74445398276467	2.0044457810563068	0.02830077158619374	0.04408247962052859
70.81835896973648	2.0065373703325635	0.02830129581474256	0.04408247962052859
70.89226395670829	2.0086289983541805	0.028301820588634324	0.04408247962052859
70.96616894368009	2.010720665161096	0.02830234590788991	0.04408247962052859
71.0400739306519	2.0128123707932484	0.028302871772530193	0.04408247962052859
71.11397891762371	2.014904115290576	0.028303398182576045	0.04408247962052859
71.18788390459552	2.0169958986930183	0.02830392513804834	0.04408247962052859
71.26178889156732	2.0190877210405134	0.028304452638967952	0.04408247962052859
71.33569387853913	2.0211795823730005	0.028304980685355755	0.04408247962052859
71.40959886551094	2.023271482730417	0.02830550927723262	0.04408247962052859
71.48350385248276	2.0253634221527026	0.028306038414619417	0.04408247962052859
71.55740883945457	2.0274554006797962	0.028306568097537024	0.04408247962052859
71.63131382642636	2.029547418351636	0.02830709832600631	0.04408247962052859
71.70521881339818	2.031639475208161	0.028307629100048158	0.04408247962052859
71.77912380036999	2.0337315712893083	0.02830816041968343	0.04408247962052859
71.8530287873418	2.0358237066350178	0.028308692284933004	0.04408247962052859
71.9269337743136	2.0379158812852287	0.028309224695817755	0.04408247962052859
72.00083876128541	2.040008095279879	0.028309757652358554	0.04408247962052859
72.07474374825722	2.0421003486589067	0.028310291154576273	0.04408247962052859
72.14864873522903	2.044192641462251	0.02831082520249179	0.04408247962052859
72.22255372220083	2.0462849737298514	0.028311359796125972	0.04408247962052859
72.29645870917264	2.0483773455016454	0.028311894935499696	0.04408247962052859
72.37036369614445	2.050469756817572	0.028312430620633832	0.04408247962052859
72.44426868311626	2.0525622077175694	0.02831296685154926	0.04408247962052859
72.51817367008807	2.0546546982415768	0.028313503628266845	0.04408247962052859
72.59207865705987	2.0567472284295327	0.02831404095080747	0.04408247962052859
72.66598364403168	2.058839798321376	0.028314578819191995	0.04408247962052859
72.7398886310035	2.0609324079570444	0.028315117233441305	0.04408247962052859
72.8137936179753	2.0630250573764775	0.02831565619357627	0.04408247962052859
72.8876986049471	2.0651177466196144	0.028316195699617762	0.04408247962052859
72.96160359191892	2.0672104757263927	0.028316735751586653	0.04408247962052859
73.03550857889073	2.069303244736751	0.028317276349503817	0.04408247962052859
73.10941356586254	2.071396053690628	0.02831781749339013	0.04408247962052859
73.18331855283435	2.0734889026279633	0.028318359183266462	0.04408247962052859
73.25722353980615	2.0755817915886947	0.028318901419153688	0.04408247962052859
73.33112852677796	2.077674720612761	0.02831944420107268	0.04408247962052859
73.40503351374977	2.0797676897401005	0.02831998752904431	0.04408247962052859
73.47893850072158	2.0818606990106523	0.028320531403089457	0.04408247962052859
73.55284348769338	2.0839537484643555	0.028321075823228986	0.04408247962052859
73.62674847466519	2.0860468381411477	0.02832162078948378	0.04408247962052859
73.700653461637	2.088139968080968	0.0283221663018747	0.04408247962052859
73.77455844860881	2.090233138323755	0.028322712360422633	0.04408247962052859
73.84846343558061	2.092326348909447	0.02832325896514844	0.04408247962052859
73.92236842255242	2.094419599877984	0.028323806116073005	0.04408247962052859
73.99627340952424	2.0965128912693034	0.02832435381321719	0.04408247962052859
74.07017839649605	2.0986062231233436	0.02832490205660188	0.04408247962052859
74.14408338346786	2.1006995954800445	0.02832545084624794	0.04408247962052859
74.21798837043966	2.1027930083793436	0.028326000182176243	0.04408247962052859
74.29189335741147	2.10488646186118	0.02832655006440767	0.04408247962052859
74.36579834438328	2.1069799559654916	0.028327100492963084	0.04408247962052859
74.43970333135509	2.109073490732219	0.028327651467863365	0.04408247962052859
74.51360831832689	2.1111670662012987	0.028328202989129386	0.04408247962052859
74.5875133052987	2.1132606824126707	0.028328755056782017	0.04408247962052859
74.66141829227051	2.115354339406272	0.028329307670842137	0.04408247962052859
74.73532327924232	2.1174480372220437	0.02832986083133061	0.04408247962052859
74.80922826621413	2.119541775899923	0.028330414538268317	0.04408247962052859
74.88313325318593	2.1216355554798483	0.02833096879167613	0.04408247962052859
74.95703824015774	2.1237293760017586	0.02833152359157492	0.04408247962052859
75.03094322712955	2.125823237505592	0.02833207893798556	0.04408247962052859
75.10484821410137	2.1279171400312884	0.028332634830928925	0.04408247962052859
75.17875320107318	2.130011083618786	0.028333191270425887	0.04408247962052859
