x	chi	dchidx	s0
0.0002718271714934885	0.0	0.8729032858671895	0.8729032858671895
0.013881922010534647	0.011880289274200278	0.872901730725814	0.8729032858671895
0.027492016849575803	0.02376053729676933	0.872897224840447	0.8729032858671895
0.041102111688616966	0.03564070392177265	0.872889769368862	0.8729032858671895
0.05471220652765812	0.04752074900582535	0.8728793643675712	0.8729032858671895
0.06832230136669927	0.05940063240566365	0.8728660098724692	0.8729032858671895
0.08193239620574044	0.0712803139781448	0.8728497058988338	0.8729032858671895
0.0955424910447816	0.0831597535802471	0.8728304524413255	0.8729032858671895
0.10915258588382276	0.09503891106906989	0.8728082494739879	0.8729032858671895
0.12276268072286392	0.10691774627979192	0.8727830969552256	0.8729032858671895
0.13637277556190508	0.11879621877476039	0.8727549948984027	0.8729032858671895
0.14998287040094624	0.13067428835415504	0.8727239432801716	0.8729032858671895
0.1635929652399874	0.14255191491832886	0.8726899420532289	0.8729032858671895
0.17720306007902856	0.15442905836464463	0.872652991166546	0.8729032858671895
0.19081315491806972	0.1663056785874751	0.8726130905653675	0.8729032858671895
0.20442324975711088	0.17818173547820287	0.8725702401912123	0.8729032858671895
0.21803334459615203	0.1900571889252204	0.8725244399818731	0.8729032858671895
0.23164343943519317	0.20193199881392992	0.8724756898714168	0.8729032858671895
0.24525353427423432	0.21380612502674373	0.872423989790184	0.8729032858671895
0.2588636291132755	0.22567952744308384	0.8723693396647892	0.8729032858671895
0.27247372395231667	0.23755216593938225	0.8723117394181213	0.8729032858671895
0.2860838187913578	0.2494240003890807	0.8722511889693427	0.8729032858671895
0.29969391363039893	0.2612949906626309	0.87218768823389	0.8729032858671895
0.3133040084694401	0.27316509662749444	0.8721212371234736	0.8729032858671895
0.3269141033084813	0.28503427814814275	0.8720518355460779	0.8729032858671895
0.34052419814752244	0.29690249508605693	0.8719794834059613	0.8729032858671895
0.35413429298656357	0.3087697072997284	0.8719041806036563	0.8729032858671895
0.36774438782560476	0.3206358746446581	0.871825927035969	0.8729032858671895
0.3813544826646459	0.3325009569733569	0.8717447225959797	0.8729032858671895
0.394964577503687	0.3443649141353456	0.8716605671730426	0.8729032858671895
0.4085746723427282	0.35622770597715503	0.871573460652786	0.8729032858671895
0.42218476718176934	0.36808929234232535	0.8714834029171118	0.8729032858671895
0.4357948620208105	0.37994963307140717	0.8713903938441963	0.8729032858671895
0.44940495685985166	0.3918086880019608	0.8712944333084893	0.8729032858671895
0.46301505169889284	0.4036664169685563	0.8711955211807151	0.8729032858671895
0.476625146537934	0.41552277980277363	0.8710936573278714	0.8729032858671895
0.49023524137697516	0.42737773633320275	0.87098884161323	0.8729032858671895
0.5038453362160162	0.4392312463854434	0.8708810738963371	0.8729032858671895
0.5174554310550574	0.4510832697821052	0.8707703540330122	0.8729032858671895
0.5310655258940986	0.4629337663428076	0.8706566818753492	0.8729032858671895
0.5446756207331398	0.47478269588418	0.8705400572717158	0.8729032858671895
0.5582857155721809	0.4866300182198615	0.8704204800667537	0.8729032858671895
0.5718958104112221	0.49847569316050133	0.8702979501013784	0.8729032858671895
0.5855059052502632	0.5103196805137588	0.8701724672127797	0.8729032858671895
0.5991160000893044	0.522161940084302	0.8700440312344211	0.8729032858671895
0.6127260949283455	0.5340024316738102	0.8699126419960399	0.8729032858671895
0.6263361897673867	0.5458411150809719	0.8697782993236478	0.8729032858671895
0.6399462846064279	0.5576779501014855	0.8696410030395301	0.8729032858671895
0.6535563794454691	0.5695128965280595	0.8695007529622462	0.8729032858671895
0.6671664742845103	0.5813459141504115	0.8693575489066293	0.8729032858671895
0.6807765691235513	0.5931769627552703	0.8692113906837868	0.8729032858671895
0.6943866639625925	0.6050060021263736	0.8690622781010999	0.8729032858671895
0.7079967588016337	0.6168329920444692	0.8689102109622239	0.8729032858671895
0.7216068536406748	0.6286578922873145	0.8687551890670878	0.8729032858671895
0.735216948479716	0.6404806626296777	0.8685972122118947	0.8729032858671895
0.748827043318757	0.6523012628433358	0.8684362801891217	0.8729032858671895
0.7624371381577983	0.6641196526970761	0.8682723927875198	0.8729032858671895
0.7760472329968394	0.6759357919566956	0.8681055497921141	0.8729032858671895
0.7896573278358806	0.6877496403850019	0.8679357509842033	0.8729032858671895
0.8032674226749217	0.6995611577418114	0.8677629961413603	0.8729032858671895
0.816877517513963	0.7113703037839513	0.8675872850374321	0.8729032858671895
0.8304876123530041	0.7231770382652577	0.8674086174425394	0.8729032858671895
0.8440977071920452	0.7349813209365778	0.8672269931230769	0.8729032858671895
0.8577078020310863	0.7467831115457672	0.8670424118417135	0.8729032858671895
0.8713178968701276	0.7585823698376931	0.8668548733573916	0.8729032858671895
0.8849279917091688	0.770379055554231	0.866664377425328	0.8729032858671895
0.8985380865482099	0.7821731284342672	0.8664709237970131	0.8729032858671895
0.9121481813872511	0.7939645482136972	0.8662745122202116	0.8729032858671895
0.9257582762262921	0.8057532746254273	0.8660751424389618	0.8729032858671895
0.9393683710653334	0.8175392673993729	0.8658728141935762	0.8729032858671895
0.9529784659043745	0.829322486262459	0.8656675272206413	0.8729032858671895
0.9665885607434157	0.8411028909386219	0.8654592812530174	0.8729032858671895
0.9801986555824568	0.8528804411488059	0.8652480760198388	0.8729032858671895
0.9938087504214981	0.864655096610967	0.8650339112465136	0.8729032858671895
1.007418845260539	0.8764268170400695	0.8648167866547243	0.8729032858671895
1.0210289400995805	0.8881955621480886	0.8645967019624268	0.8729032858671895
1.0346390349386214	0.899961291644009	0.8643736568838514	0.8729032858671895
1.0482491297776626	0.9117239652338252	0.8641476511295021	0.8729032858671895
1.0618592246167038	0.9234835426205413	0.8639186844061569	0.8729032858671895
1.075469319455745	0.9352399835041727	0.8636867564168679	0.8729032858671895
1.0890794142947862	0.9469932475817424	0.863451866860961	0.8729032858671895
1.1026895091338274	0.9587432945472851	0.8632140154340361	0.8729032858671895
1.1162996039728683	0.9704900840918449	0.8629732018279671	0.8729032858671895
1.1299096988119095	0.9822335759034754	0.8627294257309017	0.8729032858671895
1.1435197936509507	0.9939737296672401	0.8624826868272618	0.8729032858671895
1.1571298884899919	1.005710505065213	0.8622329847977431	0.8729032858671895
1.170739983329033	1.017443861776477	0.8619803193193153	0.8729032858671895
1.1843500781680742	1.0291737714862699	0.8617246913496084	0.8729032858671895
1.1979601730071152	1.0409009413294992	0.8614649861952894	0.8729032858671895
1.2115702678461566	1.052625131260021	0.8611972492085813	0.8729032858671895
1.2251803626851976	1.0643455750820916	0.8609192825265785	0.8729032858671895
1.2387904575242388	1.0760617358346192	0.8606316278440335	0.8729032858671895
1.25240055236328	1.0877733057911618	0.8603375664133576	0.8729032858671895
1.2660106472023211	1.0994802064599305	0.8600431190446206	0.8729032858671895
1.2796207420413623	1.1111825885837856	0.8597570461055504	0.8729032858671895
1.2932308368804035	1.1228808321402404	0.8594908475215336	0.8729032858671895
1.3068409317194447	1.1345755463414582	0.859258762775615	0.8729032858671895
1.3204510265584857	1.1462675696342537	0.8590777709084981	0.8729032858671895
1.334061121397527	1.1579579697000935	0.8589675905185448	0.8729032858671895
1.347671216236568	1.169648043455094	0.858950679761775	0.8729032858671895
1.3490431887077377	1.1708265027644709	0.8589545016717206	0.8729032858671895
1.350415161178907	1.172004967319873	0.8589583273507266	0.8729032858671895
1.3517871336500766	1.1731834371264758	0.8589621567988492	0.8729032858671895
1.353159106121246	1.174361912189455	0.8589659900161445	0.8729032858671895
1.3545310785924156	1.1755403925139865	0.8589698270026684	0.8729032858671895
1.355903051063585	1.1767188781052458	0.8589736677584775	0.8729032858671895
1.3572750235347546	1.1778973689684087	0.8589775122836275	0.8729032858671895
1.358646996005924	1.1790758651086508	0.8589813605781748	0.8729032858671895
1.3600189684770936	1.1802543665311478	0.8589852126421754	0.8729032858671895
1.3613909409482632	1.1814328732410755	0.8589890684756856	0.8729032858671895
1.3627629134194323	1.182611385243609	0.8589929280787614	0.8729032858671895
1.364134885890602	1.1837899025439251	0.8589967914514589	0.8729032858671895
1.3655068583617715	1.1849684251471986	0.8590006585938345	0.8729032858671895
1.366878830832941	1.1861469530586055	0.859004529505944	0.8729032858671895
1.3682508033041103	1.1873254862833214	0.8590084041878437	0.8729032858671895
1.36962277577528	1.188504024826522	0.8590122826395898	0.8729032858671895
1.3709947482464493	1.189682568693383	0.8590161648612384	0.8729032858671895
1.372366720717619	1.1908611178890802	0.8590200508528456	0.8729032858671895
1.3737386931887883	1.192039672418789	0.8590239406144676	0.8729032858671895
1.3751106656599579	1.1932182322876852	0.8590278341461606	0.8729032858671895
1.3764826381311273	1.1943967975009449	0.8590317314479805	0.8729032858671895
1.3778546106022969	1.1955753680637433	0.8590356325199836	0.8729032858671895
1.3792265830734662	1.1967539439812558	0.859039537362226	0.8729032858671895
1.3805985555446356	1.197932525258659	0.859043445974764	0.8729032858671895
1.3819705280158052	1.199111111901128	0.8590473583576536	0.8729032858671895
1.3833425004869748	1.2002897039138385	0.8590512745109508	0.8729032858671895
1.384714472958144	1.201468301301966	0.859055194434712	0.8729032858671895
1.3860864454293136	1.2026469040706869	0.8590591181289932	0.8729032858671895
1.3874584179004832	1.2038255122251762	0.8590630455938505	0.8729032858671895
1.3888303903716528	1.20500412577061	0.8590669768293402	0.8729032858671895
1.390202362842822	1.2061827447121634	0.8590709118355183	0.8729032858671895
1.3915743353139916	1.2073613690550127	0.859074850612441	0.8729032858671895
1.3929463077851612	1.2085399988043335	0.8590787931601646	0.8729032858671895
1.3943182802563308	1.2097186339653014	0.8590827394787448	0.8729032858671895
1.3956902527275	1.2108972745430917	0.8590866895682382	0.8729032858671895
1.3970622251986695	1.2120759205428808	0.8590906434287007	0.8729032858671895
1.3984341976698391	1.213254571969844	0.8590946010601884	0.8729032858671895
1.3998061701410087	1.2144332288291568	0.8590985624627576	0.8729032858671895
1.4011781426121779	1.2156118911259952	0.8591025276364644	0.8729032858671895
1.4025501150833475	1.2167905588655348	0.8591064965813648	0.8729032858671895
1.403922087554517	1.2179692320529512	0.8591104692975152	0.8729032858671895
1.4052940600256867	1.2191479106934202	0.8591144457849715	0.8729032858671895
1.406666032496856	1.2203265947921176	0.8591184260437901	0.8729032858671895
1.4080380049680254	1.2215052843542185	0.8591224100740268	0.8729032858671895
1.409409977439195	1.2226839793848994	0.859126397875738	0.8729032858671895
1.4107819499103644	1.2238626798893355	0.8591303894489797	0.8729032858671895
1.412153922381534	1.2250413858727025	0.859134384793808	0.8729032858671895
1.4135258948527034	1.226220097340176	0.8591383839102793	0.8729032858671895
1.4148978673238728	1.227398814296932	0.8591423867984495	0.8729032858671895
1.4162698397950424	1.2285775367481464	0.8591463934583748	0.8729032858671895
1.417641812266212	1.2297562646989941	0.8591504038901114	0.8729032858671895
1.4190137847373814	1.2309349981546511	0.8591544180937154	0.8729032858671895
1.4203857572085508	1.2321137371202935	0.8591584360692429	0.8729032858671895
1.4217577296797204	1.2332924816010968	0.85916245781675	0.8729032858671895
1.42312970215089	1.2344712316022364	0.8591664833362931	0.8729032858671895
1.4245016746220591	1.235649987128888	0.8591705126279281	0.8729032858671895
1.4258736470932287	1.2368287481862275	0.8591745456917111	0.8729032858671895
1.4272456195643983	1.2380075147794307	0.8591785825276984	0.8729032858671895
1.428617592035568	1.239186286913673	0.8591826231359462	0.8729032858671895
1.429989564506737	1.24036506459413	0.8591866675165103	0.8729032858671895
1.4313615369779067	1.241543847825978	0.8591907156694472	0.8729032858671895
1.4327335094490763	1.242722636614392	0.8591947675948128	0.8729032858671895
1.434105481920246	1.243901430964548	0.8591988232926634	0.8729032858671895
1.435477454391415	1.2450802308816216	0.8592028827630551	0.8729032858671895
1.4368494268625847	1.2462590363707886	0.859206946006044	0.8729032858671895
1.4382213993337543	1.2474378474372245	0.8592110130216862	0.8729032858671895
1.4395933718049239	1.2486166640861054	0.8592150838100381	0.8729032858671895
1.440965344276093	1.2497954863226062	0.8592191583711555	0.8729032858671895
1.4423373167472626	1.2509743141519034	0.8592232367050946	0.8729032858671895
1.4437092892184322	1.2521531475791723	0.8592273188119117	0.8729032858671895
1.4450812616896016	1.2533319866095887	0.8592314046916628	0.8729032858671895
1.446453234160771	1.254510831248328	0.8592354943444043	0.8729032858671895
1.4478252066319406	1.2556896815005665	0.8592395877701919	0.8729032858671895
1.4491971791031102	1.2568685373714792	0.8592436849690821	0.8729032858671895
1.4505691515742796	1.2580473988662424	0.8592477859411309	0.8729032858671895
1.451941124045449	1.2592262659900308	0.8592518906863945	0.8729032858671895
1.4533130965166186	1.2604051387480215	0.859255999204929	0.8729032858671895
1.454685068987788	1.2615840171453891	0.8592601114967905	0.8729032858671895
1.4560570414589575	1.2627629011873098	0.8592642275620352	0.8729032858671895
1.457429013930127	1.2639417908789587	0.8592683474007192	0.8729032858671895
1.4588009864012963	1.2651206862255124	0.8592724710128987	0.8729032858671895
1.460172958872466	1.2662995872321459	0.8592765983986298	0.8729032858671895
1.4615449313436355	1.267478493904035	0.8592807295579686	0.8729032858671895
1.462916903814805	1.2686574062463558	0.8592848644909714	0.8729032858671895
1.4642888762859743	1.2698363242642832	0.8592890031976941	0.8729032858671895
1.4656608487571439	1.2710152479629935	0.859293145678193	0.8729032858671895
1.4670328212283135	1.2721941773476624	0.8592972919325242	0.8729032858671895
1.4684047936994826	1.2733731124234648	0.859301441960744	0.8729032858671895
1.4697767661706522	1.2745520531955776	0.8593055957629082	0.8729032858671895
1.4711487386418218	1.2757309996691757	0.8593097533390732	0.8729032858671895
1.4725207111129914	1.2769099518494351	0.8593139146892951	0.8729032858671895
1.473892683584161	1.2780889097415313	0.8593180798136298	0.8729032858671895
1.4752646560553302	1.2792678733506397	0.8593222487121339	0.8729032858671895
1.4766366285264998	1.2804468426819366	0.8593264213848631	0.8729032858671895
1.4780086009976694	1.2816258177405975	0.8593305978318739	0.8729032858671895
1.479380573468839	1.2828047985317979	0.8593347780532222	0.8729032858671895
1.4807525459400082	1.2839837850607134	0.8593389620489642	0.8729032858671895
1.4821245184111778	1.28516277733252	0.859343149819156	0.8729032858671895
1.4834964908823474	1.2863417753523934	0.8593473413638539	0.8729032858671895
1.4848684633535167	1.287520779125509	0.8593515366831139	0.8729032858671895
1.4862404358246861	1.2886997886570424	0.8593557357769921	0.8729032858671895
1.4876124082958557	1.2898788039521698	0.8593599386455447	0.8729032858671895
1.488984380767025	1.2910578263222043	0.8593641458433977	0.8729032858671895
1.4903563532381947	1.292236854515379	0.8593683568366385	0.8729032858671895
1.491728325709364	1.2934158884748381	0.8593725715989816	0.8729032858671895
1.4931002981805337	1.2945949282058145	0.8593767901305107	0.8729032858671895
1.494472270651703	1.29577397371354	0.8593810124313087	0.8729032858671895
1.4958442431228727	1.2969530250032475	0.8593852385014591	0.8729032858671895
1.497216215594042	1.2981320820801687	0.8593894683410451	0.8729032858671895
1.4985881880652114	1.2993111449495365	0.85939370195015	0.8729032858671895
1.499960160536381	1.3004902136165832	0.859397939328857	0.8729032858671895
1.5013321330075506	1.301669288086541	0.8594021804772495	0.8729032858671895
1.5027041054787198	1.3028483683646421	0.8594064253954106	0.8729032858671895
1.5040760779498894	1.3040274544561195	0.8594106740834238	0.8729032858671895
1.505448050421059	1.305206546366205	0.8594149265413721	0.8729032858671895
1.5068200228922286	1.3063856441001314	0.859419182769339	0.8729032858671895
1.5081919953633978	1.3075647476631302	0.8594234427674078	0.8729032858671895
1.5095639678345674	1.308743857060435	0.8594277065356616	0.8729032858671895
1.510935940305737	1.3099229722972774	0.8594319740741838	0.8729032858671895
1.5123079127769066	1.31110209337889	0.8594362453830576	0.8729032858671895
1.5136798852480757	1.3122812203105048	0.8594405204623663	0.8729032858671895
1.5150518577192453	1.3134603530973545	0.8594447993121932	0.8729032858671895
1.516423830190415	1.3146394917446718	0.8594490819326216	0.8729032858671895
1.5177958026615845	1.3158186362576885	0.8594533683237346	0.8729032858671895
1.519167775132754	1.3169977866416371	0.8594576584856157	0.8729032858671895
1.5205397476039233	1.3181769429017498	0.8594619524183481	0.8729032858671895
1.521911720075093	1.3193561050432596	0.859466250122015	0.8729032858671895
1.5232836925462625	1.3205352730713984	0.8594705515966998	0.8729032858671895
1.5246556650174317	1.3217144469913984	0.8594748568424857	0.8729032858671895
1.5260276374886013	1.3228936268084925	0.8594791658594559	0.8729032858671895
1.5273996099597709	1.3240728125279126	0.8594834786476939	0.8729032858671895
1.5287715824309402	1.3252520041548914	0.8594877952072827	0.8729032858671895
1.5301435549021098	1.326431201694661	0.8594921155383057	0.8729032858671895
1.5315155273732792	1.327610405152454	0.8594964396408463	0.8729032858671895
1.5328874998444486	1.3287896145335025	0.8595007675149876	0.8729032858671895
1.5342594723156182	1.3299688298430392	0.8595050991608129	0.8729032858671895
1.5356314447867876	1.3311480510862959	0.8595094345784055	0.8729032858671895
1.5370034172579572	1.3323272782685058	0.8595137737678487	0.8729032858671895
1.5383753897291266	1.3335065113949007	0.8595181167292257	0.8729032858671895
1.5397473622002962	1.334685750470713	0.85952246346262	0.8729032858671895
1.5411193346714658	1.3358649955011752	0.8595268139681145	0.8729032858671895
1.542491307142635	1.3370442464915195	0.8595311682457928	0.8729032858671895
1.5438632796138045	1.3382235034469787	0.859535526295738	0.8729032858671895
1.5452352520849741	1.3394027663727848	0.8595398881180335	0.8729032858671895
1.5466072245561437	1.34058203527417	0.8595442537127624	0.8729032858671895
1.547979197027313	1.3417613101563668	0.8595486230800081	0.8729032858671895
1.5493511694984825	1.3429405910246082	0.8595529962198539	0.8729032858671895
1.550723141969652	1.3441198778841257	0.8595573731323831	0.8729032858671895
1.5520951144408217	1.345299170740152	0.8595617538176789	0.8729032858671895
1.5534670869119909	1.3464784695979195	0.8595661382758244	0.8729032858671895
1.5548390593831605	1.3476577744626606	0.8595705265069032	0.8729032858671895
1.55621103185433	1.3488370853396074	0.8595749185109984	0.8729032858671895
1.5575830043254997	1.3500164022339929	0.8595793142881933	0.8729032858671895
1.5589549767966688	1.3511957251510485	0.8595837138385712	0.8729032858671895
1.5603269492678384	1.3523750540960076	0.8595881171622154	0.8729032858671895
1.561698921739008	1.353554389074102	0.8595925242592091	0.8729032858671895
1.5630708942101774	1.354733730090564	0.8595969351296355	0.8729032858671895
1.5644428666813468	1.355913077150626	0.859601349773578	0.8729032858671895
1.5658148391525164	1.3570924302595206	0.85960576819112	0.8729032858671895
1.5671868116236858	1.3582717894224803	0.8596101903823445	0.8729032858671895
1.5685587840948554	1.3594511546447372	0.8596146163473349	0.8729032858671895
1.5699307565660248	1.3606305259315232	0.8596190460861746	0.8729032858671895
1.5713027290371944	1.3618099032880717	0.8596234795989467	0.8729032858671895
1.5726747015083637	1.3629892867196143	0.8596279168857345	0.8729032858671895
1.5740466739795334	1.3641686762313838	0.8596323579466213	0.8729032858671895
1.575418646450703	1.3653480718286122	0.8596368027816904	0.8729032858671895
1.5767906189218721	1.3665274735165318	0.859641251391025	0.8729032858671895
1.5781625913930417	1.3677068813003757	0.8596457037747085	0.8729032858671895
1.5795345638642113	1.3688862951853755	0.859650159932824	0.8729032858671895
1.5809065363353807	1.3700657151767637	0.859654619865455	0.8729032858671895
1.58227850880655	1.3712451412797728	0.8596590835726846	0.8729032858671895
1.5836504812777197	1.3724245734996356	0.8596635510545961	0.8729032858671895
1.5850224537488893	1.3736040118415838	0.8596680223112729	0.8729032858671895
1.5863944262200589	1.37478345631085	0.8596724973427982	0.8729032858671895
1.587766398691228	1.3759629069126664	0.8596769761492551	0.8729032858671895
1.5891383711623976	1.377142363652266	0.8596814587307271	0.8729032858671895
1.5905103436335672	1.3783218265348804	0.8596859450872975	0.8729032858671895
1.5918823161047364	1.3795012955657422	0.8596904352190493	0.8729032858671895
1.593254288575906	1.380680770750084	0.8596949291260662	0.8729032858671895
1.5946262610470756	1.381860252093138	0.859699426808431	0.8729032858671895
1.5959982335182452	1.3830397396001368	0.8597039282662272	0.8729032858671895
1.5973702059894146	1.3842192332763124	0.8597084334995382	0.8729032858671895
1.598742178460584	1.385398733126897	0.8597129425084471	0.8729032858671895
1.6001141509317536	1.3865782391571237	0.8597174552930373	0.8729032858671895
1.6014861234029232	1.3877577513722246	0.8597219718533919	0.8729032858671895
1.6028580958740926	1.3889372697774316	0.8597264921895944	0.8729032858671895
1.604230068345262	1.3901167943779773	0.8597310163017279	0.8729032858671895
1.6056020408164315	1.3912963251790946	0.8597355441898756	0.8729032858671895
1.606974013287601	1.3924758621860152	0.859740075854121	0.8729032858671895
1.6083459857587705	1.3936554054039718	0.8597446112945474	0.8729032858671895
1.60971795822994	1.3948349548381964	0.8597491505112378	0.8729032858671895
1.6110899307011093	1.396014510493922	0.8597536935042757	0.8729032858671895
1.6124619031722789	1.3971940723763805	0.8597582402737443	0.8729032858671895
1.6138338756434485	1.3983736404908043	0.8597627908197267	0.8729032858671895
1.6152058481146179	1.3995532148424257	0.8597673451423066	0.8729032858671895
1.6165778205857873	1.4007327954364774	0.8597719032415669	0.8729032858671895
1.6179497930569569	1.4019123822781918	0.8597764651175911	0.8729032858671895
1.6193217655281265	1.4030919753728008	0.8597810307704623	0.8729032858671895
1.6206937379992956	1.404271574725537	0.8597856002002638	0.8729032858671895
1.6220657104704652	1.4054511803416327	0.8597901734070791	0.8729032858671895
1.6234376829416348	1.4066307922263208	0.8597947503909912	0.8729032858671895
1.6248096554128044	1.4078104103848328	0.8597993311520834	0.8729032858671895
1.6261816278839736	1.4089900348224016	0.8598039156904391	0.8729032858671895
1.6275536003551432	1.4101696655442595	0.8598085040061416	0.8729032858671895
1.6289255728263128	1.411349302555639	0.859813096099274	0.8729032858671895
1.6302975452974824	1.412528945861772	0.8598176919699199	0.8729032858671895
1.631669517768652	1.4137085954678914	0.8598222916181621	0.8729032858671895
1.6330414902398211	1.4148882513792291	0.8598268950440843	0.8729032858671895
1.6344134627109907	1.416067913601018	0.8598315022477695	0.8729032858671895
1.6357854351821604	1.41724758213849	0.8598361132293011	0.8729032858671895
1.6371574076533295	1.4184272569968774	0.8598407279887623	0.8729032858671895
1.6385293801244991	1.4196069381814131	0.8598453465262365	0.8729032858671895
1.6399013525956687	1.4207866256973292	0.8598499688418069	0.8729032858671895
1.641273325066838	1.421966319549858	0.8598545949355567	0.8729032858671895
1.6426452975380077	1.423146019744232	0.8598592248075694	0.8729032858671895
1.644017270009177	1.4243257262856832	0.859863858457928	0.8729032858671895
1.6453892424803467	1.4255054391794446	0.8598684958867159	0.8729032858671895
1.646761214951516	1.426685158430748	0.8598731370940165	0.8729032858671895
1.6481331874226854	1.4278648840448258	0.8598777820799128	0.8729032858671895
1.649505159893855	1.429044616026911	0.8598824308444883	0.8729032858671895
1.6508771323650244	1.4302243543822353	0.8598870833878263	0.8729032858671895
1.652249104836194	1.4314040991160315	0.8598917397100098	0.8729032858671895
1.6536210773073636	1.4325838502335315	0.8598963998111223	0.8729032858671895
1.6549930497785328	1.4337636077399678	0.8599010636912471	0.8729032858671895
1.6563650222497024	1.4349433716405733	0.8599057313504673	0.8729032858671895
1.657736994720872	1.4361231419405798	0.8599104027888664	0.8729032858671895
1.6591089671920416	1.4373029186452198	0.8599150780065274	0.8729032858671895
1.6604809396632108	1.4384827017597255	0.8599197570035338	0.8729032858671895
1.6618529121343804	1.4396624912893299	0.8599244397799689	0.8729032858671895
1.66322488460555	1.4408422872392646	0.8599291263359158	0.8729032858671895
1.6645968570767196	1.4420220896147626	0.8599338166714579	0.8729032858671895
1.6659688295478887	1.4432018984210555	0.8599385107866783	0.8729032858671895
1.6673408020190583	1.4443817136633765	0.8599432086816605	0.8729032858671895
1.668712774490228	1.4455615353469577	0.8599479103564877	0.8729032858671895
1.6700847469613975	1.4467413634770314	0.859952615811243	0.8729032858671895
1.6714567194325667	1.4479211980588294	0.85995732504601	0.8729032858671895
1.6728286919037363	1.4491010390975851	0.8599620380608717	0.8729032858671895
1.674200664374906	1.4502808865985304	0.8599667548559115	0.8729032858671895
1.6755726368460755	1.4514607405668976	0.8599714754312127	0.8729032858671895
1.6769446093172446	1.452640601007919	0.8599761997868585	0.8729032858671895
1.6783165817884143	1.4538204679268272	0.8599809279229321	0.8729032858671895
1.6796885542595839	1.4550003413288544	0.859985659839517	0.8729032858671895
1.6810605267307532	1.456180221219233	0.8599903955366963	0.8729032858671895
1.6824324992019226	1.4573601076031952	0.8599951350145534	0.8729032858671895
1.6838044716730922	1.458540000485974	0.8599998782731714	0.8729032858671895
1.6851764441442616	1.4597198998728012	0.8600046253126337	0.8729032858671895
1.6865484166154312	1.4608998057689093	0.8600093761330235	0.8729032858671895
1.6879203890866008	1.4620797181795306	0.8600141307344242	0.8729032858671895
1.6892923615577702	1.4632596371098974	0.860018889116919	0.8729032858671895
1.6906643340289396	1.4644395625652424	0.8600236512805912	0.8729032858671895
1.6920363065001092	1.4656194945507979	0.860028417225524	0.8729032858671895
1.6934082789712785	1.4667994330717957	0.8600331869518008	0.8729032858671895
1.694780251442448	1.467979378133469	0.8600379604595048	0.8729032858671895
1.6961522239136175	1.4691593297410495	0.8600427377487192	0.8729032858671895
1.6975241963847871	1.47033928789977	0.8600475188195273	0.8729032858671895
1.6988961688559567	1.4715192526148628	0.8600523036720126	0.8729032858671895
1.700268141327126	1.47269922389156	0.860057092306258	0.8729032858671895
1.7016401137982955	1.4738792017350943	0.8600618847223471	0.8729032858671895
1.703012086269465	1.4750591861506979	0.860066680920363	0.8729032858671895
1.7043840587406343	1.476239177143603	0.8600714809003891	0.8729032858671895
1.7057560312118039	1.4774191747190424	0.8600762846625085	0.8729032858671895
1.7071280036829735	1.4785991788822481	0.8600810922068046	0.8729032858671895
1.708499976154143	1.479779189638453	0.8600859035333608	0.8729032858671895
1.7098719486253127	1.4809592069928885	0.86009071864226	0.8729032858671895
1.7112439210964818	1.4821392309507875	0.8600955375335858	0.8729032858671895
1.7126158935676514	1.4833192615173827	0.8601003602074214	0.8729032858671895
1.713987866038821	1.4844992986979062	0.86010518666385	0.8729032858671895
1.7153598385099902	1.48567934249759	0.860110016902955	0.8729032858671895
1.7167318109811598	1.4868593929216671	0.8601148509248195	0.8729032858671895
1.7181037834523294	1.4880394499753695	0.8601196887295269	0.8729032858671895
1.719475755923499	1.48921951366393	0.8601245303171605	0.8729032858671895
1.7208477283946684	1.49039958399258	0.8601293756878036	0.8729032858671895
1.7222197008658378	1.4915796609665526	0.8601342248415392	0.8729032858671895
1.7235916733370074	1.4927597445910803	0.8601390777784509	0.8729032858671895
1.7249636458081767	1.493939834871395	0.8601439344986218	0.8729032858671895
1.7263356182793461	1.4951199318127293	0.8601487950021353	0.8729032858671895
1.7277075907505157	1.4963000354203155	0.8601536592890745	0.8729032858671895
1.729079563221685	1.4974801456993863	0.8601585273595229	0.8729032858671895
1.7304515356928547	1.4986602626551737	0.8601633992135636	0.8729032858671895
1.7318235081640243	1.4998403862929102	0.8601682748512799	0.8729032858671895
1.733195480635194	1.501020516617828	0.8601731542727551	0.8729032858671895
1.734567453106363	1.5022006536351593	0.8601780374780724	0.8729032858671895
1.7359394255775327	1.5033807973501372	0.8601829244673153	0.8729032858671895
1.7373113980487023	1.5045609477679935	0.8601878152405668	0.8729032858671895
1.7386833705198714	1.5057411048939604	0.8601927097979103	0.8729032858671895
1.740055342991041	1.506921268733271	0.8601976081394291	0.8729032858671895
1.7414273154622106	1.5081014392911571	0.8602025102652066	0.8729032858671895
1.7427992879333802	1.509281616572851	0.8602074161753257	0.8729032858671895
1.7441712604045498	1.5104618005835857	0.8602123258698701	0.8729032858671895
1.745543232875719	1.5116419913285926	0.8602172393489227	0.8729032858671895
1.7469152053468886	1.512822188813105	0.860222156612567	0.8729032858671895
1.7482871778180582	1.5140023930423547	0.8602270776608862	0.8729032858671895
1.7496591502892274	1.5151826040215741	0.8602320024939637	0.8729032858671895
1.751031122760397	1.5163628217559961	0.8602369311118826	0.8729032858671895
1.7524030952315666	1.5175430462508526	0.8602418635147263	0.8729032858671895
1.7537750677027362	1.518723277511376	0.860246799702578	0.8729032858671895
1.7551470401739055	1.5199035155427987	0.8602517396755209	0.8729032858671895
1.756519012645075	1.5210837603503526	0.8602566834336385	0.8729032858671895
1.7578909851162445	1.5222640119392712	0.8602616309770139	0.8729032858671895
1.759262957587414	1.5234442703147861	0.8602665823057304	0.8729032858671895
1.7606349300585833	1.5246245354821295	0.8602715374198714	0.8729032858671895
1.762006902529753	1.5258048074465342	0.86027649631952	0.8729032858671895
1.7633788750009225	1.5269850862132326	0.8602814590047595	0.8729032858671895
1.7647508474720919	1.5281653717874568	0.8602864254756732	0.8729032858671895
1.7661228199432615	1.5293456641744392	0.8602913957323446	0.8729032858671895
1.7674947924144309	1.5305259633794122	0.8602963697748566	0.8729032858671895
1.7688667648856002	1.5317062694076082	0.8603013476032927	0.8729032858671895
1.7702387373567698	1.5328865822642597	0.8603063292177361	0.8729032858671895
1.7716107098279392	1.5340669019545987	0.8603113146182702	0.8729032858671895
1.7729826822991086	1.535247228483858	0.860316303804978	0.8729032858671895
1.7743546547702782	1.5364275618572698	0.8603212967779431	0.8729032858671895
1.7757266272414478	1.5376079020800664	0.8603262935372485	0.8729032858671895
1.7770985997126174	1.5387882491574802	0.8603312940829777	0.8729032858671895
1.7784705721837866	1.5399686030947435	0.8603362984152139	0.8729032858671895
1.7798425446549562	1.5411489638970888	0.8603413065340402	0.8729032858671895
1.7812145171261258	1.5423293315697484	0.8603463184395401	0.8729032858671895
1.782586489597295	1.5435097061179546	0.8603513341317968	0.8729032858671895
1.7839584620684645	1.54469008754694	0.8603563536108936	0.8729032858671895
1.7853304345396341	1.5458704758619368	0.8603613768769137	0.8729032858671895
1.7867024070108037	1.5470508710681774	0.8603664039299405	0.8729032858671895
1.7880743794819733	1.5482312731708943	0.8603714347700571	0.8729032858671895
1.7894463519531427	1.5494116821753194	0.8603764693973469	0.8729032858671895
1.790818324424312	1.5505920980866854	0.8603815078118932	0.8729032858671895
1.7921902968954817	1.5517725209102249	0.8603865500137792	0.8729032858671895
1.793562269366651	1.55295295065117	0.8603915960030881	0.8729032858671895
1.7949342418378205	1.5541333873147527	0.8603966457799034	0.8729032858671895
1.79630621430899	1.555313830906206	0.8604016993443082	0.8729032858671895
1.7976781867801597	1.5564942814307623	0.8604067566963858	0.8729032858671895
1.799050159251329	1.5576747388936536	0.8604118178362196	0.8729032858671895
1.8004221317224987	1.5588552033001122	0.8604168827638926	0.8729032858671895
1.801794104193668	1.5600356746553707	0.8604219514794884	0.8729032858671895
1.8031660766648374	1.5612161529646613	0.86042702398309	0.8729032858671895
1.804538049136007	1.5623966382332168	0.8604321002747809	0.8729032858671895
1.8059100216071764	1.563577130466269	0.8604371803546442	0.8729032858671895
1.8072819940783458	1.5647576296690504	0.8604422642227633	0.8729032858671895
1.8086539665495154	1.5659381358467936	0.8604473518792214	0.8729032858671895
1.810025939020685	1.567118649004731	0.8604524433241019	0.8729032858671895
1.8113979114918546	1.5682991691480948	0.8604575385574877	0.8729032858671895
1.8127698839630237	1.5694796962821171	0.8604626375794626	0.8729032858671895
1.8141418564341933	1.5706602304120307	0.8604677403901095	0.8729032858671895
1.815513828905363	1.571840771543068	0.8604728469895119	0.8729032858671895
1.816885801376532	1.5730213196804608	0.8604779573777529	0.8729032858671895
1.8182577738477017	1.5742018748294422	0.8604830715549159	0.8729032858671895
1.8196297463188713	1.5753824369952443	0.8604881895210841	0.8729032858671895
1.821001718790041	1.576563006183099	0.8604933112763407	0.8729032858671895
1.8223736912612105	1.5777435823982393	0.8604984368207691	0.8729032858671895
1.8237456637323797	1.5789241656458972	0.8605035661544527	0.8729032858671895
1.8251176362035493	1.5801047559313055	0.8605086992774744	0.8729032858671895
1.8264896086747189	1.581285353259696	0.8605138361899178	0.8729032858671895
1.827861581145888	1.5824659576363014	0.8605189768918662	0.8729032858671895
1.8292335536170576	1.583646569066354	0.8605241213834026	0.8729032858671895
1.8306055260882272	1.5848271875550863	0.8605292696646104	0.8729032858671895
1.8319774985593968	1.5860078131077304	0.8605344217355729	0.8729032858671895
1.8333494710305662	1.587188445729519	0.8605395775963735	0.8729032858671895
1.8347214435017356	1.5883690854256838	0.8605447372470952	0.8729032858671895
1.8360934159729052	1.589549732201458	0.8605499006878216	0.8729032858671895
1.8374653884440746	1.5907303860620736	0.8605550679186356	0.8729032858671895
1.838837360915244	1.5919110470127629	0.8605602389396207	0.8729032858671895
1.8402093333864136	1.5930917150587582	0.8605654137508603	0.8729032858671895
1.8415813058575832	1.5942723902052924	0.8605705923524374	0.8729032858671895
1.8429532783287526	1.5954530724575975	0.8605757747444354	0.8729032858671895
1.8443252507999222	1.5966337618209057	0.8605809609269376	0.8729032858671895
1.8456972232710918	1.5978144583004494	0.8605861509000272	0.8729032858671895
1.847069195742261	1.598995161901461	0.8605913446637876	0.8729032858671895
1.8484411682134305	1.6001758726291733	0.860596542218302	0.8729032858671895
1.8498131406846001	1.6013565904888183	0.8606017435636535	0.8729032858671895
1.8511851131557693	1.602537315485628	0.8606069486999257	0.8729032858671895
1.8525570856269389	1.6037180476248354	0.8606121576272017	0.8729032858671895
1.8539290580981085	1.6048987869116729	0.8606173703455647	0.8729032858671895
1.855301030569278	1.6060795333513722	0.8606225868550982	0.8729032858671895
1.8566730030404477	1.6072602869491663	0.8606278071558853	0.8729032858671895
1.8580449755116168	1.6084410477102873	0.8606330312480094	0.8729032858671895
1.8594169479827864	1.6096218156399675	0.8606382591315536	0.8729032858671895
1.860788920453956	1.6108025907434396	0.8606434908066012	0.8729032858671895
1.8621608929251252	1.6119833730259354	0.8606487262732356	0.8729032858671895
1.8635328653962948	1.6131641624926878	0.86065396553154	0.8729032858671895
1.8649048378674644	1.6143449591489292	0.8606592085815978	0.8729032858671895
1.866276810338634	1.6155257629998916	0.8606644554234921	0.8729032858671895
1.8676487828098034	1.6167065740508073	0.8606697060573063	0.8729032858671895
1.8690207552809728	1.617887392306909	0.8606749604831236	0.8729032858671895
1.8703927277521424	1.619068217773429	0.8606802187010273	0.8729032858671895
1.871764700223312	1.6202490504555997	0.8606854807111006	0.8729032858671895
1.8731366726944811	1.621429890358653	0.8606907465134269	0.8729032858671895
1.8745086451656507	1.6226107374878223	0.8606960161080894	0.8729032858671895
1.8758806176368203	1.6237915918483388	0.8607012894951714	0.8729032858671895
1.8772525901079897	1.6249724534454357	0.8607065666747562	0.8729032858671895
1.8786245625791593	1.626153322284345	0.860711847646927	0.8729032858671895
1.8799965350503287	1.627334198370299	0.8607171324117672	0.8729032858671895
1.881368507521498	1.6285150817085303	0.8607224209693599	0.8729032858671895
1.8827404799926677	1.6296959723042712	0.8607277133197885	0.8729032858671895
1.884112452463837	1.6308768701627536	0.8607330094631362	0.8729032858671895
1.8854844249350067	1.632057775289211	0.8607383093994864	0.8729032858671895
1.886856397406176	1.6332386876888747	0.8607436131289222	0.8729032858671895
1.8882283698773457	1.6344196073669774	0.8607489206515271	0.8729032858671895
1.8896003423485153	1.6356005343287519	0.8607542319673842	0.8729032858671895
1.8909723148196844	1.6367814685794295	0.8607595470765768	0.8729032858671895
1.892344287290854	1.6379624101242438	0.8607648659791881	0.8729032858671895
1.8937162597620236	1.6391433589684266	0.8607701886753016	0.8729032858671895
1.8950882322331928	1.6403243151172098	0.8607755151650004	0.8729032858671895
1.8964602047043624	1.6415052785758266	0.8607808454483679	0.8729032858671895
1.897832177175532	1.6426862493495091	0.8607861795254872	0.8729032858671895
1.8992041496467016	1.6438672274434896	0.8607915173964417	0.8729032858671895
1.9005761221178712	1.6450482128630004	0.8607968590613145	0.8729032858671895
1.9019480945890404	1.6462292056132737	0.8608022045201892	0.8729032858671895
1.90332006706021	1.647410205699542	0.8608075537731489	0.8729032858671895
1.9046920395313796	1.6485912131270384	0.8608129068202768	0.8729032858671895
1.9060640120025492	1.649772227900994	0.8608182636616563	0.8729032858671895
1.9074359844737183	1.6509532500266422	0.8608236242973705	0.8729032858671895
1.908807956944888	1.6521342795092147	0.8608289887275029	0.8729032858671895
1.9101799294160575	1.6533153163539445	0.8608343569521366	0.8729032858671895
1.911551901887227	1.6544963605660632	0.860839728971355	0.8729032858671895
1.9129238743583965	1.655677412150804	0.8608451047852412	0.8729032858671895
1.9142958468295659	1.6568584711133982	0.8608504843938788	0.8729032858671895
1.9156678193007355	1.658039537459079	0.8608558677973507	0.8729032858671895
1.9170397917719049	1.659220611193079	0.8608612549957404	0.8729032858671895
1.9184117642430742	1.6604016923206297	0.8608666459891312	0.8729032858671895
1.9197837367142438	1.661582780846964	0.8608720407776062	0.8729032858671895
1.9211557091854132	1.6627638767773145	0.8608774393612487	0.8729032858671895
1.9225276816565828	1.663944980116913	0.8608828417401422	0.8729032858671895
1.9238996541277524	1.6651260908709922	0.8608882479143697	0.8729032858671895
1.9252716265989216	1.6663072090447841	0.8608936578840147	0.8729032858671895
1.9266435990700912	1.6674883346435219	0.8608990716491602	0.8729032858671895
1.9280155715412608	1.668669467672437	0.8609044892098898	0.8729032858671895
1.9293875440124302	1.6698506081367621	0.8609099105662866	0.8729032858671895
1.9307595164835996	1.6710317560417298	0.8609153357184338	0.8729032858671895
1.9321314889547692	1.6722129113925726	0.8609207646664149	0.8729032858671895
1.9335034614259388	1.6733940741945224	0.860926197410313	0.8729032858671895
1.9348754338971084	1.6745752444528117	0.8609316339502113	0.8729032858671895
1.9362474063682775	1.6757564221726728	0.8609370742861934	0.8729032858671895
1.9376193788394471	1.6769376073593385	0.8609425184183422	0.8729032858671895
1.9389913513106167	1.6781188000180407	0.8609479663467412	0.8729032858671895
1.9403633237817859	1.6793000001540117	0.8609534180714736	0.8729032858671895
1.9417352962529555	1.6804812077724844	0.8609588735926227	0.8729032858671895
1.943107268724125	1.681662422878691	0.8609643329102717	0.8729032858671895
1.9444792411952947	1.6828436454778637	0.8609697960245041	0.8729032858671895
1.9458512136664643	1.684024875575235	0.8609752629354029	0.8729032858671895
1.9472231861376335	1.6852061131760365	0.8609807336430516	0.8729032858671895
1.948595158608803	1.686387358285502	0.8609862081475332	0.8729032858671895
1.9499671310799727	1.6875686109088628	0.8609916864489313	0.8729032858671895
1.9513391035511418	1.6887498710513513	0.860997168547329	0.8729032858671895
1.9527110760223114	1.6899311387182006	0.8610026544428095	0.8729032858671895
1.954083048493481	1.6911124139146425	0.8610081441354562	0.8729032858671895
1.9554550209646504	1.6922936966459097	0.8610136376253523	0.8729032858671895
1.95682699343582	1.693474986917234	0.8610191349125812	0.8729032858671895
1.9581989659069894	1.6946562847338482	0.8610246359972261	0.8729032858671895
1.959570938378159	1.6958375901009846	0.8610301408793702	0.8729032858671895
1.9609429108493284	1.6970189030238758	0.861035649559097	0.8729032858671895
1.9623148833204977	1.6982002235077536	0.8610411620364894	0.8729032858671895
1.9636868557916674	1.6993815515578508	0.861046678311631	0.8729032858671895
1.9650588282628367	1.7005628871793999	0.8610521983846049	0.8729032858671895
1.9664308007340063	1.7017442303776327	0.8610577222554946	0.8729032858671895
1.967802773205176	1.7029255811577821	0.8610632499243831	0.8729032858671895
1.9691747456763455	1.7041069395250803	0.8610687813913538	0.8729032858671895
1.9705467181475147	1.7052883054847594	0.8610743166564899	0.8729032858671895
1.9719186906186843	1.7064696790420522	0.8610798557198749	0.8729032858671895
1.973290663089854	1.707651060202191	0.8610853985815917	0.8729032858671895
1.974662635561023	1.7088324489704076	0.861090945241724	0.8729032858671895
1.9760346080321927	1.7100138453519351	0.8610964957003547	0.8729032858671895
1.9774065805033623	1.7111952493520057	0.8611020499575673	0.8729032858671895
1.9787785529745319	1.7123766609758515	0.8611076080134451	0.8729032858671895
1.9801505254457015	1.7135580802287051	0.8611131698680713	0.8729032858671895
1.9815224979168706	1.7147395071157985	0.8611187355215291	0.8729032858671895
1.9828944703880402	1.7159209416423646	0.8611243049739018	0.8729032858671895
1.9842664428592098	1.7171023838136357	0.8611298782252728	0.8729032858671895
1.985638415330379	1.7182838336348436	0.8611354552757252	0.8729032858671895
1.9870103878015486	1.7194652911112214	0.8611410361253424	0.8729032858671895
1.9883823602727182	1.7206467562480008	0.8611466207742077	0.8729032858671895
1.9897543327438878	1.7218282290504148	0.8611522092224043	0.8729032858671895
1.9911263052150572	1.7230097095236954	0.8611578014700154	0.8729032858671895
1.9924982776862266	1.7241911976730748	0.8611633975171245	0.8729032858671895
1.9938702501573962	1.7253726935037859	0.8611689973638147	0.8729032858671895
1.9952422226285655	1.7265541970210605	0.8611746010101692	0.8729032858671895
1.996614195099735	1.7277357082301312	0.8611802084562715	0.8729032858671895
1.9979861675709045	1.7289172271362307	0.8611858197022048	0.8729032858671895
1.999358140042074	1.730098753744591	0.8611914347480523	0.8729032858671895
2.0007301125132435	1.7312802880604445	0.8611970535938972	0.8729032858671895
2.002102084984413	1.7324618300890238	0.861202676239823	0.8729032858671895
2.0034740574555823	1.7336433798355606	0.8612083026859129	0.8729032858671895
2.004846029926752	1.7348249373052882	0.8612139329322501	0.8729032858671895
2.0062180023979215	1.7360065025034384	0.8612195669789179	0.8729032858671895
2.0075899748690906	1.7371880754352433	0.8612252048259996	0.8729032858671895
2.0089619473402602	1.738369656105936	0.8612308464735785	0.8729032858671895
2.01033391981143	1.7395512445207486	0.8612364919217378	0.8729032858671895
2.0117058922825994	1.7407328406849134	0.8612421411705609	0.8729032858671895
2.013077864753769	1.7419144446036627	0.8612477942201309	0.8729032858671895
2.014449837224938	1.7430960562822286	0.8612534510705312	0.8729032858671895
2.015821809696108	1.7442776757258442	0.861259111721845	0.8729032858671895
2.0171937821672774	1.7454593029397414	0.8612647761741556	0.8729032858671895
2.0185657546384466	1.7466409379291523	0.8612704444275463	0.8729032858671895
2.019937727109616	1.74782258069931	0.8612761164821005	0.8729032858671895
2.0213096995807858	1.7490042312554464	0.8612817923379011	0.8729032858671895
2.0226816720519554	1.7501858896027938	0.8612874719950319	0.8729032858671895
2.024053644523125	1.7513675557465849	0.8612931554535757	0.8729032858671895
2.0254256169942946	1.7525492296920517	0.861298842713616	0.8729032858671895
2.0267975894654637	1.7537309114444266	0.861304533775236	0.8729032858671895
2.0281695619366333	1.7549126010089424	0.861310228638519	0.8729032858671895
2.0295415344078025	1.7560942983908308	0.8613159273035484	0.8729032858671895
2.030913506878972	1.757276003595325	0.8613216297704074	0.8729032858671895
2.0322854793501417	1.7584577166276567	0.8613273360391791	0.8729032858671895
2.0336574518213113	1.7596394374930584	0.861333046109947	0.8729032858671895
2.035029424292481	1.7608211661967628	0.8613387599827942	0.8729032858671895
2.0364013967636505	1.762002902744002	0.8613444776578042	0.8729032858671895
2.0377733692348197	1.7631846471400079	0.8613501991350601	0.8729032858671895
2.0391453417059893	1.7643663993900138	0.861355924414645	0.8729032858671895
2.0405173141771584	1.7655481594992513	0.8613616534966426	0.8729032858671895
2.041889286648328	1.7667299274729533	0.861367386381136	0.8729032858671895
2.0432612591194976	1.767911703316352	0.8613731230682083	0.8729032858671895
2.0446332315906672	1.76909348703468	0.861378863557943	0.8729032858671895
2.046005204061837	1.770275278633169	0.8613846078504234	0.8729032858671895
2.047377176533006	1.771457078117052	0.8613903559457324	0.8729032858671895
2.0487491490041756	1.7726388854915607	0.8613961078439537	0.8729032858671895
2.050121121475345	1.7738207007619282	0.8614018635451705	0.8729032858671895
2.0514930939465144	1.7750025239333866	0.8614076230494658	0.8729032858671895
2.052865066417684	1.776184355011168	0.8614133863569232	0.8729032858671895
2.0542370388888536	1.7773661940005054	0.8614191534676258	0.8729032858671895
2.0556090113600227	1.7785480409066305	0.8614249243816569	0.8729032858671895
2.0569809838311923	1.7797298957347762	0.8614306990990998	0.8729032858671895
2.058352956302362	1.7809117584901744	0.8614364776200377	0.8729032858671895
2.0597249287735315	1.7820936291780578	0.861442259944554	0.8729032858671895
2.0610969012447007	1.7832755078036584	0.8614480460727318	0.8729032858671895
2.0624688737158703	1.784457394372209	0.8614538360046546	0.8729032858671895
2.06384084618704	1.7856392888889414	0.8614596297404057	0.8729032858671895
2.065212818658209	1.786821191359089	0.861465427280068	0.8729032858671895
2.0665847911293787	1.7880031017878832	0.8614712286237252	0.8729032858671895
2.0679567636005483	1.7891850201805568	0.8614770337714602	0.8729032858671895
2.069328736071718	1.790366946542342	0.8614828427233566	0.8729032858671895
2.0707007085428875	1.7915488808784712	0.8614886554794975	0.8729032858671895
2.0720726810140566	1.7927308231941765	0.8614944720399662	0.8729032858671895
2.073444653485226	1.7939127734946911	0.861500292404846	0.8729032858671895
2.0748166259563954	1.7950947317852464	0.8615061165742202	0.8729032858671895
2.076188598427565	1.7962766980710754	0.861511944548172	0.8729032858671895
2.0775605708987346	1.7974586723574104	0.8615177763267847	0.8729032858671895
2.078932543369904	1.7986406546494833	0.8615236119101416	0.8729032858671895
2.080304515841074	1.7998226449525272	0.861529451298326	0.8729032858671895
2.0816764883122434	1.801004643271774	0.8615352944914211	0.8729032858671895
2.0830484607834125	1.8021866496124557	0.8615411414895102	0.8729032858671895
2.084420433254582	1.8033686639798057	0.8615469922926766	0.8729032858671895
2.0857924057257513	1.8045506863790552	0.8615528469010036	0.8729032858671895
2.087164378196921	1.8057327168154373	0.8615587053145745	0.8729032858671895
2.0885363506680905	1.8069147552941844	0.8615645675334723	0.8729032858671895
2.08990832313926	1.8080968018205288	0.8615704335577807	0.8729032858671895
2.0912802956104297	1.8092788563997027	0.8615763033875826	0.8729032858671895
2.0926522680815993	1.8104609190369385	0.8615821770229616	0.8729032858671895
2.0940242405527685	1.8116429897374682	0.8615880544640007	0.8729032858671895
2.095396213023938	1.8128250685065248	0.8615939357107834	0.8729032858671895
2.0967681854951072	1.8140071553493402	0.8615998207633927	0.8729032858671895
2.098140157966277	1.8151892502711475	0.8616057096219121	0.8729032858671895
2.0995121304374464	1.8163713532771784	0.8616116022864249	0.8729032858671895
2.100884102908616	1.8175534643726652	0.8616174987570142	0.8729032858671895
2.1022560753797856	1.8187355835628407	0.8616233990337633	0.8729032858671895
2.1036280478509553	1.8199177108529372	0.8616293031167557	0.8729032858671895
2.1050000203221244	1.8210998462481864	0.8616352110060744	0.8729032858671895
2.106371992793294	1.8222819897538216	0.8616411227018028	0.8729032858671895
2.107743965264463	1.8234641413750743	0.8616470382040242	0.8729032858671895
2.1091159377356328	1.8246463011171778	0.8616529575128218	0.8729032858671895
2.1104879102068024	1.8258284689853643	0.8616588806282789	0.8729032858671895
2.111859882677972	1.8270106449848655	0.8616648075504788	0.8729032858671895
2.1132318551491416	1.8281928291209142	0.8616707382795048	0.8729032858671895
2.114603827620311	1.8293750213987428	0.8616766728154401	0.8729032858671895
2.1159758000914803	1.8305572218235835	0.8616826111583681	0.8729032858671895
2.11734777256265	1.8317394304006682	0.8616885533083719	0.8729032858671895
2.1187197450338195	1.8329216471352305	0.8616944992655349	0.8729032858671895
2.1200917175049887	1.834103872032502	0.8617004490299403	0.8729032858671895
2.1214636899761583	1.835286105097715	0.8617064026016714	0.8729032858671895
2.122835662447328	1.836468346336102	0.8617123599808115	0.8729032858671895
2.1242076349184975	1.8376505957528955	0.8617183211674438	0.8729032858671895
2.1255796073896667	1.8388328533533278	0.8617242861616518	0.8729032858671895
2.1269515798608363	1.8400151191426313	0.8617302549635185	0.8729032858671895
2.128323552332006	1.8411973931260377	0.8617362275731273	0.8729032858671895
2.129695524803175	1.8423796753087807	0.8617422039905615	0.8729032858671895
2.1310674972743446	1.8435619656960913	0.8617481842159043	0.8729032858671895
2.1324394697455142	1.8447442642932028	0.861754168249239	0.8729032858671895
2.133811442216684	1.8459265711053474	0.8617601560906489	0.8729032858671895
2.135183414687853	1.8471088861377574	0.8617661477402173	0.8729032858671895
2.1365553871590226	1.848291209395665	0.8617721431980274	0.8729032858671895
2.137927359630192	1.8494735408843026	0.8617781424641625	0.8729032858671895
2.1392993321013614	1.8506558806089024	0.8617841455387059	0.8729032858671895
2.140671304572531	1.8518382285746975	0.8617901524217408	0.8729032858671895
2.1420432770437006	1.8530205847869192	0.8617961631133506	0.8729032858671895
2.1434152495148697	1.854202949250801	0.8618021776136185	0.8729032858671895
2.1447872219860393	1.8553853219715746	0.8618081959226278	0.8729032858671895
2.146159194457209	1.8565677029544723	0.8618142180404618	0.8729032858671895
2.1475311669283785	1.8577500922047268	0.8618202439672037	0.8729032858671895
2.148903139399548	1.8589324897275703	0.8618262737029369	0.8729032858671895
2.1502751118707173	1.860114895528235	0.8618323072477444	0.8729032858671895
2.151647084341887	1.8612973096119534	0.8618383446017097	0.8729032858671895
2.153019056813056	1.862479731983958	0.8618443857649162	0.8729032858671895
2.1543910292842257	1.8636621626494811	0.8618504307374468	0.8729032858671895
2.1557630017553953	1.8648446016137554	0.8618564795193852	0.8729032858671895
2.157134974226565	1.866027048882013	0.8618625321108142	0.8729032858671895
2.1585069466977345	1.8672095044594856	0.8618685885118176	0.8729032858671895
2.159878919168904	1.8683919683514068	0.8618746487224782	0.8729032858671895
2.1612508916400732	1.8695744405630075	0.8618807127428796	0.8729032858671895
2.162622864111243	1.8707569210995216	0.861886780573105	0.8729032858671895
2.163994836582412	1.8719394099661804	0.8618928522132375	0.8729032858671895
2.1653668090535816	1.8731219071682168	0.8618989276633606	0.8729032858671895
2.166738781524751	1.8743044127108632	0.8619050069235574	0.8729032858671895
2.168110753995921	1.8754869265993515	0.8619110899939114	0.8729032858671895
2.1694827264670904	1.8766694488389144	0.8619171768745056	0.8729032858671895
2.17085469893826	1.8778519794347845	0.8619232675654236	0.8729032858671895
2.1722266714094296	1.8790345183921935	0.8619293620667483	0.8729032858671895
2.1735986438805988	1.8802170657163741	0.8619354603785632	0.8729032858671895
2.1749706163517684	1.8813996214125588	0.8619415625009516	0.8729032858671895
2.1763425888229375	1.88258218548598	0.8619476684339966	0.8729032858671895
2.177714561294107	1.88376475794187	0.8619537781777817	0.8729032858671895
2.1790865337652767	1.884947338785461	0.86195989173239	0.8729032858671895
2.1804585062364463	1.8861299280219854	0.8619660090979049	0.8729032858671895
2.181830478707616	1.887312525656676	0.8619721302744096	0.8729032858671895
2.1832024511787855	1.8884951316947647	0.8619782552619872	0.8729032858671895
2.1845744236499547	1.8896777461414835	0.8619843840607213	0.8729032858671895
2.1859463961211243	1.8908603690020658	0.861990516670695	0.8729032858671895
2.1873183685922934	1.8920430002817432	0.8619966530919917	0.8729032858671895
2.188690341063463	1.8932256399857483	0.8620027933246945	0.8729032858671895
2.1900623135346327	1.8944082881193136	0.8620089373688868	0.8729032858671895
2.1914342860058023	1.8955909446876715	0.8620150852246519	0.8729032858671895
2.192806258476972	1.8967736096960541	0.8620212368920729	0.8729032858671895
2.1941782309481415	1.897956283149694	0.8620273923712333	0.8729032858671895
2.1955502034193106	1.8991389650538228	0.8620335516622161	0.8729032858671895
2.1969221758904802	1.900321655413674	0.8620397147651048	0.8729032858671895
2.1982941483616494	1.9015043542344792	0.8620458816799826	0.8729032858671895
2.199666120832819	1.9026870615214713	0.8620520524069328	0.8729032858671895
2.2010380933039886	1.9038697772798825	0.8620582269460387	0.8729032858671895
2.202410065775158	1.9050525015149449	0.8620644052973835	0.8729032858671895
2.2037820382463273	1.9062352342318913	0.8620705874610506	0.8729032858671895
2.205154010717497	1.9074179754359537	0.8620767734371231	0.8729032858671895
2.2065259831886666	1.9086007251323642	0.8620829632256842	0.8729032858671895
2.207897955659836	1.9097834833263558	0.8620891568268175	0.8729032858671895
2.2092699281310053	1.9109662500231606	0.8620953542406061	0.8729032858671895
2.210641900602175	1.9121490252280111	0.8621015554671333	0.8729032858671895
2.2120138730733445	1.9133318089461395	0.8621077605064824	0.8729032858671895
2.2133858455445137	1.9145146011827783	0.8621139693587365	0.8729032858671895
2.2147578180156833	1.91569740194316	0.8621201820239791	0.8729032858671895
2.216129790486853	1.9168802112325165	0.8621263985022934	0.8729032858671895
2.217501762958022	1.9180630290560803	0.8621326187937627	0.8729032858671895
2.2188737354291916	1.919245855419084	0.8621388428984701	0.8729032858671895
2.2202457079003612	1.9204286903267598	0.862145070816499	0.8729032858671895
2.221617680371531	1.9216115337843405	0.8621513025479328	0.8729032858671895
2.2229896528427	1.9227943857970577	0.8621575380928547	0.8729032858671895
2.2243616253138696	1.9239772463701446	0.8621637774513478	0.8729032858671895
2.225733597785039	1.9251601155088327	0.8621700206234956	0.8729032858671895
2.227105570256209	1.9263429932183551	0.8621762676093812	0.8729032858671895
2.2284775427273784	1.927525879503944	0.862182518409088	0.8729032858671895
2.2298495151985476	1.9287087743708313	0.8621887730226991	0.8729032858671895
2.231221487669717	1.9298916778242499	0.8621950314502981	0.8729032858671895
2.2325934601408863	1.9310745898694317	0.8622012936919681	0.8729032858671895
2.233965432612056	1.9322575105116098	0.8622075597477922	0.8729032858671895
2.2353374050832255	1.9334404397560159	0.862213829617854	0.8729032858671895
2.236709377554395	1.9346233776078825	0.8622201033022364	0.8729032858671895
2.2380813500255647	1.9358063240724424	0.8622263808010231	0.8729032858671895
2.2394533224967343	1.9369892791549275	0.862232662114297	0.8729032858671895
2.2408252949679035	1.9381722428605697	0.8622389472421417	0.8729032858671895
2.242197267439073	1.9393552151946027	0.8622452361846401	0.8729032858671895
2.2435692399102423	1.9405381961622576	0.8622515289418758	0.8729032858671895
2.244941212381412	1.9417211857687677	0.8622578255139319	0.8729032858671895
2.2463131848525815	1.942904184019365	0.8622641259008919	0.8729032858671895
2.247685157323751	1.9440871909192818	0.8622704301028388	0.8729032858671895
2.2490571297949207	1.9452702064737504	0.8622767381198558	0.8729032858671895
2.2504291022660903	1.9464532306880034	0.8622830499520266	0.8729032858671895
2.2518010747372594	1.9476362635672726	0.8622893655994341	0.8729032858671895
2.253173047208429	1.948819305116791	0.8622956850621618	0.8729032858671895
2.254545019679598	1.9500023553417907	0.8623020083402929	0.8729032858671895
2.255916992150768	1.9511854142475045	0.8623083354339106	0.8729032858671895
2.2572889646219374	1.9523684818391642	0.8623146663430983	0.8729032858671895
2.258660937093107	1.9535515581220024	0.8623210010679391	0.8729032858671895
2.2600329095642766	1.9547346431012516	0.8623273396085164	0.8729032858671895
2.261404882035446	1.955917736782144	0.8623336819649134	0.8729032858671895
2.2627768545066154	1.9571008391699116	0.8623400281372136	0.8729032858671895
2.264148826977785	1.9582839502697875	0.8623463781255001	0.8729032858671895
2.265520799448954	1.9594670700870038	0.8623527319298561	0.8729032858671895
2.2668927719201237	1.9606501986267926	0.8623590895503649	0.8729032858671895
2.2682647443912933	1.9618333358943865	0.8623654509871099	0.8729032858671895
2.269636716862463	1.963016481895018	0.8623718162401743	0.8729032858671895
2.2710086893336325	1.9641996366339192	0.8623781853096414	0.8729032858671895
2.272380661804802	1.9653828001163225	0.8623845581955945	0.8729032858671895
2.2737526342759713	1.9665659723474602	0.8623909348981167	0.8729032858671895
2.275124606747141	1.967749153332565	0.8623973154172915	0.8729032858671895
2.27649657921831	1.9689323430768688	0.8624036997532021	0.8729032858671895
2.2778685516894797	1.9701155415856046	0.8624100879059317	0.8729032858671895
2.2792405241606493	1.9712987488640044	0.8624164798755636	0.8729032858671895
2.280612496631819	1.9724819649173004	0.8624228756621812	0.8729032858671895
2.281984469102988	1.9736651897507251	0.8624292752658677	0.8729032858671895
2.2833564415741576	1.9748484233695112	0.8624356786867062	0.8729032858671895
2.2847284140453272	1.9760316657788906	0.8624420859247802	0.8729032858671895
2.286100386516497	1.9772149169840958	0.862448496980173	0.8729032858671895
2.287472358987666	1.9783981769903591	0.8624549118529677	0.8729032858671895
2.2888443314588356	1.979581445802913	0.8624613305432477	0.8729032858671895
2.290216303930005	1.98076472342699	0.8624677530510962	0.8729032858671895
2.2915882764011744	1.9819480098678226	0.8624741793765965	0.8729032858671895
2.292960248872344	1.9831313051306425	0.862480609519832	0.8729032858671895
2.2943322213435136	1.9843146092206827	0.8624870434808857	0.8729032858671895
2.295704193814683	1.9854979221431752	0.862493481259841	0.8729032858671895
2.2970761662858523	1.986681243903352	0.8624999228567813	0.8729032858671895
2.298448138757022	1.987864574506447	0.8625063682717898	0.8729032858671895
2.2998201112281915	1.9890479139576904	0.8625128175049497	0.8729032858671895
2.3011920836993607	1.9902312622623164	0.8625192705563444	0.8729032858671895
2.3025640561705303	1.9914146194255569	0.862525727426057	0.8729032858671895
2.3039360286417	1.9925979854526434	0.862532188114171	0.8729032858671895
2.3053080011128695	1.9937813603488093	0.8625386526207695	0.8729032858671895
2.306679973584039	1.9949647441192866	0.8625451209459358	0.8729032858671895
2.3080519460552082	1.9961481367693072	0.8625515930897533	0.8729032858671895
2.309423918526378	1.9973315383041044	0.8625580690523051	0.8729032858671895
2.310795890997547	1.9985149487289098	0.8625645488336746	0.8729032858671895
2.3121678634687166	1.9996983680489562	0.862571032433945	0.8729032858671895
2.313539835939886	2.000881796269476	0.8625775198531995	0.8729032858671895
2.314911808411056	2.002065233395701	0.8625840110915217	0.8729032858671895
2.3162837808822254	2.003248679432864	0.8625905061489946	0.8729032858671895
2.317655753353395	2.0044321343861977	0.8625970050257014	0.8729032858671895
2.319027725824564	2.0056155982609334	0.8626035077217256	0.8729032858671895
2.320399698295734	2.0067990710623045	0.8626100142371503	0.8729032858671895
2.321771670766903	2.007982552795543	0.862616524572059	0.8729032858671895
2.3231436432380725	2.009166043465881	0.8626230387265347	0.8729032858671895
2.324515615709242	2.010349543078552	0.8626295567006609	0.8729032858671895
2.3258875881804117	2.011533051638787	0.8626360784945207	0.8729032858671895
2.3272595606515813	2.012716569151819	0.8626426041081975	0.8729032858671895
2.328631533122751	2.0139000956228803	0.8626491335417745	0.8729032858671895
2.33000350559392	2.015083631057203	0.862655666795335	0.8729032858671895
2.3313754780650897	2.01626717546002	0.8626622038689623	0.8729032858671895
2.332747450536259	2.017450728836563	0.8626687447627397	0.8729032858671895
2.3341194230074285	2.018634291192065	0.8626752894767504	0.8729032858671895
2.335491395478598	2.019817862531758	0.8626818380110777	0.8729032858671895
2.3368633679497677	2.021001442860875	0.8626883903658049	0.8729032858671895
2.3382353404209373	2.0221850321846473	0.8626949465410152	0.8729032858671895
2.339607312892107	2.0233686305083083	0.862701506536792	0.8729032858671895
2.340979285363276	2.024552237837089	0.8627080703532184	0.8729032858671895
2.3423512578344456	2.025735854176223	0.8627146379903778	0.8729032858671895
2.3437232303056152	2.026919479530943	0.8627212094483536	0.8729032858671895
2.3450952027767844	2.0281031139064796	0.8627277847272288	0.8729032858671895
2.346467175247954	2.029286757308067	0.8627343638270869	0.8729032858671895
2.3478391477191236	2.0304704097409365	0.8627409467480109	0.8729032858671895
2.349211120190293	2.031654071210321	0.8627475334900845	0.8729032858671895
2.350583092661463	2.032837741721453	0.8627541240533906	0.8729032858671895
2.351955065132632	2.0340214212795638	0.8627607184380125	0.8729032858671895
2.3533270376038016	2.035205109889887	0.8627673166440337	0.8729032858671895
2.354699010074971	2.036388807557654	0.8627739186715374	0.8729032858671895
2.3560709825461403	2.037572514288098	0.8627805245206067	0.8729032858671895
2.35744295501731	2.0387562300864506	0.8627871341913251	0.8729032858671895
2.3588149274884795	2.039939954957945	0.8627937476837757	0.8729032858671895
2.360186899959649	2.0411236889078133	0.8628003649980419	0.8729032858671895
2.3615588724308183	2.0423074319412873	0.862806986134207	0.8729032858671895
2.362930844901988	2.0434911840636	0.8628136110923541	0.8729032858671895
2.3643028173731575	2.0446749452799833	0.8628202398725666	0.8729032858671895
2.3656747898443267	2.04585871559567	0.8628268724749278	0.8729032858671895
2.3670467623154963	2.0470424950158916	0.8628335088995209	0.8729032858671895
2.368418734786666	2.048226283545882	0.8628401491464293	0.8729032858671895
2.369790707257835	2.0494100811908726	0.862846793215736	0.8729032858671895
2.3711626797290046	2.050593887956096	0.8628534411075246	0.8729032858671895
2.3725346522001742	2.051777703846784	0.8628600928218781	0.8729032858671895
2.373906624671344	2.0529615288681695	0.86286674835888	0.8729032858671895
2.375278597142513	2.054145363025485	0.8628734077186134	0.8729032858671895
2.3766505696136826	2.0553292063239628	0.8628800709011617	0.8729032858671895
2.378022542084852	2.0565130587688345	0.8628867379066082	0.8729032858671895
2.3793945145560214	2.0576969203653332	0.862893408735036	0.8729032858671895
2.380766487027191	2.0588807911186917	0.8629000833865285	0.8729032858671895
2.3821384594983606	2.0600646710341417	0.862906761861169	0.8729032858671895
2.38351043196953	2.061248560116916	0.8629134441590407	0.8729032858671895
2.3848824044406998	2.062432458372246	0.8629201302802268	0.8729032858671895
2.386254376911869	2.063616365805365	0.8629268202248108	0.8729032858671895
2.3876263493830385	2.0648002824215053	0.8629335139928759	0.8729032858671895
2.3889983218542077	2.0659842082258986	0.8629402115845053	0.8729032858671895
2.3903702943253773	2.067168143223778	0.8629469129997822	0.8729032858671895
2.391742266796547	2.068352087420376	0.86295361823879	0.8729032858671895
2.3931142392677165	2.069536040820924	0.8629603273016121	0.8729032858671895
2.394486211738886	2.070720003430655	0.8629670401883315	0.8729032858671895
2.3958581842100557	2.0719039752548016	0.8629737568990316	0.8729032858671895
2.397230156681225	2.0730879562985955	0.8629804774337957	0.8729032858671895
2.3986021291523945	2.0742719465672694	0.862987201792707	0.8729032858671895
2.3999741016235636	2.075455946066056	0.8629939299758489	0.8729032858671895
2.401346074094733	2.0766399548001875	0.8630006619833046	0.8729032858671895
2.402718046565903	2.077823972774896	0.8630073978151573	0.8729032858671895
2.4040900190370724	2.0790079999954143	0.8630141374714905	0.8729032858671895
2.405461991508242	2.080192036466974	0.8630208809523873	0.8729032858671895
2.4068339639794116	2.0813760821948084	0.8630276282579309	0.8729032858671895
2.4082059364505812	2.0825601371841493	0.8630343793882047	0.8729032858671895
2.4095779089217504	2.083744201440229	0.863041134343292	0.8729032858671895
2.41094988139292	2.0849282749682803	0.863047893123276	0.8729032858671895
2.412321853864089	2.086112357773535	0.86305465572824	0.8729032858671895
2.4136938263352588	2.0872964498612263	0.8630614221582673	0.8729032858671895
2.4150657988064284	2.088480551236586	0.8630681924134411	0.8729032858671895
2.416437771277598	2.089664661904846	0.8630749664938449	0.8729032858671895
2.4178097437487676	2.0908487818712396	0.8630817443995615	0.8729032858671895
2.419181716219937	2.0920329111409988	0.8630885261306748	0.8729032858671895
2.4205536886911063	2.093217049719356	0.8630953116872675	0.8729032858671895
2.421925661162276	2.094401197611543	0.8631021010694232	0.8729032858671895
2.423297633633445	2.095585354822793	0.8631088942772251	0.8729032858671895
2.4246696061046147	2.0967695213583384	0.8631156913107566	0.8729032858671895
2.4260415785757843	2.0979536972234105	0.8631224921701007	0.8729032858671895
2.427413551046954	2.099137882423243	0.8631292968553409	0.8729032858671895
2.4287855235181235	2.1003220769630677	0.8631361053665604	0.8729032858671895
2.4301574959892926	2.101506280848117	0.8631429177038424	0.8729032858671895
2.4315294684604623	2.1026904940836224	0.8631497338672703	0.8729032858671895
2.432901440931632	2.1038747166748175	0.8631565538569275	0.8729032858671895
2.434273413402801	2.105058948626934	0.8631633776728969	0.8729032858671895
2.4356453858739706	2.1062431899452045	0.863170205315262	0.8729032858671895
2.43701735834514	2.107427440634862	0.8631770367841061	0.8729032858671895
2.43838933081631	2.108611700701138	0.8631838720795124	0.8729032858671895
2.439761303287479	2.109795970149265	0.8631907112015642	0.8729032858671895
2.4411332757586486	2.1109802489844753	0.8631975541503447	0.8729032858671895
2.442505248229818	2.1121645372120015	0.8632044009259374	0.8729032858671895
2.4438772207009873	2.113348834837076	0.8632112515284254	0.8729032858671895
2.445249193172157	2.1145331418649307	0.8632181059578918	0.8729032858671895
2.4466211656433265	2.1157174583007987	0.8632249642144203	0.8729032858671895
2.447993138114496	2.116901784149912	0.8632318262980939	0.8729032858671895
2.4493651105856653	2.118086119417503	0.863238692208996	0.8729032858671895
2.450737083056835	2.119270464108804	0.8632455619472096	0.8729032858671895
2.4521090555280045	2.1204548182290477	0.8632524355128183	0.8729032858671895
2.4534810279991737	2.1216391817834657	0.8632593129059053	0.8729032858671895
2.4548530004703433	2.122823554777291	0.8632661941265537	0.8729032858671895
2.456224972941513	2.1240079372157554	0.863273079174847	0.8729032858671895
2.457596945412682	2.1251923291040926	0.8632799680508684	0.8729032858671895
2.4589689178838516	2.126376730447533	0.8632868607547011	0.8729032858671895
2.4603408903550212	2.127561141251311	0.8632937572864283	0.8729032858671895
2.461712862826191	2.128745561520658	0.8633006576461336	0.8729032858671895
2.4630848352973604	2.1299299912608056	0.8633075618339	0.8729032858671895
2.46445680776853	2.1311144304769876	0.8633144698498109	0.8729032858671895
2.465828780239699	2.132298879174435	0.8633213816939493	0.8729032858671895
2.467200752710869	2.1334833373583812	0.8633282973663989	0.8729032858671895
2.468572725182038	2.1346678050340584	0.8633352168672428	0.8729032858671895
2.4699446976532076	2.1358522822066988	0.8633421401965642	0.8729032858671895
2.471316670124377	2.1370367688815346	0.8633490673544465	0.8729032858671895
2.4726886425955468	2.1382212650637986	0.8633559983409728	0.8729032858671895
2.4740606150667164	2.1394057707587226	0.8633629331562265	0.8729032858671895
2.475432587537886	2.1405902859715393	0.8633698718002908	0.8729032858671895
2.476804560009055	2.141774810707481	0.8633768142732491	0.8729032858671895
2.4781765324802247	2.1429593449717803	0.8633837605751846	0.8729032858671895
2.479548504951394	2.144143888769669	0.8633907107061806	0.8729032858671895
2.4809204774225635	2.14532844210638	0.8633976646663203	0.8729032858671895
2.482292449893733	2.146513004987146	0.8634046224556869	0.8729032858671895
2.4836644223649027	2.1476975774171985	0.863411584074364	0.8729032858671895
2.4850363948360723	2.1488821594017704	0.8634185495224346	0.8729032858671895
2.486408367307242	2.150066750946094	0.8634255187999821	0.8729032858671895
2.487780339778411	2.151251352055401	0.8634324919070897	0.8729032858671895
2.4891523122495807	2.152435962734925	0.8634394688438406	0.8729032858671895
2.49052428472075	2.1536205829898973	0.8634464496103182	0.8729032858671895
2.4918962571919194	2.154805212825551	0.8634534342066059	0.8729032858671895
2.493268229663089	2.155989852247118	0.8634604226327868	0.8729032858671895
2.4946402021342586	2.1571745012598313	0.8634674148889441	0.8729032858671895
2.4960121746054282	2.1583591598689225	0.8634744109751612	0.8729032858671895
2.497384147076598	2.1595438280796238	0.8634814108915213	0.8729032858671895
2.498756119547767	2.1607285058971684	0.8634884146381078	0.8729032858671895
2.5001280920189366	2.1619131933267886	0.8634954222150039	0.8729032858671895
2.5015000644901058	2.1630978903737157	0.8635024336222928	0.8729032858671895
2.5028720369612754	2.1642825970431834	0.863509448860058	0.8729032858671895
2.504244009432445	2.1654673133404234	0.8635164679283824	0.8729032858671895
2.5056159819036146	2.1666520392706685	0.8635234908273497	0.8729032858671895
2.506987954374784	2.1678367748391505	0.8635305175570429	0.8729032858671895
2.5083599268459533	2.169021520051102	0.8635375481175454	0.8729032858671895
2.509731899317123	2.170206274911755	0.8635445825089404	0.8729032858671895
2.5111038717882925	2.1713910394263425	0.8635516207313111	0.8729032858671895
2.5124758442594617	2.1725758136000968	0.863558662784741	0.8729032858671895
2.5138478167306313	2.17376059743825	0.8635657086693131	0.8729032858671895
2.515219789201801	2.174945390946035	0.863572758385111	0.8729032858671895
2.5165917616729705	2.176130194128683	0.8635798119322178	0.8729032858671895
2.5179637341441397	2.177315006991427	0.8635868693107166	0.8729032858671895
2.5193357066153093	2.1784998295395	0.863593930520691	0.8729032858671895
2.520707679086479	2.179684661778134	0.863600995562224	0.8729032858671895
2.522079651557648	2.1808695037125605	0.8636080644353992	0.8729032858671895
2.5234516240288176	2.182054355348013	0.8636151371402995	0.8729032858671895
2.524823596499987	2.1832392166897234	0.8636222136770083	0.8729032858671895
2.526195568971157	2.184424087742924	0.8636292940456091	0.8729032858671895
2.527567541442326	2.1856089685128475	0.8636363782461849	0.8729032858671895
2.5289395139134956	2.186793859004726	0.863643466278819	0.8729032858671895
2.530311486384665	2.1879787592237916	0.8636505581435949	0.8729032858671895
2.531683458855835	2.189163669175277	0.8636576538405957	0.8729032858671895
2.533055431327004	2.1903485888644147	0.8636647533699047	0.8729032858671895
2.5344274037981736	2.1915335182964366	0.8636718567316051	0.8729032858671895
2.5357993762693427	2.192718457476576	0.8636789639257803	0.8729032858671895
2.5371713487405123	2.1939034064100644	0.8636860749525135	0.8729032858671895
2.538543321211682	2.1950883651021345	0.863693189811888	0.8729032858671895
2.5399152936828515	2.1962733335580182	0.863700308503987	0.8729032858671895
2.541287266154021	2.1974583117829485	0.863707431028894	0.8729032858671895
2.5426592386251907	2.198643299782158	0.863714557386692	0.8729032858671895
2.54403121109636	2.1998282975608774	0.8637216875774645	0.8729032858671895
2.5454031835675295	2.2010133051243415	0.8637288216012946	0.8729032858671895
2.5467751560386986	2.2021983224777806	0.8637359594582656	0.8729032858671895
2.5481471285098682	2.203383349626428	0.863743101148461	0.8729032858671895
2.549519100981038	2.204568386575516	0.8637502466719638	0.8729032858671895
2.5508910734522074	2.205753433330277	0.8637573960288574	0.8729032858671895
2.552263045923377	2.206938489895944	0.863764549219225	0.8729032858671895
2.5536350183945467	2.208123556277748	0.8637717062431499	0.8729032858671895
2.555006990865716	2.209308632480922	0.8637788671007154	0.8729032858671895
2.5563789633368854	2.2104937185106985	0.8637860317920049	0.8729032858671895
2.5577509358080546	2.211678814372309	0.8637932003171014	0.8729032858671895
2.559122908279224	2.212863920070988	0.8638003726760883	0.8729032858671895
2.5604948807503938	2.214049035611966	0.863807548869049	0.8729032858671895
2.5618668532215634	2.2152341610004758	0.8638147288960667	0.8729032858671895
2.563238825692733	2.2164192962417495	0.8638219127572245	0.8729032858671895
2.5646107981639026	2.2176044413410203	0.863829100452606	0.8729032858671895
2.5659827706350717	2.21878959630352	0.8638362919822942	0.8729032858671895
2.5673547431062413	2.219974761134481	0.8638434873463725	0.8729032858671895
2.5687267155774105	2.221159935839135	0.8638506865449241	0.8729032858671895
2.57009868804858	2.222345120422716	0.8638578895780323	0.8729032858671895
2.5714706605197497	2.2235303148904553	0.8638650964457806	0.8729032858671895
2.5728426329909193	2.2247155192475856	0.8638723071482519	0.8729032858671895
2.574214605462089	2.225900733499339	0.8638795216855296	0.8729032858671895
2.5755865779332585	2.2270859576509476	0.8638867400576972	0.8729032858671895
2.5769585504044277	2.2282711917076443	0.8638939622648376	0.8729032858671895
2.5783305228755973	2.2294564356746616	0.8639011883070344	0.8729032858671895
2.579702495346767	2.230641689557231	0.8639084181843707	0.8729032858671895
2.581074467817936	2.231826953360586	0.8639156518969299	0.8729032858671895
2.5824464402891056	2.233012227089958	0.8639228894447951	0.8729032858671895
2.5838184127602752	2.23419751075058	0.8639301308280497	0.8729032858671895
2.585190385231445	2.235382804347684	0.863937376046777	0.8729032858671895
2.5865623577026144	2.2365681078865025	0.8639446251010601	0.8729032858671895
2.5879343301737836	2.2377534213722683	0.8639518779909825	0.8729032858671895
2.589306302644953	2.2389387448102127	0.8639591347166273	0.8729032858671895
2.590678275116123	2.240124078205569	0.863966395278078	0.8729032858671895
2.592050247587292	2.241309421563569	0.8639736596754175	0.8729032858671895
2.5934222200584616	2.2424947748894457	0.8639809279087295	0.8729032858671895
2.594794192529631	2.2436801381884313	0.863988199978097	0.8729032858671895
2.5961661650008003	2.2448655114657576	0.8639954758836033	0.8729032858671895
2.59753813747197	2.2460508947266575	0.8640027556253317	0.8729032858671895
2.5989101099431395	2.2472362879763637	0.8640100392033656	0.8729032858671895
2.600282082414309	2.2484216912201074	0.8640173266177881	0.8729032858671895
2.6016540548854783	2.249607104463122	0.8640246178686826	0.8729032858671895
2.603026027356648	2.250792527710639	0.8640319129561322	0.8729032858671895
2.6043979998278175	2.2519779609678916	0.8640392118802204	0.8729032858671895
2.6057699722989867	2.253163404240112	0.8640465146410303	0.8729032858671895
2.6071419447701563	2.2543488575325323	0.8640538212386454	0.8729032858671895
2.608513917241326	2.2555343208503853	0.8640611316731487	0.8729032858671895
2.6098858897124955	2.2567197941989026	0.8640684459446236	0.8729032858671895
2.6112578621836646	2.2579052775833173	0.8640757640531533	0.8729032858671895
2.6126298346548342	2.2590907710088617	0.8640830859988213	0.8729032858671895
2.614001807126004	2.260276274480767	0.8640904117817106	0.8729032858671895
2.615373779597173	2.261461788004268	0.8640977414019048	0.8729032858671895
2.6167457520683426	2.262647311584595	0.8641050748594867	0.8729032858671895
2.618117724539512	2.2638328452269807	0.86411241215454	0.8729032858671895
2.619489697010682	2.265018388936658	0.8641197532871477	0.8729032858671895
2.6208616694818514	2.266203942718859	0.8641270982573934	0.8729032858671895
2.6222336419530206	2.267389506578816	0.86413444706536	0.8729032858671895
2.62360561442419	2.268575080521761	0.864141799711131	0.8729032858671895
2.6249775868953593	2.269760664552927	0.8641491561947896	0.8729032858671895
2.626349559366529	2.2709462586775473	0.8641565165164191	0.8729032858671895
2.6277215318376985	2.272131862900852	0.8641638806761028	0.8729032858671895
2.629093504308868	2.273317477228075	0.864171248673924	0.8729032858671895
2.6304654767800377	2.2745031016644486	0.8641786205099659	0.8729032858671895
2.6318374492512073	2.2756887362152045	0.8641859961843117	0.8729032858671895
2.6332094217223765	2.276874380885575	0.8641933756970448	0.8729032858671895
2.634581394193546	2.2780600356807934	0.8642007590482484	0.8729032858671895
2.6359533666647157	2.2792457006060918	0.864208146238006	0.8729032858671895
2.637325339135885	2.280431375666702	0.8642155372664005	0.8729032858671895
2.6386973116070545	2.2816170608678563	0.8642229321335155	0.8729032858671895
2.640069284078224	2.2828027562147883	0.8642303308394341	0.8729032858671895
2.6414412565493937	2.2839884617127293	0.8642377333842396	0.8729032858671895
2.6428132290205633	2.285174177366912	0.8642451397680153	0.8729032858671895
2.644185201491733	2.2863599031825683	0.8642525499908444	0.8729032858671895
2.645557173962902	2.287545639164931	0.8642599640528105	0.8729032858671895
2.6469291464340716	2.2887313853192324	0.8642673819539963	0.8729032858671895
2.648301118905241	2.289917141650705	0.8642748036944856	0.8729032858671895
2.6496730913764104	2.2911029081645813	0.8642822292743614	0.8729032858671895
2.65104506384758	2.292288684866093	0.8642896586937071	0.8729032858671895
2.6524170363187496	2.293474471760473	0.8642970919526058	0.8729032858671895
2.653789008789919	2.2946602688529536	0.8643045290511411	0.8729032858671895
2.655160981261089	2.295846076148767	0.8643119699893959	0.8729032858671895
2.656532953732258	2.2970318936531458	0.8643194147674537	0.8729032858671895
2.6579049262034276	2.298217721371322	0.8643268633853977	0.8729032858671895
2.6592768986745967	2.2994035593085282	0.8643343158433111	0.8729032858671895
2.6606488711457663	2.3005894074699973	0.8643417721412774	0.8729032858671895
2.662020843616936	2.301775265860961	0.8643492322793798	0.8729032858671895
2.6633928160881055	2.302961134486652	0.8643566962577014	0.8729032858671895
2.664764788559275	2.3041470133523023	0.8643641640763255	0.8729032858671895
2.6661367610304443	2.3053329024631446	0.8643716357353357	0.8729032858671895
2.667508733501614	2.306518801824411	0.8643791112348149	0.8729032858671895
2.6688807059727835	2.307704711441334	0.8643865905748466	0.8729032858671895
2.6702526784439526	2.3088906313191453	0.8643940737555139	0.8729032858671895
2.6716246509151222	2.310076561463079	0.8644015607769002	0.8729032858671895
2.672996623386292	2.311262501878366	0.8644090516390889	0.8729032858671895
2.6743685958574615	2.312448452570239	0.8644165463421629	0.8729032858671895
2.6757405683286306	2.313634413543931	0.8644240448862058	0.8729032858671895
2.6771125407998	2.3148203848046736	0.8644315472713008	0.8729032858671895
2.67848451327097	2.3160063663576986	0.864439053497531	0.8729032858671895
2.679856485742139	2.31719235820824	0.86444656356498	0.8729032858671895
2.6812284582133086	2.3183783603615282	0.8644540774737308	0.8729032858671895
2.682600430684478	2.319564372822798	0.8644615952238668	0.8729032858671895
2.6839724031556473	2.32075039559728	0.8644691168154711	0.8729032858671895
2.685344375626817	2.321936428690207	0.8644766422486273	0.8729032858671895
2.6867163480979865	2.323122472106811	0.8644841715234184	0.8729032858671895
2.688088320569156	2.3243085258523255	0.8644917046399279	0.8729032858671895
2.6894602930403253	2.3254945899319814	0.8644992415982388	0.8729032858671895
2.690832265511495	2.3266806643510125	0.8645067823984346	0.8729032858671895
2.6922042379826645	2.3278667491146496	0.8645143270405984	0.8729032858671895
2.6935762104538337	2.329052844228127	0.8645218755248136	0.8729032858671895
2.6949481829250033	2.3302389496966756	0.8645294278511635	0.8729032858671895
2.696320155396173	2.3314250655255284	0.8645369840197313	0.8729032858671895
2.6976921278673425	2.332611191719917	0.8645445440306002	0.8729032858671895
2.699064100338512	2.3337973282850744	0.8645521078838537	0.8729032858671895
2.7004360728096817	2.334983475226233	0.8645596755795749	0.8729032858671895
2.701808045280851	2.336169632548625	0.8645672471178472	0.8729032858671895
2.7031800177520204	2.3373558002574826	0.8645748224987536	0.8729032858671895
2.7045519902231896	2.3385419783580383	0.8645824017223777	0.8729032858671895
2.705923962694359	2.339728166855525	0.8645899847888026	0.8729032858671895
2.707295935165529	2.3409143657551748	0.8645975716981117	0.8729032858671895
2.7086679076366984	2.3421005750622195	0.8646051624503881	0.8729032858671895
2.710039880107868	2.343286794781892	0.8646127570457152	0.8729032858671895
2.711411852579037	2.344473024919424	0.8646203554841762	0.8729032858671895
2.7127838250502068	2.345659265480049	0.8646279577658544	0.8729032858671895
2.7141557975213764	2.3468455164689987	0.8646355638908332	0.8729032858671895
2.715527769992546	2.3480317778915056	0.8646431738591958	0.8729032858671895
2.716899742463715	2.3492180497528015	0.8646507876710252	0.8729032858671895
2.7182717149348847	2.35040433205812	0.8646584053264051	0.8729032858671895
