x	chi	dchidx	s0
0.00022800660829087082	0.0	0.016500126395376097	0.016500126395376097
0.01383854407928357	0.00022456763376740716	0.016498400983278337	0.016500126395376097
0.027449081550276273	0.0004490890612685927	0.01649333661707126	0.016500126395376097
0.041059619021268964	0.000673518837543571	0.016484933296759107	0.016500126395376097
0.054670156492261666	0.0008978115176325973	0.01647319102233607	0.016500126395376097
0.06828069396325437	0.001121921656575704	0.016458109793794053	0.016500126395376097
0.08189123143424706	0.0013458038094126988	0.01643968961112271	0.016500126395376097
0.09550176890523977	0.001569412531183161	0.01641793047430943	0.016500126395376097
0.10911230637623247	0.0017927023769264458	0.016392832383339367	0.016500126395376097
0.12272284384722516	0.0020156279016816814	0.01636439533819541	0.016500126395376097
0.13633338131821787	0.0022381436604877705	0.01633261933885821	0.016500126395376097
0.1499439187892106	0.002460204208383389	0.016297504385306152	0.016500126395376097
0.16355445626020326	0.002681764100398869	0.01625905047757222	0.016500126395376097
0.17716499373119599	0.0029027778915587457	0.016217257615730552	0.016500126395376097
0.19077553120218868	0.0031232001369057637	0.016172125799725382	0.016500126395376097
0.20438606867318135	0.0033429853914821936	0.016123655029496812	0.016500126395376097
0.21799660614417407	0.003562088210329277	0.016071845304984657	0.016500126395376097
0.23160714361516677	0.003780463148487224	0.016016696626128455	0.016500126395376097
0.24521768108615946	0.003998064760995214	0.015958208992867453	0.016500126395376097
0.25882821855715216	0.004214847602891396	0.015896382405140623	0.016500126395376097
0.2724387560281449	0.00443076622921289	0.015831216862886643	0.016500126395376097
0.28604929349913755	0.004645775194995783	0.015762712366043916	0.016500126395376097
0.29965983097013027	0.004859829055275135	0.01569086891455055	0.016500126395376097
0.313270368441123	0.005072882365084969	0.015615686508344384	0.016500126395376097
0.32688090591211566	0.005284889679458286	0.015537165147362957	0.016500126395376097
0.3404914433831084	0.005495805553427052	0.015455304831543535	0.016500126395376097
0.35410198085410105	0.005705584542022198	0.015370105560823097	0.016500126395376097
0.3677125183250937	0.005914181200273634	0.015281567335138337	0.016500126395376097
0.3813230557960865	0.006121550083210233	0.015189690154425662	0.016500126395376097
0.39493359326707916	0.00632764574585984	0.015094474018621204	0.016500126395376097
0.40854413073807183	0.006532422743249266	0.014995918927660803	0.016500126395376097
0.4221546682090646	0.006735835630404299	0.014894024881480014	0.016500126395376097
0.4357652056800573	0.006937838962349686	0.014788791880014118	0.016500126395376097
0.44937574315104994	0.007138387294109153	0.0146802199231981	0.016500126395376097
0.46298628062204267	0.007337435180705393	0.01456830901096667	0.016500126395376097
0.47659681809303533	0.007534937177160063	0.014453059143254248	0.016500126395376097
0.49020735556402806	0.007730847838493793	0.014334470319994973	0.016500126395376097
0.5038178930350208	0.007925121719726189	0.0142125425411227	0.016500126395376097
0.5174284305060135	0.008117713375875815	0.014087275806570999	0.016500126395376097
0.5310389679770061	0.008308577361960213	0.013958670116273157	0.016500126395376097
0.5446495054479988	0.00849766823299589	0.013826725470162171	0.016500126395376097
0.5582600429189916	0.008684940543998324	0.013691441868170768	0.016500126395376097
0.5718705803899842	0.008870348849981963	0.013552819310231376	0.016500126395376097
0.5854811178609769	0.009053847705960225	0.013410857796276147	0.016500126395376097
0.5990916553319697	0.0092353916669455	0.013265557326236948	0.016500126395376097
0.6127021928029623	0.009414935287949136	0.01311691790004536	0.016500126395376097
0.6263127302739551	0.009592433123981461	0.012964939517632681	0.016500126395376097
0.6399232677449478	0.009767839730051773	0.012809622178929926	0.016500126395376097
0.6535338052159404	0.009941109661168332	0.012650965883867826	0.016500126395376097
0.6671443426869331	0.010112197472338377	0.012488970632376825	0.016500126395376097
0.680754880157926	0.010281057718568113	0.012323636424387083	0.016500126395376097
0.6943654176289186	0.010447644954862709	0.012154963259828486	0.016500126395376097
0.7079759550999113	0.010611913736226303	0.011982951138630623	0.016500126395376097
0.7215864925709039	0.010773818617662013	0.011807600060722801	0.016500126395376097
0.7351970300418966	0.010933314154171918	0.011628910026034056	0.016500126395376097
0.7488075675128892	0.011090354900757073	0.011446881034493116	0.016500126395376097
0.7624181049838821	0.011244895412417494	0.011261513086028449	0.016500126395376097
0.7760286424548748	0.011396890244152167	0.011072806180568228	0.016500126395376097
0.7896391799258674	0.011546293950962494	0.01088076031799621	0.016500126395376097
0.8032497173968601	0.011693061087859231	0.010685375498045158	0.016500126395376097
0.8168602548678529	0.011837146209838714	0.010486651720596797	0.016500126395376097
0.8304707923388455	0.011978503871894364	0.010284588985552718	0.016500126395376097
0.8440813298098383	0.012117088629018275	0.010079187292814958	0.016500126395376097
0.857691867280831	0.012252855036201223	0.009870446642286009	0.016500126395376097
0.8713024047518236	0.012385757648432657	0.009658367033868812	0.016500126395376097
0.8849129422228164	0.012515751020700709	0.009442948467466763	0.016500126395376097
0.898523479693809	0.012642789707992184	0.009224190942983703	0.016500126395376097
0.9121340171648018	0.012766828265292563	0.009002094460323934	0.016500126395376097
0.9257445546357945	0.01288782124758601	0.008776659019392204	0.016500126395376097
0.9393550921067871	0.013005723209855359	0.008547884620093711	0.016500126395376097
0.9529656295777799	0.013120488707082127	0.008315771262334112	0.016500126395376097
0.9665761670487725	0.013232072294246505	0.008080318946019505	0.016500126395376097
0.9801867045197652	0.013340428526327362	0.007841527671056451	0.016500126395376097
0.993797241990758	0.013445511958302243	0.007599397437351951	0.016500126395376097
1.0074077794617506	0.013547277145147373	0.007353928244813469	0.016500126395376097
1.0210183169327434	0.013645678641837652	0.007105120093348914	0.016500126395376097
1.034628854403736	0.013740671003346657	0.006852972982866647	0.016500126395376097
1.0482393918747288	0.013832208784646645	0.006597486913275482	0.016500126395376097
1.0618499293457213	0.013920246540708546	0.006338661884484686	0.016500126395376097
1.0754604668167143	0.014004738826501972	0.00607649789640397	0.016500126395376097
1.0890710042877068	0.014085640196995205	0.005810994948943512	0.016500126395376097
1.1026815417586995	0.014162905207155213	0.005542153042013926	0.016500126395376097
1.1162920792296922	0.014236488411948661	0.005269972175526516	0.016500126395376097
1.129902616700685	0.014306344366342214	0.004994452349394152	0.016500126395376097
1.1435131541716774	0.014372427625299939	0.004715593563531173	0.016500126395376097
1.1571236916426701	0.014434692743784769	0.004433395817853287	0.016500126395376097
1.1707342291136629	0.01449309427675852	0.004147859112277626	0.016500126395376097
1.1843447665846556	0.014547586779181899	0.0038589834467226947	0.016500126395376097
1.1979553040556483	0.014598124806014499	0.0035667688211084153	0.016500126395376097
1.211565841526641	0.0146446629122148	0.0032712152353561092	0.016500126395376097
1.2251763789976338	0.014687155652740176	0.002972322689388479	0.016500126395376097
1.2387869164686263	0.014725557582546884	0.0026700911831296498	0.016500126395376097
1.2523974539396192	0.014759823256590076	0.0023645207165051297	0.016500126395376097
1.2660079914106117	0.014789907229824133	0.0020556112894422277	0.016500126395376097
1.2796185288816044	0.01481576405720252	0.001743362901870031	0.016500126395376097
1.2932290663525974	0.01483734829367765	0.0014277755537193378	0.016500126395376097
1.3068396038235899	0.014854614494200996	0.0011088492449227551	0.016500126395376097
1.3204501412945826	0.014867517213723107	0.0007865839754146916	0.016500126395376097
1.334060678765575	0.014876011007193676	0.0004609797451314828	0.016500126395376097
1.347671216236568	0.014880050429561541	0.0001384313218604708	0.016500126395376097
3.628670627340143	0.015195831590984832	0.0001384456772295408	0.016500126395376097
5.909670038443719	0.015511634184073574	0.00013845192475511235	0.016500126395376097
8.190669449547293	0.01582744854373318	0.00013845706980994765	0.016500126395376097
10.471668860650869	0.01614327345357214	0.00013846133756127346	0.016500126395376097
12.752668271754445	0.01645910770576515	0.0001384649447017269	0.016500126395376097
15.03366768285802	0.016774950092486897	0.0001384681079239451	0.016500126395376097
17.314667093961592	0.017090799405912092	0.00013847104392056527	0.016500126395376097
19.59566650506517	0.01740665607659913	0.0001384736593438295	0.016500126395376097
21.876665916168747	0.017722518209169556	0.00013847622916181155	0.016500126395376097
24.157665327272323	0.01803838577088222	0.00013847875695067977	0.016500126395376097
26.438664738375895	0.018354258737011256	0.00013848124496990586	0.016500126395376097
28.71966414947947	0.018670137082830794	0.00013848369547896146	0.016500126395376097
31.000663560583046	0.018986020783614967	0.0001384861107373183	0.016500126395376097
33.28166297168662	0.0193019098146379	0.00013848849300444798	0.016500126395376097
35.562662382790194	0.019617804151173732	0.00013849084453982226	0.016500126395376097
37.84366179389377	0.01993370376849659	0.00013849316760291275	0.016500126395376097
40.124661204997345	0.0202496086418806	0.00013849546445319117	0.016500126395376097
42.405660616100924	0.0205655187465999	0.00013849773735012918	0.016500126395376097
44.686660027204496	0.02088143405792862	0.00013849998855319844	0.016500126395376097
46.967659438308075	0.02119735455114089	0.00013850222032187065	0.016500126395376097
49.24865884941165	0.02151328020151084	0.00013850443491561745	0.016500126395376097
51.52965826051522	0.0218292109843126	0.00013850663459391056	0.016500126395376097
53.8106576716188	0.022145146874820304	0.00013850882161622164	0.016500126395376097
56.09165708272237	0.022461087848308078	0.00013851099824202238	0.016500126395376097
58.37265649382594	0.02277703388005006	0.00013851316673078442	0.016500126395376097
60.65365590492952	0.023092984945320374	0.00013851532934197944	0.016500126395376097
62.934655316033094	0.023408941019393156	0.00013851748833507916	0.016500126395376097
65.21565472713667	0.023724902077542534	0.00013851964596955522	0.016500126395376097
67.49665413824025	0.02404086809504264	0.00013852180450487928	0.016500126395376097
69.77765354934382	0.02435683904716761	0.0001385239662005231	0.016500126395376097
72.0586529604474	0.024672814909191564	0.00013852613331595824	0.016500126395376097
74.33965237155097	0.02498879565638864	0.00013852830811065644	0.016500126395376097
76.62065178265455	0.025304781264032968	0.00013853049284408937	0.016500126395376097
78.90165119375811	0.025620773079021598	0.00013853264028726697	0.016500126395376097
81.18265060486169	0.025936770321465942	0.00013853477619002228	0.016500126395376097
83.46365001596527	0.026252772309814862	0.00013853692570307645	0.016500126395376097
85.74464942706884	0.026568779079711564	0.0001385390888534581	0.016500126395376097
88.02564883817242	0.02688479066679927	0.00013854126566819583	0.016500126395376097
90.306648249276	0.027200807106721188	0.00013854345617431832	0.016500126395376097
92.58764766037957	0.02751682843512053	0.0001385456603988542	0.016500126395376097
94.86864707148314	0.027832854687640504	0.0001385478783688321	0.016500126395376097
97.14964648258672	0.028148885899924328	0.00013855011011128067	0.016500126395376097
99.4306458936903	0.02846492210761521	0.0001385523556532285	0.016500126395376097
101.71164530479386	0.02878096334635636	0.0001385546150217043	0.016500126395376097
103.99264471589744	0.029097009651790993	0.00013855688824373664	0.016500126395376097
106.27364412700102	0.02941306105956232	0.0001385591753463542	0.016500126395376097
108.55464353810459	0.02972911760531355	0.0001385614763565856	0.016500126395376097
110.83564294920816	0.0300451793246879	0.00013856379130145944	0.016500126395376097
113.11664236031174	0.030361246253328582	0.00013856612020800443	0.016500126395376097
115.39764177141531	0.030677318426878798	0.00013856846310324915	0.016500126395376097
117.67864118251889	0.030993395880981774	0.00013857082001422227	0.016500126395376097
119.95964059362247	0.03130947865128071	0.00013857319096795243	0.016500126395376097
122.24064000472603	0.03162556677341882	0.00013857557599146822	0.016500126395376097
124.52163941582961	0.03194166028303932	0.00013857797511179833	0.016500126395376097
126.80263882693319	0.03225775921578542	0.00013858038835597134	0.016500126395376097
129.08363823803677	0.03257386360730033	0.00013858281575101594	0.016500126395376097
131.36463764914035	0.03288997349322727	0.00013858525732396074	0.016500126395376097
133.64563706024393	0.03320608890920943	0.0001385877131018344	0.016500126395376097
135.9266364713475	0.03352220989089005	0.00013859018311166552	0.016500126395376097
138.20763588245106	0.03383833647391232	0.00013859266738048276	0.016500126395376097
140.48863529355464	0.03415446869391947	0.00013859516593531476	0.016500126395376097
142.76963470465824	0.034470606586554695	0.00013859767880319016	0.016500126395376097
145.0506341157618	0.03478675018746121	0.00013860020601113757	0.016500126395376097
147.33163352686537	0.03510289953228223	0.00013860274758618565	0.016500126395376097
149.61263293796895	0.035419054656660974	0.00013860530355536303	0.016500126395376097
151.89363234907253	0.03573521559624065	0.00013860787394569834	0.016500126395376097
154.1746317601761	0.03605138238666446	0.00013861045878422023	0.016500126395376097
156.45563117127966	0.03636755506357562	0.00013861305809795732	0.016500126395376097
158.73663058238324	0.036683733662617346	0.00013861567191393825	0.016500126395376097
161.01762999348682	0.03699991821943285	0.0001386183002591917	0.016500126395376097
163.2986294045904	0.03731610876966534	0.00013862094316074622	0.016500126395376097
165.57962881569398	0.03763230534895803	0.00013862360064563053	0.016500126395376097
167.86062822679756	0.03794850799295413	0.00013862627274087322	0.016500126395376097
170.1416276379011	0.03826471673729685	0.00013862895947350294	0.016500126395376097
172.4226270490047	0.038580931617629405	0.00013863166087054832	0.016500126395376097
174.70362646010827	0.03889715266959501	0.00013863437695903801	0.016500126395376097
176.98462587121185	0.039213379928836875	0.00013863710776600063	0.016500126395376097
179.26562528231543	0.03952961343099821	0.00013863985331846482	0.016500126395376097
181.546624693419	0.039845853211722224	0.00013864261364345925	0.016500126395376097
183.82762410452258	0.04016209930665213	0.0001386453887680125	0.016500126395376097
186.10862351562614	0.040478351751431135	0.00013864817871915325	0.016500126395376097
188.38962292672971	0.040794610581702466	0.00013865098352391014	0.016500126395376097
190.6706223378333	0.04111087583310932	0.00013865380320931175	0.016500126395376097
192.95162174893687	0.04142714754129492	0.00013865663780238677	0.016500126395376097
195.23262116004045	0.04174342574190247	0.00013865948733016384	0.016500126395376097
197.51362057114403	0.04205971047057519	0.00013866235181967158	0.016500126395376097
199.79461998224758	0.042376001762956264	0.0001386652312979386	0.016500126395376097
202.07561939335116	0.042692299654688945	0.00013866812579199357	0.016500126395376097
204.35661880445474	0.04300860418141642	0.00013867103532886512	0.016500126395376097
206.63761821555832	0.04332491537878191	0.0001386739599355819	0.016500126395376097
208.9186176266619	0.04364123328242861	0.00013867689963917252	0.016500126395376097
211.19961703776548	0.043957557927999755	0.00013867985446666561	0.016500126395376097
213.48061644886903	0.044273889351138546	0.00013868282444508986	0.016500126395376097
215.7616158599726	0.04459022758748819	0.00013868580960147385	0.016500126395376097
218.0426152710762	0.04490657267269191	0.00013868880996284623	0.016500126395376097
220.32361468217977	0.0452229246423929	0.00013869182555623565	0.016500126395376097
222.60461409328335	0.045539283532234395	0.00013869485640867076	0.016500126395376097
224.88561350438692	0.04585564937785959	0.00013869790254718016	0.016500126395376097
227.1666129154905	0.0461720222149117	0.00013870096399879253	0.016500126395376097
229.44761232659405	0.04648840207903393	0.00013870404079053647	0.016500126395376097
231.72861173769763	0.04680478900586952	0.0001387071329494406	0.016500126395376097
234.0096111488012	0.04712118303106164	0.0001387102405025336	0.016500126395376097
236.2906105599048	0.04743758419025354	0.0001387133634768441	0.016500126395376097
238.57160997100837	0.04775399251908841	0.00013871650189940075	0.016500126395376097
240.85260938211195	0.048070408053209474	0.00013871965579723212	0.016500126395376097
243.1336087932155	0.048386830828259925	0.00013872282519736693	0.016500126395376097
245.41460820431908	0.048703260879882984	0.00013872601012683377	0.016500126395376097
247.69560761542266	0.04901969824372188	0.00013872921061266127	0.016500126395376097
249.97660702652627	0.0493361429554198	0.00013873242668187806	0.016500126395376097
252.25760643762985	0.049652595050619974	0.00013873565836151284	0.016500126395376097
254.53860584873343	0.049969054564965594	0.0001387389056785942	0.016500126395376097
256.819605259837	0.05028552153409989	0.00013874216866015075	0.016500126395376097
259.1006046709405	0.05060199599366606	0.00013874544733321118	0.016500126395376097
261.38160408204413	0.05091847797930733	0.00013874874172480412	0.016500126395376097
263.6626034931477	0.05123496752666691	0.00013875205186195816	0.016500126395376097
265.9436029042513	0.051551464671388	0.00013875537777170198	0.016500126395376097
268.22460231535484	0.051867969449113815	0.0001387587194810642	0.016500126395376097
270.50560172645845	0.05218448189548757	0.00013876207701707347	0.016500126395376097
272.786601137562	0.052501002046152476	0.00013876545040675842	0.016500126395376097
275.06760054866555	0.052817529936751755	0.00013876883967714766	0.016500126395376097
277.34859995976916	0.053134065602928604	0.00013877224485526988	0.016500126395376097
279.6295993708727	0.053450609080326235	0.00013877566596815367	0.016500126395376097
281.9105987819763	0.053767160404587865	0.0001387791030428277	0.016500126395376097
284.19159819307987	0.05408371961135671	0.00013878255610632055	0.016500126395376097
286.4725976041835	0.05440028673627598	0.00013878602518566094	0.016500126395376097
288.753597015287	0.054716861814988874	0.00013878951030787745	0.016500126395376097
291.03459642639064	0.055033444883138626	0.00013879301149999875	0.016500126395376097
293.3155958374942	0.05535003597636842	0.00013879652878905343	0.016500126395376097
295.59659524859774	0.05566663513032149	0.00013880006220207014	0.016500126395376097
297.87759465970134	0.05598324238064104	0.00013880361176607755	0.016500126395376097
300.1585940708049	0.05629985776297028	0.00013880717750810429	0.016500126395376097
302.43959348190856	0.05661648131295244	0.00013881075945517898	0.016500126395376097
304.72059289301205	0.056933113066230695	0.00013881435763433026	0.016500126395376097
307.0015923041157	0.05724975305844829	0.00013881797207258674	0.016500126395376097
309.28259171521927	0.05756640132524842	0.00013882160279697712	0.016500126395376097
311.56359112632276	0.0578830579022743	0.00013882524983453	0.016500126395376097
313.8445905374264	0.058199722825169144	0.000138828913212274	0.016500126395376097
316.12558994853	0.05851639612957616	0.00013883259295723776	0.016500126395376097
318.4065893596336	0.058833077851138574	0.00013883628909644994	0.016500126395376097
320.68758877073714	0.05914976802549957	0.00013884000165693917	0.016500126395376097
322.96858818184063	0.05946646668830238	0.0001388437306657341	0.016500126395376097
325.2495875929443	0.05978317387519022	0.00013884747614986332	0.016500126395376097
327.53058700404785	0.06009988962180629	0.00013885123813635553	0.016500126395376097
329.81158641515145	0.06041661396379382	0.0001388550166522393	0.016500126395376097
332.092585826255	0.060733346936795975	0.00013885881172454333	0.016500126395376097
334.3735852373586	0.061050088576456024	0.0001388626233802962	0.016500126395376097
336.65458464846216	0.06136683891841714	0.00013886645164652657	0.016500126395376097
338.9355840595657	0.06168359799832255	0.0001388702965502631	0.016500126395376097
341.2165834706693	0.062000365851815474	0.00013887415811853442	0.016500126395376097
343.49758288177287	0.0623171425145391	0.00013887803637836912	0.016500126395376097
345.7785822928765	0.06263392802213666	0.00013888193135679587	0.016500126395376097
348.05958170398003	0.06295072241025138	0.00013888584308084333	0.016500126395376097
350.34058111508364	0.06326752571452642	0.0001388897715775401	0.016500126395376097
352.6215805261872	0.06358433797060503	0.00013889371687391484	0.016500126395376097
354.90257993729074	0.06390115921413042	0.00013889767899699616	0.016500126395376097
357.18357934839435	0.0642179894807458	0.00013890165797381273	0.016500126395376097
359.4645787594979	0.06453482880609436	0.00013890565383139315	0.016500126395376097
361.7455781706015	0.06485167722581935	0.0001389096665967661	0.016500126395376097
364.02657758170506	0.06516853477556395	0.00013891369629696017	0.016500126395376097
366.30757699280866	0.06548540149097139	0.00013891774295900404	0.016500126395376097
368.5885764039122	0.06580227982959728	0.00013892178923431434	0.016500126395376097
370.86957581501576	0.06611916903044368	0.0001389258404279581	0.016500126395376097
373.1505752261194	0.06643606741790885	0.0001389299087326545	0.016500126395376097
375.4315746372229	0.06675297503161684	0.00013893399414927586	0.016500126395376097
377.71257404832653	0.0670698919111917	0.00013893809667869436	0.016500126395376097
379.9935734594301	0.06738681809625745	0.00013894221632178234	0.016500126395376097
382.27457287053363	0.06770375362643812	0.00013894635307941207	0.016500126395376097
384.55557228163724	0.06802069854135777	0.0001389505069524558	0.016500126395376097
386.8365716927408	0.0683376528806404	0.00013895467794178582	0.016500126395376097
389.1175711038444	0.06865461668391011	0.0001389588660482744	0.016500126395376097
391.39857051494795	0.06897158999079087	0.0001389630712727938	0.016500126395376097
393.67956992605156	0.06928857284090675	0.00013896729361621631	0.016500126395376097
395.9605693371551	0.06960556527388179	0.0001389715330794142	0.016500126395376097
398.24156874825866	0.06992256732934	0.00013897578966325975	0.016500126395376097
400.52256815936227	0.07023957904690546	0.00013898006336862524	0.016500126395376097
402.8035675704658	0.07055660046620217	0.00013898435419638293	0.016500126395376097
405.0845669815694	0.0708736316268542	0.0001389886621474051	0.016500126395376097
407.365566392673	0.07119067256848553	0.000138992987222564	0.016500126395376097
409.6465658037766	0.07150772333072027	0.00013899732942273196	0.016500126395376097
411.92756521488013	0.0718247839531824	0.0001390016887487812	0.016500126395376097
414.2085646259837	0.07214185447549597	0.00013900606520158404	0.016500126395376097
416.4895640370873	0.07245893493728504	0.00013901045878201272	0.016500126395376097
418.77056344819084	0.07277602537817363	0.00013901486949093953	0.016500126395376097
421.05156285929445	0.07309312583778577	0.00013901929732923674	0.016500126395376097
423.332562270398	0.0734102363557455	0.0001390237422977766	0.016500126395376097
425.61356168150155	0.07372735697167687	0.00013902820439743143	0.016500126395376097
427.89456109260516	0.0740444877252039	0.0001390326836290735	0.016500126395376097
430.1755605037087	0.07436162865595064	0.00013903717999357503	0.016500126395376097
432.4565599148123	0.07467877980354114	0.00013904169349180834	0.016500126395376097
434.73755932591587	0.07499594120759939	0.00013904622412464572	0.016500126395376097
437.0185587370195	0.07531311290774947	0.0001390507718929594	0.016500126395376097
439.299558148123	0.07563029494361541	0.00013905533679762165	0.016500126395376097
441.5805575592266	0.07594748735482122	0.0001390599188395048	0.016500126395376097
443.8615569703302	0.07626469018099097	0.0001390645180194811	0.016500126395376097
446.14255638143374	0.07658190346174867	0.00013906913433842278	0.016500126395376097
448.42355579253734	0.07689912723671839	0.00013907376779720217	0.016500126395376097
450.7045552036409	0.07721636154552414	0.00013907841839669153	0.016500126395376097
452.9855546147445	0.07753360642778998	0.00013908308613776312	0.016500126395376097
455.26655402584805	0.07785086192313989	0.00013908777102128925	0.016500126395376097
457.5475534369516	0.07816812807119797	0.00013909247304814214	0.016500126395376097
459.8285528480552	0.07848540491158824	0.0001390971922191941	0.016500126395376097
462.10955225915876	0.07880269248393473	0.00013910192853531738	0.016500126395376097
464.39055167026237	0.07911999082786147	0.0001391066819973843	0.016500126395376097
466.6715510813659	0.07943729998299251	0.00013911145260626708	0.016500126395376097
468.95255049246947	0.07975461998895188	0.00013911624036283806	0.016500126395376097
471.2335499035731	0.08007195088536363	0.00013912104526796944	0.016500126395376097
473.51454931467663	0.08038929271185177	0.00013912586732253352	0.016500126395376097
475.79554872578024	0.08070664550804037	0.00013913070652740261	0.016500126395376097
478.0765481368838	0.08102400931355344	0.00013913556288344895	0.016500126395376097
480.3575475479874	0.08134138416801502	0.0001391404363915448	0.016500126395376097
482.63854695909095	0.08165877011104916	0.00013914532705256246	0.016500126395376097
484.9195463701945	0.08197616718227989	0.00013915023486737421	0.016500126395376097
487.2005457812981	0.08229357542133126	0.00013915515983685232	0.016500126395376097
489.48154519240165	0.08261099486782728	0.00013916010196186906	0.016500126395376097
491.76254460350526	0.08292842556139199	0.0001391650612432967	0.016500126395376097
494.0435440146088	0.08324586754164945	0.00013917003768200748	0.016500126395376097
496.3245434257124	0.08356332084822368	0.00013917503127887373	0.016500126395376097
498.60554283681597	0.08388078552073873	0.00013918004203476774	0.016500126395376097
500.8865422479195	0.08419826159881863	0.0001391850699505617	0.016500126395376097
503.16754165902313	0.08451574912208741	0.00013919011502712796	0.016500126395376097
505.4485410701267	0.0848332481301691	0.00013919517726533877	0.016500126395376097
507.7295404812303	0.08515075866268777	0.0001392002566660664	0.016500126395376097
510.01053989233384	0.08546828075926743	0.00013920535323018313	0.016500126395376097
512.2915393034374	0.08578581445953211	0.00013921046695856122	0.016500126395376097
514.572538714541	0.08610335980310588	0.00013921559785207296	0.016500126395376097
516.8535381256446	0.08642091682961274	0.00013922074591159062	0.016500126395376097
519.1345375367482	0.08673848557867675	0.00013922591113798647	0.016500126395376097
521.4155369478517	0.08705606608992193	0.0001392310935321328	0.016500126395376097
523.6965363589553	0.08737365840297234	0.00013923629309490186	0.016500126395376097
525.9775357700589	0.087691262557452	0.00013924150982716593	0.016500126395376097
528.2585351811624	0.08800887859298495	0.0001392467437297973	0.016500126395376097
530.539534592266	0.08832650654919524	0.00013925199480366825	0.016500126395376097
532.8205340033696	0.08864414646570688	0.00013925726304965102	0.016500126395376097
535.1015334144732	0.08896179838214392	0.0001392625484686179	0.016500126395376097
537.3825328255767	0.0892794623381304	0.00013926785106144118	0.016500126395376097
539.6635322366803	0.08959713837329036	0.00013927317082899313	0.016500126395376097
541.944531647784	0.08991482652724783	0.000139278507772146	0.016500126395376097
544.2255310588874	0.09023252683962685	0.0001392838618917721	0.016500126395376097
546.506530469991	0.09055023935005146	0.00013928923318874367	0.016500126395376097
548.7875298810947	0.0908679640981457	0.000139294621663933	0.016500126395376097
551.0685292921983	0.09118570112353358	0.00013930002731821236	0.016500126395376097
553.3495287033018	0.09150345046583916	0.00013930545015245404	0.016500126395376097
555.6305281144054	0.09182121216468649	0.00013931089016753028	0.016500126395376097
557.911527525509	0.09213898625969957	0.0001393163473643134	0.016500126395376097
560.1925269366125	0.09245677279050246	0.00013932182174367563	0.016500126395376097
562.4735263477161	0.09277457179671922	0.0001393273133064893	0.016500126395376097
564.7545257588197	0.09309238331797383	0.00013933282205362663	0.016500126395376097
567.0355251699233	0.09341020739389037	0.0001393383479859599	0.016500126395376097
569.3165245810268	0.09372804406409285	0.0001393438911043614	0.016500126395376097
571.5975239921304	0.09404589336820535	0.0001393494514097034	0.016500126395376097
573.8785234032339	0.09436375534585185	0.0001393550289028582	0.016500126395376097
576.1595228143375	0.09468163003665643	0.00013936062358469806	0.016500126395376097
578.440522225441	0.0949995174802431	0.00013936623545609522	0.016500126395376097
580.7215216365447	0.09531741771623593	0.00013937186451792196	0.016500126395376097
583.0025210476482	0.09563533078425893	0.0001393775107710506	0.016500126395376097
585.2835204587518	0.09595325672393613	0.0001393831742163534	0.016500126395376097
587.5645198698553	0.0962711955748916	0.0001393888548547026	0.016500126395376097
589.8455192809589	0.09658914737674934	0.0001393945526869705	0.016500126395376097
592.1265186920625	0.09690711216913342	0.00013940026771402938	0.016500126395376097
594.4075181031661	0.09722508999166785	0.0001394059999367515	0.016500126395376097
596.6885175142696	0.09754308088397667	0.00013941174935600914	0.016500126395376097
598.9695169253732	0.09786108488568392	0.00013941751597267458	0.016500126395376097
601.2505163364767	0.09817910203641364	0.00013942329978762009	0.016500126395376097
603.5315157475804	0.0984971323757899	0.0001394291008017179	0.016500126395376097
605.8125151586839	0.09881517594343668	0.00013943491901584036	0.016500126395376097
608.0935145697875	0.09913323277897804	0.00013944075443085972	0.016500126395376097
610.374513980891	0.09945130292203802	0.00013944660704764825	0.016500126395376097
612.6555133919948	0.09976938641224067	0.0001394524768670782	0.016500126395376097
614.9365128030983	0.10008748328921	0.00013945836389002187	0.016500126395376097
617.2175122142019	0.10040559359257006	0.00013946426811735151	0.016500126395376097
619.4985116253054	0.10072371736194488	0.00013947018954993946	0.016500126395376097
621.779511036409	0.1010418546369585	0.0001394761281886579	0.016500126395376097
624.0605104475126	0.10136000545723499	0.00013948208403437916	0.016500126395376097
626.3415098586162	0.10167816986239833	0.00013948805708797552	0.016500126395376097
628.6225092697197	0.10199634789207258	0.00013949404735031924	0.016500126395376097
630.9035086808233	0.1023145395858818	0.00013950005482228257	0.016500126395376097
633.1845080919268	0.10263274498344999	0.00013950607950473782	0.016500126395376097
635.4655075030305	0.10295096412440122	0.00013951212139855725	0.016500126395376097
637.746506914134	0.10326919704835949	0.00013951818050461314	0.016500126395376097
640.0275063252376	0.10358744379494887	0.00013952425682377777	0.016500126395376097
642.3085057363411	0.10390570440379338	0.0001395303503569234	0.016500126395376097
644.5895051474447	0.10422397891451707	0.0001395364611049223	0.016500126395376097
646.8705045585483	0.10454226736674396	0.00013954258906864677	0.016500126395376097
649.1515039696519	0.10486056980009811	0.00013954873424896905	0.016500126395376097
651.4325033807554	0.10517888625420353	0.00013955489664676144	0.016500126395376097
653.713502791859	0.10549721676868426	0.0001395610762628962	0.016500126395376097
655.9945022029626	0.10581556138316438	0.00013956727309824562	0.016500126395376097
658.2755016140662	0.10613392013726786	0.000139573487153682	0.016500126395376097
660.5565010251697	0.10645229307061878	0.00013957971843007753	0.016500126395376097
662.8375004362733	0.10677068022284116	0.00013958596692830453	0.016500126395376097
665.1184998473768	0.10708908163355904	0.0001395922326492353	0.016500126395376097
667.3994992584805	0.10740749734239649	0.0001395985155937421	0.016500126395376097
669.680498669584	0.10772592738897749	0.00013960481576269718	0.016500126395376097
671.9614980806876	0.10804437181292612	0.00013961113315697282	0.016500126395376097
674.2424974917911	0.10836283065386637	0.00013961746777744132	0.016500126395376097
676.5234969028947	0.10868130395142234	0.00013962381962497495	0.016500126395376097
678.8044963139984	0.10899979174521802	0.00013963018870044596	0.016500126395376097
681.085495725102	0.10931829407487748	0.00013963657500472664	0.016500126395376097
683.3664951362055	0.10963681098002473	0.00013964297853868928	0.016500126395376097
685.6474945473091	0.1099553425002838	0.0001396493993032061	0.016500126395376097
687.9284939584126	0.11027388867527875	0.00013965583729914942	0.016500126395376097
690.2094933695163	0.11059244954463363	0.00013966229252739153	0.016500126395376097
692.4904927806198	0.11091102514797244	0.00013966876498880466	0.016500126395376097
694.7714921917234	0.11122961552491921	0.00013967525468426111	0.016500126395376097
697.0524916028269	0.11154822071509801	0.00013968176161463316	0.016500126395376097
699.3334910139306	0.1118668407581329	0.00013968828578079305	0.016500126395376097
701.6144904250341	0.11218547569364787	0.00013969482718361308	0.016500126395376097
703.8954898361377	0.11250412556126695	0.00013970138582396552	0.016500126395376097
706.1764892472412	0.1128227904006142	0.00013970796170272265	0.016500126395376097
708.4574886583448	0.11314147025131366	0.00013971455482075676	0.016500126395376097
710.7384880694484	0.11346016515298937	0.00013972116517894006	0.016500126395376097
713.019487480552	0.11377887514526536	0.00013972779277814492	0.016500126395376097
715.3004868916555	0.11409760026776564	0.00013973443761924352	0.016500126395376097
717.5814863027591	0.1144163405601143	0.00013974109970310819	0.016500126395376097
719.8624857138626	0.11473509606193533	0.0001397477790306112	0.016500126395376097
722.1434851249663	0.1150538668128528	0.0001397544756026248	0.016500126395376097
724.4244845360698	0.11537265285249072	0.0001397611894200213	0.016500126395376097
726.7054839471734	0.11569145422047314	0.00013976792048367293	0.016500126395376097
728.9864833582769	0.1160102709564241	0.000139774668794452	0.016500126395376097
731.2674827693806	0.11632910309996763	0.00013978143435323077	0.016500126395376097
733.5484821804841	0.11664795069072778	0.00013978821716088152	0.016500126395376097
735.8294815915878	0.11696681376832857	0.0001397950172182765	0.016500126395376097
738.1104810026912	0.11728569237239404	0.00013980183452628805	0.016500126395376097
740.3914804137949	0.11760458654254823	0.00013980866908578835	0.016500126395376097
742.6724798248985	0.1179234963184152	0.00013981552089764975	0.016500126395376097
744.9534792360021	0.11824242173961894	0.0001398223899627445	0.016500126395376097
747.2344786471056	0.1185613628457835	0.00013982927628194486	0.016500126395376097
749.5154780582092	0.11888031967653294	0.00013983617985612314	0.016500126395376097
751.7964774693127	0.11919929227149129	0.00013984310068615156	0.016500126395376097
754.0774768804164	0.1195182806702826	0.00013985003877290243	0.016500126395376097
756.3584762915199	0.11983728491253084	0.00013985699411724805	0.016500126395376097
758.6394757026235	0.12015630503786014	0.00013986396672006064	0.016500126395376097
760.920475113727	0.12047534108589447	0.0001398709565822125	0.016500126395376097
763.2014745248306	0.12079439309625789	0.0001398779637045759	0.016500126395376097
765.4824739359342	0.12111346110857446	0.0001398849880880231	0.016500126395376097
767.7634733470378	0.12143254516246817	0.00013989202973342644	0.016500126395376097
770.0444727581413	0.12175164529756308	0.0001398990886416581	0.016500126395376097
772.3254721692449	0.12207076155348323	0.00013990616481359043	0.016500126395376097
774.6064715803485	0.12238989396985267	0.00013991325825009565	0.016500126395376097
776.8874709914521	0.12270904258629539	0.00013992036895204605	0.016500126395376097
779.1684704025556	0.12302820744243548	0.00013992749692031396	0.016500126395376097
781.4494698136592	0.12334738857789693	0.00013993464215577157	0.016500126395376097
783.7304692247627	0.12366658603230382	0.0001399418046592912	0.016500126395376097
786.0114686358664	0.12398579984528017	0.0001399489844317451	0.016500126395376097
788.2924680469699	0.12430503005645002	0.00013995618147400555	0.016500126395376097
790.5734674580735	0.12462427670543738	0.00013996339578694486	0.016500126395376097
792.854466869177	0.12494353983186632	0.0001399706273714353	0.016500126395376097
795.1354662802806	0.12526281947536086	0.00013997787622834908	0.016500126395376097
797.4164656913844	0.12558211567554506	0.00013998514235855853	0.016500126395376097
799.6974651024879	0.12590142847204291	0.00013999242576293592	0.016500126395376097
801.9784645135913	0.1262207579044785	0.0001399997264423535	0.016500126395376097
804.259463924695	0.12654010401247584	0.00014000704439768357	0.016500126395376097
806.5404633357984	0.12685946683565896	0.00014001437962979837	0.016500126395376097
808.8214627469022	0.12717884641365193	0.00014002173213957024	0.016500126395376097
811.1024621580058	0.12749824278607874	0.00014002910192787137	0.016500126395376097
813.3834615691093	0.12781765599256345	0.0001400364889955741	0.016500126395376097
815.6644609802128	0.1281370860727301	0.00014004389334355068	0.016500126395376097
817.9454603913165	0.12845653306620275	0.00014005131497267338	0.016500126395376097
820.2264598024201	0.1287759970126054	0.00014005875388381449	0.016500126395376097
822.5074592135236	0.12909547795156207	0.00014006621007784628	0.016500126395376097
824.7884586246272	0.12941497592269685	0.000140073683555641	0.016500126395376097
827.0694580357307	0.12973449096563372	0.00014008117431807095	0.016500126395376097
829.3504574468344	0.1300540231199968	0.0001400886823660084	0.016500126395376097
831.6314568579379	0.13037357242541003	0.0001400962077003256	0.016500126395376097
833.9124562690415	0.13069313892149753	0.00014010375032189485	0.016500126395376097
836.193455680145	0.13101272264788327	0.00014011131023158844	0.016500126395376097
838.4744550912485	0.1313323236441913	0.0001401188874302786	0.016500126395376097
840.7554545023522	0.13165194195004573	0.00014012648191883765	0.016500126395376097
843.0364539134558	0.1319715776050705	0.00014013409369813783	0.016500126395376097
845.3174533245593	0.1322912306488897	0.00014014172276905144	0.016500126395376097
847.5984527356629	0.13261090112112733	0.0001401493691324507	0.016500126395376097
849.8794521467664	0.13293058906140748	0.00014015703278920797	0.016500126395376097
852.1604515578701	0.13325029450935416	0.00014016471374019547	0.016500126395376097
854.4414509689736	0.1335700175045914	0.00014017241198628549	0.016500126395376097
856.7224503800772	0.1338897580867432	0.00014018012752835027	0.016500126395376097
859.0034497911807	0.1342095162954337	0.00014018786036726214	0.016500126395376097
861.2844492022845	0.13452929217028683	0.00014019561050389334	0.016500126395376097
863.565448613388	0.1348490857509267	0.00014020337793911613	0.016500126395376097
865.8464480244916	0.1351688970769773	0.00014021116267380282	0.016500126395376097
868.1274474355951	0.1354887261880627	0.0001402189647088257	0.016500126395376097
870.4084468466987	0.1358085731238069	0.00014022678404505696	0.016500126395376097
872.6894462578023	0.13612843792383397	0.00014023462068336895	0.016500126395376097
874.9704456689059	0.13644832062776796	0.00014024247462463392	0.016500126395376097
877.2514450800094	0.13676822127523286	0.00014025034586972416	0.016500126395376097
879.532444491113	0.13708813990585272	0.00014025823441951192	0.016500126395376097
881.8134439022165	0.13740807655925158	0.0001402661402748695	0.016500126395376097
884.0944433133202	0.13772803127505354	0.00014027406343666913	0.016500126395376097
886.3754427244237	0.13804800409288254	0.00014028200390578312	0.016500126395376097
888.6564421355273	0.13836799505236264	0.00014028996168308376	0.016500126395376097
890.9374415466308	0.13868800419311791	0.0001402979367694433	0.016500126395376097
893.2184409577344	0.13900803155477237	0.000140305929165734	0.016500126395376097
895.499440368838	0.13932807717695006	0.00014031393887282815	0.016500126395376097
897.7804397799416	0.13964814109927504	0.00014032196589159804	0.016500126395376097
900.0614391910451	0.1399682233613713	0.00014033001022291592	0.016500126395376097
902.3424386021487	0.1402883240028629	0.00014033807186765408	0.016500126395376097
904.6234380132523	0.1406084430633739	0.0001403461508266848	0.016500126395376097
906.9044374243559	0.14092858058252827	0.00014035424710088032	0.016500126395376097
909.1854368354594	0.14124873659995008	0.00014036236069111293	0.016500126395376097
911.466436246563	0.14156891115526343	0.00014037049159825493	0.016500126395376097
913.7474356576665	0.14188910428809226	0.00014037863982317857	0.016500126395376097
916.0284350687702	0.1422093160380607	0.00014038680536675613	0.016500126395376097
918.3094344798737	0.14252954644479268	0.00014039498822985988	0.016500126395376097
920.5904338909774	0.14284979554791233	0.0001404031884133621	0.016500126395376097
922.8714333020808	0.1431700633870436	0.00014041140591813505	0.016500126395376097
925.1524327131845	0.14349035000181062	0.00014041964074505104	0.016500126395376097
927.4334321242881	0.1438106554318374	0.0001404278928949823	0.016500126395376097
929.7144315353917	0.14413097971674793	0.00014043616236880115	0.016500126395376097
931.9954309464952	0.1444513228961663	0.00014044444916737982	0.016500126395376097
934.2764303575988	0.1447716850097165	0.00014045275329159062	0.016500126395376097
936.5574297687023	0.1450920660970226	0.00014046107474230578	0.016500126395376097
938.838429179806	0.14541246619770865	0.0001404694135203976	0.016500126395376097
941.1194285909095	0.1457328853513986	0.0001404777696267384	0.016500126395376097
943.4004280020131	0.1460533235977166	0.00014048614306220037	0.016500126395376097
945.6814274131166	0.14637378097628667	0.00014049453382765587	0.016500126395376097
947.9624268242203	0.14669425752673282	0.00014050294192397708	0.016500126395376097
950.2434262353238	0.14701475328867905	0.00014051136735203636	0.016500126395376097
952.5244256464274	0.14733526830174942	0.00014051981011270592	0.016500126395376097
954.8054250575309	0.147655802605568	0.0001405282702068581	0.016500126395376097
957.0864244686345	0.14797635623975874	0.0001405367476353651	0.016500126395376097
959.3674238797381	0.14829692924394583	0.00014054524239909922	0.016500126395376097
961.6484232908417	0.14861752165775316	0.00014055375449893278	0.016500126395376097
963.9294227019452	0.14893813352080482	0.000140562283935738	0.016500126395376097
966.2104221130488	0.14925876487272488	0.0001405708307103872	0.016500126395376097
968.4914215241523	0.14957941575313732	0.0001405793948237526	0.016500126395376097
970.772420935256	0.14990008620166628	0.0001405879762767065	0.016500126395376097
973.0534203463595	0.15022077625793567	0.00014059657507012118	0.016500126395376097
975.3344197574631	0.15054148596156958	0.00014060519120486894	0.016500126395376097
977.6154191685666	0.15086221535219202	0.00014061382468182198	0.016500126395376097
979.8964185796702	0.15118296446942708	0.00014062247550185265	0.016500126395376097
982.1774179907738	0.15150373335289877	0.0001406311436658332	0.016500126395376097
984.4584174018775	0.1518245220422311	0.00014063982917463587	0.016500126395376097
986.739416812981	0.15214533057704815	0.000140648532029133	0.016500126395376097
989.0204162240846	0.15246615899697394	0.00014065725223019678	0.016500126395376097
991.3014156351882	0.15278700734163253	0.00014066598977869956	0.016500126395376097
993.5824150462918	0.15310787565064793	0.00014067474467551358	0.016500126395376097
995.8634144573953	0.15342876396364416	0.0001406835169215111	0.016500126395376097
998.1444138684989	0.15374967232024528	0.00014069230651756444	0.016500126395376097
1000.4254132796024	0.15407060076007528	0.00014070111346454586	0.016500126395376097
1002.7064126907061	0.15439154932275834	0.0001407099377633276	0.016500126395376097
1004.9874121018096	0.15471251804791833	0.00014071877941478195	0.016500126395376097
1007.2684115129132	0.15503350697517937	0.0001407276384197812	0.016500126395376097
1009.5494109240167	0.15535451614416546	0.00014073651477919762	0.016500126395376097
1011.8304103351203	0.1556755455945007	0.00014074540849390348	0.016500126395376097
1014.1114097462239	0.1559965953658091	0.00014075431956477104	0.016500126395376097
1016.3924091573275	0.15631766549771464	0.0001407632479926726	0.016500126395376097
1018.673408568431	0.1566387560298414	0.0001407721937784804	0.016500126395376097
1020.9544079795346	0.1569598670018134	0.00014078115692306678	0.016500126395376097
1023.2354073906381	0.15728099845325472	0.00014079013742730392	0.016500126395376097
1025.5164068017418	0.1576021504237894	0.0001407991352920642	0.016500126395376097
1027.7974062128453	0.1579233229530414	0.0001408081505182198	0.016500126395376097
1030.0784056239488	0.1582445160806348	0.00014081718310664305	0.016500126395376097
1032.3594050350525	0.15856572984619366	0.0001408262330582062	0.016500126395376097
1034.640404446156	0.15888696428934201	0.00014083530037378153	0.016500126395376097
1036.9214038572597	0.15920821944970387	0.0001408443850542413	0.016500126395376097
1039.2024032683632	0.15952949536690325	0.00014085348710045784	0.016500126395376097
1041.4834026794667	0.15985079208056427	0.00014086260651330337	0.016500126395376097
1043.7644020905702	0.1601721096303109	0.00014087174329365017	0.016500126395376097
1046.045401501674	0.16049344805576715	0.00014088089744237055	0.016500126395376097
1048.3264009127774	0.16081480739655712	0.00014089006896033672	0.016500126395376097
1050.6074003238812	0.16113618769230484	0.00014089925784842102	0.016500126395376097
1052.8883997349847	0.1614575889826343	0.00014090846410749568	0.016500126395376097
1055.1693991460882	0.1617790113071696	0.000140917687738433	0.016500126395376097
1057.4503985571919	0.16210045470553477	0.00014092692874210523	0.016500126395376097
1059.7313979682954	0.1624219192173538	0.0001409361871193847	0.016500126395376097
1062.0123973793989	0.16274340488225073	0.0001409454628711436	0.016500126395376097
1064.2933967905026	0.16306491173984963	0.00014095475599825428	0.016500126395376097
1066.574396201606	0.16338643982977452	0.00014096406650158895	0.016500126395376097
1068.8553956127098	0.16370798919164942	0.00014097339438201993	0.016500126395376097
1071.1363950238133	0.16402955986509843	0.0001409827396404195	0.016500126395376097
1073.4173944349168	0.16435115188974553	0.0001409921022776599	0.016500126395376097
1075.6983938460203	0.16467276530521474	0.0001410014822946134	0.016500126395376097
1077.979393257124	0.1649944001511302	0.00014101087969215233	0.016500126395376097
1080.2603926682275	0.16531605646711584	0.0001410202944711489	0.016500126395376097
1082.5413920793312	0.1656377342927957	0.00014102972663247542	0.016500126395376097
1084.8223914904347	0.1659594336677939	0.00014103917617700417	0.016500126395376097
1087.1033909015382	0.16628115463173437	0.0001410486431056074	0.016500126395376097
1089.384390312642	0.16660289722424124	0.0001410581274191574	0.016500126395376097
1091.6653897237454	0.16692466148493848	0.00014106762911852644	0.016500126395376097
1093.946389134849	0.1672464474534502	0.00014107714820458676	0.016500126395376097
1096.2273885459526	0.16756825516940035	0.0001410866846782107	0.016500126395376097
1098.5083879570561	0.167890084672413	0.00014109623854027052	0.016500126395376097
1100.7893873681599	0.16821193600211226	0.00014110580979163843	0.016500126395376097
1103.0703867792633	0.16853380919812208	0.0001411153984331868	0.016500126395376097
1105.3513861903668	0.1688557043000665	0.00014112500446578782	0.016500126395376097
1107.6323856014703	0.16917762134756958	0.0001411346278903138	0.016500126395376097
1109.913385012574	0.16949956038025538	0.00014114426870763704	0.016500126395376097
1112.1943844236778	0.16982152143774787	0.00014115392691862978	0.016500126395376097
1114.4753838347813	0.17014350455967114	0.00014116360252416427	0.016500126395376097
1116.7563832458848	0.17046550978564923	0.00014117329552511287	0.016500126395376097
1119.0373826569883	0.17078753715530615	0.00014118300592234776	0.016500126395376097
1121.318382068092	0.171109586708266	0.00014119273371674128	0.016500126395376097
1123.5993814791955	0.1714316584841527	0.00014120247890916566	0.016500126395376097
1125.8803808902992	0.1717537525225904	0.0001412122415004932	0.016500126395376097
1128.1613803014027	0.17207586886320309	0.00014122202149159617	0.016500126395376097
1130.4423797125062	0.17239800754561474	0.00014123181888334684	0.016500126395376097
1132.72337912361	0.1727201686094495	0.00014124163367661748	0.016500126395376097
1135.0043785347134	0.17304235209433133	0.00014125146587228038	0.016500126395376097
1137.285377945817	0.17336455803988432	0.0001412613154712078	0.016500126395376097
1139.5663773569204	0.1736867864857325	0.00014127118247427202	0.016500126395376097
1141.847376768024	0.1740090374714999	0.00014128106688234533	0.016500126395376097
1144.1283761791278	0.1743313110368105	0.00014129096869629996	0.016500126395376097
1146.4093755902313	0.17465360722128842	0.00014130088791700825	0.016500126395376097
1148.6903750013348	0.17497592606455764	0.0001413108245453424	0.016500126395376097
1150.9713744124383	0.17529826760624223	0.00014132077858217473	0.016500126395376097
1153.2523738235418	0.17562063188596622	0.00014133075002837752	0.016500126395376097
1155.5333732346455	0.17594301894335362	0.000141340738884823	0.016500126395376097
1157.814372645749	0.1762654288180285	0.0001413507451523835	0.016500126395376097
1160.0953720568527	0.17658786154961492	0.00014136076883193127	0.016500126395376097
1162.3763714679565	0.17691031717773686	0.00014137080992433857	0.016500126395376097
1164.65737087906	0.17723279574201836	0.00014138086843047768	0.016500126395376097
1166.9383702901634	0.17755529728208347	0.0001413909443512209	0.016500126395376097
1169.219369701267	0.17787782183755624	0.00014140103768744047	0.016500126395376097
1171.5003691123707	0.17820036944806072	0.0001414111484400087	0.016500126395376097
1173.7813685234742	0.1785229401532209	0.0001414212766097978	0.016500126395376097
1176.0623679345777	0.17884553399266087	0.00014143142219768013	0.016500126395376097
1178.3433673456811	0.17916815100600464	0.00014144158520452792	0.016500126395376097
1180.624366756785	0.17949079123287628	0.00014145176563121344	0.016500126395376097
1182.9053661678886	0.17981345471289975	0.00014146196347860897	0.016500126395376097
1185.186365578992	0.18013614148569912	0.00014147217874758676	0.016500126395376097
1187.4673649900956	0.18045885159089847	0.00014148241143901915	0.016500126395376097
1189.7483644011993	0.1807815850681218	0.00014149266155377834	0.016500126395376097
1192.0293638123028	0.1811043419569931	0.00014150292909273667	0.016500126395376097
1194.3103632234063	0.1814271222971365	0.00014151321405676636	0.016500126395376097
1196.5913626345098	0.18174992612817598	0.0001415235164467397	0.016500126395376097
1198.8723620456135	0.18207275348973562	0.000141533836263529	0.016500126395376097
1201.153361456717	0.18239560442143943	0.00014154417350800648	0.016500126395376097
1203.4343608678207	0.18271847896291143	0.00014155452818104445	0.016500126395376097
1205.7153602789242	0.1830413771537757	0.00014156490028351517	0.016500126395376097
1207.996359690028	0.1833642990336562	0.0001415752898162909	0.016500126395376097
1210.2773591011314	0.18368724464217706	0.00014158569678024397	0.016500126395376097
1212.558358512235	0.18401021401896223	0.0001415961211762466	0.016500126395376097
1214.8393579233384	0.18433320720363583	0.00014160656300517106	0.016500126395376097
1217.1203573344421	0.18465622423582184	0.00014161702226788968	0.016500126395376097
1219.4013567455456	0.1849792651551443	0.0001416274989652747	0.016500126395376097
1221.6823561566491	0.1853023300012273	0.00014163799309819836	0.016500126395376097
1223.9633555677528	0.18562541881369488	0.00014164850466753297	0.016500126395376097
1226.2443549788566	0.18594853163217095	0.00014165903367415082	0.016500126395376097
1228.52535438996	0.18627166849627963	0.00014166958011892417	0.016500126395376097
1230.8063538010636	0.186594829445645	0.00014168014400272528	0.016500126395376097
1233.087353212167	0.18691801451989104	0.00014169072532642645	0.016500126395376097
1235.3683526232708	0.1872412237586418	0.00014170132409089991	0.016500126395376097
1237.6493520343743	0.18756445720152132	0.000141711940297018	0.016500126395376097
1239.9303514454778	0.18788771488815365	0.00014172257394565294	0.016500126395376097
1242.2113508565812	0.18821099685816278	0.00014173322503767703	0.016500126395376097
1244.492350267685	0.1885343031511728	0.00014174389357396252	0.016500126395376097
1246.7733496787887	0.18885763380680776	0.00014175457955538172	0.016500126395376097
1249.0543490898922	0.18918098886469165	0.00014176528298280686	0.016500126395376097
1251.3353485009957	0.1895043683644485	0.00014177600385711028	0.016500126395376097
1253.6163479120994	0.18982777234570236	0.00014178674217916418	0.016500126395376097
1255.897347323203	0.1901512008480773	0.00014179749794984088	0.016500126395376097
1258.1783467343064	0.1904746539111973	0.00014180827117001263	0.016500126395376097
1260.4593461454099	0.19079813157468645	0.00014181906184055173	0.016500126395376097
1262.7403455565136	0.19112163387816877	0.00014182986996233042	0.016500126395376097
1265.021344967617	0.19144516086126828	0.00014184069553622102	0.016500126395376097
1267.3023443787208	0.19176871256360906	0.00014185153856309578	0.016500126395376097
1269.5833437898243	0.19209228902481507	0.00014186239904382696	0.016500126395376097
1271.864343200928	0.19241589028451042	0.00014187327697928685	0.016500126395376097
1274.1453426120315	0.1927395163823191	0.00014188417237034773	0.016500126395376097
1276.426342023135	0.1930631673578652	0.00014189508521788186	0.016500126395376097
1278.7073414342385	0.19338684325077268	0.00014190601552276154	0.016500126395376097
1280.9883408453422	0.19371054410066565	0.000141916963285859	0.016500126395376097
1283.2693402564457	0.1940342699471681	0.00014192792850804654	0.016500126395376097
1285.5503396675492	0.1943580208299041	0.00014193891119019644	0.016500126395376097
1287.8313390786527	0.19468179678849765	0.00014194991133318098	0.016500126395376097
1290.1123384897567	0.19500559786257285	0.0001419609289378724	0.016500126395376097
1292.3933379008602	0.19532942409175363	0.000141971964005143	0.016500126395376097
1294.6743373119637	0.19565327551566414	0.00014198301653586506	0.016500126395376097
1296.9553367230671	0.1959771521739284	0.00014199408653091085	0.016500126395376097
1299.2363361341709	0.19630105410617033	0.00014200517399115263	0.016500126395376097
1301.5173355452744	0.19662498135201406	0.00014201627891746268	0.016500126395376097
1303.7983349563779	0.1969489339510837	0.0001420274013107133	0.016500126395376097
1306.0793343674814	0.19727291194300314	0.00014203854117177673	0.016500126395376097
1308.360333778585	0.1975969153673965	0.00014204969850152525	0.016500126395376097
1310.6413331896888	0.1979209442638878	0.00014206087330083115	0.016500126395376097
1312.9223326007923	0.19824499867210107	0.0001420720655705667	0.016500126395376097
1315.2033320118958	0.19856907863166037	0.00014208327531160415	0.016500126395376097
1317.4843314229995	0.1988931841821897	0.0001420945025248158	0.016500126395376097
1319.765330834103	0.19921731536331314	0.00014210574721107392	0.016500126395376097
1322.0463302452065	0.19954147221465468	0.00014211700937125077	0.016500126395376097
1324.32732965631	0.19986565477583837	0.00014212828900621866	0.016500126395376097
1326.6083290674137	0.20018986308648828	0.00014213958611684983	0.016500126395376097
1328.8893284785172	0.20051409718622842	0.00014215090070401657	0.016500126395376097
1331.1703278896207	0.20083835711468284	0.00014216223276859114	0.016500126395376097
1333.4513273007244	0.2011626429114756	0.00014217358231144583	0.016500126395376097
1335.7323267118281	0.20148695461623067	0.00014218494933345292	0.016500126395376097
1338.0133261229316	0.2018112922685721	0.00014219633383548465	0.016500126395376097
1340.2943255340351	0.20213565590812396	0.00014220773581841332	0.016500126395376097
1342.5753249451386	0.20246004557451025	0.00014221915528311123	0.016500126395376097
1344.8563243562423	0.20278446130735509	0.00014223059223045058	0.016500126395376097
1347.1373237673458	0.20310890314628247	0.00014224204666130372	0.016500126395376097
1349.4183231784493	0.20343337113091636	0.00014225351857654288	0.016500126395376097
1351.6993225895528	0.20375786530088086	0.00014226500797704037	0.016500126395376097
1353.9803220006568	0.20408238569580006	0.00014227651486366843	0.016500126395376097
1356.2613214117603	0.20440693235529792	0.00014228803923729933	0.016500126395376097
1358.5423208228638	0.20473150531899845	0.0001422995810988054	0.016500126395376097
1360.8233202339673	0.20505610462652574	0.00014231114044905882	0.016500126395376097
1363.104319645071	0.2053807303175038	0.00014232271728893196	0.016500126395376097
1365.3853190561745	0.20570538243155673	0.00014233431161929703	0.016500126395376097
1367.666318467278	0.20603006100830848	0.00014234592344102636	0.016500126395376097
1369.9473178783815	0.20635476608738315	0.00014235755275499216	0.016500126395376097
1372.2283172894852	0.20667949770840477	0.00014236919956206673	0.016500126395376097
1374.5093167005887	0.20700425591099733	0.0001423808638631224	0.016500126395376097
1376.7903161116924	0.20732904073478495	0.00014239254565903136	0.016500126395376097
1379.0713155227959	0.2076538522193916	0.00014240424495066593	0.016500126395376097
1381.3523149338996	0.2079786904044413	0.00014241596173889836	0.016500126395376097
1383.633314345003	0.20830355532955813	0.00014242769602460095	0.016500126395376097
1385.9143137561066	0.20862844703436614	0.00014243944780864594	0.016500126395376097
1388.19531316721	0.2089533655584893	0.00014245121709190566	0.016500126395376097
1390.4763125783138	0.20927831094155172	0.0001424630038752523	0.016500126395376097
1392.7573119894173	0.2096032832231774	0.00014247480815955825	0.016500126395376097
1395.0383114005208	0.20992828244299036	0.0001424866299456957	0.016500126395376097
1397.3193108116247	0.2102533086406147	0.00014249846923453693	0.016500126395376097
1399.6003102227282	0.21057836185567447	0.00014251032602695423	0.016500126395376097
1401.8813096338317	0.21090344212779358	0.00014252220032381986	0.016500126395376097
1404.1623090449352	0.2112285494965961	0.00014253409212600614	0.016500126395376097
1406.4433084560387	0.21155368400170618	0.00014254600143438528	0.016500126395376097
1408.7243078671424	0.21187884568274779	0.0001425579282498296	0.016500126395376097
1411.005307278246	0.21220403457934492	0.00014256987257321135	0.016500126395376097
1413.2863066893494	0.21252925073112164	0.0001425818344054028	0.016500126395376097
1415.567306100453	0.21285449417770202	0.0001425938137472763	0.016500126395376097
1417.8483055115566	0.21317976495871008	0.000142605810599704	0.016500126395376097
1420.1293049226604	0.2135050631137699	0.00014261782496355826	0.016500126395376097
1422.4103043337639	0.21383038868250537	0.00014262985683971132	0.016500126395376097
1424.6913037448676	0.21415574170454066	0.0001426419062290355	0.016500126395376097
1426.972303155971	0.2144811222194998	0.000142653973132403	0.016500126395376097
1429.2533025670746	0.21480653026700677	0.00014266605755068615	0.016500126395376097
1431.534301978178	0.21513196588668562	0.0001426781594847572	0.016500126395376097
1433.8153013892816	0.2154574291181604	0.00014269027893548843	0.016500126395376097
1436.0963008003853	0.21578292000105517	0.00014270241590375212	0.016500126395376097
1438.3773002114888	0.2161084385749939	0.00014271457039042055	0.016500126395376097
1440.6582996225925	0.21643398487960078	0.00014272674239636598	0.016500126395376097
1442.9392990336962	0.21675955895449966	0.0001427389319224607	0.016500126395376097
1445.2202984447997	0.21708516083931467	0.00014275113896957694	0.016500126395376097
1447.5012978559032	0.21741079057366983	0.00014276336353858703	0.016500126395376097
1449.7822972670067	0.21773644819718913	0.00014277560563036323	0.016500126395376097
1452.0632966781104	0.21806213374949673	0.0001427878652457778	0.016500126395376097
1454.344296089214	0.21838784727021657	0.00014280014238570303	0.016500126395376097
1456.6252955003174	0.21871358879897265	0.00014281243705101116	0.016500126395376097
1458.906294911421	0.21903935837538915	0.0001428247492425745	0.016500126395376097
1461.1872943225248	0.21936515603909004	0.00014283707896126533	0.016500126395376097
1463.4682937336283	0.2196909818296993	0.0001428494262079559	0.016500126395376097
1465.7492931447318	0.22001683578684095	0.00014286179098351847	0.016500126395376097
1468.0302925558353	0.22034271795013913	0.00014287417328882537	0.016500126395376097
1470.311291966939	0.22066862835921786	0.00014288657312474883	0.016500126395376097
1472.5922913780425	0.2209945670537011	0.00014289899049216114	0.016500126395376097
1474.873290789146	0.22132053407321298	0.00014291142539193456	0.016500126395376097
1477.1542902002495	0.22164652945737745	0.00014292387782494136	0.016500126395376097
1479.435289611353	0.2219725532458186	0.00014293634779205384	0.016500126395376097
1481.7162890224567	0.22229860547816047	0.00014294883529414426	0.016500126395376097
1483.9972884335605	0.2226246861940271	0.0001429613403320849	0.016500126395376097
1486.278287844664	0.2229507954330425	0.00014297386290674805	0.016500126395376097
1488.5592872557677	0.2232769332348307	0.00014298640301900595	0.016500126395376097
1490.8402866668712	0.22360309963901576	0.0001429989606697309	0.016500126395376097
1493.1212860779747	0.22392929468522169	0.00014301153585979514	0.016500126395376097
1495.4022854890782	0.22425551841307254	0.00014302412859007097	0.016500126395376097
1497.683284900182	0.22458177086219236	0.00014303673886143067	0.016500126395376097
1499.9642843112854	0.22490805207220518	0.0001430493666747465	0.016500126395376097
1502.2452837223889	0.2252343620827351	0.00014306201203089075	0.016500126395376097
1504.5262831334926	0.22556070093340605	0.00014307467493073568	0.016500126395376097
1506.8072825445963	0.22588706866384212	0.0001430873553751536	0.016500126395376097
1509.0882819556998	0.2262134678183486	0.00014310008709212955	0.016500126395376097
1511.3692813668033	0.22653989771253194	0.00014311286017545133	0.016500126395376097
1513.6502807779068	0.22686635665205385	0.0001431256512074138	0.016500126395376097
1515.9312801890105	0.2271928446791754	0.00014313846019088847	0.016500126395376097
1518.212279600114	0.2275193618361576	0.00014315128712874672	0.016500126395376097
1520.4932790112175	0.2278459081652615	0.00014316413202386007	0.016500126395376097
1522.774278422321	0.2281724837087482	0.00014317699487909993	0.016500126395376097
1525.0552778334247	0.22849908850887868	0.00014318987569733778	0.016500126395376097
1527.3362772445284	0.228825722607914	0.00014320277448144503	0.016500126395376097
1529.617276655632	0.2291523860481152	0.0001432156912342932	0.016500126395376097
1531.8982760667354	0.2294790788717433	0.0001432286259587537	0.016500126395376097
1534.1792754778392	0.22980580112105936	0.000143241578657698	0.016500126395376097
1536.4602748889426	0.23013255283832443	0.00014325454933399753	0.016500126395376097
1538.7412743000461	0.23045933406579955	0.00014326753799052378	0.016500126395376097
1541.0222737111496	0.23078614484574575	0.00014328054463014816	0.016500126395376097
1543.3032731222534	0.2311129852204241	0.0001432935692557422	0.016500126395376097
1545.5842725333569	0.23143985523209556	0.00014330661187017725	0.016500126395376097
1547.8652719444606	0.23176675492302132	0.00014331967247632486	0.016500126395376097
1550.146271355564	0.23209368433546226	0.0001433327510770564	0.016500126395376097
1552.4272707666678	0.23242064351167951	0.0001433458476752434	0.016500126395376097
1554.7082701777713	0.2327476324939341	0.00014335896227375726	0.016500126395376097
1556.9892695888748	0.23307465132448707	0.00014337209487546947	0.016500126395376097
1559.2702689999783	0.23340170004559943	0.00014338524548325145	0.016500126395376097
1561.551268411082	0.23372877869953226	0.0001433984140999747	0.016500126395376097
1563.8322678221855	0.23405588732854662	0.00014341160072851064	0.016500126395376097
1566.113267233289	0.23438302597490349	0.00014342480537173072	0.016500126395376097
1568.3942666443925	0.23471019468086396	0.0001434380280325064	0.016500126395376097
1570.6752660554964	0.23503739348868907	0.00014345126871370914	0.016500126395376097
1572.9562654666	0.23536462244063983	0.0001434645274182104	0.016500126395376097
1575.2372648777034	0.23569188157897727	0.0001434778041488816	0.016500126395376097
1577.518264288807	0.23601917094596248	0.00014349109890859425	0.016500126395376097
1579.7992636999106	0.23634649058385648	0.00014350441170021973	0.016500126395376097
1582.0802631110141	0.2366738405349203	0.00014351774252662958	0.016500126395376097
1584.3612625221176	0.237001220841415	0.00014353109139069521	0.016500126395376097
1586.642261933221	0.23732863154560163	0.00014354445829528807	0.016500126395376097
1588.9232613443248	0.2376560726897412	0.00014355784324327959	0.016500126395376097
1591.2042607554285	0.2379835443160948	0.0001435712462375413	0.016500126395376097
1593.485260166532	0.23831104646692342	0.00014358466728094457	0.016500126395376097
1595.7662595776355	0.2386385791844881	0.00014359810637636092	0.016500126395376097
1598.0472589887393	0.23896614251104992	0.00014361156352666175	0.016500126395376097
1600.3282583998428	0.2392937364888699	0.00014362503873471854	0.016500126395376097
1602.6092578109462	0.23962136116020907	0.00014363853200340275	0.016500126395376097
1604.8902572220497	0.2399490165673285	0.00014365204333558582	0.016500126395376097
1607.1712566331535	0.24027670275248922	0.00014366557273413924	0.016500126395376097
1609.452256044257	0.24060441975795227	0.00014367912020193442	0.016500126395376097
1611.7332554553604	0.2409321676259787	0.00014369268574184282	0.016500126395376097
1614.0142548664642	0.24125994639882953	0.0001437062693567359	0.016500126395376097
1616.295254277568	0.24158775611876582	0.00014371987104948511	0.016500126395376097
1618.5762536886714	0.24191559682804858	0.00014373349082296195	0.016500126395376097
1620.8572530997749	0.2422434685689389	0.0001437471286800378	0.016500126395376097
1623.1382525108784	0.2425713713836978	0.00014376078462358414	0.016500126395376097
1625.419251921982	0.2428993053145863	0.00014377445865647247	0.016500126395376097
1627.7002513330856	0.2432272704038655	0.00014378815078157418	0.016500126395376097
1629.981250744189	0.24355526669379635	0.00014380186100176076	0.016500126395376097
1632.2622501552926	0.24388329422663996	0.00014381558931990363	0.016500126395376097
1634.5432495663965	0.2442113530446574	0.0001438293357388743	0.016500126395376097
1636.8242489775	0.24453944319010962	0.00014384310026154418	0.016500126395376097
1639.1052483886035	0.24486756470525772	0.00014385688289078475	0.016500126395376097
1641.386247799707	0.24519571763236273	0.00014387068362946742	0.016500126395376097
1643.6672472108107	0.24552390201368568	0.0001438845024804637	0.016500126395376097
1645.9482466219142	0.24585211789148764	0.00014389833944664502	0.016500126395376097
1648.2292460330177	0.24618036530802961	0.0001439121945308828	0.016500126395376097
1650.5102454441212	0.24650864430557268	0.00014392606773604857	0.016500126395376097
1652.791244855225	0.24683695492637786	0.0001439399590650137	0.016500126395376097
1655.0722442663284	0.2471652972127062	0.0001439538685206497	0.016500126395376097
1657.3532436774321	0.24749367120681875	0.00014396779610582802	0.016500126395376097
1659.6342430885356	0.24782207695097652	0.0001439817418234201	0.016500126395376097
1661.9152424996394	0.24815051448744058	0.00014399570567629738	0.016500126395376097
1664.1962419107429	0.24847898385847197	0.00014400968766733135	0.016500126395376097
1666.4772413218463	0.24880748510633172	0.00014402368779939343	0.016500126395376097
1668.7582407329498	0.24913601827328088	0.00014403770607535507	0.016500126395376097
1671.0392401440536	0.24946458340158048	0.00014405174249808777	0.016500126395376097
1673.320239555157	0.24979318053349156	0.00014406579707046296	0.016500126395376097
1675.6012389662606	0.2501218097112752	0.00014407986979535206	0.016500126395376097
1677.8822383773643	0.2504504709771924	0.00014409396067562656	0.016500126395376097
1680.163237788468	0.2507791643735042	0.00014410806971415795	0.016500126395376097
1682.4442371995715	0.2511078899424717	0.00014412219691381758	0.016500126395376097
1684.725236610675	0.2514366477263559	0.000144136342277477	0.016500126395376097
1687.0062360217785	0.2517654377674178	0.00014415050580800763	0.016500126395376097
1689.2872354328822	0.25209426010791847	0.00014416468750828092	0.016500126395376097
1691.5682348439857	0.252423114790119	0.00014417888738116832	0.016500126395376097
1693.8492342550892	0.25275200185628033	0.0001441931054295413	0.016500126395376097
1696.1302336661927	0.2530809213486636	0.0001442073416562713	0.016500126395376097
1698.4112330772964	0.25340987330952985	0.00014422159606422978	0.016500126395376097
1700.6922324884001	0.2537388577811401	0.0001442358686562882	0.016500126395376097
1702.9732318995036	0.2540678748057553	0.00014425015943531798	0.016500126395376097
1705.254231310607	0.2543969244256366	0.00014426446840419064	0.016500126395376097
1707.5352307217108	0.254726006683045	0.00014427879556577755	0.016500126395376097
1709.8162301328143	0.2550551216202416	0.00014429314092295024	0.016500126395376097
1712.0972295439178	0.2553842692794874	0.00014430750447858013	0.016500126395376097
1714.3782289550213	0.2557134497030434	0.00014432188623553867	0.016500126395376097
1716.659228366125	0.25604266293317063	0.00014433628619669734	0.016500126395376097
1718.9402277772285	0.25637190901213025	0.00014435070436492756	0.016500126395376097
1721.2212271883323	0.2567011879821832	0.0001443651407431008	0.016500126395376097
1723.502226599436	0.2570304998855906	0.0001443795953340885	0.016500126395376097
1725.7832260105395	0.2573598447646134	0.00014439406814076213	0.016500126395376097
1728.064225421643	0.2576892226615127	0.00014440855916599316	0.016500126395376097
1730.3452248327465	0.2580186336185495	0.000144423068412653	0.016500126395376097
1732.62622424385	0.2583480776779849	0.00014443759588361315	0.016500126395376097
1734.9072236549537	0.2586775548820799	0.00014445214158174504	0.016500126395376097
1737.1882230660572	0.2590070652730955	0.00014446670550992012	0.016500126395376097
1739.4692224771607	0.25933660889329285	0.00014448128767100983	0.016500126395376097
1741.7502218882642	0.25966618578493295	0.0001444958880678857	0.016500126395376097
1744.031221299368	0.25999579599027683	0.00014451050670341906	0.016500126395376097
1746.3122207104716	0.2603254395515855	0.00014452514358048146	0.016500126395376097
1748.593220121575	0.26065511651112	0.00014453979870194435	0.016500126395376097
1750.8742195326788	0.26098482691114144	0.00014455447207067912	0.016500126395376097
1753.1552189437823	0.2613145707939108	0.0001445691636895573	0.016500126395376097
1755.4362183548858	0.26164434820168914	0.0001445838735614503	0.016500126395376097
1757.7172177659893	0.2619741591767375	0.00014459860168922957	0.016500126395376097
1759.9982171770928	0.2623040037613169	0.00014461334807576657	0.016500126395376097
1762.2792165881965	0.26263388199768845	0.00014462811272393278	0.016500126395376097
1764.5602159993002	0.2629637939281132	0.00014464289563659964	0.016500126395376097
1766.8412154104037	0.263293739594852	0.00014465769681663856	0.016500126395376097
1769.1222148215074	0.2636237190401662	0.00014467251626692107	0.016500126395376097
1771.403214232611	0.2639537323063165	0.00014468735399031856	0.016500126395376097
1773.6842136437144	0.26428377943556425	0.00014470220998970252	0.016500126395376097
1775.965213054818	0.26461386047017027	0.0001447170842679444	0.016500126395376097
1778.2462124659216	0.26494397545239573	0.00014473197682791564	0.016500126395376097
1780.5272118770251	0.2652741244245016	0.0001447468876724877	0.016500126395376097
1782.8082112881286	0.26560430742874896	0.00014476181680453203	0.016500126395376097
1785.0892106992321	0.26593452450739885	0.0001447767642269201	0.016500126395376097
1787.370210110336	0.26626477570271234	0.00014479172994252335	0.016500126395376097
1789.6512095214396	0.2665950610569504	0.00014480671395421325	0.016500126395376097
1791.932208932543	0.2669253806123741	0.00014482171626486123	0.016500126395376097
1794.2132083436466	0.2672557344112445	0.00014483673687733874	0.016500126395376097
1796.4942077547503	0.2675861224958226	0.00014485177579451726	0.016500126395376097
1798.7752071658538	0.26791654490836947	0.00014486683301926823	0.016500126395376097
1801.0562065769573	0.2682470016911462	0.00014488190855446313	0.016500126395376097
1803.3372059880608	0.26857749288641375	0.00014489700240297336	0.016500126395376097
1805.6182053991643	0.26890801853643315	0.00014491211456767043	0.016500126395376097
1807.8992048102682	0.26923857868346557	0.00014492724505142576	0.016500126395376097
1810.1802042213717	0.26956917336977193	0.0001449423938571108	0.016500126395376097
1812.4612036324752	0.2698998026376133	0.00014495756098759703	0.016500126395376097
1814.742203043579	0.27023046652925076	0.0001449727464457559	0.016500126395376097
1817.0232024546824	0.2705611650869453	0.00014498795023445884	0.016500126395376097
1819.304201865786	0.27089189835295796	0.00014500317235657733	0.016500126395376097
1821.5852012768894	0.27122266636954984	0.0001450184128149828	0.016500126395376097
1823.8662006879931	0.27155346917898193	0.00014503367161254672	0.016500126395376097
1826.1472000990966	0.2718843068235153	0.00014504894875214054	0.016500126395376097
1828.4281995102	0.27221517934541095	0.00014506424423663572	0.016500126395376097
1830.7091989213038	0.27254608678693	0.00014507955806890372	0.016500126395376097
1832.9901983324075	0.2728770291903334	0.00014509489025181597	0.016500126395376097
1835.271197743511	0.27320800659788225	0.00014511024078824392	0.016500126395376097
1837.5521971546145	0.2735390190518376	0.00014512560968105907	0.016500126395376097
1839.833196565718	0.2738700665944604	0.00014514099693313282	0.016500126395376097
1842.1141959768217	0.2742011492680118	0.00014515640254733665	0.016500126395376097
1844.3951953879252	0.27453226711475276	0.00014517182652654204	0.016500126395376097
1846.6761947990287	0.27486342017694443	0.00014518726887362038	0.016500126395376097
1848.9571942101322	0.27519460849684774	0.00014520272959144318	0.016500126395376097
1851.2381936212362	0.27552583211672377	0.00014521820868288187	0.016500126395376097
1853.5191930323397	0.2758570910788336	0.00014523370615080792	0.016500126395376097
1855.8001924434432	0.2761883854254382	0.00014524922199809275	0.016500126395376097
1858.0811918545467	0.27651971519879864	0.00014526475622760786	0.016500126395376097
1860.3621912656504	0.276851080441176	0.00014528030884222465	0.016500126395376097
1862.6431906767539	0.2771824811948313	0.00014529587984481464	0.016500126395376097
1864.9241900878574	0.27751391750202553	0.00014531146923824921	0.016500126395376097
1867.2051894989609	0.2778453894050198	0.0001453270770253999	0.016500126395376097
1869.4861889100646	0.2781768969460751	0.00014534270320913807	0.016500126395376097
1871.767188321168	0.2785084401674525	0.00014535834779233524	0.016500126395376097
1874.0481877322718	0.2788400191114131	0.00014537401077786285	0.016500126395376097
1876.3291871433753	0.2791716338202178	0.00014538969216859233	0.016500126395376097
1878.610186554479	0.2795032843361278	0.00014540539196739515	0.016500126395376097
1880.8911859655825	0.279834970701404	0.0001454211101771428	0.016500126395376097
1883.172185376686	0.28016669295830754	0.00014543684680070666	0.016500126395376097
1885.4531847877895	0.2804984511490994	0.00014545260184095824	0.016500126395376097
1887.7341841988932	0.2808302453160406	0.00014546837530076897	0.016500126395376097
1890.0151836099967	0.28116207550139233	0.0001454841671830103	0.016500126395376097
1892.2961830211002	0.2814939417474155	0.00014549997749055372	0.016500126395376097
1894.577182432204	0.2818258440963712	0.00014551580622627065	0.016500126395376097
1896.8581818433076	0.2821577825905204	0.00014553165339303256	0.016500126395376097
1899.1391812544111	0.28248975727212416	0.0001455475189937109	0.016500126395376097
1901.4201806655146	0.2828217681834436	0.00014556340303117712	0.016500126395376097
1903.7011800766181	0.2831538153667397	0.00014557930550830267	0.016500126395376097
1905.9821794877219	0.28348589886427356	0.000145595226427959	0.016500126395376097
1908.2631788988253	0.2838180187183062	0.00014561116579301758	0.016500126395376097
1910.5441783099288	0.28415017497109857	0.00014562712360634985	0.016500126395376097
1912.8251777210323	0.2844823676649118	0.00014564309987082728	0.016500126395376097
1915.106177132136	0.28481459684200694	0.00014565909458932132	0.016500126395376097
1917.3871765432398	0.28514686254464505	0.00014567510776470341	0.016500126395376097
1919.6681759543433	0.28547916481508706	0.000145691139399845	0.016500126395376097
1921.9491753654468	0.28581150369559405	0.00014570718949761757	0.016500126395376097
1924.2301747765505	0.28614387922842716	0.00014572325806089256	0.016500126395376097
1926.511174187654	0.2864762914558473	0.00014573934509254144	0.016500126395376097
1928.7921735987575	0.2868087404201156	0.00014575545059543563	0.016500126395376097
1931.073173009861	0.2871412261634931	0.0001457715745724466	0.016500126395376097
1933.3541724209647	0.2874737487282408	0.00014578771702644582	0.016500126395376097
1935.6351718320682	0.28780630815661973	0.00014580387796030473	0.016500126395376097
1937.916171243172	0.288138904490891	0.00014582005737689478	0.016500126395376097
1940.1971706542754	0.28847153777331563	0.00014583625527908744	0.016500126395376097
1942.4781700653791	0.2888042080461546	0.00014585247166975414	0.016500126395376097
1944.7591694764826	0.28913691535166897	0.00014586870655176635	0.016500126395376097
1947.040168887586	0.2894696597321198	0.0001458849599279955	0.016500126395376097
1949.3211682986896	0.28980244122976817	0.0001459012318013131	0.016500126395376097
1951.6021677097933	0.2901352598868751	0.00014591752217459053	0.016500126395376097
1953.8831671208968	0.29046811574570164	0.0001459338310506993	0.016500126395376097
1956.1641665320003	0.29080100884850874	0.00014595015843251087	0.016500126395376097
1958.4451659431038	0.29113393923755754	0.00014596650432289663	0.016500126395376097
1960.7261653542078	0.29146690695510913	0.0001459828687247281	0.016500126395376097
1963.0071647653112	0.29179991204342437	0.00014599925164087668	0.016500126395376097
1965.2881641764147	0.29213295454476446	0.0001460156530742139	0.016500126395376097
1967.5691635875182	0.2924660345013903	0.00014603207302761113	0.016500126395376097
1969.850162998622	0.2927991519555631	0.00014604851150393987	0.016500126395376097
1972.1311624097254	0.29313230694954384	0.00014606496850607154	0.016500126395376097
1974.412161820829	0.2934654995255935	0.00014608144403687766	0.016500126395376097
1976.6931612319324	0.29379872972597315	0.00014609793809922963	0.016500126395376097
1978.9741606430362	0.2941319975929439	0.0001461144506959989	0.016500126395376097
1981.2551600541399	0.29446530316876673	0.00014613098183005694	0.016500126395376097
1983.5361594652434	0.29479864649570264	0.0001461475315042752	0.016500126395376097
1985.8171588763469	0.29513202761601276	0.00014616409972152515	0.016500126395376097
1988.0981582874506	0.29546544657195806	0.00014618068648467823	0.016500126395376097
1990.379157698554	0.2957989034057996	0.0001461972917966059	0.016500126395376097
1992.6601571096576	0.29613239815979847	0.0001462139156601796	0.016500126395376097
1994.941156520761	0.29646593087621564	0.00014623055807827078	0.016500126395376097
1997.2221559318648	0.2967995015973122	0.00014624721905375095	0.016500126395376097
1999.5031553429683	0.29713311036534923	0.0001462638985894915	0.016500126395376097
2001.7841547540718	0.29746675722258764	0.00014628059668836388	0.016500126395376097
2004.0651541651757	0.29780044221128865	0.0001462973133532396	0.016500126395376097
2006.3461535762792	0.2981341653737132	0.00014631404858699007	0.016500126395376097
2008.6271529873827	0.2984679267521222	0.00014633080239248675	0.016500126395376097
2010.9081523984862	0.2988017263887769	0.0001463475747726011	0.016500126395376097
2013.1891518095897	0.29913556432593824	0.0001463643657302046	0.016500126395376097
2015.4701512206934	0.29946944060586733	0.00014638117526816866	0.016500126395376097
2017.751150631797	0.2998033552708252	0.00014639800338936477	0.016500126395376097
2020.0321500429004	0.3001373083630728	0.00014641485009666435	0.016500126395376097
2022.313149454004	0.30047129992487126	0.00014643171539293888	0.016500126395376097
2024.5941488651079	0.3008053299984816	0.00014644859928105979	0.016500126395376097
2026.8751482762113	0.30113939862616484	0.00014646550176389858	0.016500126395376097
2029.1561476873148	0.301473505850182	0.00014648242284432664	0.016500126395376097
2031.4371470984183	0.3018076517127942	0.00014649936252521546	0.016500126395376097
2033.718146509522	0.30214183625626245	0.00014651632080943652	0.016500126395376097
2035.9991459206256	0.3024760595228478	0.0001465332976998612	0.016500126395376097
2038.280145331729	0.3028103215548112	0.00014655029319936104	0.016500126395376097
2040.5611447428325	0.3031446223944138	0.00014656730731080742	0.016500126395376097
2042.8421441539363	0.3034789620839166	0.00014658434003707186	0.016500126395376097
2045.1231435650398	0.30381334066558063	0.00014660139138102573	0.016500126395376097
2047.4041429761435	0.30414775818166706	0.00014661846134554057	0.016500126395376097
2049.685142387247	0.3044822146744367	0.0001466355499334878	0.016500126395376097
2051.9661417983507	0.30481671018615075	0.00014665265714773886	0.016500126395376097
2054.247141209454	0.3051512447590702	0.00014666978299116522	0.016500126395376097
2056.5281406205577	0.30548581843545614	0.00014668692746663833	0.016500126395376097
2058.809140031661	0.3058204312575695	0.00014670409057702965	0.016500126395376097
2061.0901394427647	0.3061550832676715	0.00014672127232521063	0.016500126395376097
2063.371138853868	0.306489774508023	0.00014673847271405273	0.016500126395376097
2065.652138264972	0.30682450502088515	0.00014675569174642738	0.016500126395376097
2067.9331376760756	0.307159274848519	0.00014677292942520605	0.016500126395376097
2070.214137087179	0.3074940840331855	0.00014679018575326018	0.016500126395376097
2072.495136498283	0.3078289326171457	0.00014680746073346128	0.016500126395376097
2074.7761359093865	0.3081638206426608	0.0001468247543686807	0.016500126395376097
2077.05713532049	0.3084987481519917	0.00014684206666179002	0.016500126395376097
2079.3381347315935	0.30883371518739944	0.00014685939761566058	0.016500126395376097
2081.619134142697	0.3091687217911451	0.00014687674723316393	0.016500126395376097
2083.9001335538005	0.3095037680054896	0.00014689411551717144	0.016500126395376097
2086.181132964904	0.3098388538726943	0.00014691150247055462	0.016500126395376097
2088.462132376008	0.3101739794350199	0.0001469289080961849	0.016500126395376097
2090.7431317871115	0.3105091447347276	0.00014694633239693372	0.016500126395376097
2093.024131198215	0.31084434981407844	0.00014696377537567259	0.016500126395376097
2095.3051306093184	0.3111795947153334	0.00014698123703527291	0.016500126395376097
2097.586130020422	0.3115148794807536	0.00014699871737860614	0.016500126395376097
2099.867129431526	0.3118502041526	0.00014701621640854376	0.016500126395376097
2102.1481288426294	0.31218556877313375	0.0001470337341279572	0.016500126395376097
2104.429128253733	0.31252097338461576	0.00014705127053971795	0.016500126395376097
2106.7101276648364	0.3128564180293072	0.0001470688256466974	0.016500126395376097
2108.99112707594	0.31319190274946895	0.00014708639945176707	0.016500126395376097
2111.272126487044	0.3135274275873623	0.00014710399195779836	0.016500126395376097
2113.5531258981473	0.313862992585248	0.00014712160316766276	0.016500126395376097
2115.834125309251	0.3141985977853873	0.00014713923308423173	0.016500126395376097
2118.1151247203543	0.31453424323004114	0.00014715688171037668	0.016500126395376097
2120.396124131458	0.3148699289614706	0.0001471745490489691	0.016500126395376097
2122.6771235425613	0.31520565502193676	0.00014719223510288045	0.016500126395376097
2124.9581229536648	0.31554142145370057	0.00014720993987498216	0.016500126395376097
2127.2391223647687	0.3158772282990231	0.00014722766336814567	0.016500126395376097
2129.520121775872	0.3162130756001654	0.00014724540558524248	0.016500126395376097
2131.8011211869757	0.31654896339938865	0.000147263166529144	0.016500126395376097
2134.082120598079	0.31688489173895373	0.00014728094620272174	0.016500126395376097
2136.363120009183	0.31722086066112165	0.0001472987446088471	0.016500126395376097
2138.6441194202866	0.3175568702081535	0.00014731656175039155	0.016500126395376097
2140.92511883139	0.31789292042231043	0.00014733439763022654	0.016500126395376097
2143.2061182424936	0.3182290113458533	0.00014735225225122355	0.016500126395376097
2145.487117653597	0.3185651430210433	0.000147370125616254	0.016500126395376097
2147.7681170647006	0.31890131549014133	0.00014738801772818937	0.016500126395376097
2150.049116475804	0.3192375287954086	0.00014740592858990107	0.016500126395376097
2152.3301158869076	0.31957378297910605	0.00014742385820426063	0.016500126395376097
2154.6111152980116	0.31991007808349475	0.00014744180657413943	0.016500126395376097
2156.892114709115	0.32024641415083566	0.00014745977370240896	0.016500126395376097
2159.1731141202185	0.32058279122338995	0.00014747775959194067	0.016500126395376097
2161.454113531322	0.3209192093434186	0.00014749576424560602	0.016500126395376097
2163.735112942426	0.3212556685531826	0.00014751378766627646	0.016500126395376097
2166.0161123535295	0.32159216889494313	0.00014753182985682343	0.016500126395376097
2168.297111764633	0.32192871041096105	0.0001475498908201184	0.016500126395376097
2170.5781111757365	0.32226529314349756	0.0001475679705590328	0.016500126395376097
2172.85911058684	0.3226019171348136	0.00014758606907643812	0.016500126395376097
2175.140109997944	0.32293858242717033	0.0001476041863752058	0.016500126395376097
2177.4211094090474	0.32327528906282865	0.00014762232245820728	0.016500126395376097
2179.702108820151	0.3236120370840497	0.00014764047732831402	0.016500126395376097
2181.9831082312544	0.3239488265330944	0.00014765865098839747	0.016500126395376097
2184.264107642358	0.32428565745222393	0.0001476768434413291	0.016500126395376097
2186.5451070534614	0.3246225298836993	0.00014769505468998037	0.016500126395376097
2188.826106464565	0.3249594438697815	0.0001477132847372227	0.016500126395376097
2191.107105875669	0.3252963994527316	0.00014773153358592757	0.016500126395376097
2193.3881052867723	0.3256333966748106	0.00014774980123896642	0.016500126395376097
2195.669104697876	0.32597043557827965	0.00014776808769921074	0.016500126395376097
2197.9501041089793	0.3263075162053998	0.00014778639296953193	0.016500126395376097
2200.2311035200833	0.32664463859843185	0.0001478047170528015	0.016500126395376097
2202.5121029311867	0.32698180279963707	0.00014782305995189083	0.016500126395376097
2204.7931023422902	0.3273190088512765	0.00014784142166967144	0.016500126395376097
2207.0741017533937	0.32765625679561106	0.00014785980220901476	0.016500126395376097
2209.3551011644972	0.3279935466749018	0.00014787820157279223	0.016500126395376097
2211.6361005756007	0.3283308785314099	0.00014789661976387535	0.016500126395376097
2213.917099986704	0.3286682524073963	0.0001479150567851355	0.016500126395376097
2216.1980993978077	0.329005668345122	0.0001479335126394442	0.016500126395376097
2218.4790988089117	0.3293431263868482	0.0001479519873296729	0.016500126395376097
2220.760098220015	0.32968062657483577	0.00014797048085869301	0.016500126395376097
2223.0410976311186	0.33001816895134584	0.00014798899322937602	0.016500126395376097
2225.322097042222	0.33035575355863944	0.00014800752444459338	0.016500126395376097
2227.603096453326	0.3306933804389776	0.00014802607450721653	0.016500126395376097
2229.8840958644296	0.3310310496346214	0.00014804464342011692	0.016500126395376097
2232.165095275533	0.33136876118783176	0.000148063231186166	0.016500126395376097
2234.4460946866366	0.33170651514086985	0.00014808183780823527	0.016500126395376097
2236.72709409774	0.3320443115359967	0.00014810046328919615	0.016500126395376097
2239.0080935088436	0.33238215041547325	0.00014811910763192008	0.016500126395376097
2241.2890929199475	0.3327200318215607	0.00014813777083927854	0.016500126395376097
2243.570092331051	0.3330579557965199	0.000148156452914143	0.016500126395376097
2245.8510917421545	0.33339592238261206	0.00014817515385938485	0.016500126395376097
2248.132091153258	0.3337339316220982	0.0001481938736778756	0.016500126395376097
2250.4130905643615	0.3340719835572392	0.00014821261237248667	0.016500126395376097
2252.694089975465	0.33441007823029634	0.00014823136994608955	0.016500126395376097
2254.975089386569	0.33474821568353047	0.00014825014640155564	0.016500126395376097
2257.2560887976724	0.3350863959592027	0.00014826894174175647	0.016500126395376097
2259.537088208776	0.3354246190995741	0.00014828775596956344	0.016500126395376097
2261.8180876198794	0.3357628851469057	0.000148306589087848	0.016500126395376097
2264.0990870309834	0.3361011941434585	0.00014832544109948166	0.016500126395376097
2266.380086442087	0.3364395461314936	0.0001483443120073358	0.016500126395376097
2268.6610858531903	0.336777941153272	0.0001483632018142819	0.016500126395376097
2270.942085264294	0.3371163792510547	0.00014838211052319145	0.016500126395376097
2273.2230846753973	0.3374548604671028	0.00014840103813693587	0.016500126395376097
2275.504084086501	0.3377933848436774	0.0001484199846583866	0.016500126395376097
2277.7850834976043	0.3381319524230394	0.00014843895009041512	0.016500126395376097
2280.0660829087083	0.33847056324745	0.0001484579344358929	0.016500126395376097
