x	chi	dchidx	s0
0.0005587068293320354	0.0	0.018314795899327264	0.018314795899327264
0.01416590389405159	0.00024920453612712733	0.01831299021281787	0.018314795899327264
0.02777310095877114	0.0004983617961768545	0.018307847212278752	0.018314795899327264
0.04138029802349069	0.0007474263686599268	0.018299366897748793	0.018314795899327264
0.05498749508821025	0.000996352842087487	0.01828754926922264	0.018314795899327264
0.0685946921529298	0.0012450958049704211	0.018272394326691786	0.018314795899327264
0.08220188921764936	0.0014936098458193524	0.01825390207014478	0.018314795899327264
0.09580908628236892	0.0017418495531446418	0.018232072499567265	0.018314795899327264
0.10941628334708846	0.001989769515456385	0.018206905614941947	0.018314795899327264
0.12302348041180801	0.00223732432126442	0.01817840141624862	0.018314795899327264
0.1366306774765276	0.002484468559078316	0.018146559903464143	0.018314795899327264
0.15023787454124715	0.0027311568174073837	0.018111381076562464	0.018314795899327264
0.16384507160596667	0.0029773436847507035	0.018072864935577106	0.018314795899327264
0.17745226867068625	0.003222983749597881	0.018031011480601614	0.018314795899327264
0.1910594657354058	0.0034680316004632636	0.017985820711571884	0.018314795899327264
0.20466666280012535	0.0037124418258609425	0.017937292628417197	0.018314795899327264
0.2182738598648449	0.003956169014303752	0.017885427231066373	0.018314795899327264
0.23188105692956448	0.004199167754303267	0.017830224519447792	0.018314795899327264
0.245488253994284	0.004441392634369805	0.017771684493489384	0.018314795899327264
0.25909545105900356	0.004682798243012425	0.017709807153118616	0.018314795899327264
0.27270264812372313	0.004923339168738928	0.017644592498262526	0.018314795899327264
0.2863098451884427	0.005162970000055856	0.01757604052884769	0.018314795899327264
0.29991704225316224	0.005401645325468492	0.017504151244800235	0.018314795899327264
0.31352423931788176	0.005639319733480861	0.017428924646045837	0.018314795899327264
0.32713143638260134	0.005875947812595736	0.017350360732509736	0.018314795899327264
0.34073863344732086	0.006111484151314622	0.017268459504116703	0.018314795899327264
0.35434583051204044	0.0063458833381377705	0.01718322096079107	0.018314795899327264
0.36795302757676	0.006579099961564175	0.017094645102456726	0.018314795899327264
0.3815602246414796	0.006811088610091571	0.017002731929037094	0.018314795899327264
0.39516742170619906	0.00704180387221643	0.01690748144045516	0.018314795899327264
0.40877461877091864	0.007271200336433978	0.01680889363663346	0.018314795899327264
0.4223818158356382	0.007499232591238169	0.01670696851749407	0.018314795899327264
0.43598901290035774	0.0077258552251217045	0.016601706082958634	0.018314795899327264
0.4495962099650773	0.007951022826576032	0.016493106332948326	0.018314795899327264
0.4632034070297969	0.008174689984091332	0.016381169267383887	0.018314795899327264
0.4768106040945165	0.008396811286156535	0.016265894886185597	0.018314795899327264
0.49041780115923594	0.008617341321259304	0.0161472831892733	0.018314795899327264
0.5040249982239555	0.008836234677886056	0.016025334176566375	0.018314795899327264
0.5176321952886751	0.009053445944521938	0.015900047847983767	0.018314795899327264
0.5312393923533947	0.009268929709650847	0.015771424203443952	0.018314795899327264
0.5448465894181143	0.009482640561755417	0.015639463242864977	0.018314795899327264
0.5584537864828337	0.00969453308931702	0.015504164966164427	0.018314795899327264
0.5720609835475533	0.009904561880815788	0.015365529373259442	0.018314795899327264
0.5856681806122729	0.010112681524730566	0.01522355646406671	0.018314795899327264
0.5992753776769923	0.01031884660953897	0.015078246238502471	0.018314795899327264
0.6128825747417118	0.010523011723717333	0.014929598696482518	0.018314795899327264
0.6264897718064314	0.010725131455740748	0.014777613837922188	0.018314795899327264
0.640096968871151	0.010925160394083042	0.014622291662736374	0.018314795899327264
0.6537041659358706	0.011123053127216781	0.014463632170839517	0.018314795899327264
0.6673113630005901	0.011318764243613279	0.01430163536214561	0.018314795899327264
0.6809185600653097	0.01151224833174259	0.014136301236568198	0.018314795899327264
0.6945257571300292	0.011703459980073503	0.013967629794020373	0.018314795899327264
0.7081329541947488	0.011892353777073563	0.013795621034414774	0.018314795899327264
0.7217401512594683	0.012078884311209034	0.013620274957663605	0.018314795899327264
0.7353473483241879	0.012263006170944953	0.0134415915636786	0.018314795899327264
0.7489545453889075	0.01244467394474507	0.013259570852371063	0.018314795899327264
0.7625617424536271	0.012623842221071888	0.013074212823651836	0.018314795899327264
0.7761689395183466	0.01280046558838666	0.012885517477431316	0.018314795899327264
0.789776136583066	0.012974498635149365	0.012693484813619451	0.018314795899327264
0.8033833336477856	0.013145895949823188	0.012498114832068604	0.018314795899327264
0.8169905307125052	0.013314612120882027	0.012299407532457044	0.018314795899327264
0.8305977277772247	0.01348060173678229	0.012097362914642555	0.018314795899327264
0.8442049248419443	0.013643819385977057	0.011891980978503696	0.018314795899327264
0.8578121219066639	0.01380421965691776	0.011683261723919397	0.018314795899327264
0.8714193189713835	0.013961757138054165	0.011471205150768967	0.018314795899327264
0.8850265160361029	0.01411638641783439	0.011255811258932094	0.018314795899327264
0.8986337131008225	0.01426806208470489	0.011037080048288841	0.018314795899327264
0.9122409101655421	0.014416738727110467	0.010815011518719653	0.018314795899327264
0.9258481072302617	0.014562370933494268	0.010589605670105348	0.018314795899327264
0.9394553042949813	0.014704913292297776	0.010360862502327126	0.018314795899327264
0.9530625013597008	0.014844320391960824	0.010128782015266558	0.018314795899327264
0.9666696984244202	0.014980546820921588	0.009893364208805603	0.018314795899327264
0.9802768954891398	0.015113547167616587	0.009654609082826587	0.018314795899327264
0.9938840925538593	0.015243276020480681	0.009412516637212218	0.018314795899327264
1.007491289618579	0.015369687967947077	0.009167086871845581	0.018314795899327264
1.0210984866832984	0.01549273759844732	0.008918319786610143	0.018314795899327264
1.034705683748018	0.015612379500411305	0.008666215381389744	0.018314795899327264
1.0483128808127375	0.01572856826226727	0.008410773656068599	0.018314795899327264
1.0619200778774571	0.015841258472441788	0.008151994610531309	0.018314795899327264
1.0755272749421767	0.015950404719359785	0.007889878244662847	0.018314795899327264
1.0891344720068963	0.016055961591444526	0.007624424558348561	0.018314795899327264
1.1027416690716159	0.01615788367711762	0.007355633551474184	0.018314795899327264
1.1163488661363357	0.016256125564799023	0.007083505223925821	0.018314795899327264
1.129956063201055	0.016350641842907854	0.0068080395755901945	0.018314795899327264
1.1435632602657746	0.01644138709986357	0.006529236606355758	0.018314795899327264
1.1571704573304942	0.016528315924082403	0.00624709631611242	0.018314795899327264
1.1707776543952138	0.016611382903979007	0.005961618704751513	0.018314795899327264
1.1843848514599333	0.016690542627966612	0.0056728037721658605	0.018314795899327264
1.197992048524653	0.016765749684456988	0.005380651518249727	0.018314795899327264
1.2115992455893723	0.016836958661860472	0.0050851619428988705	0.018314795899327264
1.2252064426540918	0.01690412414858595	0.004786335046010495	0.018314795899327264
1.2388136397188114	0.016967200733040866	0.0044841708274832755	0.018314795899327264
1.252420836783531	0.017026143003631224	0.004178669287217366	0.018314795899327264
1.2660280338482506	0.01708090554876158	0.003869830425114372	0.018314795899327264
1.2796352309129702	0.01713144295683543	0.0035576542410778265	0.018314795899327264
1.2932424279776897	0.01717770981625503	0.0032421407350131776	0.018314795899327264
1.306849625042409	0.01721966071542126	0.0029232899068277023	0.018314795899327264
1.320456822107129	0.017257250242733727	0.0026011017564305946	0.018314795899327264
1.3340640191718482	0.01729043298659081	0.002275576283733031	0.018314795899327264
1.347671216236568	0.017319163535389714	0.001959761614553821	0.018314795899327264
1.905588291427558	0.018412550382960604	0.001959769562364951	0.018314795899327264
2.463505366618548	0.019505941031905883	0.0019597760035123184	0.018314795899327264
3.0214224418095377	0.020599335021847357	0.0019597813591773613	0.018314795899327264
3.5793395170005273	0.021692731892406832	0.0019597860505415187	0.018314795899327264
4.137256592191517	0.022786131563792392	0.0019597901029754176	0.018314795899327264
4.695173667382507	0.023879533453115626	0.0019597939219108498	0.018314795899327264
5.253090742573497	0.02497293731885629	0.001959797745269017	0.018314795899327264
5.811007817764486	0.026066343186558517	0.001959801575507365	0.018314795899327264
6.3689248929554765	0.027159751081766454	0.00195980541508334	0.018314795899327264
6.926841968146466	0.02825316103002424	0.0019598092664543875	0.018314795899327264
7.484759043337457	0.029346573056876005	0.0019598131320779535	0.018314795899327264
8.042676118528446	0.030439987187865898	0.0019598170144114846	0.018314795899327264
8.600593193719435	0.03153340344853805	0.001959820915912426	0.018314795899327264
9.158510268910426	0.032626821864436606	0.001959824839038224	0.018314795899327264
9.716427344101417	0.0337202424611057	0.0019598287862463244	0.018314795899327264
10.274344419292406	0.034813665264089466	0.0019598327599941734	0.018314795899327264
10.832261494483395	0.03590709029893206	0.0019598367627392164	0.018314795899327264
11.390178569674385	0.037000517591177604	0.0019598407969389	0.018314795899327264
11.948095644865376	0.03809394716637024	0.0019598448650506696	0.018314795899327264
12.506012720056363	0.039187379050054115	0.0019598489695319718	0.018314795899327264
13.063929795247354	0.04028081326777336	0.0019598531128402516	0.018314795899327264
13.621846870438345	0.04137424984507212	0.0019598572974329556	0.018314795899327264
14.179763945629334	0.04246768880749453	0.0019598615257675296	0.018314795899327264
14.737681020820325	0.04356113018058473	0.0019598658003014196	0.018314795899327264
15.295598096011314	0.044654573989886856	0.0019598701234920714	0.018314795899327264
15.853515171202304	0.045748020260945044	0.001959874497796931	0.018314795899327264
16.411432246393293	0.04684146901930344	0.0019598789256734445	0.018314795899327264
16.969349321584286	0.04793492029050618	0.0019598834095790577	0.018314795899327264
17.527266396775275	0.04902837410009741	0.0019598879519712167	0.018314795899327264
18.085183471966268	0.05012183047362126	0.001959892555307367	0.018314795899327264
18.643100547157253	0.05121528943662186	0.001959897222044955	0.018314795899327264
19.201017622348242	0.05230875101464337	0.0019599019546414262	0.018314795899327264
19.758934697539235	0.05340221523322991	0.0019599067555542272	0.018314795899327264
20.316851772730224	0.054495682117925645	0.0019599116272408035	0.018314795899327264
20.87476884792121	0.05558915169427467	0.001959916572158601	0.018314795899327264
21.432685923112203	0.05668262442432585	0.001959921529843105	0.018314795899327264
21.990602998303192	0.05777609997747376	0.001959926550144333	0.018314795899327264
22.54852007349418	0.058869578322024704	0.001959931643333809	0.018314795899327264
23.106437148685174	0.05996305949948577	0.0019599368094290986	0.018314795899327264
23.66435422387616	0.061056543551364036	0.00195994204844777	0.018314795899327264
24.222271299067152	0.062150030519166594	0.0019599473604073906	0.018314795899327264
24.78018837425814	0.06324352044440053	0.001959952745325527	0.018314795899327264
25.33810544944913	0.06433701336857292	0.0019599582032197465	0.018314795899327264
25.896022524640124	0.06543050933319083	0.001959963734107616	0.018314795899327264
26.453939599831113	0.06652400837976138	0.001959969338006703	0.018314795899327264
27.0118566750221	0.06761751054979165	0.001959975014934575	0.018314795899327264
27.56977375021309	0.0687110158847887	0.0019599807649087982	0.018314795899327264
28.12769082540408	0.06980452442625962	0.0019599865879469406	0.018314795899327264
28.685607900595073	0.0708980362157115	0.0019599924840665688	0.018314795899327264
29.243524975786062	0.07199155129465143	0.00195999845328525	0.018314795899327264
29.801442050977048	0.07308506970458649	0.001960004495620552	0.018314795899327264
30.35935912616804	0.07417859148702376	0.0019600106110900413	0.018314795899327264
30.91727620135903	0.07527211668347031	0.0019600167997112857	0.018314795899327264
31.47519327655002	0.07636564533543326	0.0019600230615018513	0.018314795899327264
32.03311035174101	0.07745917748441966	0.0019600293964793063	0.018314795899327264
32.591027426932	0.07855271317193661	0.001960035804661217	0.018314795899327264
33.14894450212299	0.0796462524394912	0.0019600422860651515	0.018314795899327264
33.70686157731398	0.08073979532859049	0.001960048840708676	0.018314795899327264
34.26477865250497	0.08183334188074158	0.0019600554686093584	0.018314795899327264
34.82269572769596	0.08292689213745155	0.001960062169784766	0.018314795899327264
35.38061280288695	0.08402044614022751	0.001960068944252465	0.018314795899327264
35.938529878077944	0.0851140039305765	0.001960075792030023	0.018314795899327264
36.49644695326893	0.08620756555000562	0.0019600827131350074	0.018314795899327264
37.05436402845992	0.08730113104002198	0.0019600897075849853	0.018314795899327264
37.612281103650915	0.08839470044213263	0.0019600967753975237	0.018314795899327264
38.1701981788419	0.08948827379784466	0.00196010391659019	0.018314795899327264
38.72811525403289	0.09058185114866515	0.0019601111311805513	0.018314795899327264
39.286032329223886	0.09167543253610122	0.0019601184191861743	0.018314795899327264
39.84394940441488	0.09276901800165992	0.0019601257806246266	0.018314795899327264
40.40186647960586	0.09386260758684833	0.0019601332155134753	0.018314795899327264
40.95978355479685	0.09495620133317355	0.0019601407238702875	0.018314795899327264
41.51770062998784	0.09604979928214266	0.0019601483057126307	0.018314795899327264
42.07561770517883	0.09714340147526276	0.001960155961058071	0.018314795899327264
42.63353478036982	0.09823700795404089	0.0019601636899241773	0.018314795899327264
43.191451855560814	0.09933061875998418	0.001960171492328515	0.018314795899327264
43.7493689307518	0.1004242339345997	0.0019601793682886524	0.018314795899327264
44.30728600594279	0.1015178535193945	0.001960187317822156	0.018314795899327264
44.865203081133785	0.10261147755587571	0.0019601953409465935	0.018314795899327264
45.42312015632477	0.10370510608555042	0.0019602034376795317	0.018314795899327264
45.98103723151576	0.10479873914992564	0.001960211608038538	0.018314795899327264
46.53895430670675	0.10589237679050853	0.001960219852041179	0.018314795899327264
47.096871381897735	0.10698601904880616	0.0019602281697050222	0.018314795899327264
47.65478845708873	0.1080796659663256	0.001960236561047635	0.018314795899327264
48.21270553227972	0.10917331758457392	0.001960245026086585	0.018314795899327264
48.770622607470706	0.11026697394505824	0.001960253564839438	0.018314795899327264
49.3285396826617	0.11136063508928562	0.0019602621773237624	0.018314795899327264
49.88645675785269	0.11245430105876314	0.0019602708635571243	0.018314795899327264
50.444373833043684	0.1135479718949979	0.001960279623557092	0.018314795899327264
51.00229090823467	0.11464164763949697	0.001960288457341232	0.018314795899327264
51.56020798342566	0.11573532833376744	0.0019602973649271113	0.018314795899327264
52.11812505861665	0.11682901401931639	0.0019603063463322972	0.018314795899327264
52.676042133807634	0.1179227047376509	0.001960315401574357	0.018314795899327264
53.23395920899863	0.11901640053027808	0.0019603245306708582	0.018314795899327264
53.79187628418962	0.12011010143870499	0.001960333733639367	0.018314795899327264
54.349793359380605	0.12120380750443872	0.0019603430104974517	0.018314795899327264
54.9077104345716	0.12229751876898635	0.0019603523612626785	0.018314795899327264
55.46562750976259	0.12339123527385498	0.001960361785952615	0.018314795899327264
56.02354458495358	0.12448495706055165	0.0019603712845848286	0.018314795899327264
56.58146166014457	0.1255786841705835	0.0019603808571768857	0.018314795899327264
57.13937873533556	0.1266724166454576	0.0019603905037463543	0.018314795899327264
57.69729581052655	0.127766154526681	0.001960400224310801	0.018314795899327264
58.25521288571753	0.1288598978557608	0.0019604100188877933	0.018314795899327264
58.813129960908526	0.12995364667420412	0.001960419887494898	0.018314795899327264
59.37104703609951	0.13104740102351797	0.0019604298301496826	0.018314795899327264
59.928964111290504	0.13214116094520953	0.001960439846869714	0.018314795899327264
60.4868811864815	0.1332349264807858	0.0019604499376725598	0.018314795899327264
61.04479826167249	0.13432869767175393	0.001960460102575786	0.018314795899327264
61.602715336863476	0.13542247455962092	0.0019604703415969614	0.018314795899327264
62.16063241205447	0.13651625718589394	0.0019604806547536525	0.018314795899327264
62.71854948724546	0.13761004559208004	0.0019604910420634256	0.018314795899327264
63.27646656243645	0.13870383981968626	0.001960501503543849	0.018314795899327264
63.83438363762744	0.13979763991021976	0.0019605120392124894	0.018314795899327264
64.39230071281843	0.1408914459051876	0.0019605226490869137	0.018314795899327264
64.95021778800941	0.1419852578460968	0.0019605333331846895	0.018314795899327264
65.50813486320041	0.14307907577445456	0.001960544091523384	0.018314795899327264
66.0660519383914	0.1441728997317679	0.001960554924120564	0.018314795899327264
66.62396901358238	0.14526672975954386	0.001960565830993797	0.018314795899327264
67.18188608877338	0.14636056589928959	0.00196057681216065	0.018314795899327264
67.73980316396437	0.14745440819251215	0.00196058786763869	0.018314795899327264
68.29772023915535	0.14854825668071864	0.001960598997445484	0.018314795899327264
68.85563731434635	0.1496421114054161	0.0019606102015985996	0.018314795899327264
69.41355438953734	0.1507359724081117	0.001960621480115604	0.018314795899327264
69.97147146472832	0.15182983973031242	0.001960632833014064	0.018314795899327264
70.52938853991931	0.1529237134135254	0.0019606442603115467	0.018314795899327264
71.0873056151103	0.15401759349925775	0.00196065576202562	0.018314795899327264
71.6452226903013	0.15511148002901648	0.00196066733817385	0.018314795899327264
72.20313976549228	0.15620537304430876	0.001960678988773805	0.018314795899327264
72.76105684068327	0.15729927258664156	0.0019606907138430513	0.018314795899327264
73.31897391587427	0.15839317869752212	0.0019607025133991565	0.018314795899327264
73.87689099106525	0.15948709141845738	0.0019607143874596873	0.018314795899327264
74.43480806625625	0.16058101079095446	0.0019607263360422113	0.018314795899327264
74.99272514144724	0.1616749368565205	0.0019607383591642956	0.018314795899327264
75.55064221663822	0.16276886965666254	0.001960750456843507	0.018314795899327264
76.10855929182922	0.1638628092328877	0.001960762629097413	0.018314795899327264
76.66647636702021	0.164956755626703	0.0019607748759435805	0.018314795899327264
77.2243934422112	0.16605070887961557	0.001960787197399577	0.018314795899327264
77.7823105174022	0.16714466903313246	0.0019607995934829694	0.018314795899327264
78.34022759259318	0.16823863612876083	0.001960812064211325	0.018314795899327264
78.89814466778415	0.16933261020800763	0.001960824609602211	0.018314795899327264
79.45606174297515	0.17042659131238008	0.0019608372296731945	0.018314795899327264
80.01397881816614	0.17152057948338523	0.0019608499244418427	0.018314795899327264
80.57189589335712	0.17261457476253012	0.0019608626939257223	0.018314795899327264
81.12981296854812	0.17370857719132182	0.0019608755381424012	0.018314795899327264
81.68773004373911	0.17480258681126748	0.0019608884571094463	0.018314795899327264
82.2456471189301	0.17589660366387416	0.001960901450844424	0.018314795899327264
82.8035641941211	0.17699062779064895	0.001960914519364903	0.018314795899327264
83.36148126931208	0.1780846592330989	0.0019609276626884487	0.018314795899327264
83.91939834450307	0.17917869803273112	0.0019609408808326295	0.018314795899327264
84.47731541969407	0.18027274423105272	0.0019609541738150123	0.018314795899327264
85.03523249488505	0.18136679786957072	0.0019609675416531643	0.018314795899327264
85.59314957007604	0.18246085898979225	0.001960980984364652	0.018314795899327264
86.15106664526704	0.1835549276332244	0.0019609945019670436	0.018314795899327264
86.70898372045802	0.18464900384137423	0.0019610080944779053	0.018314795899327264
87.26690079564901	0.18574308765574882	0.001961021761914805	0.018314795899327264
87.82481787084001	0.1868371791178553	0.0019610355042953094	0.018314795899327264
88.382734946031	0.18793127826920064	0.001961049321636986	0.018314795899327264
88.94065202122198	0.18902538515129208	0.0019610632139574016	0.018314795899327264
89.49856909641298	0.19011949980563658	0.001961077181274123	0.018314795899327264
90.05648617160396	0.19121362227374122	0.001961091223604719	0.018314795899327264
90.61440324679494	0.1923077525971132	0.0019611053409667547	0.018314795899327264
91.17232032198594	0.19340189081725956	0.0019611195333777984	0.018314795899327264
91.73023739717692	0.1944960369756873	0.001961133800855417	0.018314795899327264
92.2881544723679	0.19559019111390358	0.001961148143417178	0.018314795899327264
92.8460715475589	0.1966843532734155	0.0019611625610806483	0.018314795899327264
93.40398862274989	0.1977785234957301	0.001961177053863395	0.018314795899327264
93.96190569794088	0.1988727018223545	0.001961191621782985	0.018314795899327264
94.51982277313188	0.1999668882947957	0.001961206264856986	0.018314795899327264
95.07773984832286	0.20106108295456093	0.0019612209831029646	0.018314795899327264
95.63565692351386	0.20215528584315712	0.0019612357765384884	0.018314795899327264
96.19357399870485	0.20324949700209144	0.0019612506451811246	0.018314795899327264
96.75149107389583	0.20434371647287092	0.00196126558904844	0.018314795899327264
97.30940814908683	0.20543794429700274	0.001961280608158002	0.018314795899327264
97.86732522427782	0.20653218051599387	0.0019612957025273775	0.018314795899327264
98.4252422994688	0.2076264251713515	0.001961310872174134	0.018314795899327264
98.9831593746598	0.20872067830458263	0.001961326117115839	0.018314795899327264
99.54107644985079	0.2098149399571944	0.0019613414373700587	0.018314795899327264
100.09899352504178	0.21090921017069392	0.0019613568329543605	0.018314795899327264
100.65691060023278	0.2120034889865881	0.0019613723038863122	0.018314795899327264
101.21482767542376	0.21309777644638422	0.0019613878501834802	0.018314795899327264
101.77274475061475	0.2141920725915893	0.0019614034718634325	0.018314795899327264
102.33066182580575	0.21528637746371038	0.001961419168943735	0.018314795899327264
102.88857890099672	0.21638070323011463	0.001961434961385065	0.018314795899327264
103.4464959761877	0.21747504370904874	0.0019614508387520717	0.018314795899327264
104.0044130513787	0.2185693928643293	0.0019614667910089023	0.018314795899327264
104.56233012656969	0.2196637507387544	0.0019614828181593502	0.018314795899327264
105.12024720176068	0.22075811737512208	0.00196149892020721	0.018314795899327264
105.67816427695168	0.22185249281623037	0.0019615150971562757	0.018314795899327264
106.23608135214266	0.22294687710487737	0.0019615313490103418	0.018314795899327264
106.79399842733365	0.22404127028386112	0.0019615476757732027	0.018314795899327264
107.35191550252465	0.22513567239597967	0.001961564077448652	0.018314795899327264
107.90983257771563	0.22623008348403106	0.0019615805540404837	0.018314795899327264
108.46774965290662	0.22732450359081338	0.0019615971055524928	0.018314795899327264
109.02566672809762	0.22841893275912467	0.001961613731988473	0.018314795899327264
109.5835838032886	0.22951337103176297	0.0019616304333522185	0.018314795899327264
110.14150087847959	0.23060781845152636	0.0019616472096475237	0.018314795899327264
110.69941795367059	0.2317022750612129	0.001961664060878183	0.018314795899327264
111.25733502886158	0.23279674090362062	0.0019616809870479893	0.018314795899327264
111.81525210405256	0.2338912160215476	0.0019616979881607382	0.018314795899327264
112.37316917924356	0.23498570045779188	0.0019617150642202235	0.018314795899327264
112.93108625443455	0.2360801942551515	0.001961732215230239	0.018314795899327264
113.48900332962555	0.23717469745642455	0.001961749441194579	0.018314795899327264
114.04692040481653	0.23826921010440907	0.001961766742117038	0.018314795899327264
114.6048374800075	0.2393637322419031	0.0019617841180014106	0.018314795899327264
115.16275455519849	0.24045826391170474	0.0019618015688514898	0.018314795899327264
115.72067163038949	0.241552805156612	0.0019618190946710705	0.018314795899327264
116.27858870558047	0.242647356019423	0.0019618366954639466	0.018314795899327264
116.83650578077147	0.24374191654293573	0.001961854371233913	0.018314795899327264
117.39442285596246	0.24483648676994824	0.0019618721219847625	0.018314795899327264
117.95233993115345	0.24593106674325865	0.0019618899477202908	0.018314795899327264
118.51025700634445	0.24702565650566496	0.001961907848444291	0.018314795899327264
119.06817408153543	0.24812025609996524	0.0019619258241605577	0.018314795899327264
119.62609115672642	0.24921486556895756	0.0019619438748728854	0.018314795899327264
120.18400823191742	0.25030948495544	0.001961962000585068	0.018314795899327264
120.7419253071084	0.25140411430221055	0.001961980201300899	0.018314795899327264
121.29984238229939	0.2524987536520673	0.0019619984770241736	0.018314795899327264
121.85775945749039	0.25359340304780825	0.001962016827758686	0.018314795899327264
122.41567653268137	0.2546880625322316	0.001962035253508229	0.018314795899327264
122.97359360787236	0.2557827321481353	0.0019620537542765987	0.018314795899327264
123.53151068306336	0.25687741193831737	0.001962072330067588	0.018314795899327264
124.08942775825435	0.25797210194557596	0.0019620909808849914	0.018314795899327264
124.64734483344533	0.25906680221270906	0.001962109706732603	0.018314795899327264
125.20526190863633	0.26016151278251476	0.0019621285076142176	0.018314795899327264
125.76317898382732	0.2612562336977911	0.0019621473835336285	0.018314795899327264
126.3210960590183	0.26235096500133614	0.0019621663344946303	0.018314795899327264
126.87901313420929	0.2634457067359479	0.001962185360501017	0.018314795899327264
127.43693020940027	0.2645404589444246	0.0019622044615565833	0.018314795899327264
127.99484728459126	0.26563522166956405	0.001962223637665123	0.018314795899327264
128.55276435978226	0.26672999495416444	0.00196224288883043	0.018314795899327264
129.11068143497326	0.26782477884102385	0.001962262215056299	0.018314795899327264
129.66859851016423	0.2689195733729403	0.001962281616346524	0.018314795899327264
130.22651558535523	0.2700143785927118	0.001962301092704899	0.018314795899327264
130.78443266054623	0.2711091945431365	0.0019623206441352183	0.018314795899327264
131.3423497357372	0.2722040212670124	0.0019623402706412762	0.018314795899327264
131.9002668109282	0.2732988588071375	0.001962359972226867	0.018314795899327264
132.4581838861192	0.27439370720630996	0.0019623797488957846	0.018314795899327264
133.01610096131017	0.2754885665073278	0.001962399600651823	0.018314795899327264
133.57401803650117	0.276583436752989	0.0019624195274987773	0.018314795899327264
134.13193511169217	0.27767831798609177	0.0019624395294404406	0.018314795899327264
134.68985218688314	0.278773210249434	0.0019624596064806072	0.018314795899327264
135.24776926207414	0.27986811358581387	0.001962479758623072	0.018314795899327264
135.80568633726514	0.2809630280380294	0.001962499985871629	0.018314795899327264
136.36360341245611	0.28205795364887865	0.001962520288230072	0.018314795899327264
136.92152048764711	0.28315289046115966	0.0019625406657021952	0.018314795899327264
137.47943756283811	0.28424783851767044	0.001962561118291793	0.018314795899327264
138.0373546380291	0.2853427978612091	0.0019625816460026595	0.018314795899327264
138.59527171322006	0.2864377685345737	0.001962602248838589	0.018314795899327264
139.15318878841106	0.28753275058056227	0.0019626229268033756	0.018314795899327264
139.71110586360206	0.28862774404197294	0.001962643679900813	0.018314795899327264
140.26902293879303	0.28972274896160366	0.0019626645081346965	0.018314795899327264
140.82694001398403	0.29081776538225257	0.0019626854115088197	0.018314795899327264
141.38485708917503	0.2919127933467177	0.0019627063900269763	0.018314795899327264
141.942774164366	0.2930078328977971	0.0019627274436929613	0.018314795899327264
142.500691239557	0.2941028840782888	0.0019627485725105683	0.018314795899327264
143.058608314748	0.29519794693099083	0.0019627697764835915	0.018314795899327264
143.61652538993897	0.29629302149870135	0.0019627910556158255	0.018314795899327264
144.17444246512997	0.2973881078242183	0.0019628124099110643	0.018314795899327264
144.73235954032097	0.29848320595033984	0.001962833839373102	0.018314795899327264
145.29027661551197	0.299578315919864	0.0019628553440057326	0.018314795899327264
145.84819369070294	0.30067343777558875	0.001962876923812751	0.018314795899327264
146.40611076589394	0.3017685715603123	0.0019628985787979504	0.018314795899327264
146.96402784108494	0.3028637173168326	0.001962920308965125	0.018314795899327264
147.5219449162759	0.30395887508794767	0.0019629421143180703	0.018314795899327264
148.0798619914669	0.3050540449164556	0.0019629639948605796	0.018314795899327264
148.6377790666579	0.30614922684515455	0.0019629859505964466	0.018314795899327264
149.19569614184888	0.30724442091684245	0.0019630079815294663	0.018314795899327264
149.75361321703988	0.3083396271743174	0.0019630300876634327	0.018314795899327264
150.31153029223088	0.3094348456603775	0.00196305226900214	0.018314795899327264
150.86944736742186	0.3105300764178207	0.0019630745255493818	0.018314795899327264
151.42736444261286	0.3116253194894451	0.0019630968573089527	0.018314795899327264
151.98528151780386	0.31272057491804883	0.0019631192642846473	0.018314795899327264
152.54319859299483	0.3138158427464298	0.0019631417464802594	0.018314795899327264
153.10111566818583	0.3149111230173863	0.001963164303899583	0.018314795899327264
153.65903274337683	0.31600641577371613	0.0019631869365464125	0.018314795899327264
154.2169498185678	0.31710172105821743	0.001963209644424542	0.018314795899327264
154.7748668937588	0.31819703891368833	0.0019632324275377657	0.018314795899327264
155.3327839689498	0.3192923693829269	0.001963255285889878	0.018314795899327264
155.89070104414077	0.32038771250873105	0.0019632782194846728	0.018314795899327264
156.44861811933174	0.32148306833389884	0.0019633012283259443	0.018314795899327264
157.00653519452274	0.3225784369012285	0.001963324312417487	0.018314795899327264
157.5644522697137	0.32367381825351804	0.0019633474717630946	0.018314795899327264
158.1223693449047	0.3247692124335654	0.001963370706366562	0.018314795899327264
158.6802864200957	0.32586461948416867	0.0019633940162316825	0.018314795899327264
159.23820349528668	0.326960039448126	0.0019634174013622506	0.018314795899327264
159.79612057047768	0.3280554723682354	0.001963440861762061	0.018314795899327264
160.35403764566868	0.32915091828729487	0.0019634643974349073	0.018314795899327264
160.91195472085965	0.3302463772481025	0.0019634880083845836	0.018314795899327264
161.46987179605065	0.3313418492934564	0.0019635116946148845	0.018314795899327264
162.02778887124165	0.3324373344661545	0.0019635354561296043	0.018314795899327264
162.58570594643263	0.333532832808995	0.001963559292932537	0.018314795899327264
163.14362302162363	0.33462834436477584	0.001963583205027476	0.018314795899327264
163.70154009681463	0.33572386917629515	0.001963607192418217	0.018314795899327264
164.2594571720056	0.33681940728635096	0.0019636312551085527	0.018314795899327264
164.8173742471966	0.3379149587377413	0.001963655393102278	0.018314795899327264
165.3752913223876	0.3390105235732643	0.0019636796064031875	0.018314795899327264
165.93320839757857	0.34010610183571793	0.0019637038950150744	0.018314795899327264
166.49112547276957	0.3412016935679003	0.0019637282589417336	0.018314795899327264
167.04904254796057	0.3422972988126094	0.0019637526981869592	0.018314795899327264
167.60695962315154	0.34339291761264346	0.001963777212754545	0.018314795899327264
168.16487669834254	0.34448855001080025	0.0019638018026482858	0.018314795899327264
168.72279377353354	0.3455841960498781	0.0019638264678719752	0.018314795899327264
169.2807108487245	0.3466798557726749	0.0019638512084294074	0.018314795899327264
169.8386279239155	0.34777552922198884	0.0019638760243243774	0.018314795899327264
170.3965449991065	0.3488712164406178	0.0019639009155606782	0.018314795899327264
170.95446207429748	0.34996691747136	0.0019639258821421046	0.018314795899327264
171.51237914948848	0.35106263235701335	0.0019639509240724513	0.018314795899327264
172.07029622467948	0.3521583611403761	0.0019639760413555116	0.018314795899327264
172.62821329987045	0.35325410386424605	0.0019640012339950798	0.018314795899327264
173.18613037506145	0.3543498605714215	0.00196402650199495	0.018314795899327264
173.74404745025245	0.3554456313047003	0.0019640518453589175	0.018314795899327264
174.30196452544342	0.3565414161068807	0.001964077264090775	0.018314795899327264
174.85988160063442	0.3576372150207606	0.0019641027581943178	0.018314795899327264
175.41779867582542	0.35873302808913815	0.0019641283276733397	0.018314795899327264
175.9757157510164	0.35982885535481135	0.0019641539725316344	0.018314795899327264
176.5336328262074	0.3609246968605784	0.001964179692772997	0.018314795899327264
177.0915499013984	0.36202055264923705	0.0019642054884012206	0.018314795899327264
177.64946697658937	0.3631164227635857	0.0019642313594201003	0.018314795899327264
178.20738405178037	0.36421230724642206	0.0019642573058334303	0.018314795899327264
178.76530112697137	0.3653082061405445	0.001964283327645004	0.018314795899327264
179.32321820216237	0.36640411948875096	0.0019643094248586158	0.018314795899327264
179.8811352773533	0.36750004733383934	0.0019643355974780603	0.018314795899327264
180.4390523525443	0.368595989718608	0.0019643618455071317	0.018314795899327264
180.99696942773528	0.3696919466858548	0.001964388168949624	0.018314795899327264
181.55488650292628	0.37078791827837787	0.001964414567809331	0.018314795899327264
182.11280357811728	0.37188390453897513	0.0019644410420900475	0.018314795899327264
182.67072065330825	0.3729799055104448	0.001964467591795567	0.018314795899327264
183.22863772849925	0.37407592123558486	0.0019644942169296845	0.018314795899327264
183.78655480369025	0.37517195175719337	0.001964520917496194	0.018314795899327264
184.34447187888122	0.3762679971180684	0.001964547693498889	0.018314795899327264
184.90238895407222	0.377364057361008	0.0019645745449415643	0.018314795899327264
185.46030602926322	0.3784601325288102	0.001964601471828014	0.018314795899327264
186.0182231044542	0.37955622266427314	0.001964628474162032	0.018314795899327264
186.5761401796452	0.38065232781019476	0.001964655551947413	0.018314795899327264
187.1340572548362	0.38174844800937313	0.001964682705187951	0.018314795899327264
187.6919743300272	0.3828445833046064	0.00196470993388744	0.018314795899327264
188.24989140521816	0.38394073373869253	0.001964737238049674	0.018314795899327264
188.80780848040916	0.3850368993544297	0.0019647646176784474	0.018314795899327264
189.36572555560016	0.3861330801946159	0.0019647920727775547	0.018314795899327264
189.92364263079114	0.38722927630204906	0.0019648196033507895	0.018314795899327264
190.48155970598214	0.3883254877195274	0.0019648472094019468	0.018314795899327264
191.03947678117314	0.38942171448984897	0.00196487489093482	0.018314795899327264
191.5973938563641	0.3905179566558117	0.0019649026479532034	0.018314795899327264
192.1553109315551	0.3916142142602137	0.0019649304804608913	0.018314795899327264
192.7132280067461	0.3927104873458531	0.0019649583884616783	0.018314795899327264
193.27114508193708	0.39380677595552793	0.001964986371959358	0.018314795899327264
193.82906215712808	0.39490308013203623	0.0019650144309577245	0.018314795899327264
194.38697923231908	0.395999399918176	0.0019650425654605726	0.018314795899327264
194.94489630751005	0.39709573535674536	0.001965070775471696	0.018314795899327264
195.50281338270105	0.39819208649054233	0.0019650990609948894	0.018314795899327264
196.06073045789205	0.39928845336236496	0.0019651274220339465	0.018314795899327264
196.61864753308302	0.4003848360150114	0.0019651558585926615	0.018314795899327264
197.17656460827402	0.4014812344912796	0.0019651843706748285	0.018314795899327264
197.73448168346502	0.4025776488339677	0.0019652129582842424	0.018314795899327264
198.292398758656	0.4036740790858736	0.0019652416214246964	0.018314795899327264
198.850315833847	0.40477052528979557	0.0019652703600999853	0.018314795899327264
199.408232909038	0.40586698748853156	0.001965299174313903	0.018314795899327264
199.96614998422896	0.40696346572487957	0.001965328064070244	0.018314795899327264
200.52406705941996	0.4080599600416377	0.0019653570293728024	0.018314795899327264
201.08198413461096	0.4091564704816041	0.001965386070225372	0.018314795899327264
201.63990120980193	0.4102529970875767	0.0019654151866317473	0.018314795899327264
202.19781828499293	0.41134953990235357	0.0019654443785957227	0.018314795899327264
202.75573536018393	0.41244609896873285	0.0019654736461210917	0.018314795899327264
203.3136524353749	0.4135426743295124	0.0019655029892116493	0.018314795899327264
203.87156951056588	0.41463926602749046	0.001965532407871189	0.018314795899327264
204.42948658575688	0.41573587410546514	0.0019655619021035054	0.018314795899327264
204.98740366094785	0.4168324986062344	0.001965591471912393	0.018314795899327264
205.54532073613885	0.41792913957259625	0.001965621117301645	0.018314795899327264
206.10323781132985	0.41902579704734877	0.0019656508382750564	0.018314795899327264
206.66115488652082	0.4201224710732901	0.001965680634836421	0.018314795899327264
207.21907196171182	0.42121916169321816	0.001965710506989533	0.018314795899327264
207.77698903690282	0.4223158689499312	0.001965740454738187	0.018314795899327264
208.3349061120938	0.423412592886227	0.0019657704780861765	0.018314795899327264
208.8928231872848	0.42450933354490383	0.001965800577037296	0.018314795899327264
209.4507402624758	0.4256060909687597	0.0019658307515953402	0.018314795899327264
210.00865733766676	0.42670286520059264	0.0019658610017641025	0.018314795899327264
210.56657441285776	0.4277996562832007	0.0019658913275473772	0.018314795899327264
211.12449148804876	0.428896464259382	0.001965921728948959	0.018314795899327264
211.68240856323973	0.42999328917193447	0.0019659522059726417	0.018314795899327264
212.24032563843073	0.43109013106365635	0.00196598275862222	0.018314795899327264
212.79824271362173	0.43218698997734556	0.001966013386901487	0.018314795899327264
213.3561597888127	0.43328386595580015	0.0019660440908142378	0.018314795899327264
213.9140768640037	0.4343807590418182	0.0019660748703642663	0.018314795899327264
214.4719939391947	0.43547766927819787	0.0019661057255553663	0.018314795899327264
215.02991101438568	0.436574596707737	0.001966136656391333	0.018314795899327264
215.58782808957667	0.4376715413732339	0.0019661676628759594	0.018314795899327264
216.14574516476767	0.4387685033174864	0.0019661987450130406	0.018314795899327264
216.70366223995865	0.4398654825832927	0.0019662299028063704	0.018314795899327264
217.26157931514965	0.4409624792134508	0.001966261136259743	0.018314795899327264
217.81949639034065	0.4420594932507588	0.0019662924453769525	0.018314795899327264
218.37741346553162	0.4431565247380146	0.001966323830161793	0.018314795899327264
218.93533054072262	0.44425357371801644	0.001966355290618059	0.018314795899327264
219.49324761591362	0.4453506402335623	0.0019663868267495448	0.018314795899327264
220.0511646911046	0.4464477243274503	0.001966418438560044	0.018314795899327264
220.6090817662956	0.44754482604247836	0.001966450126053351	0.018314795899327264
221.1669988414866	0.44864194542144475	0.0019664818892332603	0.018314795899327264
221.7249159166776	0.4497390825071472	0.001966513728103566	0.018314795899327264
222.28283299186856	0.4508362373423841	0.001966545642668062	0.018314795899327264
222.84075006705956	0.45193340996995335	0.0019665776329305428	0.018314795899327264
223.39866714225056	0.45303060043265303	0.0019666096988948025	0.018314795899327264
223.95658421744153	0.4541278087732811	0.0019666418405646347	0.018314795899327264
224.51450129263253	0.45522503503463585	0.0019666740579438345	0.018314795899327264
225.07241836782353	0.4563222792595151	0.0019667063510361957	0.018314795899327264
225.6303354430145	0.457419541490717	0.001966738719845512	0.018314795899327264
226.1882525182055	0.4585168217710396	0.0019667711643755787	0.018314795899327264
226.7461695933965	0.45961412014328096	0.001966803684630189	0.018314795899327264
227.30408666858747	0.46071143665023917	0.0019668362806131373	0.018314795899327264
227.86200374377844	0.4618087713347121	0.001966868952328218	0.018314795899327264
228.41992081896942	0.46290612423949806	0.0019669016997792255	0.018314795899327264
228.97783789416042	0.46400349540739505	0.0019669345229699534	0.018314795899327264
229.53575496935142	0.46510088488120105	0.001966967421904196	0.018314795899327264
230.09367204454242	0.4661982927037141	0.0019670003965857477	0.018314795899327264
230.6515891197334	0.46729571891773236	0.0019670334470184027	0.018314795899327264
231.2095061949244	0.46839316356605376	0.001967066573205955	0.018314795899327264
231.7674232701154	0.46949062669147645	0.001967099775152199	0.018314795899327264
232.32534034530636	0.4705881083367985	0.0019671330528609286	0.018314795899327264
232.88325742049736	0.4716856085448179	0.001967166406335938	0.018314795899327264
233.44117449568836	0.47278312735833267	0.001967199835581022	0.018314795899327264
233.99909157087933	0.47388066482014096	0.001967233340599974	0.018314795899327264
234.55700864607033	0.4749782209730409	0.001967266921396589	0.018314795899327264
235.11492572126133	0.47607579585983023	0.0019673005779746603	0.018314795899327264
235.6728427964523	0.47717338952330735	0.001967334310337982	0.018314795899327264
236.2307598716433	0.47827100200627015	0.0019673681184903496	0.018314795899327264
236.7886769468343	0.4793686333515167	0.0019674020024355557	0.018314795899327264
237.34659402202527	0.480466283601845	0.001967435962177396	0.018314795899327264
237.90451109721627	0.4815639528000533	0.0019674699977196633	0.018314795899327264
238.46242817240727	0.48266164098893943	0.0019675041090661525	0.018314795899327264
239.02034524759824	0.4837593482113016	0.001967538296220658	0.018314795899327264
239.57826232278924	0.4848570745099378	0.001967572559186973	0.018314795899327264
240.13617939798024	0.48595481992764616	0.0019676068979688926	0.018314795899327264
240.69409647317121	0.48705258450722455	0.001967641312570211	0.018314795899327264
241.2520135483622	0.4881503682914713	0.001967675802994722	0.018314795899327264
241.8099306235532	0.4892481713231842	0.0019677103692462197	0.018314795899327264
242.36784769874419	0.4903459936451614	0.0019677450113284984	0.018314795899327264
242.92576477393519	0.491443835300201	0.0019677797292453527	0.018314795899327264
243.48368184912619	0.4925416963311011	0.001967814523000576	0.018314795899327264
244.04159892431716	0.4936395767806596	0.0019678493925979635	0.018314795899327264
244.59951599950816	0.4947374766916748	0.0019678843380413085	0.018314795899327264
245.15743307469916	0.49583539610694444	0.0019679193593344054	0.018314795899327264
245.71535014989013	0.4969333350692668	0.0019679544564810483	0.018314795899327264
246.27326722508113	0.4980312936214399	0.001967989629485032	0.018314795899327264
246.83118430027213	0.4991292718062617	0.00196802487835015	0.018314795899327264
247.3891013754631	0.5002272696665304	0.001968060203080197	0.018314795899327264
247.9470184506541	0.5013252872450439	0.0019680956036789666	0.018314795899327264
248.5049355258451	0.5024233245846004	0.0019681310801502533	0.018314795899327264
249.06285260103607	0.503521381727998	0.0019681666324978513	0.018314795899327264
249.62076967622707	0.5046194587180344	0.001968202260725555	0.018314795899327264
250.17868675141807	0.505717555597508	0.001968237964837158	0.018314795899327264
250.73660382660904	0.5068156724092168	0.0019682737448364547	0.018314795899327264
251.29452090180004	0.5079138091959587	0.0019683096007272398	0.018314795899327264
251.852437976991	0.509011966000532	0.001968345532513307	0.018314795899327264
252.41035505218198	0.5101101428657346	0.0019683815401984506	0.018314795899327264
252.96827212737298	0.5112083398343645	0.0019684176237864644	0.018314795899327264
253.52618920256398	0.51230655694922	0.0019684537832811433	0.018314795899327264
254.08410627775496	0.5134047942530989	0.001968490018686281	0.018314795899327264
254.64202335294596	0.5145030517887994	0.001968526330005672	0.018314795899327264
255.19994042813696	0.5156013295991195	0.00196856271724311	0.018314795899327264
255.75785750332793	0.5166996277268572	0.0019685991804023898	0.018314795899327264
256.3157745785189	0.5177979462148107	0.001968635719487305	0.018314795899327264
256.8736916537099	0.5188962851057779	0.00196867233450165	0.018314795899327264
257.4316087289009	0.5199946444425569	0.0019687090254492195	0.018314795899327264
257.9895258040919	0.5210930242679459	0.001968745792333807	0.018314795899327264
258.54744287928287	0.5221914246247428	0.0019687826351592066	0.018314795899327264
259.1053599544739	0.5232898455557456	0.001968819553929213	0.018314795899327264
259.66327702966487	0.5243882871037526	0.00196885654864762	0.018314795899327264
260.22119410485584	0.5254867493115616	0.0019688936193182223	0.018314795899327264
260.77911118004687	0.5265852322219708	0.0019689307659448135	0.018314795899327264
261.33702825523784	0.5276837358777783	0.001968967988531188	0.018314795899327264
261.8949453304288	0.528782260321782	0.00196900528708114	0.018314795899327264
262.45286240561984	0.5298808055967801	0.001969042661598464	0.018314795899327264
263.0107794808108	0.5309793717455704	0.0019690801120869532	0.018314795899327264
263.5686965560018	0.5320779588109513	0.001969117638550403	0.018314795899327264
264.1266136311928	0.5331765668357207	0.0019691552409926067	0.018314795899327264
264.6845307063838	0.5342751958626766	0.001969192919417359	0.018314795899327264
265.24244778157475	0.5353738459346172	0.0019692306738284537	0.018314795899327264
265.8003648567658	0.5364725170943403	0.0019692685042296855	0.018314795899327264
266.35828193195675	0.5375712093846443	0.001969306410624848	0.018314795899327264
266.9161990071477	0.538669922848327	0.001969344393017736	0.018314795899327264
267.47411608233875	0.5397686575281866	0.001969382451412143	0.018314795899327264
268.0320331575297	0.540867413467021	0.001969420585811864	0.018314795899327264
268.5899502327207	0.5419661907076285	0.001969458796220692	0.018314795899327264
269.1478673079117	0.5430649892928068	0.001969497082642422	0.018314795899327264
269.7057843831027	0.5441638092653542	0.0019695354450808486	0.018314795899327264
270.26370145829367	0.5452626506680689	0.001969573883539765	0.018314795899327264
270.8216185334847	0.5463615135437485	0.001969612398022966	0.018314795899327264
271.37953560867567	0.5474603979351915	0.0019696509885342457	0.018314795899327264
271.93745268386664	0.5485593038851958	0.001969689655077398	0.018314795899327264
272.49536975905767	0.5496582314365595	0.0019697283976562174	0.018314795899327264
273.05328683424864	0.5507571806320803	0.0019697672162744977	0.018314795899327264
273.6112039094396	0.5518561515145568	0.001969806110936034	0.018314795899327264
274.16912098463064	0.5529551441267868	0.001969845081644619	0.018314795899327264
274.7270380598216	0.5540541585115683	0.0019698841284040485	0.018314795899327264
275.2849551350126	0.5551531947116992	0.0019699232512181155	0.018314795899327264
275.84287221020355	0.556252252769978	0.0019699624500906145	0.018314795899327264
276.4007892853946	0.5573513327292026	0.00197000172502534	0.018314795899327264
276.95870636058555	0.5584504346321708	0.0019700410760260857	0.018314795899327264
277.5166234357765	0.559549558521681	0.0019700805030966463	0.018314795899327264
278.07454051096755	0.560648704440531	0.0019701200062408157	0.018314795899327264
278.6324575861585	0.561747872431519	0.001970159585462388	0.018314795899327264
279.1903746613495	0.562847062537443	0.0019701992407651575	0.018314795899327264
279.74829173654047	0.563946274801101	0.0019702389721529185	0.018314795899327264
280.30620881173144	0.5650455092652913	0.001970278779629465	0.018314795899327264
280.86412588692247	0.5661447659728116	0.001970318663198591	0.018314795899327264
281.42204296211344	0.5672440449664602	0.001970358622864091	0.018314795899327264
281.9799600373044	0.568343346289035	0.0019703986586297596	0.018314795899327264
282.53787711249544	0.5694426699833344	0.00197043877049939	0.018314795899327264
283.0957941876864	0.5705420160921559	0.001970478958476777	0.018314795899327264
283.6537112628774	0.5716413846582982	0.001970519222565715	0.018314795899327264
284.2116283380684	0.5727407757245586	0.0019705595627699975	0.018314795899327264
284.7695454132594	0.5738401893337358	0.001970599979093419	0.018314795899327264
285.32746248845035	0.5749396255286277	0.001970640471539774	0.018314795899327264
285.8853795636414	0.576039084352032	0.001970681040112856	0.018314795899327264
286.44329663883235	0.5771385658467473	0.0019707216848164595	0.018314795899327264
287.0012137140233	0.5782380700555714	0.001970762405654379	0.018314795899327264
287.55913078921435	0.5793375970213022	0.0019708032026304087	0.018314795899327264
288.1170478644053	0.5804371467867377	0.0019708440757483423	0.018314795899327264
288.6749649395963	0.5815367193946765	0.001970885025011974	0.018314795899327264
289.2328820147873	0.5826363148879163	0.0019709260504250986	0.018314795899327264
289.7907990899783	0.5837359333092551	0.0019709671519915093	0.018314795899327264
290.34871616516926	0.584835574701491	0.0019710083297150016	0.018314795899327264
290.9066332403603	0.5859352391074222	0.0019710495835993684	0.018314795899327264
291.46455031555126	0.5870349265698465	0.0019710909136484048	0.018314795899327264
292.02246739074224	0.5881346371315621	0.001971132319865904	0.018314795899327264
292.58038446593326	0.589234370835367	0.0019711738022556613	0.018314795899327264
293.13830154112424	0.5903341277240594	0.0019712153608214705	0.018314795899327264
293.69621861631526	0.5914339078404371	0.0019712569955671255	0.018314795899327264
294.25413569150624	0.5925337112272986	0.0019712987064964206	0.018314795899327264
294.8120527666972	0.5936335379274416	0.00197134049361315	0.018314795899327264
295.36996984188823	0.594733387983664	0.001971382356921108	0.018314795899327264
295.9278869170792	0.5958332614387644	0.0019714242964240887	0.018314795899327264
296.4858039922702	0.5969331583355404	0.001971466312125886	0.018314795899327264
297.0437210674612	0.59803307871679	0.0019715084040302948	0.018314795899327264
297.6016381426522	0.5991330226253118	0.0019715505721411087	0.018314795899327264
298.15955521784315	0.6002329901039034	0.001971592816462122	0.018314795899327264
298.7174722930342	0.6013329811953628	0.001971635136997129	0.018314795899327264
299.27538936822515	0.6024329959424883	0.001971677533749924	0.018314795899327264
299.8333064434161	0.6035330343880779	0.0019717200067243005	0.018314795899327264
300.39122351860715	0.6046330965749297	0.001971762555924053	0.018314795899327264
300.9491405937981	0.6057331825458416	0.0019718051813529766	0.018314795899327264
301.5070576689891	0.6068332923436117	0.0019718478830148644	0.018314795899327264
302.0649747441801	0.6079334260110383	0.0019718906609135106	0.018314795899327264
302.6228918193711	0.6090335835909191	0.00197193351505271	0.018314795899327264
303.18080889456206	0.6101337651260523	0.0019719764454362567	0.018314795899327264
303.7387259697531	0.611233970659236	0.0019720194520679445	0.018314795899327264
304.29664304494406	0.6123342002332681	0.0019720625349515675	0.018314795899327264
304.85456012013503	0.6134344538909471	0.0019721056940909206	0.018314795899327264
305.41247719532606	0.6145347316750704	0.001972148929489797	0.018314795899327264
305.97039427051703	0.6156350336284366	0.001972192241151992	0.018314795899327264
306.528311345708	0.6167353597938434	0.0019722356290812985	0.018314795899327264
307.08622842089903	0.6178357102140892	0.001972279093281512	0.018314795899327264
307.64414549609	0.6189360849319717	0.0019723226337564257	0.018314795899327264
308.202062571281	0.6200364839902892	0.0019723662505098344	0.018314795899327264
308.759979646472	0.6211369074318396	0.0019724099435455317	0.018314795899327264
309.317896721663	0.6222373552994209	0.0019724537128673124	0.018314795899327264
309.87581379685395	0.6233378276358316	0.0019724975584789702	0.018314795899327264
310.433730872045	0.6244383244838693	0.0019725414803842996	0.018314795899327264
310.9916479472359	0.6255388458863319	0.0019725854785870947	0.018314795899327264
311.54956502242686	0.626639391886018	0.0019726295530911493	0.018314795899327264
312.1074820976179	0.6277399625257254	0.0019726737039002583	0.018314795899327264
312.66539917280886	0.6288405578482522	0.0019727179310182153	0.018314795899327264
313.22331624799983	0.6299411778963964	0.001972762234448815	0.018314795899327264
313.78123332319086	0.6310418227129561	0.001972806614195851	0.018314795899327264
314.33915039838183	0.6321424923407293	0.0019728510702631177	0.018314795899327264
314.8970674735728	0.633243186822514	0.001972895602654409	0.018314795899327264
315.45498454876383	0.6343439062011085	0.00197294021137352	0.018314795899327264
316.0129016239548	0.6354446505193105	0.0019729848964242444	0.018314795899327264
316.5708186991458	0.6365454198199184	0.001973029657810376	0.018314795899327264
317.1287357743368	0.63764621414573	0.0019730744955357093	0.018314795899327264
317.6866528495278	0.6387470335395435	0.001973119409604039	0.018314795899327264
318.24456992471875	0.6398478780441571	0.001973164400019158	0.018314795899327264
318.8024869999098	0.6409487477023685	0.0019732094667848613	0.018314795899327264
319.36040407510075	0.6420496425569759	0.001973254609904943	0.018314795899327264
319.9183211502917	0.6431505626507775	0.001973299829383198	0.018314795899327264
320.47623822548275	0.6442515080265712	0.0019733451252234194	0.018314795899327264
321.0341553006737	0.645352478727155	0.0019733904974294013	0.018314795899327264
321.5920723758647	0.6464534747953272	0.001973435946004939	0.018314795899327264
322.1499894510557	0.6475544962738857	0.0019734814709538254	0.018314795899327264
322.7079065262467	0.6486555432056285	0.001973527072279856	0.018314795899327264
323.26582360143766	0.6497566156333537	0.0019735727499868238	0.018314795899327264
323.8237406766287	0.6508577135998594	0.0019736185040785236	0.018314795899327264
324.38165775181966	0.6519588371479437	0.0019736643345587496	0.018314795899327264
324.93957482701063	0.6530599863204045	0.0019737102414312956	0.018314795899327264
325.49749190220166	0.6541611611600401	0.0019737562246999562	0.018314795899327264
326.05540897739263	0.6552623617096482	0.0019738022843685255	0.018314795899327264
326.6133260525836	0.6563635880120273	0.0019738484204407975	0.018314795899327264
327.17124312777463	0.657464840109975	0.0019738946329205666	0.018314795899327264
327.7291602029656	0.6585661180462896	0.0019739409218116266	0.018314795899327264
328.2870772781566	0.6596674218637691	0.0019739872871177722	0.018314795899327264
328.8449943533476	0.6607687516052116	0.0019740337288427974	0.018314795899327264
329.4029114285386	0.6618701073134153	0.0019740802469904958	0.018314795899327264
329.96082850372954	0.662971489031178	0.0019741268415646627	0.018314795899327264
330.5187455789206	0.6640728968012979	0.0019741735125690914	0.018314795899327264
331.07666265411154	0.6651743306665729	0.0019742202600075763	0.018314795899327264
331.6345797293025	0.6662757906698009	0.001974267083883912	0.018314795899327264
332.19249680449354	0.6673772768537807	0.001974313984201892	0.018314795899327264
332.7504138796845	0.6684787892613095	0.001974360960965311	0.018314795899327264
333.3083309548755	0.669580327935186	0.001974408014177963	0.018314795899327264
333.8662480300665	0.6706818929182079	0.001974455143843642	0.018314795899327264
334.4241651052575	0.6717834842531734	0.0019745023499661424	0.018314795899327264
334.98208218044846	0.6728851019828803	0.0019745496325492586	0.018314795899327264
335.5399992556395	0.673986746150127	0.001974596991596784	0.018314795899327264
336.09791633083046	0.6750884167977114	0.001974644427112514	0.018314795899327264
336.65583340602143	0.6761901139684315	0.001974691939100242	0.018314795899327264
337.21375048121246	0.6772918377050854	0.001974739527563762	0.018314795899327264
337.77166755640343	0.6783935880504712	0.0019747871925068685	0.018314795899327264
338.3295846315944	0.6794953650473872	0.001974834933933356	0.018314795899327264
338.88750170678543	0.6805971687386309	0.001974882751847018	0.018314795899327264
339.4454187819764	0.6816989991670006	0.001974930646251649	0.018314795899327264
340.0033358571674	0.6828008563752945	0.0019749786171510434	0.018314795899327264
340.5612529323584	0.6839027404063105	0.001975026664548995	0.018314795899327264
341.11917000754937	0.6850046513028467	0.0019750747884492983	0.018314795899327264
341.67708708274034	0.6861065891077013	0.0019751229888557474	0.018314795899327264
342.23500415793137	0.6872085538636721	0.0019751712657721365	0.018314795899327264
342.79292123312234	0.6883105456135574	0.0019752196192022596	0.018314795899327264
343.3508383083133	0.6894125644001551	0.0019752680491499108	0.018314795899327264
343.90875538350434	0.6905146102662632	0.001975316555618885	0.018314795899327264
344.4666724586953	0.69161668325468	0.0019753651386129755	0.018314795899327264
345.0245895338863	0.6927187834082033	0.001975413798135977	0.018314795899327264
345.5825066090773	0.6938209107696311	0.0019754625341916834	0.018314795899327264
346.1404236842683	0.6949230653817617	0.001975511346783889	0.018314795899327264
346.69834075945926	0.6960252472873931	0.0019755602359163883	0.018314795899327264
347.2562578346503	0.6971274565293235	0.001975609201592975	0.018314795899327264
347.81417490984126	0.6982296931503507	0.0019756582438174436	0.018314795899327264
348.3720919850322	0.6993319571932727	0.001975707362593588	0.018314795899327264
348.93000906022326	0.7004342487008879	0.0019757565579252025	0.018314795899327264
349.4879261354142	0.7015365677159939	0.0019758058298160815	0.018314795899327264
350.0458432106052	0.702638914281389	0.0019758551782700193	0.018314795899327264
350.6037602857962	0.7037412884398714	0.0019759046032908094	0.018314795899327264
351.1616773609872	0.704843690234239	0.0019759541048822464	0.018314795899327264
351.71959443617817	0.7059461197072898	0.0019760036830481246	0.018314795899327264
352.2775115113692	0.707048576901822	0.001976053337792238	0.018314795899327264
352.83542858656017	0.7081510618606337	0.0019761030691183806	0.018314795899327264
353.39334566175114	0.7092535746265227	0.001976152877030347	0.018314795899327264
353.95126273694217	0.7103561152422873	0.0019762027615319315	0.018314795899327264
354.50917981213314	0.7114586837507252	0.0019762527226269274	0.018314795899327264
355.0670968873241	0.7125612801946348	0.00197630276031913	0.018314795899327264
355.62501396251514	0.7136639046168142	0.0019763528746123324	0.018314795899327264
356.1829310377061	0.7147665570600612	0.00197640306551033	0.018314795899327264
356.7408481128971	0.715869237567174	0.0019764533330169157	0.018314795899327264
357.2987651880881	0.7169719461809507	0.001976503677135885	0.018314795899327264
357.8566822632791	0.7180746829441892	0.001976554097871031	0.018314795899327264
358.41459933847	0.7191774478996875	0.0019766045952261477	0.018314795899327264
358.972516413661	0.720280241090244	0.0019766551692050305	0.018314795899327264
359.530433488852	0.7213830625586566	0.001976705819811473	0.018314795899327264
360.08835056404297	0.7224859123477233	0.0019767565470492693	0.018314795899327264
360.646267639234	0.723588790500242	0.0019768073509222133	0.018314795899327264
361.20418471442497	0.7246916970590112	0.0019768582314340995	0.018314795899327264
361.76210178961594	0.7257946320668284	0.001976909188588722	0.018314795899327264
362.32001886480697	0.726897595566492	0.0019769602223898754	0.018314795899327264
362.87793593999794	0.7280005876008	0.0019770113328413533	0.018314795899327264
363.4358530151889	0.7291036082125505	0.0019770625199469504	0.018314795899327264
363.99377009037994	0.7302066574445415	0.00197711378371046	0.018314795899327264
364.5516871655709	0.731309735339571	0.0019771651241356778	0.018314795899327264
365.1096042407619	0.7324128419404372	0.0019772165412263966	0.018314795899327264
365.6675213159529	0.7335159772899379	0.001977268034986411	0.018314795899327264
366.2254383911439	0.7346191414308715	0.0019773196054195153	0.018314795899327264
366.78335546633485	0.7357223344060358	0.0019773712525295033	0.018314795899327264
367.3412725415259	0.7368255562582289	0.00197742297632017	0.018314795899327264
367.89918961671685	0.737928807030249	0.001977474776795309	0.018314795899327264
368.4571066919078	0.739032086764894	0.0019775266539587143	0.018314795899327264
369.01502376709885	0.7401353955049619	0.0019775786078141807	0.018314795899327264
369.5729408422898	0.741238733293251	0.0019776306383655017	0.018314795899327264
370.1308579174808	0.7423421001725592	0.001977682745616472	0.018314795899327264
370.6887749926718	0.7434454961856846	0.0019777349295708856	0.018314795899327264
371.2466920678628	0.7445489213754252	0.0019777871902325367	0.018314795899327264
371.80460914305377	0.7456523757845789	0.0019778395276052194	0.018314795899327264
372.3625262182448	0.7467558594559441	0.001977891941692728	0.018314795899327264
372.92044329343577	0.7478593724323186	0.0019779444324988567	0.018314795899327264
373.47836036862674	0.7489629147565007	0.0019779970000274	0.018314795899327264
374.03627744381777	0.7500664864712883	0.001978049644282151	0.018314795899327264
374.59419451900874	0.7511700876194795	0.001978102365266905	0.018314795899327264
375.1521115941997	0.7522737182438721	0.0019781551629854555	0.018314795899327264
375.71002866939074	0.7533773783872645	0.0019782080374415975	0.018314795899327264
376.2679457445817	0.7544810680924545	0.001978260988639124	0.018314795899327264
376.8258628197727	0.7555847874022403	0.00197831401658183	0.018314795899327264
377.3837798949637	0.7566885363594201	0.00197836712127351	0.018314795899327264
377.9416969701547	0.7577923150067918	0.0019784203027179573	0.018314795899327264
378.4996140453457	0.7588961233871535	0.0019784735609189663	0.018314795899327264
379.0575311205367	0.7599999615433031	0.0019785268958803317	0.018314795899327264
379.61544819572765	0.7611038295180387	0.0019785803076058472	0.018314795899327264
380.1733652709187	0.7622077273541584	0.001978633796099307	0.018314795899327264
380.73128234610965	0.7633116550944604	0.001978687361364506	0.018314795899327264
381.2891994213006	0.7644156127817426	0.001978741003405237	0.018314795899327264
381.84711649649165	0.7655196004588031	0.0019787947222252955	0.018314795899327264
382.4050335716826	0.7666236181684399	0.001978848517828475	0.018314795899327264
382.9629506468736	0.7677276659534513	0.00197890239021857	0.018314795899327264
383.5208677220646	0.7688317438566348	0.0019789563393993745	0.018314795899327264
384.0787847972556	0.7699358519207891	0.0019790103653746826	0.018314795899327264
384.63670187244657	0.7710399901887118	0.0019790644681482884	0.018314795899327264
385.1946189476376	0.7721441587032013	0.0019791186477239866	0.018314795899327264
385.75253602282856	0.7732483575070552	0.0019791729041055708	0.018314795899327264
386.31045309801954	0.774352586643072	0.001979227237296836	0.018314795899327264
386.86837017321056	0.7754568461540496	0.001979281647301575	0.018314795899327264
387.42628724840154	0.7765611360827861	0.0019793361341235837	0.018314795899327264
387.9842043235925	0.7776654564720794	0.001979390697766655	0.018314795899327264
388.54212139878354	0.7787698073647279	0.0019794453382345834	0.018314795899327264
389.1000384739745	0.7798741888035292	0.001979500055531163	0.018314795899327264
389.6579555491655	0.7809786008312816	0.0019795548496601882	0.018314795899327264
390.2158726243565	0.7820830434907831	0.0019796097206254536	0.018314795899327264
390.7737896995475	0.7831875168248316	0.0019796646684307525	0.018314795899327264
391.33170677473845	0.7842920208762256	0.00197971969307988	0.018314795899327264
391.8896238499295	0.7853965556877629	0.001979774794576629	0.018314795899327264
392.44754092512045	0.7865011213022415	0.001979829972924795	0.018314795899327264
393.0054580003114	0.7876057177624595	0.0019798852281281715	0.018314795899327264
393.56337507550245	0.7887103451112151	0.001979940560190553	0.018314795899327264
394.1212921506934	0.7898150033913058	0.0019799959691157334	0.018314795899327264
394.6792092258844	0.7909196926455304	0.001980051454907507	0.018314795899327264
395.2371263010754	0.7920244129166866	0.001980107017569668	0.018314795899327264
395.7950433762664	0.7931291642475724	0.001980162657106011	0.018314795899327264
396.35296045145736	0.794233946680986	0.001980218373520329	0.018314795899327264
396.9108775266484	0.7953387602597255	0.001980274166816417	0.018314795899327264
397.46879460183936	0.7964436050265887	0.0019803300369980697	0.018314795899327264
398.02671167703033	0.7975484810243738	0.0019803859840690804	0.018314795899327264
398.58462875222136	0.7986533882958788	0.0019804420080332436	0.018314795899327264
399.14254582741233	0.799758326883902	0.0019804981088943534	0.018314795899327264
399.7004629026033	0.8008632968312411	0.0019805542866562042	0.018314795899327264
400.25837997779433	0.8019682981806946	0.0019806105413225903	0.018314795899327264
400.8162970529853	0.8030733309750601	0.001980666872897305	0.018314795899327264
401.3742141281763	0.8041783952571359	0.0019807232813841436	0.018314795899327264
401.9321312033673	0.80528349106972	0.0019807797667869	0.018314795899327264
402.4900482785583	0.8063886184556104	0.0019808363291093675	0.018314795899327264
403.04796535374925	0.8074937774576053	0.0019808929683553414	0.018314795899327264
403.6058824289403	0.8085989681185026	0.0019809496845286153	0.018314795899327264
404.16379950413125	0.8097041904811004	0.0019810064776329835	0.018314795899327264
404.7217165793222	0.8108094445881968	0.00198106334767224	0.018314795899327264
405.27963365451325	0.8119147304825898	0.0019811202946501795	0.018314795899327264
405.8375507297042	0.8130200482070776	0.001981177318570596	0.018314795899327264
406.39546780489513	0.8141253978044579	0.001981234419437283	0.018314795899327264
406.95338488008616	0.8152307793175293	0.0019812915972540358	0.018314795899327264
407.51130195527713	0.8163361927890894	0.001981348852024648	0.018314795899327264
408.0692190304681	0.8174416382619364	0.0019814061837529137	0.018314795899327264
408.62713610565913	0.8185471157788685	0.001981463592442627	0.018314795899327264
409.1850531808501	0.8196526253826835	0.0019815210780975826	0.018314795899327264
409.7429702560411	0.8207581671161797	0.0019815786407215742	0.018314795899327264
410.3008873312321	0.821863741022155	0.001981636280318396	0.018314795899327264
410.8588044064231	0.8229693471434074	0.0019816939968918426	0.018314795899327264
411.41672148161405	0.8240749855227352	0.0019817517904457075	0.018314795899327264
411.9746385568051	0.8251806562029361	0.0019818096609837857	0.018314795899327264
412.53255563199605	0.8262863592268085	0.001981867608509871	0.018314795899327264
413.090472707187	0.8273920946371501	0.001981925633027757	0.018314795899327264
413.64838978237805	0.8284978624767595	0.001981983734541239	0.018314795899327264
414.206306857569	0.8296036627884344	0.001982041913054111	0.018314795899327264
414.76422393276	0.8307094956149728	0.001982100168570166	0.018314795899327264
415.322141007951	0.8318153609991729	0.0019821585010931994	0.018314795899327264
415.880058083142	0.8329212589838325	0.001982216910627005	0.018314795899327264
416.43797515833296	0.8340271896117499	0.001982275397175377	0.018314795899327264
416.995892233524	0.8351331529257232	0.0019823339607421093	0.018314795899327264
417.55380930871496	0.8362391489685503	0.0019823926013309966	0.018314795899327264
418.11172638390593	0.8373451777830294	0.001982451318945833	0.018314795899327264
418.66964345909696	0.8384512394119585	0.001982510113590412	0.018314795899327264
419.22756053428793	0.8395573338981356	0.0019825689852685283	0.018314795899327264
419.7854776094789	0.8406634612843586	0.0019826279339839764	0.018314795899327264
420.34339468466993	0.8417696216134261	0.00198268695974055	0.018314795899327264
420.9013117598609	0.8428758149281356	0.0019827460625420437	0.018314795899327264
421.4592288350519	0.8439820412712853	0.001982805242392251	0.018314795899327264
422.0171459102429	0.8450883006856732	0.001982864499294967	0.018314795899327264
422.5750629854339	0.8461945932140978	0.0019829238332539846	0.018314795899327264
423.13298006062485	0.8473009188993567	0.0019829832442730994	0.018314795899327264
423.6908971358159	0.848407277784248	0.001983042732356105	0.018314795899327264
424.24881421100685	0.8495136699115698	0.0019831022975067953	0.018314795899327264
424.8067312861978	0.8506200953241203	0.0019831619397289646	0.018314795899327264
425.36464836138884	0.8517265540646974	0.0019832216590264075	0.018314795899327264
425.9225654365798	0.8528330461760993	0.0019832814554029176	0.018314795899327264
426.4804825117708	0.8539395717011238	0.00198334132886229	0.018314795899327264
427.0383995869618	0.8550461306825691	0.0019834012794083173	0.018314795899327264
427.5963166621528	0.8561527231632333	0.001983461307044795	0.018314795899327264
428.15423373734376	0.8572593491859145	0.0019835214117755176	0.018314795899327264
428.7121508125348	0.8583660087934106	0.001983581593604278	0.018314795899327264
429.27006788772576	0.8594727020285199	0.001983641852534871	0.018314795899327264
429.82798496291673	0.8605794289340403	0.0019837021885710905	0.018314795899327264
430.38590203810776	0.8616861895527695	0.0019837626017167316	0.018314795899327264
430.94381911329873	0.8627929839275061	0.0019838230919755873	0.018314795899327264
431.5017361884897	0.8638998121010482	0.001983883659351453	0.018314795899327264
432.05965326368073	0.8650066741161934	0.0019839443038481216	0.018314795899327264
432.6175703388717	0.86611357001574	0.001984005025469388	0.018314795899327264
433.1754874140627	0.867220499842486	0.0019840658242190464	0.018314795899327264
433.7334044892537	0.8683274636392295	0.0019841267001008906	0.018314795899327264
434.2913215644447	0.8694344614487685	0.0019841876531187155	0.018314795899327264
434.84923863963564	0.8705414933139012	0.0019842486832763145	0.018314795899327264
435.4071557148267	0.8716485592774253	0.001984309790577482	0.018314795899327264
435.96507279001764	0.8727556593821394	0.0019843709750260127	0.018314795899327264
436.5229898652086	0.8738627936708411	0.0019844322366257003	0.018314795899327264
437.08090694039964	0.8749699621863287	0.001984493575380339	0.018314795899327264
437.6388240155906	0.8760771649714002	0.001984554991293723	0.018314795899327264
438.1967410907816	0.8771844020688535	0.001984616484369646	0.018314795899327264
438.7546581659726	0.8782916735214868	0.0019846780546119037	0.018314795899327264
439.3125752411636	0.8793989793720983	0.0019847397020242886	0.018314795899327264
439.87049231635456	0.8805063196634857	0.001984801426610596	0.018314795899327264
440.4284093915456	0.8816136944384475	0.0019848632283746195	0.018314795899327264
440.98632646673656	0.8827211037397814	0.0019849251073201534	0.018314795899327264
441.54424354192753	0.8838285476102855	0.001984987063450992	0.018314795899327264
442.10216061711856	0.8849360260927579	0.001985049096770929	0.018314795899327264
442.6600776923095	0.8860435392299968	0.0019851112072837595	0.018314795899327264
443.2179947675005	0.8871510870648001	0.001985173394993277	0.018314795899327264
443.7759118426915	0.8882586696399659	0.001985235659903276	0.018314795899327264
444.3338289178825	0.8893662869982922	0.0019852980020175505	0.018314795899327264
444.89174599307347	0.890473939182577	0.0019853604213398946	0.018314795899327264
445.4496630682645	0.8915816262356185	0.001985422917874103	0.018314795899327264
446.00758014345547	0.8926893482002148	0.001985485491623969	0.018314795899327264
446.56549721864644	0.8937971051191639	0.0019855481425932876	0.018314795899327264
447.12341429383747	0.8949048970352638	0.0019856108707858523	0.018314795899327264
447.68133136902844	0.8960127239913126	0.0019856736762054582	0.018314795899327264
448.23924844421947	0.8971205860301084	0.0019857365588558987	0.018314795899327264
448.79716551941044	0.8982284831944489	0.001985799518740968	0.018314795899327264
449.3550825946014	0.8993364155271325	0.001985862555864461	0.018314795899327264
449.91299966979244	0.9004443830709574	0.0019859256702301708	0.018314795899327264
450.4709167449834	0.9015523858687214	0.0019859888618418923	0.018314795899327264
451.0288338201744	0.9026604239632227	0.0019860521307034197	0.018314795899327264
451.5867508953654	0.9037684973972592	0.0019861154768185474	0.018314795899327264
452.1446679705564	0.904876606213629	0.0019861789001910687	0.018314795899327264
452.70258504574736	0.9059847504551302	0.0019862424008247784	0.018314795899327264
453.2605021209384	0.9070929301645608	0.0019863059787234706	0.018314795899327264
453.8184191961293	0.9082011453847187	0.0019863696338909397	0.018314795899327264
454.37633627132027	0.9093093961584024	0.0019864333663309796	0.018314795899327264
454.93425334651124	0.9104176825284097	0.0019864971760473844	0.018314795899327264
455.49217042170227	0.9115260045375387	0.001986561063043948	0.018314795899327264
456.05008749689324	0.9126343622285875	0.0019866250273244657	0.018314795899327264
456.6080045720842	0.9137427556443538	0.0019866890688927307	0.018314795899327264
457.16592164727524	0.914851184827636	0.0019867531877525374	0.018314795899327264
457.7238387224662	0.9159596498212322	0.0019868173839076805	0.018314795899327264
458.2817557976572	0.9170681506679403	0.0019868816573619533	0.018314795899327264
458.8396728728482	0.9181766874105585	0.0019869460081191506	0.018314795899327264
459.3975899480392	0.9192852600918846	0.0019870104361830662	0.018314795899327264
459.95550702323015	0.9203938687547167	0.001987074941557495	0.018314795899327264
460.5134240984212	0.9215025134418532	0.00198713952424623	0.018314795899327264
461.07134117361215	0.9226111941960919	0.0019872041842530666	0.018314795899327264
461.6292582488031	0.9237199110602309	0.0019872689215817982	0.018314795899327264
462.18717532399415	0.924828664077068	0.001987333736236219	0.018314795899327264
462.7450923991851	0.9259374532894018	0.001987398628220124	0.018314795899327264
463.30300947437615	0.9270462787400299	0.001987463597537306	0.018314795899327264
463.8609265495671	0.9281551404717504	0.001987528644191561	0.018314795899327264
464.4188436247581	0.9292640385273615	0.001987593768186681	0.018314795899327264
464.9767606999491	0.9303729729496614	0.0019876589695264624	0.018314795899327264
465.5346777751401	0.9314819437814478	0.0019877242482146977	0.018314795899327264
466.09259485033107	0.9325909510655189	0.0019877896042551817	0.018314795899327264
466.6505119255221	0.9336999948446728	0.001987855037651709	0.018314795899327264
467.20842900071307	0.9348090751617075	0.001987920548408073	0.018314795899327264
467.76634607590404	0.9359181920594212	0.0019879861365280685	0.018314795899327264
468.32426315109507	0.9370273455806118	0.0019880518020154894	0.018314795899327264
468.88218022628604	0.9381365357680775	0.00198811754487413	0.018314795899327264
469.440097301477	0.9392457626646162	0.0019881833651077844	0.018314795899327264
469.99801437666804	0.940355026313026	0.0019882492627202467	0.018314795899327264
470.555931451859	0.9414643267561049	0.001988315237715311	0.018314795899327264
471.11384852705	0.942573664036651	0.001988381290096772	0.018314795899327264
471.671765602241	0.9436830381974625	0.0019884474198684234	0.018314795899327264
472.229682677432	0.9447924492813373	0.0019885136270340596	0.018314795899327264
472.78759975262295	0.9459018973310735	0.0019885799115974745	0.018314795899327264
473.345516827814	0.9470113823894692	0.0019886462735624628	0.018314795899327264
473.90343390300495	0.9481209044993225	0.0019887127129328184	0.018314795899327264
474.4613509781959	0.9492304637034311	0.001988779229712335	0.018314795899327264
475.01926805338695	0.9503400600445935	0.0019888458239048076	0.018314795899327264
475.5771851285779	0.9514496935656075	0.00198891249551403	0.018314795899327264
476.1351022037689	0.9525593643092711	0.0019889792445437963	0.018314795899327264
476.6930192789599	0.9536690723183827	0.001989046070997901	0.018314795899327264
477.2509363541509	0.9547788176357401	0.0019891129748801383	0.018314795899327264
477.80885342934187	0.9558886003041414	0.001989179956194302	0.018314795899327264
478.3667705045329	0.9569984203663846	0.001989247014944186	0.018314795899327264
478.92468757972387	0.9581082778652678	0.0019893141511335855	0.018314795899327264
479.48260465491484	0.9592181728435891	0.0019893813647662937	0.018314795899327264
480.04052173010587	0.9603281053441466	0.0019894486558461053	0.018314795899327264
480.59843880529684	0.961438075409738	0.0019895160243768146	0.018314795899327264
481.1563558804878	0.9625480830831619	0.0019895834703622154	0.018314795899327264
481.71427295567884	0.963658128407216	0.001989650993806102	0.018314795899327264
482.2721900308698	0.9647682114246985	0.0019897185947122687	0.018314795899327264
482.8301071060608	0.9658783321784074	0.0019897862730845098	0.018314795899327264
483.3880241812518	0.9669884907111407	0.0019898540289266194	0.018314795899327264
483.9459412564428	0.9680986870656966	0.001989921862242391	0.018314795899327264
484.50385833163375	0.9692089212848729	0.00198998977303562	0.018314795899327264
485.0617754068248	0.9703191934114679	0.0019900577613100995	0.018314795899327264
485.61969248201575	0.9714295034882796	0.0019901258270696243	0.018314795899327264
486.1776095572067	0.972539851558106	0.0019901939703179886	0.018314795899327264
486.73552663239775	0.9736502376637453	0.0019902621910589864	0.018314795899327264
487.2934437075887	0.9747606618479954	0.0019903304892964118	0.018314795899327264
487.8513607827797	0.9758711241536544	0.0019903988650340587	0.018314795899327264
488.4092778579707	0.9769816246235203	0.0019904673182757223	0.018314795899327264
488.9671949331617	0.9780921633003913	0.001990535849025196	0.018314795899327264
489.52511200835266	0.9792027402270651	0.0019906044572862735	0.018314795899327264
490.0830290835437	0.9803133554463404	0.00199067314306275	0.018314795899327264
490.64094615873466	0.9814240090010147	0.0019907419063584196	0.018314795899327264
491.19886323392564	0.9825347009338863	0.001990810747177076	0.018314795899327264
491.75678030911666	0.9836454312877532	0.0019908796655225135	0.018314795899327264
492.31469738430764	0.9847562001054132	0.0019909486613985264	0.018314795899327264
492.8726144594986	0.985867007429665	0.001991017734808909	0.018314795899327264
493.43053153468964	0.986977853303306	0.0019910868857574548	0.018314795899327264
493.9884486098806	0.9880887377691348	0.0019911561142479588	0.018314795899327264
494.5463656850716	0.9891996608699488	0.0019912254202842147	0.018314795899327264
495.1042827602626	0.9903106226485466	0.001991294803870017	0.018314795899327264
495.6621998354536	0.9914216231477262	0.00199136426500916	0.018314795899327264
496.22011691064455	0.9925326624102853	0.001991433803705437	0.018314795899327264
496.7780339858356	0.9936437404790224	0.0019915034199626436	0.018314795899327264
497.33595106102655	0.9947548573967352	0.001991573113784573	0.018314795899327264
497.8938681362175	0.995866013206222	0.0019916428851750193	0.018314795899327264
498.45178521140855	0.9969772079502808	0.0019917127341377767	0.018314795899327264
499.0097022865995	0.9980884416717095	0.0019917826606766402	0.018314795899327264
499.5676193617905	0.9991997144133062	0.0019918526647954033	0.018314795899327264
500.1255364369815	1.0003110262178692	0.00199192274649786	0.018314795899327264
500.6834535121725	1.0014223771281965	0.001991992905787805	0.018314795899327264
501.24137058736346	1.002533767187086	0.0019920631426690325	0.018314795899327264
501.79928766255443	1.0036451964373354	0.0019921334571453364	0.018314795899327264
502.3572047377454	1.0047566649217434	0.001992203849220511	0.018314795899327264
502.9151218129364	1.005868172683108	0.00199227431889835	0.018314795899327264
503.4730388881274	1.006979719764227	0.0019923448661826482	0.018314795899327264
504.0309559633184	1.0080913062078984	0.0019924154910771997	0.018314795899327264
504.58887303850935	1.0092029320569202	0.0019924861935857988	0.018314795899327264
505.1467901137004	1.0103145973540912	0.0019925569737122392	0.018314795899327264
505.70470718889135	1.0114263021422085	0.0019926278314603154	0.018314795899327264
506.2626242640823	1.0125380464640705	0.0019926987668338215	0.018314795899327264
506.82054133927335	1.0136498303624757	0.001992769779836552	0.018314795899327264
507.3784584144643	1.014761653880221	0.0019928408704723	0.018314795899327264
507.9363754896553	1.0158735170601059	0.0019929120387448614	0.018314795899327264
508.4942925648463	1.0169854199449277	0.001992983284658029	0.018314795899327264
509.0522096400373	1.0180973625774843	0.001993054608215598	0.018314795899327264
509.61012671522826	1.0192093450005741	0.0019931260094213613	0.018314795899327264
510.1680437904193	1.020321367256995	0.001993197488279114	0.018314795899327264
510.72596086561026	1.021433429389545	0.0019932690447926503	0.018314795899327264
511.28387794080123	1.0225455314410226	0.0019933406789657644	0.018314795899327264
511.84179501599226	1.023657673454225	0.00199341239080225	0.018314795899327264
512.3997120911832	1.024769855471951	0.0019934841803059015	0.018314795899327264
512.9576291663742	1.0258820775369986	0.001993556047480513	0.018314795899327264
513.5155462415652	1.0269943396921655	0.001993627992329879	0.018314795899327264
514.0734633167563	1.02810664198025	0.0019937000148577935	0.018314795899327264
514.6313803919472	1.02921898444405	0.0019937721150680506	0.018314795899327264
515.1892974671382	1.0303313671263636	0.0019938442929644446	0.018314795899327264
515.7472145423292	1.0314437900699889	0.00199391654855077	0.018314795899327264
516.3051316175201	1.0325562533177242	0.0019939888818308205	0.018314795899327264
516.8630486927111	1.033668756912367	0.00199406129280839	0.018314795899327264
517.4209657679022	1.0347813008967157	0.0019941337814872737	0.018314795899327264
517.9788828430932	1.0358938853135684	0.001994206347871265	0.018314795899327264
518.5367999182841	1.037006510205723	0.001994278991964158	0.018314795899327264
519.0947169934751	1.0381191756159778	0.0019943517137697474	0.018314795899327264
519.6526340686661	1.0392318815871309	0.001994424513291827	0.018314795899327264
520.2105511438571	1.0403446281619795	0.0019944973905341914	0.018314795899327264
520.7684682190481	1.0414574153833227	0.001994570345500634	0.018314795899327264
521.3263852942391	1.042570243293958	0.00199464337819495	0.018314795899327264
521.8843023694301	1.0436831119366838	0.001994716488620933	0.018314795899327264
522.4422194446211	1.0447960213542977	0.001994789676782377	0.018314795899327264
523.000136519812	1.0459089715895984	0.0019948629426830766	0.018314795899327264
523.558053595003	1.0470219626853834	0.0019949362863268256	0.018314795899327264
524.1159706701941	1.048134994684451	0.001995009707717419	0.018314795899327264
524.6738877453851	1.049248067629599	0.00199508320685865	0.018314795899327264
525.231804820576	1.0503611815636256	0.0019951567837543133	0.018314795899327264
525.789721895767	1.051474336529329	0.0019952304384082027	0.018314795899327264
526.347638970958	1.052587532569507	0.001995304170824113	0.018314795899327264
526.905556046149	1.0537007697269583	0.0019953779810058378	0.018314795899327264
527.46347312134	1.0548140480444803	0.0019954518689571715	0.018314795899327264
528.021390196531	1.055927367564871	0.0019955258346819084	0.018314795899327264
528.579307271722	1.0570407283309289	0.0019955998781838423	0.018314795899327264
529.137224346913	1.0581541303854518	0.001995673999466768	0.018314795899327264
529.6951414221039	1.0592675737712376	0.0019957481985344795	0.018314795899327264
530.2530584972949	1.0603810585310847	0.0019958224753907705	0.018314795899327264
530.810975572486	1.0614945847077908	0.0019958968300394357	0.018314795899327264
531.368892647677	1.0626081523441544	0.0019959712624842687	0.018314795899327264
531.9268097228679	1.0637217614829733	0.0019960457727290644	0.018314795899327264
532.4847267980589	1.0648354121670454	0.0019961203607776166	0.018314795899327264
533.0426438732499	1.0659491044391691	0.0019961950266337196	0.018314795899327264
533.6005609484408	1.0670628383421423	0.0019962697703011676	0.018314795899327264
534.1584780236319	1.0681766139187632	0.001996344591783755	0.018314795899327264
534.7163950988229	1.0692904312118294	0.001996419491085275	0.018314795899327264
535.2743121740139	1.0704042902641393	0.001996494468209523	0.018314795899327264
535.8322292492048	1.071518191118491	0.0019965695231602926	0.018314795899327264
536.3901463243958	1.0726321338176823	0.001996644655941378	0.018314795899327264
536.9480633995868	1.0737461184045114	0.001996719866556573	0.018314795899327264
537.5059804747779	1.0748601449217765	0.001996795155009673	0.018314795899327264
538.0638975499688	1.0759742134122756	0.001996870521304471	0.018314795899327264
538.6218146251598	1.0770883239188067	0.0019969459654447614	0.018314795899327264
539.1797317003508	1.0782024764841678	0.001997021487434339	0.018314795899327264
539.7376487755417	1.0793166711511568	0.0019970970872769975	0.018314795899327264
540.2955658507327	1.080430907962572	0.0019971727649765307	0.018314795899327264
540.8534829259238	1.0815451869612116	0.0019972485205367336	0.018314795899327264
541.4114000011148	1.0826595081898733	0.0019973243539614	0.018314795899327264
541.9693170763057	1.0837738716913554	0.001997400265254324	0.018314795899327264
542.5272341514967	1.084888277508456	0.0019974762544192996	0.018314795899327264
543.0851512266877	1.086002725683973	0.0019975523214601216	0.018314795899327264
543.6430683018787	1.0871172162607043	0.001997628466380584	0.018314795899327264
544.2009853770697	1.0882317492814482	0.0019977046891844806	0.018314795899327264
544.7589024522607	1.0893463247890027	0.0019977809898756057	0.018314795899327264
545.3168195274517	1.090460942826166	0.0019978573684577535	0.018314795899327264
545.8747366026427	1.091575603435736	0.0019979338249347185	0.018314795899327264
546.4326536778336	1.0926903066605105	0.0019980103593102948	0.018314795899327264
546.9905707530246	1.093805052543288	0.001998086971588276	0.018314795899327264
547.5484878282157	1.0949198411268666	0.001998163661772457	0.018314795899327264
548.1064049034067	1.096034672454044	0.001998240429866632	0.018314795899327264
548.6643219785976	1.0971495465676182	0.0019983172758745943	0.018314795899327264
549.2222390537886	1.0982644635103875	0.0019983941998001392	0.018314795899327264
549.7801561289796	1.09937942332515	0.00199847120164706	0.018314795899327264
550.3380732041705	1.1004944260555647	0.001998548281726407	0.018314795899327264
550.8959902793615	1.1016094717883986	0.0019986254415088455	0.018314795899327264
551.4539073545525	1.1027245605917053	0.0019987026793995633	0.018314795899327264
552.0118244297435	1.1038396925090868	0.0019987799954041033	0.018314795899327264
552.5697415049345	1.1049548675841456	0.0019988573895280072	0.018314795899327264
553.1276585801255	1.1060700858604846	0.0019989348617768187	0.018314795899327264
553.6855756553165	1.107185347381706	0.00199901241215608	0.018314795899327264
554.2434927305075	1.1083006521914123	0.001999090040671334	0.018314795899327264
554.8014098056984	1.1094160003332059	0.001999167747328123	0.018314795899327264
555.3593268808894	1.1105313918506894	0.00199924553213199	0.018314795899327264
555.9172439560805	1.1116468267874655	0.0019993233950884775	0.018314795899327264
556.4751610312715	1.1127623051871363	0.0019994013362031283	0.018314795899327264
557.0330781064624	1.1138778270933045	0.001999479355481485	0.018314795899327264
557.5909951816534	1.1149933925495727	0.0019995574529290904	0.018314795899327264
558.1489122568444	1.1161090015995432	0.001999635628551487	0.018314795899327264
558.7068293320355	1.1172246542868185	0.0019997138823542177	0.018314795899327264
