x	chi	dchidx	s0
0.0001929108683254015	0.0	0.13334091348489305	0.13334091348489305
0.013803802841741994	0.0018148808753699452	0.13333919729769472	0.13334091348489305
0.02741469481515859	0.003629715677681308	0.13333414346015987	0.13334091348489305
0.04102558678857518	0.0054444589785624786	0.1333257519746702	0.13334091348489305
0.05463647876199178	0.007259065349659732	0.13331402284103228	0.13334091348489305
0.06824737073540836	0.009073489362609134	0.13329895605891742	0.13334091348489305
0.08185826270882496	0.010887685589036198	0.13328055162787836	0.13334091348489305
0.09546915468224154	0.012701608600555903	0.13325880954734923	0.13334091348489305
0.10908004665565814	0.014515212968772678	0.13323372981664552	0.13334091348489305
0.12269093862907474	0.01632845326528041	0.13320531243496408	0.13334091348489305
0.13630183060249132	0.018141284061662443	0.13317355740138317	0.13334091348489305
0.14991272257590793	0.019953659929491583	0.13313846471486246	0.13334091348489305
0.16352361454932451	0.021765535438974245	0.13310003437561124	0.13334091348489305
0.17713450652274113	0.023576865156810307	0.13305826638730936	0.13334091348489305
0.1907453984961577	0.025387603654894206	0.1330131607483272	0.13334091348489305
0.20435629046957426	0.027197705505594923	0.1329647174564075	0.13334091348489305
0.21796718244299088	0.029007125281205845	0.13291293650921684	0.13334091348489305
0.2315780744164075	0.030815817553944767	0.1328578179043456	0.13334091348489305
0.24518896638982407	0.03262373689595388	0.13279936163930786	0.13334091348489305
0.25879985836324065	0.0344308378792998	0.1327375677115417	0.13334091348489305
0.27241075033665724	0.03623707507597354	0.13267243611840884	0.13334091348489305
0.2860216423100739	0.03804240305789053	0.1326039668571949	0.13334091348489305
0.29963253428349046	0.03984677639689058	0.13253215992510922	0.13334091348489305
0.31324342625690704	0.04165014966473796	0.13245701531928505	0.13334091348489305
0.3268543182303236	0.04345247743312128	0.13237853303677943	0.13334091348489305
0.34046521020374027	0.04525371427365362	0.1322967130745731	0.13334091348489305
0.35407610217715685	0.04705381475787243	0.13221155542957075	0.13334091348489305
0.3676869941505734	0.048852733457239575	0.13212306009860078	0.13334091348489305
0.38129788612399	0.050650424943141335	0.13203122707841541	0.13334091348489305
0.3949087780974066	0.052446843786888395	0.13193605636569072	0.13334091348489305
0.4085196700708231	0.05424194455971584	0.13183754795702657	0.13334091348489305
0.42213056204423977	0.056035681832783193	0.13173570184894656	0.13334091348489305
0.43574145401765635	0.05782801017717433	0.13163051803789821	0.13334091348489305
0.449352345991073	0.05961888416389759	0.13152199652025276	0.13334091348489305
0.46296323796448957	0.06140825836388565	0.1314101372923053	0.13334091348489305
0.47657412993790615	0.06319608734799569	0.13129494035027472	0.13334091348489305
0.49018502191132274	0.06498232568700921	0.13117640569030373	0.13334091348489305
0.5037959138847393	0.06676692795163218	0.1310545333084588	0.13334091348489305
0.5174068058581559	0.06854984871249493	0.13092932320073025	0.13334091348489305
0.5310176978315725	0.07033104254015225	0.1308007753630322	0.13334091348489305
0.5446285898049891	0.07211046400508327	0.13066888979120253	0.13334091348489305
0.5582394817784058	0.0738880676776916	0.13053366648100304	0.13334091348489305
0.5718503737518223	0.07566380812830518	0.13039510542811922	0.13334091348489305
0.5854612657252389	0.07743763992717644	0.1302532066281604	0.13334091348489305
0.5990721576986555	0.07920951764448214	0.13010797007665978	0.13334091348489305
0.6126830496720722	0.08097939585032354	0.12995939576907425	0.13334091348489305
0.6262939416454887	0.08274722911472618	0.12980748370078463	0.13334091348489305
0.6399048336189054	0.08451297200764013	0.12965223386709546	0.13334091348489305
0.653515725592322	0.0862765790989398	0.12949364626323512	0.13334091348489305
0.6671266175657384	0.08803800495842401	0.1293317208843558	0.13334091348489305
0.6807375095391551	0.08979720415581605	0.1291664577255335	0.13334091348489305
0.6943484015125717	0.09155413126076352	0.12899785678176798	0.13334091348489305
0.7079592934859884	0.09330874084283851	0.1288259180479829	0.13334091348489305
0.7215701854594049	0.09506098747153748	0.1286506415190256	0.13334091348489305
0.7351810774328215	0.09681082571628127	0.12847202718966738	0.13334091348489305
0.7487919694062382	0.09855821014641519	0.12829007505460321	0.13334091348489305
0.7624028613796546	0.10030309533120892	0.12810478510845197	0.13334091348489305
0.7760137533530712	0.10204543583985656	0.12791615734575623	0.13334091348489305
0.7896246453264879	0.10378518624147665	0.1277241917609825	0.13334091348489305
0.8032355372999045	0.105522301105112	0.12752888834852097	0.13334091348489305
0.816846429273321	0.10725673499973003	0.12733024710268578	0.13334091348489305
0.8304573212467377	0.10898844249422242	0.12712826801771474	0.13334091348489305
0.8440682132201542	0.11071737815740527	0.12692295108776952	0.13334091348489305
0.8576791051935708	0.1124434965580192	0.12671429630693565	0.13334091348489305
0.8712899971669874	0.11416675226472914	0.12650230366922238	0.13334091348489305
0.884900889140404	0.11588709984612436	0.1262869731685628	0.13334091348489305
0.8985117811138207	0.11760449387071874	0.12606830479881384	0.13334091348489305
0.9121226730872372	0.11931888890695035	0.1258462985537562	0.13334091348489305
0.9257335650606539	0.12103023952318184	0.1256209544270944	0.13334091348489305
0.9393444570340704	0.12273850028770018	0.12539227241245673	0.13334091348489305
0.9529553490074869	0.12444362576871676	0.12516025250339535	0.13334091348489305
0.9665662409809036	0.1261455705343674	0.1249248946933862	0.13334091348489305
0.9801771329543202	0.12784428915271223	0.12468619897582903	0.13334091348489305
0.9937880249277367	0.12953973619173592	0.12444416534404736	0.13334091348489305
1.0073989169011535	0.13123186621934751	0.12419879379128856	0.13334091348489305
1.0210098088745698	0.1329206338033804	0.12395008431072381	0.13334091348489305
1.0346207008479864	0.1346059935115925	0.12369803689544806	0.13334091348489305
1.0482315928214032	0.13628789991166598	0.12344265153848011	0.13334091348489305
1.0618424847948198	0.1379663075712075	0.12318392823276253	0.13334091348489305
1.0754533767682364	0.13964117105774815	0.12292186697116173	0.13334091348489305
1.089064268741653	0.1413124449387434	0.12265646774646788	0.13334091348489305
1.1026751607150695	0.1429800837815731	0.12238773055139501	0.13334091348489305
1.1162860526884861	0.1446446432246822	0.12211540816956078	0.13334091348489305
1.1298969446619027	0.146306468641446	0.12183766740061033	0.13334091348489305
1.1435078366353193	0.14796492602443678	0.12155267677738799	0.13334091348489305
1.1571187286087359	0.14961948148594886	0.12125945145937952	0.13334091348489305
1.1707296205821525	0.1512697060200138	0.12095785431385107	0.13334091348489305
1.184340512555569	0.1529152755024003	0.12064859591584917	0.13334091348489305
1.1979514045289856	0.1545559706906143	0.12033323454820077	0.13334091348489305
1.211562296502402	0.15619167722389896	0.12001417620151321	0.13334091348489305
1.2251731884758188	0.15782238562323467	0.11969467457417422	0.13334091348489305
1.2387840804492354	0.15944819129133891	0.11937883107235196	0.13334091348489305
1.2523949724226517	0.16106929451266644	0.11907159480999496	0.13334091348489305
1.2660058643960685	0.16268600045340925	0.11877876260883213	0.13334091348489305
1.2796167563694851	0.16429871916149652	0.11850697899837284	0.13334091348489305
1.2932276483429015	0.1659079655665945	0.11826373621590681	0.13334091348489305
1.3068385403163183	0.16751435948010687	0.11805737420650415	0.13334091348489305
1.3204494322897349	0.16911862559517438	0.11789708062301542	0.13334091348489305
1.3340603242631512	0.1707215934866749	0.11779289082607153	0.13334091348489305
1.347671216236568	0.17232419761122372	0.1177556878840838	0.13334091348489305
1.3656325932298647	0.1744392534670733	0.11775586043845199	0.13334091348489305
1.3835939702231619	0.17655431243657727	0.11775603475736435	0.13334091348489305
1.4015553472164586	0.1786693745516181	0.1177562108413592	0.13334091348489305
1.4195167242097557	0.18078443984407835	0.11775638869097488	0.13334091348489305
1.4374781012030524	0.18289950834584048	0.1177565683067497	0.13334091348489305
1.4554394781963493	0.18501458008878707	0.117756749689222	0.13334091348489305
1.4734008551896463	0.18712965510480054	0.1177569328389301	0.13334091348489305
1.491362232182943	0.18924473342576348	0.11775711775641232	0.13334091348489305
1.50932360917624	0.19135981508355837	0.11775730444220699	0.13334091348489305
1.5272849861695368	0.1934749001100677	0.11775749289685242	0.13334091348489305
1.5452463631628335	0.19558998853717405	0.11775768312088696	0.13334091348489305
1.5632077401561306	0.19770508039675988	0.1177578751148489	0.13334091348489305
1.5811691171494273	0.1998201757207077	0.11775806887927662	0.13334091348489305
1.5991304941427245	0.20193527454090007	0.1177582644147084	0.13334091348489305
1.6170918711360212	0.20405037688921945	0.11775846172168256	0.13334091348489305
1.635053248129318	0.2061654827975484	0.11775866080073745	0.13334091348489305
1.653014625122615	0.20828059229776935	0.1177588616524114	0.13334091348489305
1.6709760021159117	0.2103957054217649	0.1177590642772427	0.13334091348489305
1.6889373791092088	0.2125108222014175	0.1177592686757697	0.13334091348489305
1.7068987561025055	0.2146259426686097	0.11775947484853073	0.13334091348489305
1.7248601330958024	0.21674106685522404	0.11775968279606411	0.13334091348489305
1.7428215100890994	0.21885619479314294	0.11775989251890816	0.13334091348489305
1.7607828870823963	0.22097132651424903	0.11776010401760119	0.13334091348489305
1.778744264075693	0.2230864620504247	0.11776031729268155	0.13334091348489305
1.79670564106899	0.22520160143355256	0.11776053234468756	0.13334091348489305
1.8146670180622868	0.22731674469551505	0.11776074917415752	0.13334091348489305
1.8326283950555837	0.22943189186819474	0.1177609677816298	0.13334091348489305
1.8505897720488804	0.23154704298347412	0.11776118816764268	0.13334091348489305
1.8685511490421773	0.23366219807323568	0.11776141033273452	0.13334091348489305
1.8865125260354745	0.235777357169362	0.11776163427744363	0.13334091348489305
1.9044739030287712	0.23789252030373553	0.11776186000230832	0.13334091348489305
1.922435280022068	0.24000768750823875	0.11776208750786693	0.13334091348489305
1.940396657015365	0.24212285881475426	0.1177623167946578	0.13334091348489305
1.9583580340086617	0.24423803425516452	0.11776254786321923	0.13334091348489305
1.9763194110019586	0.24635321427573587	0.1177627804986984	0.13334091348489305
1.9942807879952555	0.24846839859610328	0.11776301486368712	0.13334091348489305
2.0122421649885527	0.2505835871281763	0.11776325102082319	0.13334091348489305
2.030203541981849	0.2526987799043088	0.11776348897015161	0.13334091348489305
2.048164918975146	0.2548139769568548	0.1177637287117174	0.13334091348489305
2.066126295968443	0.2569291783181684	0.11776397024556555	0.13334091348489305
2.08408767296174	0.2590443840206034	0.11776421357174106	0.13334091348489305
2.1020490499550366	0.2611595940965139	0.11776445869028895	0.13334091348489305
2.1200104269483337	0.26327480857825386	0.11776470560125424	0.13334091348489305
2.1379718039416304	0.2653900274981772	0.1177649543046819	0.13334091348489305
2.155933180934927	0.26750525088863797	0.11776520480061695	0.13334091348489305
2.1738945579282243	0.2696204787819901	0.1177654570891044	0.13334091348489305
2.1918559349215214	0.2717357112105876	0.11776571117018923	0.13334091348489305
2.209817311914818	0.27385094820678446	0.1177659670439165	0.13334091348489305
2.227778688908115	0.2759661898029346	0.11776622471033116	0.13334091348489305
2.245740065901412	0.27808143603139207	0.11776648416947826	0.13334091348489305
2.2637014428947086	0.28019668692451083	0.11776674542140277	0.13334091348489305
2.2816628198880053	0.2823119425146448	0.1177670084661497	0.13334091348489305
2.2996241968813025	0.2844272028341481	0.11776727330376408	0.13334091348489305
2.3175855738745996	0.2865424679153745	0.11776753993429089	0.13334091348489305
2.3355469508678963	0.2886577377906782	0.11776780835777514	0.13334091348489305
2.353508327861193	0.29077301249241305	0.11776807857426186	0.13334091348489305
2.37146970485449	0.29288829205293304	0.11776835058379602	0.13334091348489305
2.389431081847787	0.2950035765045922	0.11776862438642265	0.13334091348489305
2.4073924588410835	0.29711886587974445	0.11776889998218674	0.13334091348489305
2.4253538358343807	0.29923416021074384	0.11776917737113331	0.13334091348489305
2.443315212827678	0.3013494595299443	0.11776945655330734	0.13334091348489305
2.461276589820974	0.3034647638696997	0.11776973752875387	0.13334091348489305
2.479237966814271	0.3055800732623643	0.11777002029751787	0.13334091348489305
2.4971993438075684	0.3076953877402919	0.11777030485964439	0.13334091348489305
2.5151607208008655	0.3098107073358365	0.1177705912151784	0.13334091348489305
2.5331220977941618	0.31192603208135194	0.1177708793641649	0.13334091348489305
2.551083474787459	0.31404136200919247	0.11777116930664891	0.13334091348489305
2.569044851780755	0.31615669715171185	0.11777146104267545	0.13334091348489305
2.5870062287740523	0.31827203754126426	0.1177717545722895	0.13334091348489305
2.6049676057673494	0.32038738321020355	0.11777204989553608	0.13334091348489305
2.6229289827606466	0.32250273419088366	0.11777234701246019	0.13334091348489305
2.6408903597539433	0.3246180905156587	0.11777264592310684	0.13334091348489305
2.65885173674724	0.32673345221688244	0.11777294662752102	0.13334091348489305
2.676813113740537	0.3288488193269091	0.11777324912574776	0.13334091348489305
2.6947744907338333	0.33096419187809256	0.11777355341783205	0.13334091348489305
2.7127358677271305	0.33307956990278675	0.11777385950381888	0.13334091348489305
2.7306972447204276	0.33519495343334577	0.11777416738375329	0.13334091348489305
2.7486586217137248	0.3373103425021235	0.11777447705768028	0.13334091348489305
2.7666199987070215	0.33942573714147395	0.11777478852564482	0.13334091348489305
2.784581375700318	0.341541137383751	0.11777510178769196	0.13334091348489305
2.8025427526936153	0.3436565432613089	0.11777541684386666	0.13334091348489305
2.8205041296869116	0.3457719548065013	0.11777573369421397	0.13334091348489305
2.8384655066802087	0.3478873720516824	0.11777605233877887	0.13334091348489305
2.856426883673506	0.35000279502920617	0.11777637277760637	0.13334091348489305
2.8743882606668025	0.3521182237714265	0.11777669501074148	0.13334091348489305
2.8923496376600997	0.3542336583106974	0.11777701903822921	0.13334091348489305
2.9103110146533964	0.3563490986793728	0.11777734486011454	0.13334091348489305
2.9282723916466926	0.3584645449098067	0.1177776724764425	0.13334091348489305
2.9462337686399898	0.3605799970343533	0.11777800188725808	0.13334091348489305
2.964195145633287	0.36269545508536627	0.1177783330926063	0.13334091348489305
2.982156522626584	0.3648109190951998	0.11777866609253215	0.13334091348489305
3.0001178996198807	0.36692638909620773	0.11777900088708065	0.13334091348489305
3.018079276613178	0.3690418651207441	0.1177793374762968	0.13334091348489305
3.0360406536064746	0.37115734720116283	0.11777967586022561	0.13334091348489305
3.054002030599771	0.373272835369818	0.11778001603891208	0.13334091348489305
3.071963407593068	0.37538832965906355	0.1177803580124012	0.13334091348489305
3.089924784586365	0.37750383010125343	0.117780701780738	0.13334091348489305
3.1078861615796622	0.3796193367287417	0.11778104734396748	0.13334091348489305
3.125847538572959	0.3817348495738823	0.11778139470213464	0.13334091348489305
3.1438089155662556	0.3838503686690291	0.11778174385528449	0.13334091348489305
3.1617702925595528	0.38596589404653625	0.11778209480346202	0.13334091348489305
3.179731669552849	0.3880814257387576	0.11778244754671226	0.13334091348489305
3.197693046546146	0.39019696377804725	0.1177828020850802	0.13334091348489305
3.2156544235394433	0.39231250819675906	0.11778315841861084	0.13334091348489305
3.23361580053274	0.3944280590272471	0.1177835165473492	0.13334091348489305
3.251577177526037	0.3965436163018653	0.11778387647134028	0.13334091348489305
3.269538554519334	0.39865918005296763	0.11778423819062908	0.13334091348489305
3.287499931512631	0.4007747503129081	0.11778460170526062	0.13334091348489305
3.3054613085059272	0.4028903271140407	0.11778496701527988	0.13334091348489305
3.3234226854992244	0.40500591048871937	0.11778533412073189	0.13334091348489305
3.3413840624925215	0.4071215004692982	0.11778570302166165	0.13334091348489305
3.359345439485818	0.409237097088131	0.11778607371811416	0.13334091348489305
3.3773068164791153	0.4113527003775719	0.11778644621013441	0.13334091348489305
3.395268193472412	0.41346831036997467	0.11778682049776744	0.13334091348489305
3.4132295704657087	0.41558392709769354	0.11778719658105823	0.13334091348489305
3.4311909474590054	0.4176995505930824	0.1177875744600518	0.13334091348489305
3.4491523244523026	0.4198151808884951	0.11778795413479314	0.13334091348489305
3.4671137014455993	0.42193081801628585	0.11778833560532725	0.13334091348489305
3.4850750784388964	0.4240464620088085	0.11778871887169917	0.13334091348489305
3.5030364554321936	0.4261621128984171	0.11778910393395388	0.13334091348489305
3.5209978324254902	0.4282777707174654	0.1177894907921364	0.13334091348489305
3.538959209418787	0.43039343549830766	0.1177898794462917	0.13334091348489305
3.5569205864120836	0.4325091072732977	0.11779026989646482	0.13334091348489305
3.574881963405381	0.4346247860747896	0.11779066214270077	0.13334091348489305
3.5928433403986775	0.4367404719351373	0.11779105618504453	0.13334091348489305
3.6108047173919746	0.43885616488669477	0.11779145202354112	0.13334091348489305
3.6287660943852718	0.44097186496181595	0.11779184965823553	0.13334091348489305
3.646727471378568	0.4430875721928549	0.11779224908917278	0.13334091348489305
3.6646888483718647	0.44520328661216546	0.11779265031639789	0.13334091348489305
3.682650225365162	0.4473190082521018	0.11779305333995584	0.13334091348489305
3.700611602358459	0.4494347371450178	0.11779345815989163	0.13334091348489305
3.7185729793517557	0.45155047332326753	0.1177938647762503	0.13334091348489305
3.736534356345053	0.4536662168192048	0.11779427318907681	0.13334091348489305
3.7544957333383495	0.4557819676651837	0.1177946833984162	0.13334091348489305
3.7724571103316458	0.4578977258935581	0.11779509540431347	0.13334091348489305
3.790418487324943	0.4600134915366822	0.11779550920681361	0.13334091348489305
3.80837986431824	0.46212926462690984	0.11779592480596165	0.13334091348489305
3.8263412413115367	0.46424504519659493	0.11779634220180257	0.13334091348489305
3.844302618304834	0.46636083327809164	0.1177967613943814	0.13334091348489305
3.862263995298131	0.46847662890375374	0.11779718238374312	0.13334091348489305
3.880225372291428	0.4705924321059354	0.11779760516993275	0.13334091348489305
3.898186749284724	0.4727082429169903	0.11779802975299529	0.13334091348489305
3.916148126278021	0.4748240613692729	0.11779845613297575	0.13334091348489305
3.9341095032713183	0.47693988749513677	0.11779888430991912	0.13334091348489305
3.952070880264615	0.4790557213269361	0.11779931428387044	0.13334091348489305
3.970032257257912	0.4811715628970248	0.11779974605487468	0.13334091348489305
3.9879936342512092	0.48328741223775673	0.11780017962297687	0.13334091348489305
4.005955011244506	0.48540326938148604	0.117800614988222	0.13334091348489305
4.023916388237802	0.4875191343605667	0.11780105215065508	0.13334091348489305
4.041877765231099	0.4896350072073526	0.11780149111032111	0.13334091348489305
4.059839142224396	0.49175088795419775	0.1178019318672651	0.13334091348489305
4.077800519217694	0.4938667766334563	0.11780237442153206	0.13334091348489305
4.09576189621099	0.4959826732774819	0.11780281877316699	0.13334091348489305
4.113723273204287	0.4980985779186289	0.1178032649222149	0.13334091348489305
4.131684650197585	0.5002144905892509	0.1178037128687208	0.13334091348489305
4.14964602719088	0.5023304113217021	0.11780416261272968	0.13334091348489305
4.167607404184177	0.5044463401483364	0.11780461415428656	0.13334091348489305
4.185568781177475	0.5065622771015079	0.11780506749343642	0.13334091348489305
4.203530158170771	0.5086782222135706	0.1178055226302243	0.13334091348489305
4.221491535164068	0.5107941755168783	0.11780597956469518	0.13334091348489305
4.239452912157366	0.5129101370437852	0.11780643829689408	0.13334091348489305
4.257414289150662	0.515026106826645	0.117806898826866	0.13334091348489305
4.275375666143958	0.5171420848978117	0.11780736115465594	0.13334091348489305
4.293337043137256	0.5192580712896396	0.11780782528030892	0.13334091348489305
4.311298420130552	0.5213740660344824	0.11780829120386993	0.13334091348489305
4.32925979712385	0.5234900691646942	0.11780875892538398	0.13334091348489305
4.347221174117147	0.525606080712629	0.11780922844489608	0.13334091348489305
4.365182551110443	0.5277221007106407	0.11780969976245123	0.13334091348489305
4.383143928103739	0.5298381291910832	0.11781017287809444	0.13334091348489305
4.401105305097037	0.5319541661863108	0.1178106477918707	0.13334091348489305
4.4190666820903335	0.5340702117286771	0.11781112450382504	0.13334091348489305
4.437028059083631	0.5361862658505363	0.11781160301400245	0.13334091348489305
4.454989436076928	0.5383023285842423	0.11781208332244794	0.13334091348489305
4.4729508130702245	0.5404183999621491	0.11781256542920653	0.13334091348489305
4.490912190063522	0.5425344800166108	0.11781304933432318	0.13334091348489305
4.508873567056818	0.544650568779981	0.11781353503784295	0.13334091348489305
4.5268349440501146	0.5467666662846141	0.11781402253981081	0.13334091348489305
4.544796321043412	0.548882772562864	0.11781451184027178	0.13334091348489305
4.562757698036709	0.5509988876470845	0.11781500293927086	0.13334091348489305
4.5807190750300055	0.5531150115696297	0.11781549583685305	0.13334091348489305
4.598680452023303	0.5552311443628537	0.11781599053306337	0.13334091348489305
4.6166418290166	0.5573472860591102	0.11781648702794681	0.13334091348489305
4.634603206009896	0.5594634366907533	0.11781698532154838	0.13334091348489305
4.652564583003193	0.5615795962901371	0.1178174854139131	0.13334091348489305
4.67052595999649	0.5636957648896155	0.11781798730508596	0.13334091348489305
4.6884873369897875	0.5658119425215424	0.11781849099511196	0.13334091348489305
4.706448713983084	0.5679281292182718	0.11781899648403613	0.13334091348489305
4.724410090976381	0.5700443250121578	0.11781950377190345	0.13334091348489305
4.7423714679696785	0.5721605299355543	0.11782001285875894	0.13334091348489305
4.760332844962974	0.5742767440208152	0.11782052374464759	0.13334091348489305
4.778294221956271	0.5763929673002945	0.11782103642961443	0.13334091348489305
4.7962555989495685	0.5785091998063465	0.11782155091370444	0.13334091348489305
4.814216975942865	0.5806254415713249	0.11782206719696264	0.13334091348489305
4.832178352936162	0.5827416926275835	0.11782258527943403	0.13334091348489305
4.8501397299294595	0.5848579530074767	0.11782310516116362	0.13334091348489305
4.868101106922756	0.5869742227433581	0.11782362684219641	0.13334091348489305
4.886062483916052	0.5890905018675818	0.11782415032257741	0.13334091348489305
4.90402386090935	0.5912067904125019	0.11782467560235162	0.13334091348489305
4.921985237902646	0.5933230884104723	0.11782520268156405	0.13334091348489305
4.939946614895943	0.5954393958938471	0.1178257315602597	0.13334091348489305
4.957907991889241	0.59755571289498	0.1178262622384836	0.13334091348489305
4.975869368882537	0.5996720394462253	0.11782679471628071	0.13334091348489305
4.993830745875835	0.6017883755799367	0.11782732899369606	0.13334091348489305
5.011792122869131	0.6039047213284683	0.11782786507077467	0.13334091348489305
5.029753499862427	0.606021076724174	0.11782840294756153	0.13334091348489305
5.047714876855724	0.608137441799408	0.11782894262410164	0.13334091348489305
5.065676253849022	0.6102538165865241	0.11782948410044002	0.13334091348489305
5.083637630842318	0.6123702011178764	0.11783002737662165	0.13334091348489305
5.101599007835616	0.6144865954258187	0.11783057245269157	0.13334091348489305
5.119560384828912	0.6166029995427049	0.11783111932869476	0.13334091348489305
5.137521761822208	0.6187194135008895	0.11783166800467623	0.13334091348489305
5.155483138815506	0.6208358373327261	0.117832218480681	0.13334091348489305
5.173444515808803	0.6229522710705686	0.11783277075675405	0.13334091348489305
5.191405892802099	0.6250687147467711	0.11783332483294041	0.13334091348489305
5.209367269795397	0.6271851683936875	0.11783388070928508	0.13334091348489305
5.227328646788694	0.6293016320436722	0.11783443838583305	0.13334091348489305
5.2452900237819895	0.6314181057290784	0.11783499786262933	0.13334091348489305
5.263251400775287	0.6335345894822608	0.11783555913971894	0.13334091348489305
5.281212777768584	0.6356510833355731	0.11783612221714687	0.13334091348489305
5.2991741547618805	0.6377675873213692	0.11783668709495813	0.13334091348489305
5.317135531755178	0.6398841014720031	0.11783725377319773	0.13334091348489305
5.335096908748475	0.642000625819829	0.11783782225191068	0.13334091348489305
5.353058285741772	0.6441171603972007	0.11783839253114196	0.13334091348489305
5.371019662735068	0.646233705236472	0.11783896461093661	0.13334091348489305
5.388981039728365	0.6483502603699972	0.11783953849133962	0.13334091348489305
5.4069424167216615	0.6504668258301303	0.11784011417239598	0.13334091348489305
5.424903793714959	0.6525834016492249	0.11784069165415072	0.13334091348489305
5.442865170708256	0.6546999878596353	0.11784127093664883	0.13334091348489305
5.460826547701553	0.6568165844937155	0.11784185201993531	0.13334091348489305
5.47878792469485	0.6589331915838192	0.11784243490405519	0.13334091348489305
5.496749301688146	0.6610498091623007	0.11784301958905345	0.13334091348489305
5.5147106786814435	0.6631664372615138	0.11784360607497511	0.13334091348489305
5.53267205567474	0.6652830759138125	0.11784419436186518	0.13334091348489305
5.550633432668037	0.6673997251515509	0.11784478444976865	0.13334091348489305
5.5685948096613345	0.6695163850070829	0.11784537633873053	0.13334091348489305
5.586556186654631	0.6716330555127623	0.11784597002879584	0.13334091348489305
5.604517563647928	0.6737497367009433	0.11784656552000955	0.13334091348489305
5.6224789406412246	0.6758664286039797	0.11784716281241671	0.13334091348489305
5.640440317634521	0.6779831312542257	0.11784776190606229	0.13334091348489305
5.658401694627818	0.6800998446840352	0.11784836280099131	0.13334091348489305
5.6763630716211155	0.6822165689257622	0.11784896549724877	0.13334091348489305
5.694324448614412	0.6843333040117605	0.1178495699948797	0.13334091348489305
5.71228582560771	0.6864500499743843	0.11785017629392906	0.13334091348489305
5.7302472026010065	0.6885668068459876	0.1178507843944419	0.13334091348489305
5.748208579594302	0.690683574658924	0.1178513942964632	0.13334091348489305
5.766169956587599	0.692800353445548	0.11785200600003796	0.13334091348489305
5.784131333580897	0.6949171432382133	0.11785261950521121	0.13334091348489305
5.802092710574193	0.6970339440692739	0.11785323481202793	0.13334091348489305
5.820054087567491	0.6991507559710838	0.11785385192053316	0.13334091348489305
5.838015464560788	0.701267578975997	0.11785447083077186	0.13334091348489305
5.855976841554083	0.7033844131163672	0.11785509154278907	0.13334091348489305
5.873938218547381	0.7055012584245489	0.11785571405662977	0.13334091348489305
5.891899595540678	0.7076181149328957	0.117856338372339	0.13334091348489305
5.909860972533974	0.7097349826737618	0.11785696448996173	0.13334091348489305
5.927822349527272	0.7118518616795011	0.11785759240954298	0.13334091348489305
5.945783726520569	0.7139687519824673	0.11785822213112776	0.13334091348489305
5.963745103513865	0.7160856536150151	0.11785885365476106	0.13334091348489305
5.981706480507162	0.7182025666094976	0.1178594869804879	0.13334091348489305
5.999667857500459	0.7203194909982693	0.11786012210835328	0.13334091348489305
6.017629234493755	0.722436426813684	0.11786075903840222	0.13334091348489305
6.035590611487053	0.7245533740880961	0.11786139777067971	0.13334091348489305
6.05355198848035	0.7266703328538588	0.11786203830523075	0.13334091348489305
6.071513365473646	0.7287873031433267	0.11786268064210034	0.13334091348489305
6.089474742466944	0.7309042849888537	0.11786332478133352	0.13334091348489305
6.10743611946024	0.7330212784227935	0.11786397072297525	0.13334091348489305
6.1253974964535365	0.7351382834775004	0.11786461846707058	0.13334091348489305
6.143358873446834	0.7372553001853281	0.11786526801366448	0.13334091348489305
6.161320250440131	0.7393723285786309	0.11786591936280198	0.13334091348489305
6.179281627433428	0.7414893686897623	0.11786657251452806	0.13334091348489305
6.197243004426724	0.7436064205510768	0.11786722746888775	0.13334091348489305
6.215204381420021	0.7457234841949281	0.11786788422592605	0.13334091348489305
6.2331657584133175	0.7478405596536701	0.11786854278568795	0.13334091348489305
6.251127135406615	0.7499576469596572	0.11786920314821848	0.13334091348489305
6.269088512399912	0.7520747461452431	0.11786986531356262	0.13334091348489305
6.287049889393209	0.7541918572427815	0.11787052928176539	0.13334091348489305
6.305011266386506	0.7563089802846268	0.1178711950528718	0.13334091348489305
6.322972643379802	0.7584261153031326	0.11787186262692684	0.13334091348489305
6.3409340203730995	0.7605432623306534	0.11787253200397553	0.13334091348489305
6.358895397366396	0.7626604213995429	0.11787320318406286	0.13334091348489305
6.376856774359693	0.7647775925421547	0.11787387616723384	0.13334091348489305
6.3948181513529905	0.7668947757908435	0.11787455095353348	0.13334091348489305
6.412779528346287	0.769011971177963	0.1178752275430068	0.13334091348489305
6.430740905339584	0.771129178735867	0.11787590593569879	0.13334091348489305
6.448702282332881	0.7732463984969096	0.11787658613165444	0.13334091348489305
6.466663659326177	0.7753636304934446	0.11787726813091877	0.13334091348489305
6.484625036319474	0.7774808747578263	0.1178779519335368	0.13334091348489305
6.5025864133127715	0.7795981313224085	0.11787863753955351	0.13334091348489305
6.520547790306068	0.7817154002195452	0.11787932494901392	0.13334091348489305
6.538509167299366	0.7838326814815904	0.11788001416196303	0.13334091348489305
6.5564705442926625	0.7859499751408983	0.11788070517844586	0.13334091348489305
6.574431921285958	0.7880672812298224	0.11788139799850739	0.13334091348489305
6.592393298279255	0.7901845997807169	0.11788209262219264	0.13334091348489305
6.610354675272553	0.7923019308259358	0.11788278904954662	0.13334091348489305
6.628316052265849	0.7944192743978331	0.11788348728061432	0.13334091348489305
6.646277429259147	0.7965366305287631	0.11788418731544076	0.13334091348489305
6.664238806252444	0.798653999251079	0.11788488915407094	0.13334091348489305
6.682200183245739	0.8007713805971353	0.11788559279654987	0.13334091348489305
6.700161560239037	0.8028887745992861	0.11788629824292254	0.13334091348489305
6.718122937232334	0.8050061812898852	0.11788700549323397	0.13334091348489305
6.73608431422563	0.8071236007012865	0.11788771454752917	0.13334091348489305
6.754045691218928	0.8092410328658441	0.11788842540585312	0.13334091348489305
6.772007068212225	0.811358477815912	0.11788913806825085	0.13334091348489305
6.789968445205521	0.8134759355838439	0.11788985253476736	0.13334091348489305
6.807929822198818	0.815593406201994	0.11789056880544765	0.13334091348489305
6.825891199192115	0.8177108897027163	0.11789128688033673	0.13334091348489305
6.843852576185411	0.8198283861183648	0.11789200675947961	0.13334091348489305
6.861813953178709	0.8219458954812935	0.11789272844292127	0.13334091348489305
6.879775330172006	0.8240634178238564	0.11789345193070676	0.13334091348489305
6.897736707165303	0.826180953178407	0.11789417722288104	0.13334091348489305
6.9156980841586	0.8282985015772999	0.11789490431948914	0.13334091348489305
6.933659461151896	0.8304160630528887	0.11789563322057606	0.13334091348489305
6.9516208381451925	0.8325336376375276	0.11789636392618681	0.13334091348489305
6.96958221513849	0.8346512253635707	0.1178970964363664	0.13334091348489305
6.987543592131787	0.8367688262633717	0.1178978307511598	0.13334091348489305
7.005504969125084	0.8388864403692846	0.11789856687061206	0.13334091348489305
7.023466346118381	0.8410040677136636	0.11789930479476816	0.13334091348489305
7.041427723111678	0.8431217083288625	0.11790004452367311	0.13334091348489305
7.0593891001049744	0.845239362247235	0.11790078605737193	0.13334091348489305
7.077350477098271	0.8473570295011357	0.11790152939590962	0.13334091348489305
7.095311854091568	0.8494747101229181	0.11790227453933116	0.13334091348489305
7.113273231084865	0.8515924041449363	0.11790302148768159	0.13334091348489305
7.131234608078162	0.8537101115995447	0.11790377024100589	0.13334091348489305
7.149195985071459	0.8558278325190964	0.11790452079934907	0.13334091348489305
7.167157362064756	0.8579455669359464	0.11790527316275615	0.13334091348489305
7.185118739058052	0.8600633148824477	0.11790602733127212	0.13334091348489305
7.203080116051349	0.862181076390955	0.11790678330494199	0.13334091348489305
7.2210414930446465	0.8642988514938219	0.11790754108381077	0.13334091348489305
7.239002870037943	0.8664166402234026	0.11790830066792346	0.13334091348489305
7.256964247031241	0.8685344426120509	0.11790906205732507	0.13334091348489305
7.2749256240245375	0.870652258692121	0.11790982525206059	0.13334091348489305
7.292887001017834	0.8727700884959668	0.11791059025217505	0.13334091348489305
7.31084837801113	0.874887932055942	0.11791135705771344	0.13334091348489305
7.3288097550044276	0.877005789404401	0.11791212566872078	0.13334091348489305
7.346771131997724	0.8791236605736974	0.11791289608524205	0.13334091348489305
7.364732508991022	0.8812415455961855	0.11791366830732228	0.13334091348489305
7.3826938859843185	0.8833594445042192	0.11791444233500645	0.13334091348489305
7.400655262977615	0.8854773573301524	0.1179152181683396	0.13334091348489305
7.418616639970912	0.8875952841063388	0.1179159958073667	0.13334091348489305
7.436578016964209	0.8897132248651329	0.11791677525213276	0.13334091348489305
7.454539393957505	0.8918311796388885	0.11791755650268282	0.13334091348489305
7.472500770950803	0.8939491484599595	0.11791833955906185	0.13334091348489305
7.4904621479441	0.8960671313607003	0.11791912442131487	0.13334091348489305
7.508423524937396	0.8981851283734639	0.11791991108948688	0.13334091348489305
7.526384901930694	0.9003031395306051	0.11792069956362289	0.13334091348489305
7.54434627892399	0.9024211648644778	0.11792148984376791	0.13334091348489305
7.562307655917286	0.9045392044074356	0.11792228192996693	0.13334091348489305
7.580269032910584	0.9066572581918331	0.11792307582226495	0.13334091348489305
7.598230409903881	0.9087753262500238	0.11792387152070702	0.13334091348489305
7.616191786897177	0.9108934086143614	0.11792466902533809	0.13334091348489305
7.634153163890475	0.9130115053172005	0.1179254683362032	0.13334091348489305
7.652114540883772	0.9151296163908951	0.11792626945334735	0.13334091348489305
7.670075917877067	0.9172477418677984	0.11792707237681553	0.13334091348489305
7.688037294870365	0.9193658817802655	0.11792787710665276	0.13334091348489305
7.705998671863662	0.9214840361606493	0.11792868364290404	0.13334091348489305
7.723960048856959	0.9236022050413044	0.11792949198561438	0.13334091348489305
7.741921425850256	0.9257203884545848	0.11793030213482879	0.13334091348489305
7.759882802843553	0.9278385864328442	0.11793111409059225	0.13334091348489305
7.77784417983685	0.9299567990084368	0.11793192785294979	0.13334091348489305
7.795805556830146	0.9320750262137163	0.11793274342194641	0.13334091348489305
7.813766933823443	0.934193268081037	0.11793356079762711	0.13334091348489305
7.83172831081674	0.9363115246427527	0.1179343799800369	0.13334091348489305
7.849689687810037	0.9384297959312176	0.11793520096922079	0.13334091348489305
7.867651064803334	0.940548081978785	0.11793602376522379	0.13334091348489305
7.885612441796631	0.9426663828178099	0.11793684836809087	0.13334091348489305
7.903573818789928	0.9447846984806456	0.11793767477786708	0.13334091348489305
7.921535195783224	0.9469030289996461	0.11793850299459739	0.13334091348489305
7.939496572776521	0.9490213744071656	0.11793933301832683	0.13334091348489305
7.957457949769818	0.9511397347355581	0.1179401648491004	0.13334091348489305
7.975419326763115	0.9532581100171773	0.1179409984869631	0.13334091348489305
7.993380703756412	0.9553765002843775	0.11794183393195994	0.13334091348489305
8.01134208074971	0.9574949055695126	0.11794267118413591	0.13334091348489305
8.029303457743007	0.9596133259049364	0.11794351024353604	0.13334091348489305
8.047264834736302	0.961731761323003	0.11794435111020532	0.13334091348489305
8.0652262117296	0.9638502118560666	0.11794519378418876	0.13334091348489305
8.083187588722897	0.9659686775364806	0.11794603826553136	0.13334091348489305
8.101148965716193	0.9680871583965995	0.11794688455427814	0.13334091348489305
8.11911034270949	0.9702056572526099	0.11794773282164067	0.13334091348489305
8.137071719702787	0.9723241735295508	0.1179485830296989	0.13334091348489305
8.155033096696084	0.9744427050216581	0.11794943504070188	0.13334091348489305
8.17299447368938	0.9765612517617804	0.11795028885471917	0.13334091348489305
8.190955850682677	0.9786798137827657	0.11795114447182034	0.13334091348489305
8.208917227675974	0.9807983911174624	0.11795200189207501	0.13334091348489305
8.226878604669272	0.9829169837987186	0.11795286111555273	0.13334091348489305
8.244839981662569	0.9850355918593827	0.11795372214232308	0.13334091348489305
8.262801358655866	0.9871542153323029	0.11795458497245567	0.13334091348489305
8.280762735649162	0.9892728542503273	0.11795544960602006	0.13334091348489305
8.298724112642459	0.9913915086463044	0.11795631604308582	0.13334091348489305
8.316685489635756	0.9935101785530825	0.11795718428372255	0.13334091348489305
8.334646866629052	0.9956288640035097	0.11795805432799983	0.13334091348489305
8.352608243622349	0.9977475650304343	0.11795892617598723	0.13334091348489305
8.370569620615647	0.9998662816667044	0.11795979982775434	0.13334091348489305
8.388530997608944	1.0019850139451685	0.11796067528337074	0.13334091348489305
8.406492374602239	1.0041037618986746	0.11796155254290601	0.13334091348489305
8.424453751595538	1.0062225255600714	0.11796243160642973	0.13334091348489305
8.442415128588834	1.0083413049622068	0.11796331247401148	0.13334091348489305
8.460376505582131	1.010460100137929	0.11796419514572086	0.13334091348489305
8.478337882575428	1.0125789111200865	0.11796507962162742	0.13334091348489305
8.496299259568724	1.0146977379415274	0.11796596590180075	0.13334091348489305
8.514260636562023	1.0168165806351	0.11796685398631043	0.13334091348489305
8.532222013555318	1.0189354392336525	0.11796774387522607	0.13334091348489305
8.550183390548614	1.0210543137700332	0.11796863556861721	0.13334091348489305
8.568144767541911	1.0231732042770905	0.11796952906655346	0.13334091348489305
8.58610614453521	1.0252921107876725	0.11797042436910439	0.13334091348489305
8.604067521528506	1.0274110333346274	0.11797132147633957	0.13334091348489305
8.622028898521803	1.0295299719508035	0.1179722203883286	0.13334091348489305
8.6399902755151	1.0316489266690494	0.11797312110514105	0.13334091348489305
8.657951652508396	1.0337678975222127	0.11797402362684652	0.13334091348489305
8.675913029501693	1.0358868845431422	0.11797492795351455	0.13334091348489305
8.69387440649499	1.0380058877646858	0.11797583408521477	0.13334091348489305
8.711835783488286	1.0401249072196923	0.11797674202201672	0.13334091348489305
8.729797160481585	1.0422439429410093	0.11797765176399001	0.13334091348489305
8.747758537474882	1.0443629949614854	0.1179785633112042	0.13334091348489305
8.765719914468178	1.0464820633139689	0.11797947666372889	0.13334091348489305
8.783681291461475	1.0486011480313078	0.11798039182163364	0.13334091348489305
8.801642668454772	1.0507202491463505	0.11798130878498805	0.13334091348489305
8.819604045448068	1.0528393666919453	0.1179822275538617	0.13334091348489305
8.837565422441365	1.0549585007009405	0.11798314812832417	0.13334091348489305
8.855526799434662	1.0570776512061844	0.11798407050844502	0.13334091348489305
8.87348817642796	1.0591968182405251	0.11798499469429385	0.13334091348489305
8.891449553421255	1.0613160018368106	0.11798592068594024	0.13334091348489305
8.909410930414552	1.0634352020278897	0.11798684848345377	0.13334091348489305
8.927372307407849	1.0655544188466104	0.11798777808690403	0.13334091348489305
8.945333684401147	1.067673652325821	0.11798870949636057	0.13334091348489305
8.963295061394444	1.06979290249837	0.11798964271189301	0.13334091348489305
8.98125643838774	1.071912169397105	0.11799057773357091	0.13334091348489305
8.999217815381037	1.0740314530548747	0.11799151456146385	0.13334091348489305
9.017179192374334	1.0761507535045272	0.11799245319564142	0.13334091348489305
9.03514056936763	1.078270070778911	0.11799339363617319	0.13334091348489305
9.053101946360927	1.0803894049108742	0.11799433588312876	0.13334091348489305
9.071063323354224	1.0825087559332651	0.11799527993657768	0.13334091348489305
9.089024700347522	1.084628123878932	0.11799622579658955	0.13334091348489305
9.106986077340819	1.086747508780723	0.11799717346323398	0.13334091348489305
9.124947454334116	1.0888669106714866	0.11799812293658049	0.13334091348489305
9.142908831327412	1.0909863295840705	0.11799907421669871	0.13334091348489305
9.16087020832071	1.0931057655513237	0.1180000273036582	0.13334091348489305
9.178831585314006	1.095225218606094	0.11800098219752854	0.13334091348489305
9.196792962307303	1.09734468878123	0.11800193889837932	0.13334091348489305
9.2147543393006	1.0994641761095794	0.11800289740628012	0.13334091348489305
9.232715716293896	1.101583680623991	0.11800385772130051	0.13334091348489305
9.250677093287194	1.1037032023573128	0.11800481984351009	0.13334091348489305
9.26863847028049	1.105822741342393	0.11800578377297842	0.13334091348489305
9.286599847273786	1.1079422976120799	0.11800674950977509	0.13334091348489305
9.304561224267085	1.110061871199222	0.11800771705396969	0.13334091348489305
9.322522601260381	1.1121814621366675	0.1180086864056318	0.13334091348489305
9.340483978253678	1.1143010704572642	0.11800965756483098	0.13334091348489305
9.358445355246975	1.116420696193861	0.11801063053163684	0.13334091348489305
9.376406732240271	1.1185403393793056	0.11801160530611893	0.13334091348489305
9.394368109233568	1.1206600000464464	0.11801258188834685	0.13334091348489305
9.412329486226865	1.122779678228132	0.11801356027839019	0.13334091348489305
9.430290863220161	1.1248993739572104	0.11801454047631851	0.13334091348489305
9.44825224021346	1.1270190872665298	0.1180155224822014	0.13334091348489305
9.466213617206757	1.1291388181889386	0.11801650629610845	0.13334091348489305
9.484174994200053	1.131258566757285	0.11801749191810923	0.13334091348489305
9.50213637119335	1.1333783330044171	0.11801847934827331	0.13334091348489305
9.520097748186647	1.1354981169631835	0.1180194685866703	0.13334091348489305
9.538059125179943	1.1376179186664321	0.11802045963336977	0.13334091348489305
9.55602050217324	1.1397377381470115	0.11802145248844129	0.13334091348489305
9.573981879166537	1.1418575754377696	0.11802244715195444	0.13334091348489305
9.591943256159833	1.1439774305715549	0.11802344362397882	0.13334091348489305
9.609904633153132	1.1460973035812156	0.118024441904584	0.13334091348489305
9.627866010146427	1.1482171944995998	0.11802544199383955	0.13334091348489305
9.645827387139725	1.1503371033595562	0.11802644389181507	0.13334091348489305
9.663788764133022	1.1524570301939328	0.11802744759858014	0.13334091348489305
9.681750141126319	1.1545769750355774	0.11802845311420432	0.13334091348489305
9.699711518119617	1.156696937917339	0.11802946043875721	0.13334091348489305
9.717672895112914	1.1588169188720654	0.1180304695723084	0.13334091348489305
9.73563427210621	1.160936917932605	0.11803148051492744	0.13334091348489305
9.753595649099505	1.1630569351318059	0.11803249326668394	0.13334091348489305
9.771557026092802	1.1651769705025166	0.11803350782764746	0.13334091348489305
9.789518403086099	1.1672970240775853	0.1180345241978876	0.13334091348489305
9.807479780079397	1.1694170958898604	0.11803554237747392	0.13334091348489305
9.825441157072694	1.1715371859721897	0.11803656236647601	0.13334091348489305
9.84340253406599	1.173657294357422	0.11803758416496347	0.13334091348489305
9.861363911059287	1.175777421078405	0.11803860777300586	0.13334091348489305
9.879325288052584	1.1778975661679874	0.11803963319067276	0.13334091348489305
9.897286665045883	1.1800177296590173	0.11804066041803377	0.13334091348489305
9.91524804203918	1.182137911584343	0.11804168945515844	0.13334091348489305
9.933209419032476	1.1842581119768125	0.11804272030211638	0.13334091348489305
9.951170796025773	1.1863783308692746	0.11804375295897716	0.13334091348489305
9.96913217301907	1.188498568294577	0.11804478742581036	0.13334091348489305
9.987093550012366	1.1906188242855682	0.11804582370268556	0.13334091348489305
10.005054927005661	1.1927390988750963	0.11804686178967234	0.13334091348489305
10.02301630399896	1.19485939209601	0.11804790168684029	0.13334091348489305
10.040977680992256	1.1969797039811572	0.11804894339425899	0.13334091348489305
10.058939057985553	1.1991000345633862	0.118049986911998	0.13334091348489305
10.07690043497885	1.2012203838755453	0.11805103224012693	0.13334091348489305
10.094861811972146	1.2033407519504826	0.11805207937871534	0.13334091348489305
10.112823188965445	1.2054611388210466	0.11805312832783284	0.13334091348489305
10.130784565958741	1.2075815445200855	0.11805417908754896	0.13334091348489305
10.148745942952038	1.2097019690804474	0.11805523165793333	0.13334091348489305
10.166707319945335	1.2118224125349806	0.11805628603905552	0.13334091348489305
10.184668696938632	1.2139428749165337	0.11805734223098509	0.13334091348489305
10.20263007393193	1.2160633562579544	0.11805840023379163	0.13334091348489305
10.220591450925227	1.2181838565920913	0.11805946004754474	0.13334091348489305
10.238552827918522	1.2203043759517924	0.11806052167231398	0.13334091348489305
10.256514204911818	1.2224249143699062	0.11806158510816894	0.13334091348489305
10.274475581905115	1.2245454718792812	0.1180626503551792	0.13334091348489305
10.292436958898412	1.2266660485127652	0.11806371741341433	0.13334091348489305
10.310398335891708	1.2287866443032067	0.11806478628294394	0.13334091348489305
10.328359712885007	1.2309072592834538	0.11806585696383758	0.13334091348489305
10.346321089878304	1.233027893486355	0.11806692945616484	0.13334091348489305
10.3642824668716	1.235148546944758	0.11806800375999531	0.13334091348489305
10.382243843864897	1.2372692196915118	0.11806907987539855	0.13334091348489305
10.400205220858194	1.2393899117594642	0.11807015780244418	0.13334091348489305
10.418166597851492	1.2415106231814634	0.11807123754120175	0.13334091348489305
10.436127974844789	1.243631353990358	0.11807231909174085	0.13334091348489305
10.454089351838086	1.245752104218996	0.11807340245413105	0.13334091348489305
10.472050728831382	1.247872873900226	0.11807448762844194	0.13334091348489305
10.490012105824677	1.2499936630668955	0.1180755746147431	0.13334091348489305
10.507973482817974	1.2521144717518535	0.11807666341310412	0.13334091348489305
10.525934859811272	1.254235299987948	0.11807775402359458	0.13334091348489305
10.543896236804569	1.2563561478080274	0.11807884644628404	0.13334091348489305
10.561857613797866	1.2584770152449396	0.11807994068124211	0.13334091348489305
10.579818990791162	1.2605979023315332	0.11808103672853834	0.13334091348489305
10.597780367784459	1.2627188091006563	0.11808213458824235	0.13334091348489305
10.615741744777756	1.264839735585157	0.11808323426042368	0.13334091348489305
10.633703121771054	1.266960681817884	0.11808433574515194	0.13334091348489305
10.651664498764351	1.2690816478316855	0.1180854390424967	0.13334091348489305
10.669625875757648	1.271202633659409	0.11808654415252753	0.13334091348489305
10.687587252750944	1.2733236393339038	0.11808765107531403	0.13334091348489305
10.705548629744241	1.2754446648880176	0.11808875981092579	0.13334091348489305
10.72351000673754	1.2775657103545985	0.11808987035943236	0.13334091348489305
10.741471383730834	1.279686775766495	0.11809098272090333	0.13334091348489305
10.759432760724131	1.2818078611565555	0.1180920968954083	0.13334091348489305
10.777394137717428	1.2839289665576281	0.11809321288301683	0.13334091348489305
10.795355514710725	1.286050092002561	0.11809433068379852	0.13334091348489305
10.813316891704021	1.2881712375242025	0.11809545029782292	0.13334091348489305
10.83127826869732	1.290292403155401	0.11809657172515965	0.13334091348489305
10.849239645690616	1.2924135889290045	0.11809769496587827	0.13334091348489305
10.867201022683913	1.2945347948778616	0.11809882002004836	0.13334091348489305
10.88516239967721	1.2966560210348201	0.1180999468877395	0.13334091348489305
10.903123776670506	1.2987772674327287	0.11810107556902129	0.13334091348489305
10.921085153663805	1.3008985341044355	0.11810220606396328	0.13334091348489305
10.939046530657102	1.3030198210827884	0.11810333837263508	0.13334091348489305
10.957007907650398	1.3051411284006362	0.11810447249510625	0.13334091348489305
10.974969284643693	1.3072624560908266	0.11810560843144638	0.13334091348489305
10.99293066163699	1.3093838041862087	0.11810674618172506	0.13334091348489305
11.010892038630288	1.3115051727196303	0.11810788574601186	0.13334091348489305
11.028853415623587	1.313626561723939	0.11810902712437636	0.13334091348489305
11.046814792616882	1.315747971231984	0.11811017031688814	0.13334091348489305
11.064776169610179	1.3178694012766132	0.1181113153236168	0.13334091348489305
11.082737546603475	1.3199908518906749	0.11811246214463188	0.13334091348489305
11.100698923596772	1.3221123231070173	0.118113610780003	0.13334091348489305
11.118660300590069	1.324233814958489	0.11811476122979973	0.13334091348489305
11.136621677583367	1.3263553274779376	0.11811591349409166	0.13334091348489305
11.154583054576664	1.3284768606982116	0.11811706757294835	0.13334091348489305
11.17254443156996	1.3305984146521597	0.11811822346643938	0.13334091348489305
11.190505808563257	1.3327199893726296	0.11811938117463436	0.13334091348489305
11.208467185556554	1.33484158489247	0.11812054069760285	0.13334091348489305
11.226428562549852	1.3369632012445285	0.11812170203541443	0.13334091348489305
11.244389939543149	1.3390848384616543	0.11812286518813869	0.13334091348489305
11.262351316536446	1.3412064965766948	0.1181240301558452	0.13334091348489305
11.28031269352974	1.3433281756224984	0.11812519693860356	0.13334091348489305
11.298274070523037	1.345449875631914	0.11812636553648333	0.13334091348489305
11.316235447516334	1.3475715966377892	0.1181275359495541	0.13334091348489305
11.33419682450963	1.3496933386729726	0.11812870817788544	0.13334091348489305
11.35215820150293	1.3518151017703124	0.11812988222154695	0.13334091348489305
11.370119578496226	1.3539368859626566	0.11813105808060821	0.13334091348489305
11.388080955489523	1.3560586912828538	0.11813223575513879	0.13334091348489305
11.40604233248282	1.358180517763752	0.11813341524520828	0.13334091348489305
11.424003709476116	1.3603023654381996	0.11813459655088625	0.13334091348489305
11.441965086469414	1.362424234339045	0.11813577967224229	0.13334091348489305
11.459926463462711	1.3645461244991361	0.11813696460934597	0.13334091348489305
11.477887840456008	1.3666680359513212	0.1181381513622669	0.13334091348489305
11.495849217449305	1.368789968728449	0.11813933993107462	0.13334091348489305
11.513810594442601	1.3709119228633673	0.11814053031583874	0.13334091348489305
11.531771971435896	1.373033898388924	0.11814172251662883	0.13334091348489305
11.549733348429195	1.3751558953379686	0.11814291653351447	0.13334091348489305
11.567694725422491	1.3772779137433484	0.11814411236656525	0.13334091348489305
11.585656102415788	1.3793999536379118	0.11814531001585074	0.13334091348489305
11.603617479409085	1.3815220150545071	0.11814650948144052	0.13334091348489305
11.621578856402381	1.3836440980259828	0.11814771076340419	0.13334091348489305
11.639540233395678	1.3857662025851867	0.11814891386181131	0.13334091348489305
11.657501610388977	1.3878883287649675	0.11815011877673148	0.13334091348489305
11.675462987382273	1.3900104765981731	0.11815132550823426	0.13334091348489305
11.69342436437557	1.3921326461176522	0.11815253405638926	0.13334091348489305
11.711385741368867	1.3942548373562524	0.11815374442126603	0.13334091348489305
11.729347118362163	1.3963770503468227	0.11815495660293417	0.13334091348489305
11.747308495355462	1.3984992851222109	0.11815617060146325	0.13334091348489305
11.765269872348759	1.4006215417152652	0.11815738641692285	0.13334091348489305
11.783231249342053	1.4027438201588338	0.11815860404938255	0.13334091348489305
11.80119262633535	1.4048661204857655	0.11815982349891196	0.13334091348489305
11.819154003328647	1.406988442728908	0.11816104476558063	0.13334091348489305
11.837115380321944	1.4091107869211101	0.11816226784945814	0.13334091348489305
11.855076757315242	1.4112331530952196	0.11816349275061411	0.13334091348489305
11.873038134308539	1.4133555412840848	0.11816471946911807	0.13334091348489305
11.890999511301835	1.415477951520554	0.11816594800503963	0.13334091348489305
11.908960888295132	1.4176003838374758	0.11816717835844835	0.13334091348489305
11.926922265288429	1.4197228382676979	0.11816841052941385	0.13334091348489305
11.944883642281727	1.4218453148440688	0.11816964451800567	0.13334091348489305
11.962845019275024	1.423967813599437	0.1181708803242934	0.13334091348489305
11.98080639626832	1.4260903345666502	0.11817211794834664	0.13334091348489305
11.998767773261617	1.4282128777785572	0.11817335739023496	0.13334091348489305
12.016729150254912	1.430335443268006	0.11817459865002794	0.13334091348489305
12.034690527248209	1.432458031067845	0.11817584172779516	0.13334091348489305
12.052651904241506	1.4345806412109223	0.11817708662360621	0.13334091348489305
12.070613281234804	1.4367032737300862	0.11817833333753065	0.13334091348489305
12.0885746582281	1.438825928658185	0.11817958186963809	0.13334091348489305
12.106536035221398	1.440948606028067	0.11818083221999809	0.13334091348489305
12.124497412214694	1.4430713058725804	0.11818208438868023	0.13334091348489305
12.142458789207991	1.4451940282245732	0.11818333837575411	0.13334091348489305
12.16042016620129	1.4473167731168943	0.11818459418128929	0.13334091348489305
12.178381543194586	1.4494395405823912	0.11818585180535537	0.13334091348489305
12.196342920187883	1.4515623306539127	0.11818711124802192	0.13334091348489305
12.21430429718118	1.453685143364307	0.11818837250935851	0.13334091348489305
12.232265674174476	1.455807978746422	0.11818963558943474	0.13334091348489305
12.250227051167775	1.4579308368331065	0.11819090048832019	0.13334091348489305
12.26818842816107	1.460053717657208	0.11819216720608443	0.13334091348489305
12.286149805154366	1.4621766212515754	0.11819343574279705	0.13334091348489305
12.304111182147663	1.4642995476490568	0.11819470609852761	0.13334091348489305
12.32207255914096	1.4664224968825004	0.11819597827334573	0.13334091348489305
12.340033936134256	1.4685454689847546	0.11819725226732096	0.13334091348489305
12.357995313127553	1.4706684639886674	0.11819852808052289	0.13334091348489305
12.375956690120852	1.472791481927087	0.1181998057130211	0.13334091348489305
12.393918067114148	1.4749145228328622	0.11820108516488519	0.13334091348489305
12.411879444107445	1.4770375867388408	0.1182023664361847	0.13334091348489305
12.429840821100742	1.4791606736778713	0.11820364952698925	0.13334091348489305
12.447802198094038	1.4812837836828017	0.1182049344373684	0.13334091348489305
12.465763575087337	1.4834069167864803	0.11820622116739174	0.13334091348489305
12.483724952080633	1.4855300730217555	0.11820750971712884	0.13334091348489305
12.50168632907393	1.4876532524214756	0.1182088000866493	0.13334091348489305
12.519647706067225	1.4897764550184882	0.1182100922760227	0.13334091348489305
12.537609083060522	1.4918996808456426	0.11821138628531859	0.13334091348489305
12.555570460053818	1.4940229299357868	0.11821268211460657	0.13334091348489305
12.573531837047117	1.4961462023217682	0.11821397976395624	0.13334091348489305
12.591493214040414	1.4982694980364362	0.11821527923343715	0.13334091348489305
12.60945459103371	1.5003928171126382	0.11821658052311891	0.13334091348489305
12.627415968027007	1.502516159583223	0.11821788363307108	0.13334091348489305
12.645377345020304	1.5046395254810385	0.11821918856336323	0.13334091348489305
12.6633387220136	1.5067629148389332	0.11822049531406498	0.13334091348489305
12.681300099006899	1.5088863276897553	0.11822180388524589	0.13334091348489305
12.699261476000196	1.511009764066353	0.11822311427697553	0.13334091348489305
12.717222852993492	1.5131332240015745	0.11822442648932349	0.13334091348489305
12.735184229986789	1.5152567075282684	0.11822574052235936	0.13334091348489305
12.753145606980084	1.517380214679282	0.11822705637615272	0.13334091348489305
12.77110698397338	1.519503745487465	0.11822837405077313	0.13334091348489305
12.789068360966679	1.5216272999856644	0.11822969354629019	0.13334091348489305
12.807029737959976	1.5237508782067293	0.11823101486277349	0.13334091348489305
12.824991114953272	1.5258744801835076	0.11823233800029258	0.13334091348489305
12.84295249194657	1.5279981059488477	0.11823366295891707	0.13334091348489305
12.860913868939866	1.5301217555355973	0.11823498973871653	0.13334091348489305
12.878875245933164	1.5322454289766054	0.11823631833976053	0.13334091348489305
12.896836622926461	1.5343691263047199	0.11823764876211867	0.13334091348489305
12.914797999919758	1.536492847552789	0.11823898100586053	0.13334091348489305
12.932759376913054	1.5386165927536612	0.11824031507105567	0.13334091348489305
12.950720753906351	1.5407403619401845	0.1182416509577737	0.13334091348489305
12.96868213089965	1.5428641551452074	0.11824298866608418	0.13334091348489305
12.986643507892946	1.544987972401578	0.1182443281960567	0.13334091348489305
13.004604884886241	1.5471118137421445	0.11824566954776082	0.13334091348489305
13.022566261879538	1.5492356791997552	0.11824701272126616	0.13334091348489305
13.040527638872835	1.5513595688072583	0.11824835771664227	0.13334091348489305
13.058489015866131	1.5534834825975028	0.11824970453395875	0.13334091348489305
13.076450392859428	1.555607420603336	0.11825105317328517	0.13334091348489305
13.094411769852726	1.5577313828576063	0.11825240363469111	0.13334091348489305
13.112373146846023	1.559855369393162	0.11825375591824616	0.13334091348489305
13.13033452383932	1.5619793802428519	0.1182551100240199	0.13334091348489305
13.148295900832617	1.564103415439524	0.11825646595208189	0.13334091348489305
13.166257277825913	1.5662274750160259	0.11825782370250174	0.13334091348489305
13.184218654819212	1.5683515590052066	0.11825918327534901	0.13334091348489305
13.202180031812508	1.570475667439914	0.1182605446706933	0.13334091348489305
13.220141408805805	1.5725998003529966	0.11826190788860418	0.13334091348489305
13.238102785799102	1.5747239577773025	0.11826327292915123	0.13334091348489305
13.256064162792397	1.5768481397456797	0.11826463979240404	0.13334091348489305
13.274025539785693	1.578972346290977	0.11826600847843216	0.13334091348489305
13.291986916778992	1.5810965774460426	0.11826737898730522	0.13334091348489305
13.309948293772289	1.5832208332437243	0.11826875131909277	0.13334091348489305
13.327909670765585	1.5853451137168708	0.1182701254738644	0.13334091348489305
13.345871047758882	1.5874694188983303	0.11827150145168967	0.13334091348489305
13.363832424752179	1.5895937488209508	0.1182728792526382	0.13334091348489305
13.381793801745475	1.5917181035175805	0.11827425887677954	0.13334091348489305
13.399755178738774	1.593842483021068	0.11827564032418329	0.13334091348489305
13.41771655573207	1.5959668873642614	0.11827702359491901	0.13334091348489305
13.435677932725367	1.598091316580009	0.1182784086890563	0.13334091348489305
13.453639309718664	1.6002157707011588	0.11827979560666474	0.13334091348489305
13.47160068671196	1.6023402497605597	0.1182811843478139	0.13334091348489305
13.489562063705256	1.604464753791059	0.11828257491257337	0.13334091348489305
13.507523440698554	1.6065892828255057	0.11828396730101273	0.13334091348489305
13.52548481769185	1.6087138368967482	0.11828536151320156	0.13334091348489305
13.543446194685147	1.610838416037634	0.11828675754920942	0.13334091348489305
13.561407571678444	1.6129630202810121	0.11828815540910594	0.13334091348489305
13.57936894867174	1.6150876496597302	0.11828955509296064	0.13334091348489305
13.59733032566504	1.6172123042066369	0.11829095660084316	0.13334091348489305
13.615291702658336	1.6193369839545801	0.11829235993282304	0.13334091348489305
13.633253079651633	1.6214616889364084	0.11829376508896988	0.13334091348489305
13.65121445664493	1.6235864191849703	0.11829517206935326	0.13334091348489305
13.669175833638226	1.6257111747331134	0.11829658087404275	0.13334091348489305
13.687137210631523	1.6278359556136863	0.11829799150310795	0.13334091348489305
13.705098587624821	1.6299607618595373	0.11829940395661842	0.13334091348489305
13.723059964618118	1.6320855935035143	0.11830081823464375	0.13334091348489305
13.741021341611413	1.634210450578466	0.11830223433725352	0.13334091348489305
13.75898271860471	1.6363353331172403	0.11830365226451732	0.13334091348489305
13.776944095598006	1.638460241152686	0.11830507201650471	0.13334091348489305
13.794905472591303	1.640585174717651	0.1183064935932853	0.13334091348489305
13.812866849584601	1.6427101338449834	0.11830791699492865	0.13334091348489305
13.830828226577898	1.6448351185675318	0.11830934222150434	0.13334091348489305
13.848789603571195	1.6469601289181441	0.11831076927308197	0.13334091348489305
13.866750980564492	1.649085164929669	0.1183121981497311	0.13334091348489305
13.884712357557788	1.651210226634954	0.11831362885152133	0.13334091348489305
13.902673734551087	1.6533353140668483	0.11831506137852221	0.13334091348489305
13.920635111544383	1.6554604272581994	0.11831649573080336	0.13334091348489305
13.93859648853768	1.657585566241856	0.11831793190843434	0.13334091348489305
13.956557865530977	1.6597107310506665	0.11831936991148473	0.13334091348489305
13.974519242524273	1.6618359217174783	0.11832080974002412	0.13334091348489305
13.992480619517568	1.6639611382751405	0.11832225139412209	0.13334091348489305
14.010441996510865	1.666086380756501	0.1183236948738482	0.13334091348489305
14.028403373504164	1.6682116491944083	0.11832514017927206	0.13334091348489305
14.04636475049746	1.6703369436217106	0.11832658731046324	0.13334091348489305
14.064326127490757	1.6724622640712559	0.11832803626749132	0.13334091348489305
14.082287504484054	1.6745876105758928	0.11832948705042587	0.13334091348489305
14.10024888147735	1.676712983168469	0.1183309396593365	0.13334091348489305
14.118210258470649	1.6788383818818338	0.11833239409429276	0.13334091348489305
14.136171635463946	1.6809638067488344	0.11833385035536426	0.13334091348489305
14.154133012457242	1.6830892578023193	0.11833530844262055	0.13334091348489305
14.172094389450539	1.6852147350751372	0.11833676835613123	0.13334091348489305
14.190055766443836	1.687340238600136	0.11833823009596588	0.13334091348489305
14.208017143437134	1.6894657684101642	0.11833969366219407	0.13334091348489305
14.225978520430429	1.6915913245380692	0.1183411590548854	0.13334091348489305
14.243939897423726	1.6937169070167002	0.11834262627410945	0.13334091348489305
14.261901274417022	1.6958425158789057	0.11834409531993577	0.13334091348489305
14.279862651410319	1.697968151157533	0.11834556619243398	0.13334091348489305
14.297824028403616	1.7000938128854308	0.11834703889167364	0.13334091348489305
14.315785405396914	1.7022195010954475	0.11834851341772433	0.13334091348489305
14.333746782390211	1.7043452158204313	0.11834998977065564	0.13334091348489305
14.351708159383508	1.7064709570932304	0.11835146795053715	0.13334091348489305
14.369669536376804	1.708596724946693	0.11835294795743843	0.13334091348489305
14.387630913370101	1.7107225194136673	0.11835442979142907	0.13334091348489305
14.405592290363398	1.7128483405270016	0.11835591345257865	0.13334091348489305
14.423553667356696	1.7149741883195442	0.11835739894095676	0.13334091348489305
14.441515044349993	1.717100062824144	0.11835888625663296	0.13334091348489305
14.45947642134329	1.7192259640736478	0.11836037539967686	0.13334091348489305
14.477437798336585	1.7213518921009046	0.11836186637015801	0.13334091348489305
14.495399175329881	1.7234778469387633	0.11836335916814601	0.13334091348489305
14.513360552323178	1.7256038286200714	0.11836485379371044	0.13334091348489305
14.531321929316476	1.7277298371776775	0.11836635024692088	0.13334091348489305
14.549283306309773	1.7298558726444293	0.1183678485278469	0.13334091348489305
14.56724468330307	1.7319819350531758	0.1183693486365581	0.13334091348489305
14.585206060296366	1.734108024436765	0.11837085057312403	0.13334091348489305
14.603167437289663	1.7362341408280448	0.11837235433761431	0.13334091348489305
14.621128814282962	1.738360284259864	0.1183738599300985	0.13334091348489305
14.639090191276258	1.7404864547650705	0.11837536735064619	0.13334091348489305
14.657051568269555	1.7426126523765126	0.11837687659932694	0.13334091348489305
14.675012945262852	1.7447388771270387	0.11837838767621035	0.13334091348489305
14.692974322256148	1.746865129049497	0.11837990058136601	0.13334091348489305
14.710935699249445	1.7489914081767355	0.11838141531486347	0.13334091348489305
14.72889707624274	1.7511177145416026	0.11838293187677235	0.13334091348489305
14.746858453236038	1.753244048176947	0.11838445026716218	0.13334091348489305
14.764819830229335	1.7553704091156161	0.1183859704861026	0.13334091348489305
14.782781207222632	1.7574967973904592	0.11838749253366315	0.13334091348489305
14.800742584215929	1.759623213034324	0.11838901640991342	0.13334091348489305
14.818703961209225	1.7617496560800583	0.118390542114923	0.13334091348489305
14.836665338202524	1.7638761265605112	0.11839206964876146	0.13334091348489305
14.85462671519582	1.7660026245085305	0.1183935990114984	0.13334091348489305
14.872588092189117	1.7681291499569647	0.11839513020320337	0.13334091348489305
14.890549469182414	1.7702557029386616	0.11839666322394599	0.13334091348489305
14.90851084617571	1.7723822834864698	0.1183981980737958	0.13334091348489305
14.926472223169009	1.7745088916332374	0.11839973475282241	0.13334091348489305
14.944433600162306	1.776635527411813	0.11840127326109538	0.13334091348489305
14.9623949771556	1.7787621908550446	0.11840281359868432	0.13334091348489305
14.980356354148897	1.7808888819957804	0.11840435576565879	0.13334091348489305
14.998317731142194	1.7830156008668687	0.11840589976208836	0.13334091348489305
15.01627910813549	1.785142347501158	0.11840744558804264	0.13334091348489305
15.034240485128787	1.7872691219314962	0.11840899324359119	0.13334091348489305
15.052201862122086	1.7893959241907318	0.11841054272880361	0.13334091348489305
15.070163239115383	1.7915227543117132	0.11841209404374946	0.13334091348489305
15.08812461610868	1.7936496123272878	0.11841364718849832	0.13334091348489305
15.106085993101976	1.7957764982703048	0.1184152021631198	0.13334091348489305
15.124047370095273	1.7979034121736122	0.11841675896768346	0.13334091348489305
15.142008747088571	1.8000303540700582	0.11841831760225888	0.13334091348489305
15.159970124081868	1.802157323992491	0.11841987806691563	0.13334091348489305
15.177931501075165	1.804284321973759	0.11842144036172332	0.13334091348489305
15.195892878068461	1.8064113480467103	0.11842300448675151	0.13334091348489305
15.213854255061756	1.808538402244193	0.11842457044206979	0.13334091348489305
15.231815632055053	1.810665484599056	0.11842613822774775	0.13334091348489305
15.249777009048351	1.8127925951441468	0.11842770784385495	0.13334091348489305
15.267738386041648	1.8149197339123142	0.11842927929046097	0.13334091348489305
15.285699763034945	1.8170469009364059	0.11843085256763541	0.13334091348489305
15.303661140028241	1.819174096249271	0.11843242767544786	0.13334091348489305
15.321622517021538	1.821301319883757	0.11843400461396786	0.13334091348489305
15.339583894014837	1.8234285718727126	0.11843558338326503	0.13334091348489305
15.357545271008133	1.8255558522489859	0.11843716398340892	0.13334091348489305
15.37550664800143	1.827683161045425	0.11843874641446914	0.13334091348489305
15.393468024994727	1.8298104982948784	0.11844033067651526	0.13334091348489305
15.411429401988023	1.831937864030194	0.11844191676961684	0.13334091348489305
15.42939077898132	1.8340652582842205	0.1184435046938435	0.13334091348489305
15.447352155974619	1.836192681089806	0.11844509444926479	0.13334091348489305
15.465313532967913	1.8383201324797984	0.11844668603595031	0.13334091348489305
15.48327490996121	1.8404476124870466	0.11844827945396963	0.13334091348489305
15.501236286954507	1.8425751211443984	0.11844987470339233	0.13334091348489305
15.519197663947804	1.8447026584847022	0.118451471784288	0.13334091348489305
15.5371590409411	1.8468302245408064	0.11845307069672621	0.13334091348489305
15.555120417934399	1.8489578193455594	0.11845467144077655	0.13334091348489305
15.573081794927695	1.8510854429318084	0.1184562740165086	0.13334091348489305
15.591043171920992	1.853213095332403	0.11845787842399194	0.13334091348489305
15.609004548914289	1.8553407765801908	0.11845948466329616	0.13334091348489305
15.626965925907585	1.85746848670802	0.11846109273449082	0.13334091348489305
15.644927302900884	1.859596225748739	0.11846270263764552	0.13334091348489305
15.66288867989418	1.8617239937351964	0.11846431437282982	0.13334091348489305
15.680850056887477	1.8638517907002397	0.11846592794011333	0.13334091348489305
15.698811433880772	1.8659796166767175	0.1184675433395656	0.13334091348489305
15.716772810874069	1.8681074716974784	0.11846916057125624	0.13334091348489305
15.734734187867366	1.8702353557953701	0.11847077963525482	0.13334091348489305
15.752695564860662	1.8723632690032415	0.11847240053163091	0.13334091348489305
15.77065694185396	1.8744912113539405	0.1184740232604541	0.13334091348489305
15.788618318847258	1.8766191828803152	0.11847564782179398	0.13334091348489305
15.806579695840554	1.8787471836152139	0.11847727421572012	0.13334091348489305
15.824541072833851	1.880875213591485	0.1184789024423021	0.13334091348489305
15.842502449827148	1.8830032728419768	0.1184805325016095	0.13334091348489305
15.860463826820446	1.8851313613995375	0.11848216439371191	0.13334091348489305
15.878425203813743	1.8872594792970154	0.1184837981186789	0.13334091348489305
15.89638658080704	1.8893876265672587	0.11848543367658007	0.13334091348489305
15.914347957800336	1.8915158032431156	0.11848707106748498	0.13334091348489305
15.932309334793633	1.8936440093574343	0.11848871029146323	0.13334091348489305
15.950270711786928	1.8957722449430632	0.11849035134858438	0.13334091348489305
15.968232088780226	1.8979005100328505	0.11849199423891801	0.13334091348489305
15.986193465773523	1.9000288046596445	0.11849363896253373	0.13334091348489305
16.00415484276682	1.9021571288562935	0.1184952855195011	0.13334091348489305
16.022116219760118	1.9042854826556455	0.1184969339098897	0.13334091348489305
16.040077596753413	1.9064138660905496	0.11849858413376912	0.13334091348489305
16.05803897374671	1.9085422791938527	0.11850023619120893	0.13334091348489305
16.076000350740006	1.9106707219984043	0.11850189008227874	0.13334091348489305
16.093961727733305	1.9127991945370515	0.11850354580704808	0.13334091348489305
16.111923104726603	1.9149276968426439	0.11850520336558658	0.13334091348489305
16.1298844817199	1.9170562289480286	0.1185068627579638	0.13334091348489305
16.147845858713197	1.9191847908860544	0.11850852398424931	0.13334091348489305
16.16580723570649	1.9213133826895694	0.1185101870445127	0.13334091348489305
16.18376861269979	1.923442004391422	0.11851185193882358	0.13334091348489305
16.201729989693085	1.92557065602446	0.11851351866725147	0.13334091348489305
16.21969136668638	1.9276993376215326	0.11851518722986601	0.13334091348489305
16.23765274367968	1.9298280492154871	0.11851685762673676	0.13334091348489305
16.255614120672977	1.9319567908391724	0.11851852985793329	0.13334091348489305
16.273575497666272	1.9340855625254363	0.11852020392352519	0.13334091348489305
16.29153687465957	1.9362143643071272	0.11852187982358203	0.13334091348489305
16.309498251652865	1.9383431962170936	0.11852355755817341	0.13334091348489305
16.327459628646164	1.9404720582881834	0.11852523712736891	0.13334091348489305
16.345421005639462	1.942600950553245	0.1185269185312381	0.13334091348489305
16.363382382632757	1.944729873045127	0.11852860176985056	0.13334091348489305
16.381343759626056	1.9468588257966775	0.11853028684327588	0.13334091348489305
16.39930513661935	1.948987808840744	0.11853197375158363	0.13334091348489305
16.41726651361265	1.9511168222101756	0.1185336624948434	0.13334091348489305
16.435227890605944	1.9532458659378205	0.11853535307312478	0.13334091348489305
16.453189267599242	1.9553749400565263	0.11853704548649732	0.13334091348489305
16.471150644592537	1.957504044599142	0.11853873973503064	0.13334091348489305
16.489112021585836	1.9596331795985156	0.1185404358187943	0.13334091348489305
16.50707339857913	1.9617623450874955	0.11854213373785787	0.13334091348489305
16.52503477557243	1.9638915410989295	0.11854383349229096	0.13334091348489305
16.542996152565728	1.9660207676656665	0.11854553508216312	0.13334091348489305
16.560957529559023	1.9681500248205541	0.11854723850754395	0.13334091348489305
16.57891890655232	1.9702793125964408	0.11854894376850303	0.13334091348489305
16.596880283545616	1.9724086310261755	0.11855065086510994	0.13334091348489305
16.614841660538914	1.9745379801426053	0.11855235979743425	0.13334091348489305
16.632803037532213	1.9766673599785791	0.11855407056554557	0.13334091348489305
16.650764414525508	1.9787967705669454	0.11855578316951344	0.13334091348489305
16.668725791518806	1.9809262119405517	0.11855749760940748	0.13334091348489305
16.6866871685121	1.983055684132247	0.11855921388529723	0.13334091348489305
16.704648545505396	1.9851851871748794	0.11856093199725232	0.13334091348489305
16.722609922498695	1.9873147211012967	0.1185626519453423	0.13334091348489305
16.740571299491993	1.9894442859443477	0.11856437372963674	0.13334091348489305
16.758532676485288	1.9915738817368804	0.11856609735020526	0.13334091348489305
16.776494053478586	1.9937035085117432	0.1185678228071174	0.13334091348489305
16.79445543047188	1.995833166301784	0.11856955010044277	0.13334091348489305
16.81241680746518	1.9979628551398518	0.11857127923025094	0.13334091348489305
16.83037818445848	2.000092575058794	0.1185730101966115	0.13334091348489305
16.848339561451773	2.0022223260914593	0.118574742999594	0.13334091348489305
16.86630093844507	2.0043521082706954	0.11857647763926807	0.13334091348489305
16.884262315438367	2.006481921629352	0.11857821411570325	0.13334091348489305
16.902223692431665	2.008611766200276	0.11857995242896914	0.13334091348489305
16.92018506942496	2.010741642016316	0.11858169257913531	0.13334091348489305
16.938146446418255	2.01287154911032	0.11858343456627136	0.13334091348489305
16.956107823411553	2.0150014875151365	0.11858517839044685	0.13334091348489305
16.974069200404852	2.0171314572636145	0.11858692405173138	0.13334091348489305
16.992030577398147	2.0192614583886015	0.11858867155019451	0.13334091348489305
17.009991954391445	2.0213914909229453	0.11859042088590584	0.13334091348489305
17.02795333138474	2.0235215548994954	0.11859217205893494	0.13334091348489305
17.04591470837804	2.025651650351099	0.1185939250693514	0.13334091348489305
17.063876085371337	2.0277817773106044	0.11859567991722479	0.13334091348489305
17.081837462364632	2.02991193581086	0.1185974366026247	0.13334091348489305
17.09979883935793	2.0320421258847152	0.1185991951256207	0.13334091348489305
17.117760216351225	2.0341723475650166	0.11860095548628238	0.13334091348489305
17.135721593344524	2.0363026008846132	0.11860271768467934	0.13334091348489305
17.153682970337822	2.038432885876354	0.11860448172088112	0.13334091348489305
17.171644347331117	2.040563202573085	0.11860624759495732	0.13334091348489305
17.189605724324412	2.0426935510076567	0.11860801530697754	0.13334091348489305
17.20756710131771	2.0448239312129166	0.11860978485701132	0.13334091348489305
17.225528478311006	2.0469543432217128	0.11861155624512829	0.13334091348489305
17.243489855304304	2.049084787066894	0.118613329471398	0.13334091348489305
17.261451232297603	2.051215262781308	0.11861510453589003	0.13334091348489305
17.279412609290898	2.0533457703978026	0.11861688143867397	0.13334091348489305
17.297373986284196	2.0554763099492273	0.1186186601798194	0.13334091348489305
17.31533536327749	2.0576068814684296	0.11862044075939589	0.13334091348489305
17.33329674027079	2.0597374849882577	0.11862222317747304	0.13334091348489305
17.351258117264088	2.0618681205415603	0.11862400743412042	0.13334091348489305
17.369219494257383	2.063998788161185	0.11862579352940762	0.13334091348489305
17.38718087125068	2.066129487879981	0.11862758146340421	0.13334091348489305
17.405142248243976	2.0682602197307958	0.11862937123617978	0.13334091348489305
17.42310362523727	2.0703909837464773	0.1186311628478039	0.13334091348489305
17.44106500223057	2.0725217799598745	0.11863295629834616	0.13334091348489305
17.459026379223868	2.0746526084038357	0.11863475158787613	0.13334091348489305
17.476987756217163	2.0767834691112093	0.11863654871646341	0.13334091348489305
17.49494913321046	2.0789143621148427	0.11863834768417758	0.13334091348489305
17.512910510203756	2.0810452874475844	0.1186401484910882	0.13334091348489305
17.530871887197055	2.0831762451422833	0.11864195113726486	0.13334091348489305
17.548833264190353	2.085307235231787	0.11864375562277715	0.13334091348489305
17.566794641183648	2.087438257748945	0.11864556194769464	0.13334091348489305
17.584756018176947	2.0895693127266037	0.11864737011208693	0.13334091348489305
17.60271739517024	2.0917004001976123	0.11864918011602357	0.13334091348489305
17.62067877216354	2.093831520194819	0.11865099195957417	0.13334091348489305
17.638640149156835	2.0959626727510723	0.11865280564280828	0.13334091348489305
17.65660152615013	2.0980938578992196	0.11865462116579552	0.13334091348489305
17.67456290314343	2.1002250756721104	0.11865643852860544	0.13334091348489305
17.692524280136727	2.1023563261025915	0.11865825773130764	0.13334091348489305
17.71048565713002	2.104487609223513	0.1186600787739717	0.13334091348489305
17.72844703412332	2.1066189250677216	0.11866190165666718	0.13334091348489305
17.746408411116615	2.1087502736680657	0.11866372637946368	0.13334091348489305
17.764369788109914	2.110881655057395	0.11866555294243077	0.13334091348489305
17.782331165103212	2.113013069268556	0.11866738134563805	0.13334091348489305
17.800292542096507	2.1151445163343974	0.11866921158915508	0.13334091348489305
17.818253919089805	2.1172759962877685	0.11867104367305145	0.13334091348489305
17.8362152960831	2.119407509161516	0.11867287759739674	0.13334091348489305
17.8541766730764	2.1215390549884896	0.11867471336226054	0.13334091348489305
17.872138050069697	2.1236706338015363	0.11867655096771242	0.13334091348489305
17.890099427062992	2.1258022456335053	0.11867839041382196	0.13334091348489305
17.908060804056287	2.127933890517244	0.11868023170065874	0.13334091348489305
17.926022181049586	2.1300655684856014	0.11868207482829235	0.13334091348489305
17.94398355804288	2.1321972795714257	0.11868391979679237	0.13334091348489305
17.96194493503618	2.134329023807565	0.11868576660622839	0.13334091348489305
17.979906312029478	2.1364608012268675	0.11868761525666996	0.13334091348489305
17.997867689022772	2.1385926118621814	0.11868946574818669	0.13334091348489305
18.01582906601607	2.140724455746355	0.11869131808084814	0.13334091348489305
18.033790443009366	2.1428563329122365	0.11869317225472391	0.13334091348489305
18.051751820002664	2.144988243392675	0.11869502826988357	0.13334091348489305
18.069713196995963	2.1471201872205175	0.11869688612639671	0.13334091348489305
18.087674573989258	2.1492521644286127	0.1186987458243329	0.13334091348489305
18.105635950982556	2.1513841750498086	0.11870060736376173	0.13334091348489305
18.12359732797585	2.1535162191169546	0.11870247074475278	0.13334091348489305
18.14155870496915	2.155648296662897	0.11870433596737562	0.13334091348489305
18.159520081962444	2.1577804077204856	0.11870620303169985	0.13334091348489305
18.177481458955743	2.1599125523225693	0.11870807193779503	0.13334091348489305
18.195442835949038	2.162044730501994	0.11870994268573076	0.13334091348489305
18.213404212942336	2.1641769422916104	0.1187118152755766	0.13334091348489305
18.23136558993563	2.1663091877242646	0.11871368970740216	0.13334091348489305
18.24932696692893	2.1684414668328063	0.118715565981277	0.13334091348489305
18.267288343922225	2.1705737796500832	0.1187174440972707	0.13334091348489305
18.285249720915523	2.1727061262089444	0.11871932405545285	0.13334091348489305
18.30321109790882	2.174838506542237	0.11872120585589303	0.13334091348489305
18.321172474902117	2.1769709206828094	0.11872308949866082	0.13334091348489305
18.339133851895415	2.17910336866351	0.1187249749838258	0.13334091348489305
18.35709522888871	2.1812358505171883	0.11872686231145754	0.13334091348489305
18.37505660588201	2.1833683662766905	0.11872875148162565	0.13334091348489305
18.393017982875303	2.185500915974866	0.11873064249439969	0.13334091348489305
18.410979359868602	2.187633499644563	0.11873253534984923	0.13334091348489305
18.428940736861897	2.1897661173186296	0.11873443004804388	0.13334091348489305
18.446902113855195	2.1918987690299145	0.1187363265890532	0.13334091348489305
18.46486349084849	2.194031454811265	0.11873822497294677	0.13334091348489305
18.48282486784179	2.1961641746955305	0.11874012519979418	0.13334091348489305
18.500786244835087	2.1982969287155587	0.11874202726966503	0.13334091348489305
18.518747621828382	2.200429716904198	0.11874393118262885	0.13334091348489305
18.53670899882168	2.202562539294296	0.11874583693875528	0.13334091348489305
18.554670375814975	2.2046953959187015	0.11874774453811386	0.13334091348489305
18.572631752808274	2.2068282868102624	0.11874965398077418	0.13334091348489305
18.590593129801572	2.2089612120018276	0.11875156526680583	0.13334091348489305
18.608554506794867	2.211094171526245	0.11875347839627838	0.13334091348489305
18.626515883788166	2.213227165416363	0.11875539336926143	0.13334091348489305
18.64447726078146	2.2153601937050293	0.11875731018582454	0.13334091348489305
18.662438637774756	2.217493256425093	0.11875922884603729	0.13334091348489305
18.680400014768054	2.2196263536094025	0.11876114934996929	0.13334091348489305
18.698361391761352	2.2217594852908045	0.11876307169769008	0.13334091348489305
18.716322768754647	2.2238926515021493	0.11876499588926927	0.13334091348489305
18.734284145747946	2.226025852276283	0.11876692192477643	0.13334091348489305
18.75224552274124	2.228159087646056	0.11876884980428115	0.13334091348489305
18.77020689973454	2.2302923576443145	0.118770779527853	0.13334091348489305
18.788168276727838	2.232425662303909	0.11877271109556158	0.13334091348489305
18.806129653721133	2.2345590016576855	0.11877464450747645	0.13334091348489305
18.82409103071443	2.236692375738494	0.11877657976366719	0.13334091348489305
18.842052407707726	2.238825784579182	0.1187785168642034	0.13334091348489305
18.860013784701025	2.240959228212598	0.11878045580915464	0.13334091348489305
18.877975161694323	2.243092706671589	0.11878239659859051	0.13334091348489305
18.895936538687618	2.2452262199890054	0.11878433923258058	0.13334091348489305
18.913897915680913	2.2473597681976942	0.11878628371119444	0.13334091348489305
18.93185929267421	2.2494933513305035	0.11878823003450166	0.13334091348489305
18.949820669667506	2.2516269694202826	0.11879017820257182	0.13334091348489305
18.967782046660805	2.253760622499878	0.11879212821547451	0.13334091348489305
18.9857434236541	2.25589431060214	0.11879408007327931	0.13334091348489305
19.003704800647398	2.2580280337599152	0.1187960337760558	0.13334091348489305
19.021666177640697	2.2601617920060537	0.11879798932387356	0.13334091348489305
19.03962755463399	2.2622955853734013	0.11879994671680216	0.13334091348489305
19.05758893162729	2.2644294138948085	0.1188019059549112	0.13334091348489305
19.075550308620585	2.266563277603122	0.11880386703827026	0.13334091348489305
19.093511685613883	2.268697176531191	0.1188058299669489	0.13334091348489305
19.111473062607182	2.270831110711863	0.11880779474101673	0.13334091348489305
19.129434439600477	2.272965080177987	0.1188097613605433	0.13334091348489305
19.14739581659377	2.275099084962411	0.11881172982559822	0.13334091348489305
19.16535719358707	2.277233125097983	0.11881370013625106	0.13334091348489305
19.183318570580365	2.2793672006175516	0.1188156722925714	0.13334091348489305
19.201279947573664	2.281501311553965	0.1188176462946288	0.13334091348489305
19.219241324566962	2.2836354579400715	0.11881962214249288	0.13334091348489305
19.237202701560257	2.285769639808719	0.1188215998362332	0.13334091348489305
19.255164078553555	2.287903857192756	0.11882357937591934	0.13334091348489305
19.27312545554685	2.2900381101250304	0.11882556076162089	0.13334091348489305
19.29108683254015	2.2921723986383915	0.11882754399340742	0.13334091348489305
