x	chi	dchidx	s0
0.0002127697519914142	0.0	0.016521377102980486	0.016521377102980486
0.013823461130623504	0.00022485943525839784	0.01651965539047877	0.016521377102980486
0.027434152509255596	0.00044967271356834485	0.016514594648369317	0.016521377102980486
0.04104484388788768	0.0006743943884283703	0.016506194876655562	0.016521377102980486
0.05465553526651977	0.0008989790133372425	0.01649445607533166	0.016521377102980486
0.06826622664515188	0.0011233811417935063	0.016479378244389466	0.016521377102980486
0.08187691802378395	0.0013475553272954796	0.0164609613838186	0.016521377102980486
0.09548760940241605	0.001571456123341254	0.016439205493606418	0.016521377102980486
0.10909830078104814	0.001795038083428695	0.01641411057373802	0.016521377102980486
0.12270899215968023	0.00201825576105544	0.01638567662419627	0.016521377102980486
0.13631968353831234	0.0022410637097188997	0.016353903644961764	0.016521377102980486
0.14993037491694441	0.0024634164829162595	0.016318791636012856	0.016521377102980486
0.1635410662955765	0.002685268634136337	0.01628034059738257	0.016521377102980486
0.1771517576742086	0.0029065747168621177	0.01623855052914526	0.016521377102980486
0.19076244905284068	0.0031272892845948677	0.016193421431245043	0.016521377102980486
0.20437314043147278	0.0033473668908353808	0.01614495330362189	0.016521377102980486
0.21798383181010486	0.0035667620890834162	0.016093146146215504	0.016521377102980486
0.23159452318873694	0.003785429432837701	0.01603799995896528	0.016521377102980486
0.24520521456736905	0.004003323475595929	0.01597951474181034	0.016521377102980486
0.2588159059460011	0.004220398770854762	0.015917690494689517	0.016521377102980486
0.2724265973246332	0.004436609872109826	0.015852527217541355	0.016521377102980486
0.2860372887032653	0.004651911332855717	0.01578402491030412	0.016521377102980486
0.29964798008189736	0.004866257706585995	0.015712183572915785	0.016521377102980486
0.3132586714605295	0.005079603546793191	0.015637003205314044	0.016521377102980486
0.3268693628391615	0.005291903406968796	0.015558483807436298	0.016521377102980486
0.34048005421779365	0.005503111840603275	0.015476625379219667	0.016521377102980486
0.3540907455964258	0.005713183401186058	0.015391427920600985	0.016521377102980486
0.36770143697505786	0.005922072642205539	0.015302891431516799	0.016521377102980486
0.38131212835368994	0.006129734117149081	0.015211015911903372	0.016521377102980486
0.394922819732322	0.0063361223795030145	0.015115801361696678	0.016521377102980486
0.40853351111095415	0.006541191982752636	0.015017247780832408	0.016521377102980486
0.4221442024895862	0.006744897480382209	0.01491535516924597	0.016521377102980486
0.4357548938682183	0.006947193425874965	0.014810123526872478	0.016521377102980486
0.4493655852468504	0.0071480343727130975	0.014701552853646768	0.016521377102980486
0.46297627662548246	0.007347374874377774	0.01458964314950339	0.016521377102980486
0.47658696800411454	0.007545169484349128	0.0144743944143766	0.016521377102980486
0.4901976593827467	0.007741372756106252	0.014355806648200381	0.016521377102980486
0.5038083507613788	0.007935939243127216	0.014233879850908418	0.016521377102980486
0.5174190421400108	0.008128823498889048	0.014108614022434119	0.016521377102980486
0.5310297335186429	0.008319980076867748	0.013980009162710604	0.016521377102980486
0.544640424897275	0.008509363530538284	0.013848065271670705	0.016521377102980486
0.5582511162759072	0.008696928413374586	0.013712782349246968	0.016521377102980486
0.5718618076545391	0.00888262927884955	0.01357416039537166	0.016521377102980486
0.5854724990331712	0.009066420680435049	0.013432199409976753	0.016521377102980486
0.5990831904118034	0.009248257171601914	0.013286899392993939	0.016521377102980486
0.6126938817904355	0.009428093305819946	0.013138260344354624	0.016521377102980486
0.6263045731690675	0.00960588363655791	0.012986282263989927	0.016521377102980486
0.6399152645476996	0.009781582717283542	0.012830965151830681	0.016521377102980486
0.6535259559263317	0.00995514510146354	0.012672309007807437	0.016521377102980486
0.6671366473049638	0.010126525342563572	0.012510313831850452	0.016521377102980486
0.6807473386835958	0.010295677994048276	0.012344979623889706	0.016521377102980486
0.694358030062228	0.010462557609381253	0.01217630638385489	0.016521377102980486
0.7079687214408601	0.010627118742025068	0.012004294111675409	0.016521377102980486
0.7215794128194922	0.010789315945441259	0.011828942807280382	0.016521377102980486
0.7351901041981244	0.01094910377309033	0.011650252470598641	0.016521377102980486
0.7488007955767563	0.011106436778431743	0.01146822310155874	0.016521377102980486
0.7624114869553884	0.011261269514923945	0.011282854700088935	0.016521377102980486
0.7760221783340205	0.01141355653602433	0.011094147266117205	0.016521377102980486
0.7896328697126527	0.01156325239519257	0.010902100799528748	0.016521377102980486
0.8032435610912847	0.011710311645897935	0.010706715300055385	0.016521377102980486
0.8168542524699168	0.011854688841595257	0.010507990767577392	0.016521377102980486
0.8304649438485489	0.011996338535736353	0.010305927201996096	0.016521377102980486
0.844075635227181	0.01213521528177172	0.010100524603213265	0.016521377102980486
0.857686326605813	0.01227127363315053	0.009891782971131125	0.016521377102980486
0.8712970179844451	0.01240446814332062	0.009679702305652349	0.016521377102980486
0.8849077093630773	0.012534753365728506	0.009464282606680065	0.016521377102980486
0.8985184007417094	0.012662083853819377	0.009245523874117848	0.016521377102980486
0.9121290921203414	0.012786414161037096	0.009023426107869725	0.016521377102980486
0.9257397834989735	0.012907698840824199	0.008797989307840176	0.016521377102980486
0.9393504748776056	0.013025892446621893	0.00856921347393413	0.016521377102980486
0.9529611662562377	0.013140949531870063	0.008337098606056966	0.016521377102980486
0.9665718576348697	0.013252824650007263	0.008101644704114518	0.016521377102980486
0.9801825490135019	0.013361472354470721	0.007862851768013067	0.016521377102980486
0.993793240392134	0.013466847198696343	0.007620719797659346	0.016521377102980486
1.007403931770766	0.013568903736118701	0.007375248792960542	0.016521377102980486
1.0210146231493982	0.01366759652017105	0.0071264387538242865	0.016521377102980486
1.0346253145280302	0.013762880104285306	0.006874289680158668	0.016521377102980486
1.0482360059066622	0.01385470904189207	0.006618801571872223	0.016521377102980486
1.0618466972852942	0.01394303788642061	0.006359974428873939	0.016521377102980486
1.0754573886639265	0.01402782119129887	0.0060978082510732565	0.016521377102980486
1.0890680800425585	0.014109013509953468	0.005832303038380063	0.016521377102980486
1.1026787714211908	0.01418656939580969	0.005563458790704703	0.016521377102980486
1.1162894627998228	0.014260443402292497	0.005291275507958181	0.016521377102980486
1.1299001541784548	0.014330590082826887	0.005015753190053092	0.016521377102980486
1.1435108455570868	0.01439696399083525	0.0047368918369034745	0.016521377102980486
1.1571215369357188	0.014459519679738828	0.0044546914484247515	0.016521377102980486
1.1707322283143509	0.014518211702957745	0.0041691520245337585	0.016521377102980486
1.184342919692983	0.014572994613911008	0.003880273565148727	0.016521377102980486
1.1979536110716151	0.014623822966016506	0.0035880560701892885	0.016521377102980486
1.2115643024502474	0.014670651312691022	0.0032924995395764737	0.016521377102980486
1.2251749938288794	0.014713434207350213	0.0029936039732327132	0.016521377102980486
1.2387856852075114	0.014752126203408628	0.0026913693710818396	0.016521377102980486
1.2523963765861437	0.014786681854279699	0.0023857957330490893	0.016521377102980486
1.2660070679647757	0.014817055713376086	0.002076883059061472	0.016521377102980486
1.2796177593434077	0.014843202334109528	0.0017646313490478076	0.016521377102980486
1.29322845072204	0.014865076269890708	0.0014490406029386076	0.016521377102980486
1.3068391421006718	0.01488263207412937	0.0011301108206661986	0.016521377102980486
1.320449833479304	0.014895824300234327	0.0008078420021647117	0.016521377102980486
1.334060524857936	0.01490460750161353	0.00048223414737020014	0.016521377102980486
1.347671216236568	0.014908936231674072	0.00015948572559976228	0.016521377102980486
3.4761495432614984	0.015248415495485236	0.00015949959288587655	0.016521377102980486
5.6046278702864285	0.015587914511450838	0.00015950573373689058	0.016521377102980486
7.7331061973113595	0.01592742420224088	0.00015951076975707462	0.016521377102980486
9.86158452433629	0.016266943458219177	0.00015951500913057693	0.016521377102980486
11.99006285136122	0.016606471310830796	0.00015951862678251317	0.016521377102980486
14.118541178386149	0.016946006791520796	0.000159521797637999	0.016521377102980486
16.24701950541108	0.01728554893173424	0.00015952469662215013	0.016521377102980486
18.37549783243601	0.01762509743373563	0.00015952738079869688	0.016521377102980486
20.50397615946094	0.017964651739779576	0.00015952990124438066	0.016521377102980486
22.63245448648587	0.018304211003480942	0.00015953238843319247	0.016521377102980486
24.760932813510802	0.01864377521358136	0.00015953484416118181	0.016521377102980486
26.88941114053573	0.01898334435882245	0.00015953727022439813	0.016521377102980486
29.01788946756066	0.019322918427945847	0.00015953966841889092	0.016521377102980486
31.146367794585597	0.01966249740969318	0.0001595420405407097	0.016521377102980486
33.27484612161052	0.020002081292806072	0.00015954438838590394	0.016521377102980486
35.40332444863545	0.02034167006602616	0.00015954671375052311	0.016521377102980486
37.53180277566038	0.020681263718095064	0.00015954901843061675	0.016521377102980486
39.66028110268531	0.02102086223775442	0.0001595513042222343	0.016521377102980486
41.78875942971024	0.02136046561374586	0.00015955357292142528	0.016521377102980486
43.91723775673517	0.021700073834811	0.00015955582632423915	0.016521377102980486
46.045716083760105	0.02203968688969148	0.0001595580662267254	0.016521377102980486
48.174194410785034	0.022379304767128922	0.00015956029442493357	0.016521377102980486
50.302672737809964	0.022718927455864957	0.00015956251271491306	0.016521377102980486
52.43115106483489	0.023058554944641214	0.00015956472289271344	0.016521377102980486
54.55962939185982	0.023398187222199322	0.00015956692675438415	0.016521377102980486
56.68810771888475	0.02373782427728091	0.0001595691260959747	0.016521377102980486
58.81658604590968	0.02407746609862761	0.0001595713227135346	0.016521377102980486
60.94506437293462	0.02441711267498104	0.00015957351840311328	0.016521377102980486
63.073542699959546	0.024756763995082844	0.00015957571496076026	0.016521377102980486
65.20202102698448	0.025096420047674636	0.00015957791418252503	0.016521377102980486
67.3304993540094	0.025436080821498057	0.00015958011786445709	0.016521377102980486
69.45897768103434	0.02577574630529473	0.00015958232780260588	0.016521377102980486
71.58745600805926	0.026115416487806277	0.00015958454579302096	0.016521377102980486
73.7159343350842	0.026455091357774338	0.00015958677363175176	0.016521377102980486
75.84441266210912	0.026794770903940536	0.0001595890131148478	0.016521377102980486
77.97289098913406	0.02713445525309288	0.000159591261158297	0.016521377102980486
80.10136931615898	0.027474145996298997	0.0001595934608995084	0.016521377102980486
82.22984764318392	0.027813841315503542	0.00015959567620664288	0.016521377102980486
84.35832597020884	0.028153541247468727	0.00015959790710062398	0.016521377102980486
86.48680429723377	0.02849324582895676	0.00015960015360237526	0.016521377102980486
88.61528262425871	0.028832955096729864	0.0001596024157328203	0.016521377102980486
90.74376095128365	0.029172669087550236	0.0001596046935128826	0.016521377102980486
92.87223927830857	0.029512387838180103	0.00015960698696348575	0.016521377102980486
95.0007176053335	0.029852111385381665	0.00015960929610555334	0.016521377102980486
97.12919593235843	0.030191839765917144	0.00015961162096000888	0.016521377102980486
99.25767425938336	0.030531573016548748	0.00015961396154777594	0.016521377102980486
101.38615258640829	0.030871311174038688	0.0001596163178897781	0.016521377102980486
103.51463091343322	0.03121105427514918	0.00015961869000693886	0.016521377102980486
105.64310924045814	0.03155080235664244	0.00015962107792018187	0.016521377102980486
107.77158756748308	0.03189055545528067	0.0001596234816504306	0.016521377102980486
109.900065894508	0.03223031360782609	0.00015962590121860865	0.016521377102980486
112.02854422153294	0.03257007685104091	0.00015962833664563957	0.016521377102980486
114.15702254855786	0.03290984522168734	0.0001596307879524469	0.016521377102980486
116.2855008755828	0.0332496187565276	0.00015963325515995424	0.016521377102980486
118.41397920260772	0.0335893974923239	0.00015963573828908513	0.016521377102980486
120.54245752963267	0.03392918146583844	0.00015963823736076308	0.016521377102980486
122.67093585665761	0.034268970713833447	0.00015964075239591172	0.016521377102980486
124.79941418368253	0.034608765273071135	0.00015964328341545457	0.016521377102980486
126.92789251070747	0.0349485651803137	0.00015964583044031518	0.016521377102980486
129.0563708377324	0.035288370472323374	0.00015964839349141713	0.016521377102980486
131.1848491647573	0.035628181185862355	0.00015965097258968395	0.016521377102980486
133.31332749178225	0.035967997357692856	0.00015965356775603923	0.016521377102980486
135.44180581880718	0.03630781902457711	0.00015965617901140652	0.016521377102980486
137.57028414583212	0.0366476462232773	0.00015965880637670935	0.016521377102980486
139.69876247285703	0.036987478990555656	0.0001596614498728713	0.016521377102980486
141.82724079988196	0.03732731736317438	0.00015966410952081595	0.016521377102980486
143.9557191269069	0.0376671613778957	0.0001596667853414668	0.016521377102980486
146.08419745393184	0.038007011071481814	0.0001596694773557475	0.016521377102980486
148.21267578095674	0.038346866480694936	0.00015967218558458147	0.016521377102980486
150.34115410798168	0.03868672764229729	0.0001596749100488924	0.016521377102980486
152.46963243500662	0.03902659459305108	0.00015967765076960376	0.016521377102980486
154.59811076203155	0.039366467369718515	0.00015968040776763917	0.016521377102980486
156.72658908905646	0.03970634600906181	0.00015968318106392214	0.016521377102980486
158.8550674160814	0.04004623054784318	0.00015968597067937625	0.016521377102980486
160.98354574310633	0.040386121022824836	0.00015968877663492502	0.016521377102980486
163.11202407013127	0.040726017470768996	0.00015969159895149208	0.016521377102980486
165.24050239715618	0.04106591992843786	0.00015969443765000095	0.016521377102980486
167.3689807241811	0.041405828432593654	0.00015969729275137516	0.016521377102980486
169.49745905120605	0.04174574301999858	0.00015970016427653831	0.016521377102980486
171.625937378231	0.04208566372741485	0.00015970305224641393	0.016521377102980486
173.75441570525592	0.042425590591604695	0.0001597059566819256	0.016521377102980486
175.88289403228086	0.0427655236493303	0.00015970887760399685	0.016521377102980486
178.0113723593058	0.04310546293735389	0.00015971181503355127	0.016521377102980486
180.13985068633073	0.043445408492437686	0.0001597147689915124	0.016521377102980486
182.26832901335564	0.04378536035134389	0.00015971773949880377	0.016521377102980486
184.39680734038058	0.044125318550834715	0.000159720726576349	0.016521377102980486
186.5252856674055	0.044465283127672374	0.0001597237302450716	0.016521377102980486
188.65376399443045	0.044805254118619076	0.00015972675052589513	0.016521377102980486
190.78224232145539	0.04514523156043705	0.0001597297874397432	0.016521377102980486
192.9107206484803	0.045485215489888486	0.00015973284100753927	0.016521377102980486
195.03919897550523	0.04582520594373561	0.00015973591125020698	0.016521377102980486
197.16767730253017	0.04616520295874063	0.00015973899818866986	0.016521377102980486
199.2961556295551	0.04650520657166577	0.00015974210184385148	0.016521377102980486
201.42463395658	0.04684521681927323	0.00015974522223667536	0.016521377102980486
203.55311228360495	0.047185233738325214	0.0001597483593880651	0.016521377102980486
205.68159061062988	0.047525257365583946	0.00015975151331894423	0.016521377102980486
207.81006893765482	0.047865287737811645	0.00015975468405023634	0.016521377102980486
209.93854726467973	0.04820532489177051	0.00015975787160286495	0.016521377102980486
212.06702559170466	0.04854536886422277	0.00015976107599775365	0.016521377102980486
214.1955039187296	0.04888541969193061	0.00015976429725582595	0.016521377102980486
216.32398224575454	0.04922547741165627	0.00015976753539800547	0.016521377102980486
218.45246057277944	0.04956554206016195	0.0001597707904452157	0.016521377102980486
220.58093889980438	0.04990561367420986	0.00015977406241838028	0.016521377102980486
222.70941722682932	0.05024569229056222	0.0001597773513384227	0.016521377102980486
224.83789555385425	0.050585777945981236	0.00015978065722626654	0.016521377102980486
226.96637388087916	0.05092587067722913	0.00015978398010283536	0.016521377102980486
229.0948522079041	0.051265970521068106	0.0001597873199890527	0.016521377102980486
231.22333053492903	0.05160607751426037	0.00015979067690584213	0.016521377102980486
233.35180886195397	0.05194619169356815	0.00015979405087412723	0.016521377102980486
235.48028718897888	0.052286313095753656	0.0001597974419148315	0.016521377102980486
237.6087655160038	0.052626441757579086	0.00015980085004887857	0.016521377102980486
239.73724384302878	0.052966577715806665	0.00015980427529719196	0.016521377102980486
241.86572217005371	0.053306721007198604	0.0001598077176806952	0.016521377102980486
243.99420049707862	0.053646871668517115	0.0001598111772203119	0.016521377102980486
246.12267882410356	0.0539870297365244	0.0001598146539369656	0.016521377102980486
248.2511571511285	0.05432719524798269	0.00015981814785157985	0.016521377102980486
250.37963547815343	0.054667368239654186	0.0001598216589850782	0.016521377102980486
252.50811380517834	0.0550075487483011	0.00015982518735838423	0.016521377102980486
254.63659213220328	0.05534773681068565	0.00015982873299242147	0.016521377102980486
256.76507045922824	0.05568793246357004	0.0001598322959081135	0.016521377102980486
258.8935487862531	0.05602813574371649	0.00015983587612638383	0.016521377102980486
261.02202711327806	0.05636834668788721	0.0001598394736681561	0.016521377102980486
263.150505440303	0.056708565332844414	0.00015984308855435383	0.016521377102980486
265.27898376732793	0.05704879171535031	0.00015984672080590054	0.016521377102980486
267.40746209435287	0.05738902587216711	0.00015985037044371984	0.016521377102980486
269.5359404213778	0.057729267840057046	0.00015985403748873528	0.016521377102980486
271.66441874840274	0.058069517655782305	0.00015985772196187037	0.016521377102980486
273.7928970754277	0.0584097753561051	0.00015986142388404873	0.016521377102980486
275.92137540245255	0.05875004097778766	0.0001598651432761939	0.016521377102980486
278.0498537294775	0.059090314557592186	0.00015986888015922938	0.016521377102980486
280.1783320565024	0.0594305961322809	0.0001598726345540788	0.016521377102980486
282.30681038352736	0.059770885738616004	0.0001598764064816657	0.016521377102980486
284.4352887105523	0.060111183413359706	0.00015988019596291364	0.016521377102980486
286.56376703757724	0.06045148919327424	0.00015988400301874614	0.016521377102980486
288.6922453646022	0.06079180311512181	0.0001598878276700868	0.016521377102980486
290.8207236916271	0.06113212521566461	0.00015989166993785915	0.016521377102980486
292.949202018652	0.061472455531664874	0.00015989552984298677	0.016521377102980486
295.0776803456769	0.061812794099884806	0.0001598994074063932	0.016521377102980486
297.20615867270186	0.06215314095708662	0.00015990330264900203	0.016521377102980486
299.3346369997268	0.06249349614003253	0.00015990721559173678	0.016521377102980486
301.46311532675173	0.06283385968548474	0.000159911146255521	0.016521377102980486
303.59159365377667	0.06317423163020547	0.00015991509466127828	0.016521377102980486
305.7200719808016	0.06351461201095693	0.00015991906082993217	0.016521377102980486
307.84855030782654	0.06385500086450133	0.00015992304478240624	0.016521377102980486
309.9770286348514	0.0641953982276009	0.000159927046539624	0.016521377102980486
312.10550696187636	0.06453580413701783	0.00015993106612250904	0.016521377102980486
314.2339852889013	0.06487621862951434	0.00015993510355198493	0.016521377102980486
316.36246361592623	0.06521664174185265	0.0001599391588489752	0.016521377102980486
318.49094194295117	0.06555707351079496	0.00015994323203440342	0.016521377102980486
320.6194202699761	0.06589751397310348	0.00015994732312919315	0.016521377102980486
322.74789859700104	0.06623796316554044	0.00015995143215426796	0.016521377102980486
324.876376924026	0.06657842112486803	0.00015995555913055138	0.016521377102980486
327.00485525105086	0.0669188878878485	0.000159959704078967	0.016521377102980486
329.1333335780758	0.06725936349124402	0.00015996386702043833	0.016521377102980486
331.2618119051007	0.06759984797181681	0.00015996804797588897	0.016521377102980486
333.39029023212566	0.06794034136632912	0.00015997224696624247	0.016521377102980486
335.5187685591506	0.06828084371154311	0.00015997646401242236	0.016521377102980486
337.64724688617554	0.06862135504422104	0.00015998069913535223	0.016521377102980486
339.7757252132005	0.06896187540112508	0.00015998495235595563	0.016521377102980486
341.9042035402254	0.06930240481901748	0.0001599892236951561	0.016521377102980486
344.0326818672504	0.06964294333466044	0.00015999351317387724	0.016521377102980486
346.1611601942753	0.06998349098481613	0.00015999782081304255	0.016521377102980486
348.2896385213002	0.07032404780624683	0.0001600021466335756	0.016521377102980486
350.41811684832516	0.0706646138357147	0.0001600064906564	0.016521377102980486
352.5465951753501	0.07100518910998199	0.00016001085290243925	0.016521377102980486
354.675073502375	0.07134577366581091	0.00016001523339261695	0.016521377102980486
356.80355182939996	0.07168636753996364	0.00016001963214785662	0.016521377102980486
358.9320301564249	0.07202697076920242	0.00016002404918908183	0.016521377102980486
361.06050848344984	0.07236758339028945	0.00016002848453721614	0.016521377102980486
363.1889868104747	0.07270820543998693	0.00016003293821318312	0.016521377102980486
365.31746513749965	0.07304883695505712	0.0001600374102379063	0.016521377102980486
367.4459434645246	0.07338947797226217	0.00016004190063230927	0.016521377102980486
369.5744217915495	0.07373012852836436	0.00016004640941731557	0.016521377102980486
371.70290011857446	0.07407079129902572	0.00016005092473226118	0.016521377102980486
373.8313784455994	0.07441146723532689	0.00016005544215176354	0.016521377102980486
375.95985677262433	0.07475215270507611	0.00016005997807784687	0.016521377102980486
378.08833509964927	0.07509284774840246	0.00016006453251156066	0.016521377102980486
380.21681342667415	0.075433552405435	0.00016006910545395445	0.016521377102980486
382.3452917536991	0.07577426671630287	0.00016007369690607777	0.016521377102980486
384.473770080724	0.07611499072113513	0.0001600783068689801	0.016521377102980486
386.60224840774896	0.07645572446006085	0.000160082935343711	0.016521377102980486
388.7307267347739	0.07679646797320916	0.0001600875823313199	0.016521377102980486
390.85920506179883	0.0771372213007091	0.00016009224783285642	0.016521377102980486
392.98768338882377	0.07747798448268978	0.00016009693184937	0.016521377102980486
395.1161617158487	0.07781875755928028	0.0001601016343819102	0.016521377102980486
397.2446400428736	0.0781595405706097	0.00016010635543152652	0.016521377102980486
399.3731183698985	0.0785003335568071	0.00016011109499926846	0.016521377102980486
401.50159669692346	0.07884113655800161	0.00016011585308618555	0.016521377102980486
403.6300750239484	0.07918194961432228	0.0001601206296933273	0.016521377102980486
405.75855335097333	0.0795227727658982	0.00016012542482174324	0.016521377102980486
407.88703167799827	0.07986360605285846	0.00016013023847248286	0.016521377102980486
410.0155100050232	0.08020444951533215	0.0001601350706465957	0.016521377102980486
412.14398833204814	0.08054530319344837	0.00016013992134513124	0.016521377102980486
414.2724666590731	0.08088616712733619	0.00016014479056913902	0.016521377102980486
416.40094498609795	0.08122704135712469	0.00016014967831966856	0.016521377102980486
418.5294233131229	0.08156792592294299	0.00016015458459776936	0.016521377102980486
420.6579016401478	0.08190882086492013	0.00016015950940449097	0.016521377102980486
422.78637996717276	0.08224972622318523	0.00016016445274088284	0.016521377102980486
424.9148582941977	0.08259064203786737	0.00016016941460799455	0.016521377102980486
427.04333662122264	0.08293156834909564	0.00016017439500687559	0.016521377102980486
429.1718149482476	0.08327250519699911	0.00016017939393857543	0.016521377102980486
431.3002932752725	0.08361345262170689	0.00016018441140414367	0.016521377102980486
433.4287716022974	0.08395441066334804	0.00016018944740462976	0.016521377102980486
435.5572499293223	0.08429537936205166	0.00016019450194108327	0.016521377102980486
437.68572825634726	0.08463635875794684	0.00016019957501455363	0.016521377102980486
439.8142065833722	0.08497734889116267	0.00016020466662609046	0.016521377102980486
441.94268491039713	0.08531834980182823	0.00016020977677674319	0.016521377102980486
444.07116323742207	0.0856593615300726	0.00016021490546756138	0.016521377102980486
446.199641564447	0.08600038411602488	0.00016022005269959453	0.016521377102980486
448.32811989147194	0.08634141759981416	0.00016022521847389214	0.016521377102980486
450.4565982184968	0.08668246202156951	0.00016023040279150377	0.016521377102980486
452.58507654552176	0.08702351742142002	0.0001602356056534789	0.016521377102980486
454.7135548725467	0.08736458383949479	0.00016024082706086703	0.016521377102980486
456.84203319957163	0.08770566131592289	0.00016024606701471773	0.016521377102980486
458.97051152659657	0.08804674989083341	0.00016025132551608046	0.016521377102980486
461.0989898536215	0.08838784960435546	0.00016025660256600477	0.016521377102980486
463.22746818064644	0.0887289604966181	0.00016026189816554015	0.016521377102980486
465.3559465076714	0.08907008260775043	0.00016026721231573613	0.016521377102980486
467.48442483469626	0.08941121597788151	0.00016027254501764225	0.016521377102980486
469.6129031617212	0.08975236064714047	0.00016027789627230795	0.016521377102980486
471.74138148874613	0.09009351665565637	0.00016028326608078284	0.016521377102980486
473.86985981577106	0.0904346840435583	0.00016028865444411635	0.016521377102980486
475.998338142796	0.09077586285097534	0.00016029406136335806	0.016521377102980486
478.126816469821	0.09111705311803661	0.00016029948683955744	0.016521377102980486
480.25529479684593	0.09145825488487115	0.00016030493087376403	0.016521377102980486
482.38377312387087	0.09179946819160807	0.00016031039346702734	0.016521377102980486
484.5122514508958	0.09214069307837647	0.0001603158746203969	0.016521377102980486
486.6407297779207	0.0924819295853054	0.0001603213743349222	0.016521377102980486
488.7692081049456	0.09282317775252398	0.00016032689261165272	0.016521377102980486
490.89768643197056	0.09316443762016127	0.00016033242945163805	0.016521377102980486
493.0261647589955	0.09350570922834639	0.0001603379848559277	0.016521377102980486
495.1546430860204	0.09384699261720841	0.00016034355882557112	0.016521377102980486
497.28312141304536	0.09418828782687641	0.00016034915136161785	0.016521377102980486
499.4115997400703	0.09452959489747947	0.00016035476246511747	0.016521377102980486
501.54007806709524	0.09487091386914671	0.0001603603921371194	0.016521377102980486
503.6685563941201	0.0952122447820072	0.0001603660403786732	0.016521377102980486
505.79703472114505	0.09555358767619	0.0001603717071908284	0.016521377102980486
507.92551304817	0.09589494259182423	0.0001603773925746345	0.016521377102980486
510.0539913751949	0.09623630956903896	0.00016038309653114102	0.016521377102980486
512.1824697022198	0.09657768864796329	0.00016038881906139745	0.016521377102980486
514.3109480292447	0.09691907986872628	0.00016039456016645333	0.016521377102980486
516.4394263562697	0.09726048327145706	0.00016040031984735815	0.016521377102980486
518.5679046832946	0.09760189889628468	0.00016040609810516145	0.016521377102980486
520.6963830103196	0.09794332678333824	0.00016041189494091275	0.016521377102980486
522.8248613373445	0.09828476697274682	0.00016041771035566155	0.016521377102980486
524.9533396643694	0.09862621950463953	0.00016042354435045737	0.016521377102980486
527.0818179913944	0.09896768441914543	0.00016042939692634972	0.016521377102980486
529.2102963184193	0.09930916175639361	0.0001604352680843881	0.016521377102980486
531.3387746454442	0.09965065155651316	0.00016044115782562208	0.016521377102980486
533.4672529724692	0.09999215385963317	0.00016044706615110112	0.016521377102980486
535.595731299494	0.10033366870588273	0.00016045299306187476	0.016521377102980486
537.724209626519	0.10067519613539094	0.0001604589385589925	0.016521377102980486
539.8526879535439	0.10101673618828685	0.00016046490264350386	0.016521377102980486
541.9811662805689	0.10135828890469958	0.00016047088531645837	0.016521377102980486
544.1096446075937	0.10169985432475818	0.00016047688657890553	0.016521377102980486
546.2381229346188	0.10204143248859178	0.00016048290643189486	0.016521377102980486
548.3666012616437	0.10238302343632946	0.00016048894487647586	0.016521377102980486
550.4950795886685	0.10272462720810026	0.00016049500191369807	0.016521377102980486
552.6235579156936	0.10306624384403332	0.000160501077544611	0.016521377102980486
554.7520362427184	0.10340787338425768	0.00016050717177026414	0.016521377102980486
556.8805145697435	0.10374951586890249	0.00016051328459170704	0.016521377102980486
559.0089928967683	0.10409117133809677	0.00016051941600998918	0.016521377102980486
561.1374712237933	0.10443283983196966	0.0001605255660261601	0.016521377102980486
563.2659495508182	0.10477452139065019	0.0001605317346412693	0.016521377102980486
565.3944278778431	0.10511621605426752	0.00016053792185636635	0.016521377102980486
567.522906204868	0.10545792386295066	0.00016054412767250068	0.016521377102980486
569.651384531893	0.10579964485682877	0.00016055035209072184	0.016521377102980486
571.7798628589179	0.10614137907603088	0.00016055659511207937	0.016521377102980486
573.9083411859428	0.10648312656068609	0.00016056285673762274	0.016521377102980486
576.0368195129678	0.1068248873509235	0.0001605691369684015	0.016521377102980486
578.1652978399927	0.1071666614868722	0.00016057543580546513	0.016521377102980486
580.2937761670177	0.10750844900866124	0.0001605817532498632	0.016521377102980486
582.4222544940426	0.10785024995641979	0.0001605880893026452	0.016521377102980486
584.5507328210674	0.10819206437027681	0.00016059444396486063	0.016521377102980486
586.6792111480925	0.1085338922903615	0.00016060081723755898	0.016521377102980486
588.8076894751173	0.1088757337568029	0.00016060720912178985	0.016521377102980486
590.9361678021423	0.10921758880973009	0.00016061361961860267	0.016521377102980486
593.0646461291672	0.10955945748927216	0.000160620048729047	0.016521377102980486
595.1931244561922	0.10990133983555822	0.00016062649645417234	0.016521377102980486
597.321602783217	0.11024323588871733	0.0001606329627950282	0.016521377102980486
599.4500811102421	0.1105851456888786	0.00016063944775266412	0.016521377102980486
601.5785594372669	0.1109270692761711	0.0001606459513281296	0.016521377102980486
603.7070377642918	0.11126900669072391	0.00016065247352247417	0.016521377102980486
605.8355160913168	0.11161095797266612	0.0001606590143367473	0.016521377102980486
607.9639944183417	0.11195292316212685	0.00016066557377199852	0.016521377102980486
610.0924727453666	0.11229490229923514	0.0001606721518292774	0.016521377102980486
612.2209510723916	0.11263689542412011	0.00016067874850963338	0.016521377102980486
614.3494293994165	0.11297890257691082	0.00016068536381411602	0.016521377102980486
616.4779077264415	0.1133209237977364	0.00016069199774377483	0.016521377102980486
618.6063860534663	0.11366295912672589	0.00016069865029965934	0.016521377102980486
620.7348643804913	0.11400500860400839	0.00016070532148281902	0.016521377102980486
622.8633427075162	0.11434707226971298	0.00016071201129430339	0.016521377102980486
624.9918210345412	0.11468915016396879	0.000160718719735162	0.016521377102980486
627.120299361566	0.11503124232690484	0.00016072544680644437	0.016521377102980486
629.2487776885911	0.11537334879865027	0.00016073219250919998	0.016521377102980486
631.3772560156159	0.11571546961933415	0.00016073895684447833	0.016521377102980486
633.505734342641	0.11605760482908556	0.000160745739813329	0.016521377102980486
635.6342126696658	0.11639975446803358	0.00016075254141680146	0.016521377102980486
637.7626909966907	0.11674191857630734	0.00016075936165594525	0.016521377102980486
639.8911693237156	0.11708409719403585	0.00016076620053180984	0.016521377102980486
642.0196476507406	0.11742629036134827	0.0001607730580454448	0.016521377102980486
644.1481259777655	0.11776849811837364	0.0001607799341978996	0.016521377102980486
646.2766043047905	0.11811072050524109	0.00016078682899022377	0.016521377102980486
648.4050826318154	0.11845295756207966	0.00016079374242346684	0.016521377102980486
650.5335609588403	0.11879520932901848	0.00016080067449867832	0.016521377102980486
652.6620392858651	0.11913747584618659	0.0001608076252169077	0.016521377102980486
654.7905176128902	0.11947975715371312	0.00016081459457920454	0.016521377102980486
656.918995939915	0.11982205329172713	0.0001608215825866183	0.016521377102980486
659.0474742669401	0.12016436430035772	0.00016082858924019856	0.016521377102980486
661.1759525939649	0.12050669021973395	0.00016083561454099477	0.016521377102980486
663.30443092099	0.12084903108998496	0.0001608426584900565	0.016521377102980486
665.4329092480148	0.12119138695123978	0.0001608497210884332	0.016521377102980486
667.5613875750398	0.12153375784362754	0.00016085680233717445	0.016521377102980486
669.6898659020646	0.12187614380727728	0.00016086390223732974	0.016521377102980486
671.8183442290896	0.12221854488231815	0.00016087102078994858	0.016521377102980486
673.9468225561145	0.12256096110887918	0.0001608781579960805	0.016521377102980486
676.0753008831394	0.12290339252708951	0.000160885313856775	0.016521377102980486
678.2037792101644	0.12324583917707815	0.0001608924883730816	0.016521377102980486
680.3322575371893	0.12358830109897426	0.0001608996815460498	0.016521377102980486
682.4607358642143	0.12393077833290689	0.00016090689337672914	0.016521377102980486
684.5892141912392	0.12427327091900514	0.00016091412386616912	0.016521377102980486
686.7176925182642	0.1246157788973981	0.00016092137301541927	0.016521377102980486
688.8461708452891	0.12495830230821484	0.0001609286408255291	0.016521377102980486
690.974649172314	0.12530084119158447	0.00016093592729754812	0.016521377102980486
693.1031274993389	0.12564339558763601	0.00016094323243252582	0.016521377102980486
695.2316058263639	0.12598596553649866	0.00016095055623151176	0.016521377102980486
697.3600841533888	0.1263285510783014	0.00016095789869555543	0.016521377102980486
699.4885624804137	0.1266711522531734	0.00016096525982570633	0.016521377102980486
701.6170408074387	0.12701376910124368	0.00016097263962301403	0.016521377102980486
703.7455191344636	0.12735640166264137	0.00016098003808852798	0.016521377102980486
705.8739974614884	0.12769904997749554	0.00016098745522329775	0.016521377102980486
708.0024757885135	0.1280417140859353	0.0001609948910283728	0.016521377102980486
710.1309541155383	0.12838439402808965	0.0001610023455048027	0.016521377102980486
712.2594324425634	0.12872708984408782	0.00016100981865363692	0.016521377102980486
714.3879107695882	0.12906980157405878	0.00016101731047592503	0.016521377102980486
716.5163890966132	0.12941252925813165	0.00016102482097271647	0.016521377102980486
718.6448674236381	0.12975527293643555	0.0001610323501450608	0.016521377102980486
720.7733457506631	0.13009803264909953	0.00016103989799400755	0.016521377102980486
722.9018240776879	0.13044080843625266	0.00016104746452060622	0.016521377102980486
725.0303024047129	0.13078360033802408	0.00016105504972590632	0.016521377102980486
727.1587807317378	0.13112640839454284	0.00016106265361095733	0.016521377102980486
729.2872590587627	0.13146923264593804	0.00016107027617680883	0.016521377102980486
731.4157373857877	0.13181207313233875	0.0001610779174245103	0.016521377102980486
733.5442157128126	0.1321549298938741	0.00016108557735511125	0.016521377102980486
735.6726940398376	0.13249780297067312	0.00016109325596966122	0.016521377102980486
737.8011723668625	0.13284069240286495	0.0001611009532692097	0.016521377102980486
739.9296506938873	0.1331835982305786	0.0001611086692548062	0.016521377102980486
742.0581290209124	0.13352652049394326	0.00016111640392750027	0.016521377102980486
744.1866073479372	0.13386945923308793	0.0001611241572883414	0.016521377102980486
746.3150856749622	0.13421241448814172	0.00016113192933837913	0.016521377102980486
748.443564001987	0.13455538629923375	0.00016113972007866293	0.016521377102980486
750.5720423290121	0.1348983747064931	0.00016114752951024234	0.016521377102980486
752.7005206560369	0.1352413797500488	0.0001611553576341669	0.016521377102980486
754.828998983062	0.13558440147003	0.00016116320445148607	0.016521377102980486
756.9574773100868	0.13592743990656575	0.0001611710699632494	0.016521377102980486
759.0859556371117	0.13627049509978517	0.00016117895417050644	0.016521377102980486
761.2144339641367	0.1366135670898173	0.0001611868570743066	0.016521377102980486
763.3429122911616	0.1369566559167913	0.00016119477867569952	0.016521377102980486
765.4713906181865	0.13729976162083615	0.00016120271897573463	0.016521377102980486
767.5998689452115	0.13764288424208104	0.00016121067797546145	0.016521377102980486
769.7283472722364	0.137986023820655	0.00016121865567592954	0.016521377102980486
771.8568255992614	0.13832918039668712	0.0001612266520781884	0.016521377102980486
773.9853039262863	0.13867235401030653	0.00016123466718328752	0.016521377102980486
776.1137822533112	0.13901554470164224	0.00016124270099227643	0.016521377102980486
778.242260580336	0.1393587525108234	0.00016125075350620463	0.016521377102980486
780.3707389073611	0.13970197747797908	0.00016125882472612168	0.016521377102980486
782.4992172343859	0.14004521964323835	0.00016126691465307704	0.016521377102980486
784.627695561411	0.14038847904673035	0.00016127502328812027	0.016521377102980486
786.7561738884358	0.1407317557285841	0.00016128315063230087	0.016521377102980486
788.8846522154608	0.1410750497289287	0.00016129129668666833	0.016521377102980486
791.0131305424857	0.14141836108789327	0.0001612994614522722	0.016521377102980486
793.1416088695106	0.1417616898456069	0.00016130764493016197	0.016521377102980486
795.2700871965355	0.1421050360421986	0.00016131584712138718	0.016521377102980486
797.3985655235605	0.14244839971779755	0.00016132406802699733	0.016521377102980486
799.5270438505854	0.14279178091253275	0.00016133230764804192	0.016521377102980486
801.6555221776104	0.14313517966653339	0.0001613405659855705	0.016521377102980486
803.7840005046353	0.14347859601992846	0.00016134884304063254	0.016521377102980486
805.9124788316602	0.1438220300128471	0.0001613571388142776	0.016521377102980486
808.0409571586852	0.14416548168541837	0.00016136545330755516	0.016521377102980486
810.1694354857101	0.14450895107777142	0.00016137378652151478	0.016521377102980486
812.2979138127349	0.14485243823003524	0.0001613821384572059	0.016521377102980486
814.42639213976	0.145195943182339	0.00016139050911567813	0.016521377102980486
816.5548704667848	0.1455394659748117	0.00016139889849798092	0.016521377102980486
818.6833487938098	0.14588300664758258	0.00016140730660516378	0.016521377102980486
820.8118271208348	0.14622656524078054	0.00016141573343827627	0.016521377102980486
822.9403054478597	0.14657014179453476	0.00016142417899836788	0.016521377102980486
825.0687837748847	0.1469137363489743	0.0001614326432864881	0.016521377102980486
827.1972621019096	0.14725734894422832	0.0001614411263036865	0.016521377102980486
829.3257404289345	0.14760097962042582	0.00016144962805101254	0.016521377102980486
831.4542187559593	0.1479446284176959	0.0001614581485295158	0.016521377102980486
833.5826970829844	0.14828829537616772	0.00016146668774024572	0.016521377102980486
835.7111754100092	0.14863198053597027	0.00016147524568425187	0.016521377102980486
837.8396537370343	0.1489756839372327	0.00016148382236258374	0.016521377102980486
839.9681320640591	0.14931940562008403	0.00016149241777629083	0.016521377102980486
842.0966103910841	0.14966314562465344	0.0001615010319264227	0.016521377102980486
844.225088718109	0.15000690399106992	0.00016150966481402883	0.016521377102980486
846.3535670451339	0.15035068075946265	0.00016151831644015875	0.016521377102980486
848.4820453721588	0.15069447596996063	0.00016152698680586198	0.016521377102980486
850.6105236991838	0.15103828966269303	0.000161535675912188	0.016521377102980486
852.7390020262087	0.15138212187778888	0.0001615443837601864	0.016521377102980486
854.8674803532336	0.1517259726553773	0.00016155311035090662	0.016521377102980486
856.9959586802586	0.15206984203558732	0.0001615618556853982	0.016521377102980486
859.1244370072835	0.15241373005854808	0.00016157061976471065	0.016521377102980486
861.2529153343085	0.15275763676438864	0.0001615794025898935	0.016521377102980486
863.3813936613334	0.15310156219323812	0.00016158820416199625	0.016521377102980486
865.5098719883582	0.15344550638522558	0.00016159702448206842	0.016521377102980486
867.6383503153833	0.1537894693804801	0.00016160586355115953	0.016521377102980486
869.7668286424081	0.1541334512191308	0.00016161472137031908	0.016521377102980486
871.8953069694331	0.15447745194130674	0.00016162359794059662	0.016521377102980486
874.023785296458	0.154821471587137	0.00016163249326304162	0.016521377102980486
876.152263623483	0.15516551019675068	0.0001616414073387036	0.016521377102980486
878.2807419505078	0.15550956781027686	0.00016165034016863214	0.016521377102980486
880.4092202775329	0.15585364446784467	0.00016165929175387668	0.016521377102980486
882.5376986045577	0.15619774020958313	0.00016166826209548676	0.016521377102980486
884.6661769315826	0.15654185507562135	0.0001616772511945119	0.016521377102980486
886.7946552586076	0.15688598910608842	0.0001616862590520016	0.016521377102980486
888.9231335856325	0.15723014234111343	0.0001616952856690054	0.016521377102980486
891.0516119126574	0.15757431482082548	0.0001617043310465728	0.016521377102980486
893.1800902396824	0.15791850658535364	0.00016171339518575333	0.016521377102980486
895.3085685667073	0.158262717674827	0.00016172247808759647	0.016521377102980486
897.4370468937323	0.15860694812937465	0.00016173157975315176	0.016521377102980486
899.5655252207571	0.15895119798912566	0.00016174070018346872	0.016521377102980486
901.6940035477821	0.15929546729420913	0.00016174983937959687	0.016521377102980486
903.822481874807	0.15963975608475414	0.00016175899734258568	0.016521377102980486
905.950960201832	0.1599840644008898	0.00016176817407348473	0.016521377102980486
908.0794385288568	0.16032839228274517	0.00016177736957334347	0.016521377102980486
910.2079168558819	0.16067273977044938	0.00016178658384321146	0.016521377102980486
912.3363951829067	0.1610171069041314	0.0001617958168841382	0.016521377102980486
914.4648735099317	0.1613614937239205	0.0001618050686971732	0.016521377102980486
916.5933518369566	0.16170590026994558	0.000161814339283366	0.016521377102980486
918.7218301639815	0.16205032658233587	0.00016182362864376607	0.016521377102980486
920.8503084910064	0.16239477270122035	0.00016183293677942299	0.016521377102980486
922.9787868180314	0.1627392386667282	0.0001618422636913862	0.016521377102980486
925.1072651450563	0.16308372451898845	0.00016185160938070526	0.016521377102980486
927.2357434720813	0.1634282302981302	0.00016186097384842968	0.016521377102980486
929.3642217991062	0.16377275604428254	0.000161870357095609	0.016521377102980486
931.4927001261311	0.16411730179757456	0.00016187975912329265	0.016521377102980486
933.621178453156	0.1644618675981353	0.00016188917993253024	0.016521377102980486
935.749656780181	0.1648064534860939	0.00016189861952437126	0.016521377102980486
937.8781351072058	0.16515105950157946	0.00016190807789986518	0.016521377102980486
940.0066134342309	0.16549568568472106	0.00016191755506006155	0.016521377102980486
942.1350917612557	0.1658403320756477	0.0001619270510060099	0.016521377102980486
944.2635700882807	0.16618499871448858	0.00016193656573875972	0.016521377102980486
946.3920484153056	0.16652968564137272	0.00016194609925936052	0.016521377102980486
948.5205267423306	0.16687439289642925	0.00016195565156886186	0.016521377102980486
950.6490050693554	0.16721912051978718	0.00016196522266831318	0.016521377102980486
952.7774833963804	0.1675638685515757	0.00016197481255876407	0.016521377102980486
954.9059617234054	0.16790863703192388	0.00016198442124126398	0.016521377102980486
957.0344400504302	0.16825342600096072	0.0001619940487168625	0.016521377102980486
959.1629183774553	0.16859823549881536	0.00016200369498660906	0.016521377102980486
961.2913967044801	0.16894306556561686	0.00016201336005155324	0.016521377102980486
963.4198750315052	0.1692879162414944	0.00016202304391274452	0.016521377102980486
965.54835335853	0.16963278756657696	0.00016203274657123243	0.016521377102980486
967.676831685555	0.1699776795809937	0.0001620424680280665	0.016521377102980486
969.8053100125799	0.17032259232487362	0.0001620522082842962	0.016521377102980486
971.9337883396048	0.17066752583834588	0.0001620619673409711	0.016521377102980486
974.0622666666297	0.17101248016153955	0.00016207174519914066	0.016521377102980486
976.1907449936547	0.17135745533458374	0.00016208154185985444	0.016521377102980486
978.3192233206796	0.17170245139760748	0.00016209135732416194	0.016521377102980486
980.4477016477045	0.17204746839073992	0.00016210119159311266	0.016521377102980486
982.5761799747295	0.17239250635411008	0.00016211104466775614	0.016521377102980486
984.7046583017544	0.1727375653278471	0.00016212091654914187	0.016521377102980486
986.8331366287792	0.17308264535208	0.00016213080723831937	0.016521377102980486
988.9616149558043	0.17342774646693798	0.00016214071673633818	0.016521377102980486
991.0900932828291	0.17377286871255004	0.0001621506450442478	0.016521377102980486
993.2185716098542	0.1741180121290453	0.00016216059216309772	0.016521377102980486
995.347049936879	0.17446317675655276	0.0001621705580939375	0.016521377102980486
997.475528263904	0.17480836263520166	0.0001621805428378166	0.016521377102980486
999.6040065909289	0.17515356980512098	0.00016219054639578462	0.016521377102980486
1001.7324849179539	0.17549879830643986	0.000162200568768891	0.016521377102980486
1003.8609632449787	0.17584404817928734	0.00016221060995818526	0.016521377102980486
1005.9894415720037	0.17618931946379254	0.00016222066996471693	0.016521377102980486
1008.1179198990286	0.17653461220008448	0.00016223074878953555	0.016521377102980486
1010.2463982260535	0.1768799264282924	0.0001622408464336906	0.016521377102980486
1012.3748765530785	0.1772252621885452	0.00016225096289823162	0.016521377102980486
1014.5033548801034	0.1775706195209721	0.0001622610981842081	0.016521377102980486
1016.6318332071284	0.17791599846570214	0.00016227125229266958	0.016521377102980486
1018.7603115341533	0.1782613990628644	0.00016228142522466555	0.016521377102980486
1020.8887898611781	0.17860682135258793	0.00016229161698124553	0.016521377102980486
1023.0172681882032	0.17895226537500195	0.00016230182756345906	0.016521377102980486
1025.145746515228	0.1792977311702354	0.00016231205697235564	0.016521377102980486
1027.274224842253	0.17964321877841744	0.00016232230520898478	0.016521377102980486
1029.4027031692779	0.17998872823967713	0.00016233257227439598	0.016521377102980486
1031.531181496303	0.18033425959414356	0.00016234285816963878	0.016521377102980486
1033.6596598233277	0.18067981288194584	0.0001623531628957627	0.016521377102980486
1035.7881381503528	0.18102538814321303	0.00016236348645381723	0.016521377102980486
1037.9166164773776	0.18137098541807423	0.0001623738288448519	0.016521377102980486
1040.0450948044027	0.18171660474665857	0.00016238419006991622	0.016521377102980486
1042.1735731314275	0.18206224616909505	0.00016239457013005973	0.016521377102980486
1044.3020514584525	0.1824079097255128	0.0001624049690263319	0.016521377102980486
1046.4305297854773	0.18275359545604092	0.00016241538675978228	0.016521377102980486
1048.5590081125024	0.1830993034008085	0.00016242582333146036	0.016521377102980486
1050.6874864395272	0.18344503359994452	0.0001624362787424157	0.016521377102980486
1052.8159647665523	0.18379078609357824	0.00016244675299369773	0.016521377102980486
1054.944443093577	0.1841365609218386	0.00016245724608635607	0.016521377102980486
1057.072921420602	0.18448235812485486	0.00016246775802144015	0.016521377102980486
1059.201399747627	0.1848281777427559	0.0001624782887999995	0.016521377102980486
1061.3298780746518	0.18517401981567091	0.0001624888384230837	0.016521377102980486
1063.4583564016768	0.185519884383729	0.0001624994068917422	0.016521377102980486
1065.586834728702	0.18586577148705918	0.00016250999420702454	0.016521377102980486
1067.715313055727	0.18621168116579065	0.00016252060036998022	0.016521377102980486
1069.8437913827515	0.18655761346005234	0.00016253122538165875	0.016521377102980486
1071.9722697097766	0.18690356840997352	0.0001625418692431097	0.016521377102980486
1074.1007480368016	0.1872495460556831	0.0001625525319553825	0.016521377102980486
1076.2292263638265	0.18759554643731033	0.00016256321351952672	0.016521377102980486
1078.3577046908513	0.18794156959498415	0.00016257391393659186	0.016521377102980486
1080.4861830178763	0.18828761556883372	0.00016258463320762746	0.016521377102980486
1082.6146613449014	0.18863368439898817	0.00016259537133368298	0.016521377102980486
1084.7431396719262	0.1889797761255765	0.000162606128315808	0.016521377102980486
1086.871617998951	0.1893258907887278	0.00016261690415505197	0.016521377102980486
1089.000096325976	0.18967202842857123	0.00016262769885246446	0.016521377102980486
1091.1285746530011	0.19001818908523582	0.00016263851240909497	0.016521377102980486
1093.257052980026	0.1903643727988507	0.000162649344825993	0.016521377102980486
1095.385531307051	0.19071057960954493	0.00016266019610420806	0.016521377102980486
1097.5140096340758	0.19105680955744753	0.00016267106624478968	0.016521377102980486
1099.6424879611006	0.19140306268268772	0.0001626819552487874	0.016521377102980486
1101.7709662881257	0.1917493390253945	0.0001626928631172507	0.016521377102980486
1103.8994446151507	0.19209563862569698	0.0001627037898512291	0.016521377102980486
1106.0279229421756	0.19244196152372423	0.0001627147354517721	0.016521377102980486
1108.1564012692004	0.19278830775960534	0.00016272569991992926	0.016521377102980486
1110.2848795962254	0.19313467737346945	0.00016273668325675006	0.016521377102980486
1112.4133579232505	0.1934810704054456	0.000162747685463284	0.016521377102980486
1114.541836250275	0.1938274868956628	0.00016275870654058064	0.016521377102980486
1116.6703145773001	0.19417392688425028	0.00016276974648968948	0.016521377102980486
1118.7987929043252	0.19452039041133706	0.00016278080531166	0.016521377102980486
1120.9272712313502	0.19486687751705223	0.00016279188300754178	0.016521377102980486
1123.0557495583748	0.19521338824152484	0.0001628029795783843	0.016521377102980486
1125.1842278853999	0.19555992262488406	0.00016281409502523703	0.016521377102980486
1127.312706212425	0.19590648070725894	0.00016282522934914955	0.016521377102980486
1129.4411845394498	0.19625306252877855	0.00016283638255117138	0.016521377102980486
1131.5696628664746	0.19659966812957191	0.00016284755463235196	0.016521377102980486
1133.6981411934996	0.19694629754976825	0.0001628587455937409	0.016521377102980486
1135.8266195205247	0.19729295082949658	0.00016286995543638764	0.016521377102980486
1137.9550978475495	0.19763962800888601	0.00016288118416134175	0.016521377102980486
1140.0835761745743	0.19798632912806552	0.00016289243176965268	0.016521377102980486
1142.2120545015994	0.1983330542271644	0.00016290369826237	0.016521377102980486
1144.3405328286244	0.19867980334631152	0.00016291498364054324	0.016521377102980486
1146.4690111556492	0.19902657652563616	0.00016292628790522186	0.016521377102980486
1148.597489482674	0.19937337380526726	0.00016293761105745538	0.016521377102980486
1150.7259678096991	0.19972019522533402	0.00016294895309829335	0.016521377102980486
1152.854446136724	0.2000670408259654	0.0001629603140287853	0.016521377102980486
1154.982924463749	0.2004139106472906	0.00016297169384998065	0.016521377102980486
1157.1114027907738	0.20076080472943866	0.000162983092562929	0.016521377102980486
1159.2398811177989	0.20110772311253866	0.00016299451016867986	0.016521377102980486
1161.3683594448237	0.2014546658367197	0.00016300594666828275	0.016521377102980486
1163.4968377718487	0.2018016329421109	0.00016301740206278712	0.016521377102980486
1165.6253160988736	0.20214862446884124	0.00016302887635324256	0.016521377102980486
1167.7537944258984	0.20249564045703994	0.00016304036954069854	0.016521377102980486
1169.8822727529234	0.20284268094683602	0.0001630518816262046	0.016521377102980486
1172.0107510799485	0.20318974597835857	0.00016306341261081023	0.016521377102980486
1174.1392294069733	0.20353683559173663	0.00016307496249556497	0.016521377102980486
1176.2677077339981	0.20388394982709937	0.0001630865312815183	0.016521377102980486
1178.3961860610232	0.20423108872457585	0.0001630981189697198	0.016521377102980486
1180.5246643880482	0.20457825232429513	0.0001631097255612189	0.016521377102980486
1182.6531427150728	0.20492544066638627	0.00016312135105706518	0.016521377102980486
1184.7816210420979	0.20527265379097842	0.00016313299545830815	0.016521377102980486
1186.910099369123	0.20561989173820072	0.0001631446587659973	0.016521377102980486
1189.038577696148	0.20596715454818215	0.00016315634098118214	0.016521377102980486
1191.1670560231726	0.20631444226105178	0.0001631680421049122	0.016521377102980486
1193.2955343501976	0.2066617549169388	0.000163179762138237	0.016521377102980486
1195.4240126772227	0.20700909255597222	0.00016319150108220606	0.016521377102980486
1197.5524910042477	0.2073564552182812	0.00016320325893786887	0.016521377102980486
1199.6809693312723	0.20770384294399472	0.00016321503570627496	0.016521377102980486
1201.8094476582974	0.20805125577324193	0.00016322683138847384	0.016521377102980486
1203.9379259853224	0.20839869374615194	0.00016323864598551504	0.016521377102980486
1206.0664043123472	0.20874615690285378	0.00016325047949844807	0.016521377102980486
1208.194882639372	0.20909364528347657	0.00016326233192832243	0.016521377102980486
1210.323360966397	0.20944115892814938	0.00016327420327618764	0.016521377102980486
1212.4518392934222	0.20978869787700136	0.00016328609354309323	0.016521377102980486
1214.580317620447	0.21013626217016154	0.0001632980027300887	0.016521377102980486
1216.7087959474718	0.21048385184775895	0.00016330993083822358	0.016521377102980486
1218.8372742744968	0.21083146694992277	0.00016332187786854735	0.016521377102980486
1220.9657526015217	0.2111791075167821	0.00016333384382210956	0.016521377102980486
1223.0942309285467	0.21152677358846592	0.00016334582869995972	0.016521377102980486
1225.2227092555715	0.2118744652051034	0.00016335783250314735	0.016521377102980486
1227.3511875825966	0.21222218240682356	0.00016336985523272192	0.016521377102980486
1229.4796659096214	0.2125699252337556	0.00016338189688973301	0.016521377102980486
1231.6081442366465	0.21291769372602853	0.0001633939574752301	0.016521377102980486
1233.7366225636715	0.21326548792377142	0.00016340603699026271	0.016521377102980486
1235.865100890696	0.21361330786711336	0.00016341813543588034	0.016521377102980486
1237.9935792177212	0.2139611535961835	0.00016343025281313254	0.016521377102980486
1240.1220575447462	0.2143090251511109	0.00016344238912306878	0.016521377102980486
1242.2505358717713	0.21465692257202462	0.00016345454436673861	0.016521377102980486
1244.3790141987959	0.21500484589905372	0.00016346671854519155	0.016521377102980486
1246.507492525821	0.21535279517232736	0.0001634789116594771	0.016521377102980486
1248.635970852846	0.21570077043197458	0.00016349112371064477	0.016521377102980486
1250.764449179871	0.21604877171812445	0.00016350335469974406	0.016521377102980486
1252.8929275068956	0.21639679907090612	0.00016351560462782451	0.016521377102980486
1255.0214058339207	0.21674485253044865	0.00016352787349593564	0.016521377102980486
1257.1498841609457	0.2170929321368811	0.00016354016130512697	0.016521377102980486
1259.2783624879705	0.2174410379303326	0.00016355246805644795	0.016521377102980486
1261.4068408149953	0.21778916995093217	0.00016356479375094818	0.016521377102980486
1263.5353191420204	0.21813732823880894	0.00016357713838967714	0.016521377102980486
1265.6637974690454	0.21848551283409204	0.00016358950197368436	0.016521377102980486
1267.7922757960703	0.21883372377691052	0.00016360188450401932	0.016521377102980486
1269.920754123095	0.2191819611073934	0.00016361428598173154	0.016521377102980486
1272.0492324501201	0.21953022486566984	0.00016362670640787056	0.016521377102980486
1274.177710777145	0.21987851509186895	0.0001636391457834859	0.016521377102980486
1276.30618910417	0.22022683182611977	0.00016365160410962705	0.016521377102980486
1278.4346674311948	0.22057517510855135	0.00016366408138734353	0.016521377102980486
1280.56314575822	0.22092354497929284	0.00016367657761768488	0.016521377102980486
1282.6916240852447	0.2212719414784734	0.00016368909280170058	0.016521377102980486
1284.8201024122698	0.22162036464622192	0.00016370162694044017	0.016521377102980486
1286.9485807392946	0.22196881452266762	0.00016371418003495314	0.016521377102980486
1289.0770590663194	0.22231729114793958	0.00016372675208628902	0.016521377102980486
1291.2055373933445	0.22266579456216687	0.00016373934309549734	0.016521377102980486
1293.3340157203695	0.22301432480547853	0.0001637519530636276	0.016521377102980486
1295.4624940473943	0.2233628819180037	0.0001637645819917293	0.016521377102980486
1297.5909723744192	0.22371146593987146	0.00016377722988085197	0.016521377102980486
1299.7194507014442	0.22406007691121094	0.00016378989673204513	0.016521377102980486
1301.8479290284693	0.22440871487215114	0.0001638025825463583	0.016521377102980486
1303.9764073554938	0.22475737986282115	0.00016381528732484097	0.016521377102980486
1306.104885682519	0.22510607192335014	0.00016382801106854268	0.016521377102980486
1308.233364009544	0.22545479109386715	0.00016384075377851295	0.016521377102980486
1310.361842336569	0.22580353741450127	0.00016385351545580124	0.016521377102980486
1312.4903206635936	0.22615231092538154	0.00016386629610145713	0.016521377102980486
1314.6187989906186	0.22650111166663714	0.0001638790957165301	0.016521377102980486
1316.7472773176437	0.2268499396783971	0.0001638919143020697	0.016521377102980486
1318.8757556446687	0.2271987950007905	0.0001639047518591254	0.016521377102980486
1321.0042339716933	0.2275476776739464	0.00016391760838874674	0.016521377102980486
1323.1327122987184	0.22789658773799396	0.00016393048389198324	0.016521377102980486
1325.2611906257434	0.22824552523306227	0.0001639433783698844	0.016521377102980486
1327.3896689527683	0.22859449019928038	0.00016395629182349973	0.016521377102980486
1329.518147279793	0.2289434826767773	0.00016396922425387876	0.016521377102980486
1331.6466256068181	0.22929250270568227	0.000163982175662071	0.016521377102980486
1333.7751039338432	0.2296415503261243	0.00016399514604912598	0.016521377102980486
1335.903582260868	0.22999062557823244	0.00016400813541609318	0.016521377102980486
1338.0320605878928	0.2303397285021358	0.00016402114376402215	0.016521377102980486
1340.1605389149179	0.23068885913796353	0.00016403417109396237	0.016521377102980486
1342.2890172419427	0.23103801752584457	0.0001640472174069634	0.016521377102980486
1344.4174955689678	0.23138720370590823	0.00016406028270407472	0.016521377102980486
1346.5459738959926	0.23173641771828335	0.00016407336698634584	0.016521377102980486
1348.6744522230176	0.2320856596030992	0.00016408647025482632	0.016521377102980486
1350.8029305500424	0.23243492940048488	0.00016409959251056564	0.016521377102980486
1352.9314088770675	0.23278422715056932	0.0001641127337546133	0.016521377102980486
1355.0598872040923	0.23313355289348167	0.00016412589398801886	0.016521377102980486
1357.1883655311171	0.23348290666935106	0.0001641390732118318	0.016521377102980486
1359.3168438581422	0.23383228851830654	0.00016415227142710164	0.016521377102980486
1361.4453221851672	0.23418169848047724	0.0001641654886348779	0.016521377102980486
1363.573800512192	0.23453113659599215	0.0001641787248362101	0.016521377102980486
1365.702278839217	0.23488060290498045	0.00016419198003214775	0.016521377102980486
1367.830757166242	0.23523009744757123	0.00016420525422374037	0.016521377102980486
1369.959235493267	0.23557962026389356	0.00016421854741203748	0.016521377102980486
1372.087713820292	0.23592917139407646	0.00016423185959808857	0.016521377102980486
1374.2161921473166	0.23627875087824904	0.00016424519078294317	0.016521377102980486
1376.3446704743417	0.23662835875654048	0.0001642585409676508	0.016521377102980486
1378.4731488013667	0.23697799506907977	0.00016427191015326099	0.016521377102980486
1380.6016271283916	0.23732765985599605	0.0001642852983408232	0.016521377102980486
1382.7301054554164	0.23767735315741834	0.000164298705531387	0.016521377102980486
1384.8585837824414	0.2380270750134758	0.0001643121317260019	0.016521377102980486
1386.9870621094665	0.2383768254642975	0.00016432557692571737	0.016521377102980486
1389.1155404364913	0.23872660455001252	0.00016433904113158298	0.016521377102980486
1391.2440187635161	0.2390764123107499	0.00016435252434464823	0.016521377102980486
1393.3724970905412	0.2394262487866388	0.0001643660265659626	0.016521377102980486
1395.500975417566	0.2397761140178083	0.00016437954779657563	0.016521377102980486
1397.629453744591	0.24012600804438738	0.00016439308803753685	0.016521377102980486
1399.7579320716159	0.24047593090650524	0.00016440664728989575	0.016521377102980486
1401.886410398641	0.24082588264429097	0.00016442022555470187	0.016521377102980486
1404.0148887256657	0.2411758632978736	0.0001644338228330047	0.016521377102980486
1406.1433670526908	0.24152587290738226	0.00016444743912585378	0.016521377102980486
1408.2718453797156	0.24187591151294596	0.0001644610744342986	0.016521377102980486
1410.4003237067404	0.24222597915469388	0.0001644747287593887	0.016521377102980486
1412.5288020337655	0.2425760758727551	0.00016448840210217357	0.016521377102980486
1414.6572803607905	0.24292620170725865	0.00016450209446370272	0.016521377102980486
1416.7857586878154	0.24327635669833358	0.0001645158058450257	0.016521377102980486
1418.9142370148402	0.24362654088610908	0.000164529536247192	0.016521377102980486
1421.0427153418652	0.24397675431071422	0.00016454328567125115	0.016521377102980486
1423.1711936688903	0.24432699701227803	0.00016455705411825265	0.016521377102980486
1425.2996719959149	0.24467726903092965	0.00016457084158924602	0.016521377102980486
1427.42815032294	0.24502757040679812	0.0001645846480852808	0.016521377102980486
1429.556628649965	0.2453779011800126	0.00016459847360740645	0.016521377102980486
1431.68510697699	0.2457282613907021	0.00016461231815667252	0.016521377102980486
1433.8135853040146	0.2460786510789957	0.00016462618173412852	0.016521377102980486
1435.9420636310397	0.24642907028502262	0.00016464006434082398	0.016521377102980486
1438.0705419580647	0.2467795190489118	0.00016465396597780841	0.016521377102980486
1440.1990202850898	0.24712999741079233	0.00016466788664613129	0.016521377102980486
1442.3274986121144	0.24748050541079336	0.00016468182634684218	0.016521377102980486
1444.4559769391394	0.24783104308904397	0.00016469578508099055	0.016521377102980486
1446.5844552661645	0.24818161048567325	0.00016470976284962597	0.016521377102980486
1448.7129335931893	0.24853220764081024	0.00016472375965379793	0.016521377102980486
1450.8414119202141	0.2488828345945841	0.00016473777549455592	0.016521377102980486
1452.9698902472392	0.2492334913871239	0.0001647518103729495	0.016521377102980486
1455.0983685742642	0.24958417805855862	0.00016476586429002815	0.016521377102980486
1457.226846901289	0.24993489464901747	0.00016477993724684138	0.016521377102980486
1459.3553252283139	0.25028564119862945	0.00016479402924443875	0.016521377102980486
1461.483803555339	0.25063641774752377	0.00016480814028386974	0.016521377102980486
1463.6122818823637	0.2509872243358294	0.00016482227036618386	0.016521377102980486
1465.7407602093888	0.25133806100367545	0.00016483641949243064	0.016521377102980486
1467.8692385364136	0.25168892779119106	0.0001648505876636596	0.016521377102980486
1469.9977168634387	0.2520398247385053	0.00016486477488092022	0.016521377102980486
1472.1261951904635	0.2523907518857472	0.00016487898114526207	0.016521377102980486
1474.2546735174885	0.25274170927304584	0.00016489320645773464	0.016521377102980486
1476.3831518445133	0.2530926969405304	0.0001649074508193874	0.016521377102980486
1478.5116301715382	0.25344371492832984	0.00016492171423126994	0.016521377102980486
1480.6401084985632	0.25379476327657347	0.00016493599669443175	0.016521377102980486
1482.7685868255883	0.25414584202539015	0.00016495029820992233	0.016521377102980486
1484.897065152613	0.25449695121490906	0.0001649646187787912	0.016521377102980486
1487.025543479638	0.2548480908852593	0.00016497895840208787	0.016521377102980486
1489.154021806663	0.25519926107656987	0.00016499331708086186	0.016521377102980486
1491.282500133688	0.25555046182896995	0.0001650076948161627	0.016521377102980486
1493.4109784607128	0.2559016931825885	0.00016502209160903987	0.016521377102980486
1495.5394567877377	0.25625295517755475	0.00016503650746054293	0.016521377102980486
1497.6679351147627	0.2566042478539978	0.00016505094237172138	0.016521377102980486
1499.7964134417878	0.2569555712520466	0.0001650653963436247	0.016521377102980486
1501.9248917688126	0.2573069254118304	0.00016507986937730243	0.016521377102980486
1504.0533700958374	0.25765831037347814	0.0001650943614738041	0.016521377102980486
1506.1818484228625	0.258009726177119	0.00016510887263417924	0.016521377102980486
1508.3103267498875	0.25836117286288196	0.0001651234028594773	0.016521377102980486
1510.4388050769123	0.2587126504708963	0.00016513795215074783	0.016521377102980486
1512.5672834039372	0.25906415904129076	0.00016515252050904036	0.016521377102980486
1514.6957617309622	0.2594156986141948	0.0001651671079354044	0.016521377102980486
1516.824240057987	0.25976726922973736	0.00016518171443088945	0.016521377102980486
1518.952718385012	0.26011887092804753	0.00016519633999654502	0.016521377102980486
1521.081196712037	0.2604705037492544	0.00016521098463342064	0.016521377102980486
1523.209675039062	0.260822167733487	0.00016522564834256585	0.016521377102980486
1525.3381533660868	0.2611738629208745	0.0001652403311250301	0.016521377102980486
1527.4666316931118	0.2615255893515459	0.00016525503298186296	0.016521377102980486
1529.5951100201366	0.2618773470656303	0.00016526975391411392	0.016521377102980486
1531.7235883471615	0.26222913610325693	0.0001652844939228325	0.016521377102980486
1533.8520666741865	0.26258095650455476	0.00016529925300906825	0.016521377102980486
1535.9805450012116	0.2629328083096529	0.00016531403117387062	0.016521377102980486
1538.1090233282364	0.2632846915586804	0.00016532882841828917	0.016521377102980486
1540.2375016552612	0.26363660629176633	0.0001653436447433734	0.016521377102980486
1542.3659799822863	0.26398855254903986	0.00016535848015017282	0.016521377102980486
1544.4944583093113	0.26434053037063	0.00016537333463973695	0.016521377102980486
1546.6229366363361	0.2646925397966658	0.00016538820821311532	0.016521377102980486
1548.751414963361	0.26504458147800847	0.00016540311829987565	0.016521377102980486
1550.879893290386	0.26539665658077966	0.00016541809550200883	0.016521377102980486
1553.008371617411	0.2657487635092513	0.00016543309220087008	0.016521377102980486
1555.1368499444357	0.2661009023060164	0.0001654481083996321	0.016521377102980486
1557.2653282714607	0.26645307301366805	0.00016546314410146765	0.016521377102980486
1559.3938065984858	0.2668052756747991	0.00016547819930954943	0.016521377102980486
1561.5222849255108	0.26715751033200263	0.0001654932740270502	0.016521377102980486
1563.6507632525354	0.26750977702787154	0.00016550836825714264	0.016521377102980486
1565.7792415795604	0.26786207580499893	0.00016552348200299952	0.016521377102980486
1567.9077199065855	0.26821440670597774	0.00016553861526779354	0.016521377102980486
1570.0361982336103	0.26856676977340094	0.00016555376805469746	0.016521377102980486
1572.1646765606351	0.2689191650498615	0.00016556894036688397	0.016521377102980486
1574.2931548876602	0.2692715925779525	0.00016558413220752583	0.016521377102980486
1576.4216332146852	0.26962405240026693	0.00016559934357979574	0.016521377102980486
1578.55011154171	0.2699765445593977	0.00016561457448686643	0.016521377102980486
1580.678589868735	0.2703290690979378	0.00016562982493191066	0.016521377102980486
1582.80706819576	0.2706816260584803	0.00016564509491810112	0.016521377102980486
1584.9355465227848	0.2710342154836181	0.00016566038444861057	0.016521377102980486
1587.0640248498098	0.2713868374159443	0.00016567569352661168	0.016521377102980486
1589.1925031768346	0.2717394918980518	0.00016569102215527724	0.016521377102980486
1591.3209815038597	0.27209217897253357	0.00016570637033777995	0.016521377102980486
1593.4494598308845	0.27244489868198274	0.00016572173807729253	0.016521377102980486
1595.5779381579096	0.2727976510689922	0.00016573712537698774	0.016521377102980486
1597.7064164849344	0.27315043617615486	0.00016575253224003825	0.016521377102980486
1599.8348948119594	0.27350325404606385	0.00016576795866961685	0.016521377102980486
1601.9633731389843	0.27385610472131217	0.0001657834046688962	0.016521377102980486
1604.0918514660093	0.2742089882444927	0.0001657988702410491	0.016521377102980486
1606.2203297930341	0.27456190465819846	0.00016581435538924824	0.016521377102980486
1608.348808120059	0.2749148540050225	0.00016582986011666635	0.016521377102980486
1610.477286447084	0.2752678363275578	0.00016584538442647613	0.016521377102980486
1612.605764774109	0.27562085166839734	0.00016586092832185037	0.016521377102980486
1614.7342431011339	0.275973900070134	0.00016587649180596175	0.016521377102980486
1616.8627214281587	0.27632698157536095	0.000165892074881983	0.016521377102980486
1618.9911997551837	0.2766800962266711	0.00016590767755308687	0.016521377102980486
1621.1196780822088	0.2770332440666574	0.00016592329982244606	0.016521377102980486
1623.2481564092334	0.2773864251379129	0.00016593894169323332	0.016521377102980486
1625.3766347362584	0.2777396394830306	0.00016595460316862136	0.016521377102980486
1627.5051130632835	0.27809288714460345	0.00016597028425178293	0.016521377102980486
1629.6335913903085	0.27844616816522444	0.00016598598494589075	0.016521377102980486
1631.7620697173331	0.27879948258748655	0.00016600170525411751	0.016521377102980486
1633.8905480443582	0.2791528304539828	0.000166017445179636	0.016521377102980486
1636.0190263713832	0.2795062118073062	0.00016603320472561886	0.016521377102980486
1638.147504698408	0.27985962669004977	0.00016604898389523893	0.016521377102980486
1640.275983025433	0.2802130751448064	0.00016606478269166886	0.016521377102980486
1642.404461352458	0.2805665572141691	0.00016608060111808137	0.016521377102980486
1644.532939679483	0.28092007294073096	0.00016609643917764923	0.016521377102980486
1646.6614180065078	0.28127362236708486	0.00016611229687354517	0.016521377102980486
1648.7898963335329	0.2816272055358238	0.00016612817420894187	0.016521377102980486
1650.9183746605577	0.2819808224895408	0.0001661440711870121	0.016521377102980486
1653.0468529875827	0.28233447327082895	0.00016615998781092857	0.016521377102980486
1655.1753313146075	0.2826881579222811	0.00016617592408386402	0.016521377102980486
1657.3038096416326	0.28304187648649026	0.00016619188000899116	0.016521377102980486
1659.4322879686574	0.2833956290060494	0.0001662078555894827	0.016521377102980486
1661.5607662956822	0.28374941552355165	0.00016622385082851142	0.016521377102980486
1663.6892446227073	0.2841032360815898	0.00016623986572925003	0.016521377102980486
1665.8177229497323	0.2844570907227571	0.0001662559002948712	0.016521377102980486
1667.9462012767572	0.28481097948964623	0.00016627195452854774	0.016521377102980486
1670.074679603782	0.28516490242485043	0.00016628802843345232	0.016521377102980486
1672.203157930807	0.2855188595709626	0.0001663041220127577	0.016521377102980486
1674.331636257832	0.28587285097057574	0.00016632023526963658	0.016521377102980486
1676.4601145848567	0.28622687666628277	0.00016633636820726172	0.016521377102980486
1678.5885929118817	0.2865809367006768	0.00016635252082880582	0.016521377102980486
1680.7170712389068	0.28693503111635077	0.00016636869313744164	0.016521377102980486
1682.8455495659318	0.28728915995589765	0.00016638488513634185	0.016521377102980486
1684.9740278929564	0.2876433232619104	0.0001664010968286792	0.016521377102980486
1687.1025062199815	0.28799752107698207	0.00016641732821762647	0.016521377102980486
1689.2309845470065	0.28835175344370567	0.00016643357930635634	0.016521377102980486
1691.3594628740314	0.2887060204046742	0.0001664498500980415	0.016521377102980486
1693.4879412010562	0.2890603220024805	0.00016646614059585477	0.016521377102980486
1695.6164195280812	0.28941465827971774	0.00016648245080296882	0.016521377102980486
1697.7448978551063	0.28976902927897885	0.00016649878072255635	0.016521377102980486
1699.873376182131	0.29012343504285676	0.00016651513035779016	0.016521377102980486
1702.001854509156	0.29047787561394456	0.0001665314997118429	0.016521377102980486
1704.130332836181	0.2908323510348352	0.00016654788878788738	0.016521377102980486
1706.258811163206	0.2911868613481216	0.00016656429758909626	0.016521377102980486
1708.3872894902308	0.2915414065963969	0.00016658072611864229	0.016521377102980486
1710.5157678172557	0.29189598682225393	0.0001665971743796982	0.016521377102980486
1712.6442461442807	0.2922506020682858	0.00016661364237543672	0.016521377102980486
1714.7727244713055	0.2926052523770854	0.00016663013010903056	0.016521377102980486
1716.9012027983306	0.29295993779124585	0.00016664663758365246	0.016521377102980486
1719.0296811253554	0.29331465835336	0.00016666316480247516	0.016521377102980486
1721.1581594523805	0.293669414106021	0.00016667971176867138	0.016521377102980486
1723.2866377794053	0.2940242050918217	0.00016669627848541382	0.016521377102980486
1725.4151161064303	0.29437903135335514	0.00016671286495587525	0.016521377102980486
1727.5435944334552	0.2947338929332143	0.00016672947118322835	0.016521377102980486
1729.67207276048	0.2950887898739922	0.00016674609717064588	0.016521377102980486
1731.800551087505	0.2954437222182818	0.00016676274292130058	0.016521377102980486
1733.92902941453	0.29579869000867615	0.00016677940843836514	0.016521377102980486
1736.057507741555	0.2961536932877681	0.00016679609372501232	0.016521377102980486
1738.1859860685797	0.2965087320981508	0.00016681279878441482	0.016521377102980486
1740.3144643956048	0.2968638064824172	0.0001668295236197454	0.016521377102980486
1742.4429427226298	0.29721891648316023	0.00016684626823417674	0.016521377102980486
1744.5714210496544	0.29757406214297294	0.0001668630326308816	0.016521377102980486
1746.6998993766795	0.29792924350444827	0.0001668798168130327	0.016521377102980486
1748.8283777037045	0.2982844606101793	0.00016689662078380276	0.016521377102980486
1750.9568560307296	0.2986397135027589	0.00016691344454636454	0.016521377102980486
1753.0853343577542	0.29899500222478015	0.00016693028810389074	0.016521377102980486
1755.2138126847792	0.299350326818836	0.00016694715145955407	0.016521377102980486
1757.3422910118043	0.29970568732751945	0.00016696403461652728	0.016521377102980486
1759.4707693388293	0.30006108379342356	0.0001669809375779831	0.016521377102980486
1761.599247665854	0.3004165162591412	0.00016699786034709427	0.016521377102980486
1763.727725992879	0.3007719847672654	0.00016701480292703348	0.016521377102980486
1765.856204319904	0.3011274893603892	0.00016703176532097347	0.016521377102980486
1767.9846826469288	0.30148303008110555	0.00016704874753208698	0.016521377102980486
1770.1131609739537	0.30183860697200743	0.00016706574956354674	0.016521377102980486
1772.2416393009787	0.30219422007568786	0.00016708277141852545	0.016521377102980486
1774.3701176280038	0.3025498694347398	0.00016709981310019588	0.016521377102980486
1776.4985959550286	0.3029055550917563	0.00016711687461173073	0.016521377102980486
1778.6270742820536	0.3032612770893303	0.0001671339559563027	0.016521377102980486
1780.7555526090784	0.3036170354700548	0.00016715105713708457	0.016521377102980486
1782.8840309361033	0.3039728302765228	0.00016716817815724905	0.016521377102980486
1785.0125092631283	0.30432866155132726	0.00016718531901996884	0.016521377102980486
1787.1409875901534	0.30468452933706125	0.00016720247972841672	0.016521377102980486
1789.2694659171782	0.3050404336763176	0.00016721966028576535	0.016521377102980486
1791.397944244203	0.3053963746116895	0.0001672368606951875	0.016521377102980486
1793.526422571228	0.30575235218576985	0.00016725408095985593	0.016521377102980486
1795.6549008982531	0.30610836644115164	0.00016727132108294328	0.016521377102980486
1797.7833792252777	0.3064644174204278	0.00016728858106762235	0.016521377102980486
1799.9118575523028	0.3068205051661914	0.00016730586091706585	0.016521377102980486
1802.0403358793278	0.30717662972103543	0.00016732316063444648	0.016521377102980486
1804.1688142063529	0.3075327911275529	0.000167340480222937	0.016521377102980486
1806.2972925333775	0.30788898942833665	0.0001673578196857101	0.016521377102980486
1808.4257708604025	0.30824522466597987	0.00016737517902593854	0.016521377102980486
1810.5542491874276	0.3086014968830755	0.00016739255824679505	0.016521377102980486
1812.6827275144526	0.3089578061222164	0.00016740995735145235	0.016521377102980486
1814.8112058414772	0.3093141524259957	0.00016742737634308316	0.016521377102980486
1816.9396841685023	0.3096705358370063	0.0001674448152248602	0.016521377102980486
1819.0681624955273	0.31002695639784134	0.00016746227399995622	0.016521377102980486
1821.1966408225521	0.31038341415109366	0.00016747975267154393	0.016521377102980486
1823.325119149577	0.31073990913935623	0.00016749725124279606	0.016521377102980486
1825.453597476602	0.3110964414052222	0.00016751476971688532	0.016521377102980486
1827.582075803627	0.3114530109912845	0.00016753230809698447	0.016521377102980486
1829.7105541306519	0.311809617940136	0.00016754986638626624	0.016521377102980486
1831.8390324576767	0.3121662622943698	0.00016756744458790333	0.016521377102980486
1833.9675107847017	0.3125229440965789	0.00016758504270506847	0.016521377102980486
1836.0959891117266	0.31287966338935624	0.00016760266074093442	0.016521377102980486
1838.2244674387516	0.31323642021529485	0.00016762029869867387	0.016521377102980486
1840.3529457657764	0.3135932146169877	0.00016763795658145955	0.016521377102980486
1842.4814240928015	0.3139500466370278	0.00016765563439246419	0.016521377102980486
1844.6099024198263	0.3143069163180081	0.00016767333213486054	0.016521377102980486
1846.7383807468514	0.31466382370252166	0.0001676910498118213	0.016521377102980486
1848.8668590738762	0.31502076883316144	0.00016770878742651923	0.016521377102980486
1850.995337400901	0.31537775175252036	0.00016772654498212704	0.016521377102980486
1853.123815727926	0.31573477250319154	0.00016774432248181743	0.016521377102980486
1855.252294054951	0.31609183112776784	0.00016776211992876317	0.016521377102980486
1857.380772381976	0.3164489276688423	0.00016777993732613694	0.016521377102980486
1859.5092507090008	0.316806062169008	0.00016779777467711151	0.016521377102980486
1861.6377290360258	0.31716323467085783	0.0001678156319848596	0.016521377102980486
1863.7662073630509	0.31752044521698475	0.0001678335092525539	0.016521377102980486
1865.8946856900754	0.3178776938499818	0.0001678514064833672	0.016521377102980486
1868.0231640171005	0.3182349806124421	0.0001678693236804722	0.016521377102980486
1870.1516423441255	0.3185923055469584	0.0001678872608470416	0.016521377102980486
1872.2801206711506	0.31894966869612384	0.00016790521798624815	0.016521377102980486
1874.4085989981752	0.3193070701025314	0.0001679231951012646	0.016521377102980486
1876.5370773252002	0.31966450980877403	0.00016794119219526362	0.016521377102980486
1878.6655556522253	0.3200219878574448	0.00016795920927141798	0.016521377102980486
1880.7940339792503	0.32037950429113654	0.0001679772463329004	0.016521377102980486
1882.922512306275	0.3207370591524424	0.00016799530338288361	0.016521377102980486
1885.0509906333	0.3210946524839553	0.00016801338042454035	0.016521377102980486
1887.179468960325	0.3214522843282682	0.0001680314774610433	0.016521377102980486
1889.3079472873499	0.32180995472797425	0.00016804959449556522	0.016521377102980486
1891.4364256143747	0.32216766372566624	0.00016806773153127885	0.016521377102980486
1893.5649039413997	0.32252541136393725	0.00016808588857135688	0.016521377102980486
1895.6933822684248	0.3228831976853803	0.00016810406561897206	0.016521377102980486
1897.8218605954496	0.32324102273258837	0.00016812226267729714	0.016521377102980486
1899.9503389224744	0.32359888654815433	0.0001681404797495048	0.016521377102980486
1902.0788172494995	0.32395678917467136	0.0001681587168387678	0.016521377102980486
1904.2072955765243	0.3243147306547323	0.00016817697394825884	0.016521377102980486
1906.3357739035494	0.32467271103093026	0.0001681952510811507	0.016521377102980486
1908.4642522305744	0.32503073034585817	0.00016821354824061603	0.016521377102980486
1910.5927305575992	0.32538878864210896	0.00016823186542982762	0.016521377102980486
1912.721208884624	0.32574688596227575	0.00016825020265195817	0.016521377102980486
1914.849687211649	0.32610502234895145	0.00016826855991018043	0.016521377102980486
1916.9781655386741	0.32646319784472905	0.0001682869372076671	0.016521377102980486
1919.1066438656987	0.32682141249220154	0.0001683053345475909	0.016521377102980486
1921.2351221927238	0.32717966633396195	0.0001683237519331246	0.016521377102980486
1923.3636005197488	0.3275379594126033	0.0001683421893674409	0.016521377102980486
1925.492078846774	0.32789629177071844	0.00016836064685371254	0.016521377102980486
1927.6205571737985	0.3282546634509005	0.0001683791243951122	0.016521377102980486
1929.7490355008235	0.3286130744957424	0.00016839762199481268	0.016521377102980486
1931.8775138278486	0.32897152494783716	0.00016841613965598665	0.016521377102980486
1934.0059921548736	0.32933001484977775	0.0001684346773818069	0.016521377102980486
1936.1344704818982	0.32968854424415717	0.00016845323517544606	0.016521377102980486
1938.2629488089233	0.33004711317356844	0.00016847181304007695	0.016521377102980486
1940.3914271359483	0.33040572168060456	0.00016849041097887223	0.016521377102980486
1942.5199054629732	0.3307643698078584	0.00016850902899500468	0.016521377102980486
1944.648383789998	0.33112305759792304	0.000168527667091647	0.016521377102980486
1946.776862117023	0.33148178509339155	0.00016854632527197192	0.016521377102980486
1948.905340444048	0.3318405523368568	0.00016856500353915218	0.016521377102980486
1951.033818771073	0.33219935937091183	0.00016858370189636049	0.016521377102980486
1953.1622970980977	0.3325582062381496	0.00016860242034676958	0.016521377102980486
1955.2907754251228	0.33291709298116307	0.0001686211588935522	0.016521377102980486
1957.4192537521476	0.3332760196425454	0.00016863991753988104	0.016521377102980486
1959.5477320791726	0.33363498626488935	0.00016865869628892883	0.016521377102980486
1961.6762104061975	0.33399399289078807	0.00016867749514386834	0.016521377102980486
1963.8046887332225	0.33435303956283446	0.00016869631410787225	0.016521377102980486
1965.9331670602473	0.33471212632362163	0.00016871515318411332	0.016521377102980486
1968.0616453872724	0.3350712532157425	0.00016873401237576426	0.016521377102980486
1970.1901237142972	0.33543042028179	0.0001687528916859978	0.016521377102980486
1972.318602041322	0.33578962756435715	0.0001687717911179867	0.016521377102980486
1974.447080368347	0.3361488751060371	0.00016879071067490363	0.016521377102980486
1976.5755586953721	0.3365081629494226	0.00016880965035992134	0.016521377102980486
1978.704037022397	0.33686749113710673	0.00016882861017621255	0.016521377102980486
1980.8325153494218	0.33722685971168254	0.00016884759012695004	0.016521377102980486
1982.9609936764468	0.337586268715743	0.00016886659021530647	0.016521377102980486
1985.0894720034719	0.3379457181918811	0.00016888561044445458	0.016521377102980486
1987.2179503304965	0.3383052081826897	0.00016890465081756712	0.016521377102980486
1989.3464286575215	0.338664738730762	0.0001689237113378168	0.016521377102980486
1991.4749069845466	0.3390243098786909	0.00016894279200837639	0.016521377102980486
1993.6033853115716	0.3393839216690694	0.00016896189283241854	0.016521377102980486
1995.7318636385962	0.3397435741444904	0.00016898101381311603	0.016521377102980486
1997.8603419656213	0.34010326734754703	0.0001690001549536416	0.016521377102980486
1999.9888202926463	0.3404630013208322	0.00016901931625716793	0.016521377102980486
2002.1172986196714	0.3408227761069389	0.00016903849772686777	0.016521377102980486
2004.245776946696	0.34118259174846016	0.00016905769936591386	0.016521377102980486
2006.374255273721	0.34154244828798896	0.0001690769211774789	0.016521377102980486
2008.502733600746	0.34190234576811823	0.00016909616316473564	0.016521377102980486
2010.631211927771	0.3422622842314411	0.0001691154253308568	0.016521377102980486
2012.7596902547957	0.3426222637205504	0.0001691347076790151	0.016521377102980486
2014.8881685818208	0.34298228427803923	0.0001691540102123833	0.016521377102980486
2017.0166469088458	0.3433423459465005	0.00016917333293413407	0.016521377102980486
2019.1451252358706	0.3437024487685273	0.0001691926758474402	0.016521377102980486
2021.2736035628955	0.34406259278671253	0.00016921203895547434	0.016521377102980486
2023.4020818899205	0.34442277804364924	0.0001692314222614093	0.016521377102980486
2025.5305602169453	0.34478300458193034	0.00016925082576841775	0.016521377102980486
2027.6590385439704	0.345143272444149	0.00016927024947967245	0.016521377102980486
2029.7875168709952	0.34550358167289796	0.0001692896933983461	0.016521377102980486
2031.9159951980203	0.3458639323107704	0.00016930915752761148	0.016521377102980486
2034.044473525045	0.3462243244003593	0.00016932864187064125	0.016521377102980486
2036.1729518520701	0.34658475798425753	0.00016934814643060816	0.016521377102980486
2038.301430179095	0.34694523310505815	0.00016936767121068495	0.016521377102980486
2040.4299085061198	0.34730574980535417	0.00016938721621404437	0.016521377102980486
2042.5583868331448	0.3476663081277386	0.0001694067814438591	0.016521377102980486
2044.6868651601699	0.34802690811480436	0.00016942636690330188	0.016521377102980486
2046.815343487195	0.3483875498091445	0.00016944597259554542	0.016521377102980486
2048.9438218142195	0.3487482332533519	0.0001694655985237625	0.016521377102980486
2051.072300141245	0.34910895849001977	0.00016948524469112582	0.016521377102980486
2053.2007784682696	0.3494697255617409	0.0001695049111008081	0.016521377102980486
2055.3292567952944	0.34983053451110835	0.00016952459775598205	0.016521377102980486
2057.4577351223193	0.3501913853807151	0.00016954430465982044	0.016521377102980486
2059.586213449344	0.35055227821315416	0.00016956403181549596	0.016521377102980486
2061.7146917763694	0.3509132130510185	0.0001695837792261814	0.016521377102980486
2063.843170103394	0.3512741899369012	0.0001696035468950494	0.016521377102980486
2065.971648430419	0.35163520891339506	0.00016962333482527272	0.016521377102980486
2068.100126757444	0.35199627002309325	0.0001696431430200241	0.016521377102980486
2070.228605084469	0.3523573733085887	0.00016966297148247628	0.016521377102980486
2072.357083411494	0.3527185188124744	0.00016968282021580195	0.016521377102980486
2074.4855617385188	0.3530797065773433	0.00016970268922317388	0.016521377102980486
2076.6140400655436	0.35344093664578846	0.00016972257850776478	0.016521377102980486
2078.742518392569	0.35380220906040283	0.00016974248807274735	0.016521377102980486
2080.8709967195937	0.3541635238637794	0.00016976241792129434	0.016521377102980486
2082.9994750466185	0.35452488109851116	0.00016978236805657848	0.016521377102980486
2085.1279533736433	0.3548862808071911	0.0001698023384817725	0.016521377102980486
2087.2564317006686	0.35524772303241225	0.0001698223292000491	0.016521377102980486
2089.3849100276934	0.35560920781676764	0.00016984234021458105	0.016521377102980486
2091.5133883547182	0.35597073520285005	0.00016986237152854104	0.016521377102980486
2093.641866681743	0.3563323052332527	0.00016988242314510183	0.016521377102980486
2095.7703450087683	0.3566939179505685	0.00016990249506743612	0.016521377102980486
2097.898823335793	0.3570555733973904	0.00016992258729871663	0.016521377102980486
2100.027301662818	0.3574172716163114	0.0001699426998421161	0.016521377102980486
2102.155779989843	0.3577790126499246	0.0001699628327008073	0.016521377102980486
2104.284258316868	0.3581407965408229	0.0001699829858779629	0.016521377102980486
2106.412736643893	0.35850262333159927	0.00017000315937675564	0.016521377102980486
2108.5412149709177	0.3588644930648467	0.00017002335320035825	0.016521377102980486
2110.6696932979426	0.3592264057831583	0.00017004356735194349	0.016521377102980486
2112.7981716249674	0.3595883615291269	0.00017006380183468402	0.016521377102980486
2114.9266499519927	0.35995036034534555	0.00017008405665175263	0.016521377102980486
2117.0551282790175	0.3603124022744073	0.000170104331806322	0.016521377102980486
2119.1836066060423	0.36067448735890506	0.0001701246273015649	0.016521377102980486
2121.312084933067	0.3610366156414319	0.00017014494314065404	0.016521377102980486
2123.4405632600924	0.36139878716458074	0.00017016527932676211	0.016521377102980486
2125.569041587117	0.3617610019709446	0.0001701856358630619	0.016521377102980486
2127.697519914142	0.36212326010311646	0.0001702060127527261	0.016521377102980486
