x	chi	dchidx	s0
0.00027261166202822664	0.0	0.09698517343424343	0.09698517343424343
0.013882698576922568	0.0013199686125962232	0.09698343746435331	0.09698517343424343
0.02749278549181691	0.002639890882213534	0.09697836334313074	0.09698517343424343
0.041102872406711254	0.00395972137634053	0.0969699510722332	0.09698517343424343
0.05471295932160559	0.0052794146624767935	0.09695820065157337	0.09698517343424343
0.06832304623649993	0.006598925308116483	0.09694311208098551	0.09698517343424343
0.08193313315139428	0.007918207880748132	0.09692468536023763	0.09698517343424343
0.09554322006628861	0.009237216947854645	0.09690292048903154	0.09698517343424343
0.10915330698118293	0.010555907076913302	0.09687781746700284	0.09698517343424343
0.12276339389607728	0.011874232835395758	0.0968493762937209	0.09698517343424343
0.13637348081097161	0.01319214879076804	0.09681759696868887	0.09698517343424343
0.14998356772586593	0.01450960951049055	0.0967824794913437	0.09698517343424343
0.1635936546407603	0.015826569561496282	0.09674402386174848	0.09698517343424343
0.17720374155565466	0.017142983509142944	0.09670223008202218	0.09698517343424343
0.19081382847054898	0.01845880592101105	0.09665709815130438	0.09698517343424343
0.20442391538544333	0.019773991364920116	0.09660862806833181	0.09698517343424343
0.21803400230033765	0.021088494408651293	0.0965568198318035	0.09698517343424343
0.23164408921523202	0.022402269619947356	0.09650167344038077	0.09698517343424343
0.24525417613012634	0.02371527156651269	0.09644318889268727	0.09698517343424343
0.2588642630450207	0.025027454816013324	0.09638136618730894	0.09698517343424343
0.272474349959915	0.026338773936076892	0.09631620532279404	0.09698517343424343
0.2860844368748094	0.02764918349429267	0.09624770629765313	0.09698517343424343
0.2996945237897037	0.02895863805821153	0.09617586911035905	0.09698517343424343
0.31330461070459803	0.030267092195346006	0.09610069375934699	0.09698517343424343
0.3269146976194924	0.03157450047317022	0.0960221802430144	0.09698517343424343
0.3405247845343867	0.03288081745911993	0.09594032855972108	0.09698517343424343
0.3541348714492811	0.03418599772059254	0.0958551387077891	0.09698517343424343
0.36774495836417537	0.035489995824947024	0.09576661068550285	0.09698517343424343
0.38135504527906977	0.03679276633950404	0.09567474449110903	0.09698517343424343
0.39496513219396406	0.03809426383154584	0.09557954012281662	0.09698517343424343
0.4085752191088584	0.039394442868316296	0.09548099757879695	0.09698517343424343
0.42218530602375276	0.040693258017020895	0.09537911685718362	0.09698517343424343
0.4357953929386471	0.041990663844826796	0.09527389795607252	0.09698517343424343
0.4494054798535414	0.04328661491886272	0.09516534087352191	0.09698517343424343
0.4630155667684358	0.04458106580621906	0.09505344560755227	0.09698517343424343
0.47662565368333015	0.045873971073947785	0.09493821215614648	0.09698517343424343
0.49023574059822445	0.04716528528906254	0.09481964051724964	0.09698517343424343
0.5038458275131188	0.04845496301853855	0.0946977306887692	0.09698517343424343
0.5174559144280132	0.04974295882931271	0.09457248266857492	0.09698517343424343
0.5310660013429075	0.05102922728828348	0.09444389645449883	0.09698517343424343
0.5446760882578018	0.052313722962310974	0.0943119720443353	0.09698517343424343
0.5582861751726962	0.053596400418216956	0.09417670943584097	0.09698517343424343
0.5718962620875905	0.05487721422278476	0.09403810862673484	0.09698517343424343
0.5855063490024849	0.05615611894275939	0.09389616961469817	0.09698517343424343
0.5991164359173792	0.05743306914484744	0.09375089239737454	0.09698517343424343
0.6127265228322736	0.05870801939571717	0.09360227697236982	0.09698517343424343
0.6263366097471679	0.05998092426199839	0.09345032333725221	0.09698517343424343
0.6399466966620622	0.06125173831028263	0.0932950314895522	0.09698517343424343
0.6535567835769566	0.06252041610712297	0.09313640142676259	0.09698517343424343
0.6671668704918509	0.06378691221903411	0.09297443314633849	0.09698517343424343
0.6807769574067453	0.06505118121249243	0.0928091266456973	0.09698517343424343
0.6943870443216396	0.0663131776539359	0.09264048192221876	0.09698517343424343
0.707997131236534	0.06757285610976413	0.09246849897324486	0.09698517343424343
0.7216072181514283	0.0688301711463383	0.09229317779607993	0.09698517343424343
0.7352173050663225	0.07008507732998129	0.0921145183879906	0.09698517343424343
0.7488273919812168	0.07133752922697759	0.09193252074620582	0.09698517343424343
0.7624374788961112	0.07258748140357324	0.09174718486791683	0.09698517343424343
0.7760475658110056	0.07383488842597596	0.09155851075027717	0.09698517343424343
0.7896576527258999	0.07507970486035512	0.09136649839040269	0.09698517343424343
0.8032677396407943	0.07632188527284167	0.09117114778537155	0.09698517343424343
0.8168778265556886	0.0775613842295282	0.09097245893222422	0.09698517343424343
0.8304879134705829	0.07879815629646889	0.09077043182796346	0.09698517343424343
0.8440980003854772	0.0800321560396796	0.09056506646955434	0.09698517343424343
0.8577080873003717	0.08126333802513781	0.09035636285392425	0.09698517343424343
0.871318174215266	0.08249165681878258	0.09014432097796286	0.09698517343424343
0.8849282611301604	0.08371706698651457	0.08992894083852217	0.09698517343424343
0.8985383480450547	0.08493952309419615	0.08971022243241647	0.09698517343424343
0.912148434959949	0.08615897970765127	0.08948816575642236	0.09698517343424343
0.9257585218748435	0.08737539139266555	0.08926277080727874	0.09698517343424343
0.9393686087897378	0.0885887127149861	0.08903403758168683	0.09698517343424343
0.9529786957046321	0.08979889824032178	0.08880196607631015	0.09698517343424343
0.9665887826195264	0.09100590253434304	0.0885665562877745	0.09698517343424343
0.9801988695344208	0.09220968016268194	0.08832780821266803	0.09698517343424343
0.9938089564493151	0.0934101856909322	0.08808572184754114	0.09698517343424343
1.0074190433642094	0.09460737368464911	0.08784029718890661	0.09698517343424343
1.021029130279104	0.09580119870934964	0.08759153423323944	0.09698517343424343
1.0346392171939982	0.09699161533051232	0.08733943297697701	0.09698517343424343
1.0482493041088925	0.09817860605582497	0.08708399547296646	0.09698517343424343
1.0618593910237868	0.09936302834672885	0.0868248681292898	0.09698517343424343
1.075469477938681	0.10054487673620384	0.08656063920253715	0.09698517343424343
1.0890795648535754	0.10172362136614024	0.08629007915094716	0.09698517343424343
1.10268965176847	0.10289880081784196	0.08601240532930465	0.09698517343424343
1.1162997386833642	0.1040700221120265	0.08572728198894057	0.09698517343424343
1.1299098255982587	0.10523696070882493	0.085434820277732	0.09698517343424343
1.143519912513153	0.10639936050778194	0.08513557824010218	0.09698517343424343
1.1571299994280473	0.10755703384785581	0.08483056081702049	0.09698517343424343
1.1707400863429416	0.10870986150741839	0.08452121984600248	0.09698517343424343
1.1843501732578359	0.10985779270425515	0.08420945406110983	0.09698517343424343
1.1979602601727302	0.11100084509556514	0.08389760909295034	0.09698517343424343
1.2115703470876247	0.112139104777961	0.083588477468678	0.09698517343424343
1.225180434002519	0.11327272628746897	0.08328529861199291	0.09698517343424343
1.2387905209174133	0.11440193259952885	0.08299175884314132	0.09698517343424343
1.2524006078323076	0.11552701512899409	0.08271199137891566	0.09698517343424343
1.2660106947472018	0.11664833373013168	0.08245057633265447	0.09698517343424343
1.2796207816620961	0.11776631669662224	0.08221254071424246	0.09698517343424343
1.2932308685769907	0.11888146076155996	0.08200335843011043	0.09698517343424343
1.3068409554918852	0.11999433109745264	0.08182895028323542	0.09698517343424343
1.3204510424067795	0.12110556131622162	0.08169568397314053	0.09698517343424343
1.3340611293216738	0.12221585346920191	0.08161037409589507	0.09698517343424343
1.347671216236568	0.12332597804714206	0.08158028214411442	0.09698517343424343
1.3736106506575751	0.12544212565800542	0.08158037657384695	0.09698517343424343
1.3995500850785823	0.12755827573152276	0.08158047225278338	0.09698517343424343
1.4254895194995894	0.12967442830051867	0.08158056918185118	0.09698517343424343
1.4514289539205965	0.13179058339781788	0.08158066736197782	0.09698517343424343
1.4773683883416036	0.133906741056245	0.08158076679409078	0.09698517343424343
1.5033078227626107	0.13602290130862474	0.08158086747911755	0.09698517343424343
1.5292472571836175	0.13813906418778168	0.08158096941798562	0.09698517343424343
1.5551866916046246	0.1402552297265406	0.08158107261162244	0.09698517343424343
1.5811261260256317	0.14237139795772602	0.08158117706095551	0.09698517343424343
1.6070655604466388	0.1444875689141627	0.0815812827669123	0.09698517343424343
1.6330049948676462	0.14660374262867523	0.08158138973042031	0.09698517343424343
1.6589444292886533	0.14871991913408833	0.08158149795240699	0.09698517343424343
1.6848838637096604	0.15083609846322663	0.08158160743379983	0.09698517343424343
1.7108232981306675	0.15295228064891478	0.08158171817552633	0.09698517343424343
1.7367627325516746	0.15506846572397748	0.08158183017851393	0.09698517343424343
1.7627021669726817	0.15718465372123933	0.08158194344369014	0.09698517343424343
1.7886416013936888	0.159300844673525	0.08158205797198245	0.09698517343424343
1.8145810358146959	0.16141703861365922	0.0815821737643183	0.09698517343424343
1.840520470235703	0.16353323557446653	0.0815822908216252	0.09698517343424343
1.86645990465671	0.1656494355887717	0.08158240914483061	0.09698517343424343
1.8923993390777172	0.16776563868939934	0.08158252873486203	0.09698517343424343
1.9183387734987243	0.1698818449091741	0.08158264959264694	0.09698517343424343
1.9442782079197314	0.17199805428092066	0.0815827717191128	0.09698517343424343
1.9702176423407385	0.17411426683746367	0.08158289511518708	0.09698517343424343
1.9961570767617456	0.17623048261162777	0.0815830197817973	0.09698517343424343
2.022096511182753	0.17834670163623767	0.08158314571987091	0.09698517343424343
2.04803594560376	0.18046292394411798	0.0815832729303354	0.09698517343424343
2.0739753800247667	0.18257914956809335	0.08158340141411825	0.09698517343424343
2.099914814445774	0.1846953785409885	0.08158353117214694	0.09698517343424343
2.125854248866781	0.18681161089562803	0.08158366220534893	0.09698517343424343
2.151793683287788	0.18892784674423652	0.08158379445788244	0.09698517343424343
2.177733117708795	0.19104408642411838	0.08158392771140528	0.09698517343424343
2.2036725521298024	0.19316032956352236	0.08158406225476322	0.09698517343424343
2.2296119865508093	0.19527657619608557	0.08158419808799393	0.09698517343424343
2.2555514209718166	0.19739282635544542	0.08158433521113508	0.09698517343424343
2.2814908553928235	0.19950908007523904	0.08158447362422436	0.09698517343424343
2.307430289813831	0.20162533738910385	0.08158461332729945	0.09698517343424343
2.3333697242348377	0.20374159833067698	0.08158475432039804	0.09698517343424343
2.3593091586558455	0.20585786293359584	0.08158489660355779	0.09698517343424343
2.385248593076852	0.20797413123149755	0.08158504017681639	0.09698517343424343
2.411188027497859	0.21009040325801948	0.08158518504021153	0.09698517343424343
2.437127461918866	0.2122066790467989	0.08158533119378088	0.09698517343424343
2.4630668963398734	0.21432295863147302	0.0815854786375621	0.09698517343424343
2.4890063307608803	0.2164392420456792	0.08158562737159292	0.09698517343424343
2.5149457651818876	0.2185555293230546	0.08158577739591097	0.09698517343424343
2.5408851996028945	0.22067182049723658	0.08158592871055396	0.09698517343424343
2.566824634023902	0.22278811560186235	0.08158608131555957	0.09698517343424343
2.5927640684449087	0.22490441467056926	0.08158623521096546	0.09698517343424343
2.618703502865916	0.22702071773699448	0.08158639039680932	0.09698517343424343
2.644642937286923	0.22913702483477533	0.08158654687312884	0.09698517343424343
2.6705823717079302	0.2312533359975491	0.08158670463996169	0.09698517343424343
2.696521806128937	0.23336965125895304	0.08158686369734555	0.09698517343424343
2.7224612405499444	0.2354859706526244	0.0815870240453181	0.09698517343424343
2.7484006749709518	0.23760229421220047	0.08158718568391704	0.09698517343424343
2.7743401093919586	0.23971862197131855	0.08158734861318002	0.09698517343424343
2.800279543812966	0.24183495396361585	0.08158751283314473	0.09698517343424343
2.8262189782339724	0.24395129022272966	0.08158767834384886	0.09698517343424343
2.85215841265498	0.2460676307822973	0.08158784514533009	0.09698517343424343
2.8780978470759866	0.24818397567595596	0.08158801323762609	0.09698517343424343
2.9040372814969944	0.250300324937343	0.08158818262077454	0.09698517343424343
2.929976715918001	0.2524166786000956	0.08158835329481312	0.09698517343424343
2.9559161503390086	0.2545330366978511	0.08158852525977953	0.09698517343424343
2.981855584760015	0.2566493992642467	0.08158869851571142	0.09698517343424343
3.0077950191810228	0.25876576633291976	0.08158887306264649	0.09698517343424343
3.033734453602029	0.2608821379375074	0.08158904890062241	0.09698517343424343
3.059673888023037	0.2629985141116471	0.08158922602967687	0.09698517343424343
3.085613322444044	0.265114894888976	0.08158940444984755	0.09698517343424343
3.111552756865051	0.26723128030313137	0.08158958416117212	0.09698517343424343
3.137492191286058	0.26934767038775054	0.08158976516368827	0.09698517343424343
3.1634316257070654	0.2714640651764707	0.08158994745743367	0.09698517343424343
3.1893710601280723	0.2735804647029292	0.08159013104244602	0.09698517343424343
3.2153104945490796	0.27569686900076323	0.08159031591876297	0.09698517343424343
3.2412499289700865	0.2778132781036101	0.08159050208642223	0.09698517343424343
3.267189363391094	0.2799296920451072	0.08159068954546145	0.09698517343424343
3.2931287978121007	0.28204611085889153	0.08159087829591834	0.09698517343424343
3.319068232233108	0.28416253457860063	0.08159106833783057	0.09698517343424343
3.345007666654115	0.2862789632378716	0.08159125967123582	0.09698517343424343
3.370947101075122	0.28839539687034177	0.08159145229617175	0.09698517343424343
3.396886535496129	0.29051183550964843	0.08159164621267607	0.09698517343424343
3.4228259699171364	0.2926282791894288	0.08159184142078645	0.09698517343424343
3.4487654043381433	0.2947447279433202	0.08159203792054055	0.09698517343424343
3.47470483875915	0.2968611818049598	0.08159223571197609	0.09698517343424343
3.5006442731801575	0.298977640807985	0.08159243479513073	0.09698517343424343
3.5265837076011644	0.301094104986033	0.08159263517004213	0.09698517343424343
3.5525231420221717	0.3032105743727412	0.081592836836748	0.09698517343424343
3.5784625764431786	0.3053270490017466	0.08159303979528601	0.09698517343424343
3.604402010864186	0.30744352890668675	0.08159324404569385	0.09698517343424343
3.6303414452851928	0.30956001412119866	0.08159344958800917	0.09698517343424343
3.6562808797062	0.3116765046789199	0.08159365642226968	0.09698517343424343
3.682220314127207	0.31379300061348747	0.08159386454851304	0.09698517343424343
3.7081597485482143	0.3159095019585388	0.08159407396677695	0.09698517343424343
3.734099182969221	0.31802600874771103	0.08159428467709907	0.09698517343424343
3.7600386173902285	0.3201425210146416	0.08159449667951711	0.09698517343424343
3.7859780518112354	0.32225903879296763	0.08159470997406872	0.09698517343424343
3.8119174862322427	0.3243755621163265	0.08159492456079159	0.09698517343424343
3.8378569206532496	0.3264920910183554	0.08159514043972341	0.09698517343424343
3.863796355074257	0.32860862553269166	0.08159535761090184	0.09698517343424343
3.8897357894952638	0.3307251656929725	0.08159557607436457	0.09698517343424343
3.915675223916271	0.33284171153283515	0.08159579583014928	0.09698517343424343
3.941614658337278	0.33495826308591703	0.08159601687829367	0.09698517343424343
3.9675540927582853	0.3370748203858553	0.08159623921883538	0.09698517343424343
3.993493527179292	0.3391913834662872	0.08159646285181213	0.09698517343424343
4.0194329616003	0.3413079523608501	0.08159668777726158	0.09698517343424343
4.045372396021307	0.34342452710318117	0.0815969139952214	0.09698517343424343
4.071311830442314	0.3455411077269178	0.08159714150572929	0.09698517343424343
4.097251264863321	0.34765769426569715	0.08159737030882293	0.09698517343424343
4.123190699284328	0.3497742867531566	0.08159760040453999	0.09698517343424343
4.149130133705335	0.35189088522293327	0.08159783179291814	0.09698517343424343
4.175069568126342	0.3540074897086646	0.08159806447399509	0.09698517343424343
4.201009002547349	0.35612410024398766	0.0815982984478085	0.09698517343424343
4.226948436968357	0.35824071686254	0.08159853371439606	0.09698517343424343
4.252887871389364	0.3603573395979585	0.08159877027379543	0.09698517343424343
4.2788273058103705	0.3624739684838808	0.08159900812604431	0.09698517343424343
4.304766740231377	0.364590603553944	0.08159924727118037	0.09698517343424343
4.330706174652384	0.3667072448417854	0.0815994877092413	0.09698517343424343
4.356645609073392	0.3688238923810423	0.08159972944026478	0.09698517343424343
4.382585043494399	0.37094054620535183	0.08159997246428848	0.09698517343424343
4.408524477915406	0.37305720634835143	0.08160021678135009	0.09698517343424343
4.434463912336413	0.37517387284367826	0.08160046239148729	0.09698517343424343
4.4604033467574205	0.3772905457249697	0.08160070929473774	0.09698517343424343
4.486342781178427	0.379407225025863	0.08160095749113914	0.09698517343424343
4.512282215599434	0.38152391077999526	0.08160120698072917	0.09698517343424343
4.538221650020441	0.3836406030210039	0.0816014577635455	0.09698517343424343
4.564161084441449	0.38575730178252626	0.08160170983962584	0.09698517343424343
4.590100518862456	0.3878740070981994	0.08160196320900782	0.09698517343424343
4.616039953283463	0.3899907190016608	0.08160221787172915	0.09698517343424343
4.6419793877044695	0.39210743752654764	0.08160247382782752	0.09698517343424343
4.667918822125477	0.3942241627064972	0.08160273107734059	0.09698517343424343
4.693858256546484	0.39634089457514665	0.08160298962030604	0.09698517343424343
4.719797690967491	0.39845763316613336	0.08160324945676158	0.09698517343424343
4.745737125388498	0.40057437851309463	0.08160351058674485	0.09698517343424343
4.771676559809506	0.4026911306496677	0.08160377301029355	0.09698517343424343
4.7976159942305125	0.4048078896094898	0.08160403672744536	0.09698517343424343
4.823555428651519	0.40692465542619827	0.08160430173823796	0.09698517343424343
4.849494863072526	0.40904142813343025	0.08160456804270903	0.09698517343424343
4.875434297493534	0.4111582077648232	0.08160483564089624	0.09698517343424343
4.901373731914541	0.4132749943540142	0.08160510453283729	0.09698517343424343
4.927313166335549	0.4153917879346407	0.08160537471856985	0.09698517343424343
4.953252600756555	0.41750858854033984	0.08160564619813158	0.09698517343424343
4.9791920351775625	0.4196253962047489	0.0816059189715602	0.09698517343424343
5.005131469598569	0.4217422109615052	0.08160619303889337	0.09698517343424343
5.031070904019577	0.4238590328442461	0.08160646840016876	0.09698517343424343
5.057010338440583	0.42597586188660863	0.08160674505542406	0.09698517343424343
5.082949772861591	0.4280926981222302	0.08160702300469695	0.09698517343424343
5.108889207282598	0.4302095415847481	0.08160730224802512	0.09698517343424343
5.1348286417036055	0.4323263923077996	0.08160758278544623	0.09698517343424343
5.1607680761246115	0.4344432503250219	0.08160786461699798	0.09698517343424343
5.186707510545619	0.4365601156700524	0.08160814774271805	0.09698517343424343
5.212646944966626	0.43867698837652813	0.08160843216264409	0.09698517343424343
5.238586379387634	0.44079386847808666	0.08160871787681381	0.09698517343424343
5.264525813808641	0.442910756008365	0.08160900488526489	0.09698517343424343
5.290465248229648	0.44502765100100067	0.08160929318803499	0.09698517343424343
5.316404682650655	0.44714455348963067	0.08160958278516181	0.09698517343424343
5.342344117071662	0.4492614635078925	0.08160987367668301	0.09698517343424343
5.368283551492669	0.4513783810894232	0.0816101658626363	0.09698517343424343
5.394222985913676	0.4534953062678603	0.08161045934305933	0.09698517343424343
5.420162420334683	0.4556122390768409	0.0816107541179898	0.09698517343424343
5.446101854755691	0.4577291795500023	0.08161105018746538	0.09698517343424343
5.472041289176698	0.4598461277209819	0.08161134755152376	0.09698517343424343
5.4979807235977045	0.46196308362341676	0.0816116462102026	0.09698517343424343
5.523920158018711	0.4640800472909442	0.0816119461635396	0.09698517343424343
5.549859592439718	0.46619701875720154	0.08161224741157244	0.09698517343424343
5.575799026860726	0.4683139980558262	0.08161254995433878	0.09698517343424343
5.601738461281733	0.4704309852204551	0.08161285379187633	0.09698517343424343
5.62767789570274	0.47254798028472583	0.08161315892422275	0.09698517343424343
5.653617330123747	0.4746649832822755	0.08161346535141573	0.09698517343424343
5.679556764544754	0.47678199424674145	0.08161377307349292	0.09698517343424343
5.705496198965761	0.4788990132117609	0.08161408209049205	0.09698517343424343
5.731435633386768	0.4810160402109711	0.08161439240245076	0.09698517343424343
5.757375067807775	0.48313307527800947	0.08161470400940676	0.09698517343424343
5.783314502228783	0.48525011844651306	0.0816150169113977	0.09698517343424343
5.80925393664979	0.4873671697501193	0.0816153311084613	0.09698517343424343
5.835193371070797	0.48948422922246543	0.0816156466006352	0.09698517343424343
5.8611328054918035	0.4916012968971886	0.08161596338795708	0.09698517343424343
5.887072239912811	0.49371837280792624	0.08161628147046467	0.09698517343424343
5.913011674333818	0.49583545698831555	0.0816166008481956	0.09698517343424343
5.938951108754825	0.49795254947199385	0.08161692152118756	0.09698517343424343
5.964890543175832	0.5000696502925983	0.08161724348947824	0.09698517343424343
5.99082997759684	0.5021867594837663	0.08161756675310532	0.09698517343424343
6.0167694120178465	0.504303877079135	0.08161789131210648	0.09698517343424343
6.042708846438853	0.506421003112342	0.08161821716651939	0.09698517343424343
6.06864828085986	0.5085381376170239	0.08161854431638174	0.09698517343424343
6.094587715280868	0.5106552806268185	0.08161887276173121	0.09698517343424343
6.120527149701875	0.5127724321753631	0.08161920250260549	0.09698517343424343
6.146466584122882	0.5148895922962946	0.08161953353904224	0.09698517343424343
6.172406018543889	0.5170067610232507	0.08161986587107914	0.09698517343424343
6.1983454529648965	0.5191239383898683	0.08162019949875389	0.09698517343424343
6.224284887385903	0.521241124429785	0.08162053442210415	0.09698517343424343
6.250224321806911	0.5233583191766378	0.0816208706411676	0.09698517343424343
6.276163756227917	0.5254755226640637	0.08162120815598195	0.09698517343424343
6.302103190648925	0.5275927349257009	0.08162154696658486	0.09698517343424343
6.328042625069932	0.5297099559951858	0.08162188707301399	0.09698517343424343
6.353982059490939	0.531827185906156	0.08162222847530705	0.09698517343424343
6.3799214939119455	0.5339444246922489	0.08162257117350172	0.09698517343424343
6.405860928332952	0.5360616723871013	0.08162291516763566	0.09698517343424343
6.43180036275396	0.538178929024351	0.08162326045774655	0.09698517343424343
6.457739797174967	0.540296194637635	0.0816236070438721	0.09698517343424343
6.483679231595974	0.5424134692605909	0.08162395492604996	0.09698517343424343
6.509618666016981	0.5445307529268553	0.08162430410431783	0.09698517343424343
6.535558100437989	0.5466480456700661	0.08162465457871337	0.09698517343424343
6.5614975348589955	0.5487653475238603	0.08162500634927428	0.09698517343424343
6.587436969280003	0.5508826585218751	0.08162535941603823	0.09698517343424343
6.613376403701009	0.552999978697748	0.0816257137790429	0.09698517343424343
6.639315838122017	0.5551173080851161	0.08162606943832597	0.09698517343424343
6.665255272543024	0.5572346467176166	0.08162642639392512	0.09698517343424343
6.691194706964032	0.5593519946288872	0.08162678464587804	0.09698517343424343
6.717134141385038	0.5614693518525644	0.0816271441942224	0.09698517343424343
6.743073575806045	0.5635867184222862	0.08162750503899588	0.09698517343424343
6.769013010227052	0.5657040943716897	0.08162786718023617	0.09698517343424343
6.79495244464806	0.567821479734412	0.08162823061798093	0.09698517343424343
6.820891879069066	0.5699388745440903	0.08162859535226787	0.09698517343424343
6.846831313490073	0.572056278834362	0.08162896138313464	0.09698517343424343
6.87277074791108	0.5741736926388645	0.08162932871061894	0.09698517343424343
6.898710182332088	0.5762911159912351	0.08162969733475844	0.09698517343424343
6.924649616753095	0.5784085489251107	0.08163006725559083	0.09698517343424343
6.950589051174101	0.5805259914741289	0.08163043847315378	0.09698517343424343
6.976528485595108	0.5826434436719268	0.08163081098748497	0.09698517343424343
7.002467920016117	0.5847609055521418	0.0816311847986221	0.09698517343424343
7.028407354437124	0.586878377148411	0.08163155990660281	0.09698517343424343
7.05434678885813	0.5889958584943717	0.08163193631146483	0.09698517343424343
7.080286223279137	0.5911133496236614	0.0816323140132458	0.09698517343424343
7.106225657700145	0.5932308505699171	0.08163269301198342	0.09698517343424343
7.132165092121152	0.5953483613667763	0.08163307330771537	0.09698517343424343
7.158104526542158	0.597465882047876	0.08163345490047932	0.09698517343424343
7.184043960963165	0.5995834126468538	0.08163383779031295	0.09698517343424343
7.209983395384172	0.6017009531973465	0.08163422197725397	0.09698517343424343
7.2359228298051805	0.6038185037329922	0.08163460746134	0.09698517343424343
7.261862264226187	0.6059360642874272	0.08163499424260878	0.09698517343424343
7.287801698647193	0.6080536348942893	0.08163538232109797	0.09698517343424343
7.3137411330682	0.6101712155872157	0.08163577169684524	0.09698517343424343
7.339680567489209	0.6122888063998436	0.08163616236988828	0.09698517343424343
7.365620001910216	0.6144064073658104	0.08163655434026476	0.09698517343424343
7.391559436331222	0.6165240185187532	0.08163694760801238	0.09698517343424343
7.417498870752229	0.6186416398923094	0.0816373421731688	0.09698517343424343
7.443438305173237	0.6207592715201162	0.0816377380357717	0.09698517343424343
7.469377739594244	0.622876913435811	0.08163813519585879	0.09698517343424343
7.49531717401525	0.6249945656730307	0.08163853365346771	0.09698517343424343
7.521256608436257	0.627112228265413	0.08163893340863616	0.09698517343424343
7.547196042857266	0.6292299012465952	0.08163933446140183	0.09698517343424343
7.573135477278273	0.6313475846502141	0.08163973681180238	0.09698517343424343
7.5990749116992795	0.6334652785099073	0.0816401404598755	0.09698517343424343
7.6250143461202855	0.635582982859312	0.08164054540565886	0.09698517343424343
7.650953780541294	0.6377006977320657	0.08164095164919016	0.09698517343424343
7.676893214962301	0.6398184231618053	0.08164135919050708	0.09698517343424343
7.702832649383308	0.6419361591821682	0.08164176802964727	0.09698517343424343
7.728772083804314	0.6440539058267916	0.08164217816664844	0.09698517343424343
7.754711518225323	0.6461716631293132	0.08164258960154826	0.09698517343424343
7.780650952646329	0.6482894311233697	0.08164300233438442	0.09698517343424343
7.806590387067336	0.6504072098425986	0.08164341636519457	0.09698517343424343
7.832529821488342	0.6525249993206371	0.08164383169401643	0.09698517343424343
7.858469255909351	0.6546427995911228	0.08164424832088764	0.09698517343424343
7.884408690330358	0.6567606106876926	0.08164466624584592	0.09698517343424343
7.910348124751365	0.6588784326439838	0.08164508546892892	0.09698517343424343
7.936287559172372	0.6609962654936339	0.08164550599017434	0.09698517343424343
7.962226993593379	0.66311410927028	0.08164592780961985	0.09698517343424343
7.988166428014386	0.6652319640075595	0.08164635092730313	0.09698517343424343
8.014105862435393	0.6673498297391092	0.08164677534326185	0.09698517343424343
8.0400452968564	0.669467706498567	0.08164720105753373	0.09698517343424343
8.065984731277407	0.6715855943195699	0.0816476280701564	0.09698517343424343
8.091924165698414	0.6737034932357553	0.08164805638116757	0.09698517343424343
8.11786360011942	0.6758214032807601	0.08164848599060491	0.09698517343424343
8.143803034540428	0.677939324488222	0.0816489168985061	0.09698517343424343
8.169742468961436	0.6800572568917782	0.08164934910490884	0.09698517343424343
8.195681903382443	0.6821752005250656	0.08164978260985079	0.09698517343424343
8.22162133780345	0.6842931554217219	0.08165021741336961	0.09698517343424343
8.247560772224457	0.6864111216153841	0.08165065351550303	0.09698517343424343
8.273500206645465	0.6885290991396897	0.0816510909162887	0.09698517343424343
8.299439641066472	0.6906470880282758	0.08165152961576429	0.09698517343424343
8.325379075487477	0.6927650883147796	0.0816519696139675	0.09698517343424343
8.351318509908484	0.6948831000328384	0.08165241091093602	0.09698517343424343
8.377257944329493	0.6970011232160898	0.08165285350670749	0.09698517343424343
8.4031973787505	0.6991191578981708	0.08165329740131964	0.09698517343424343
8.429136813171507	0.7012372041127186	0.0816537425948101	0.09698517343424343
8.455076247592514	0.7033552618933707	0.0816541890872166	0.09698517343424343
8.481015682013522	0.7054733312737642	0.08165463687857678	0.09698517343424343
8.50695511643453	0.7075914122875362	0.08165508596892834	0.09698517343424343
8.532894550855536	0.7097095049683242	0.08165553635830897	0.09698517343424343
8.558833985276541	0.7118276093497657	0.08165598804675632	0.09698517343424343
8.58477341969755	0.7139457254654977	0.08165644103430808	0.09698517343424343
8.610712854118557	0.7160638533491572	0.08165689532100195	0.09698517343424343
8.636652288539564	0.718181993034382	0.08165735090687559	0.09698517343424343
8.66259172296057	0.720300144554809	0.08165780779196669	0.09698517343424343
8.688531157381579	0.7224183079440756	0.08165826597631293	0.09698517343424343
8.714470591802586	0.7245364832358192	0.08165872545995198	0.09698517343424343
8.740410026223593	0.7266546704636769	0.08165918624292154	0.09698517343424343
8.766349460644598	0.7287728696612858	0.08165964832525927	0.09698517343424343
8.792288895065607	0.7308910808622837	0.08166011170700285	0.09698517343424343
8.818228329486614	0.7330093041003074	0.08166057638818998	0.09698517343424343
8.84416776390762	0.7351275394089942	0.08166104236885832	0.09698517343424343
8.870107198328627	0.7372457868219817	0.08166150964904556	0.09698517343424343
8.896046632749634	0.7393640463729068	0.08166197822878939	0.09698517343424343
8.921986067170643	0.7414823180954071	0.08166244810812746	0.09698517343424343
8.94792550159165	0.7436006020231194	0.08166291928709749	0.09698517343424343
8.973864936012657	0.7457188981896816	0.08166339176573713	0.09698517343424343
8.999804370433662	0.7478372066287304	0.08166386554408406	0.09698517343424343
9.02574380485467	0.7499555273739036	0.08166434062217598	0.09698517343424343
9.051683239275677	0.752073860458838	0.08166481700005056	0.09698517343424343
9.077622673696684	0.7541922059171711	0.08166529467774547	0.09698517343424343
9.103562108117691	0.75631056378254	0.08166577365529841	0.09698517343424343
9.1295015425387	0.7584289340885821	0.08166625393274705	0.09698517343424343
9.155440976959706	0.7605473168689347	0.08166673551012907	0.09698517343424343
9.181380411380713	0.7626657121572349	0.08166721838748214	0.09698517343424343
9.207319845801718	0.7647841199871204	0.08166770256484397	0.09698517343424343
9.233259280222727	0.7669025403922283	0.08166818804225222	0.09698517343424343
9.259198714643734	0.7690209734061952	0.08166867481974456	0.09698517343424343
9.28513814906474	0.7711394190626593	0.08166916289735868	0.09698517343424343
9.311077583485748	0.7732578773952574	0.08166965227513227	0.09698517343424343
9.337017017906756	0.7753763484376266	0.081670142953103	0.09698517343424343
9.362956452327763	0.7774948322234048	0.08167063493130855	0.09698517343424343
9.38889588674877	0.7796133287862286	0.0816711282097866	0.09698517343424343
9.414835321169777	0.7817318381597356	0.08167162278857484	0.09698517343424343
9.440774755590784	0.7838503603775633	0.08167211866771094	0.09698517343424343
9.46671419001179	0.7859688954733486	0.08167261584723258	0.09698517343424343
9.492653624432798	0.7880874434807288	0.08167311432717744	0.09698517343424343
9.518593058853805	0.7902060044333412	0.08167361410758321	0.09698517343424343
9.544532493274813	0.7923245783648232	0.08167411518848756	0.09698517343424343
9.57047192769582	0.794443165308812	0.08167461756992819	0.09698517343424343
9.596411362116827	0.7965617652989447	0.08167512125194275	0.09698517343424343
9.622350796537834	0.798680378368859	0.08167562623456893	0.09698517343424343
9.64829023095884	0.8007990045521918	0.08167613251784442	0.09698517343424343
9.674229665379848	0.8029176438825805	0.08167664010180689	0.09698517343424343
9.700169099800855	0.8050362963936621	0.08167714898649403	0.09698517343424343
9.726108534221861	0.8071549621190743	0.08167765917194351	0.09698517343424343
9.752047968642868	0.8092736410924541	0.08167817065819302	0.09698517343424343
9.777987403063877	0.8113923333474389	0.08167868344528023	0.09698517343424343
9.803926837484884	0.8135110389176659	0.08167919753324283	0.09698517343424343
9.82986627190589	0.8156297578367724	0.0816797129221185	0.09698517343424343
9.855805706326898	0.8177484901383956	0.0816802296119449	0.09698517343424343
9.881745140747904	0.8198672358561729	0.08168074760275974	0.09698517343424343
9.907684575168911	0.8219859950237416	0.08168126689460069	0.09698517343424343
9.933624009589918	0.8241047676747388	0.08168178748750542	0.09698517343424343
9.959563444010925	0.8262235538428016	0.08168230938151161	0.09698517343424343
9.985502878431934	0.8283423535615677	0.08168283257665696	0.09698517343424343
10.01144231285294	0.8304611668646742	0.08168335707297912	0.09698517343424343
10.037381747273947	0.8325799937857583	0.0816838828705158	0.09698517343424343
10.063321181694954	0.8346988343584574	0.08168440996930466	0.09698517343424343
10.089260616115961	0.8368176886164087	0.0816849383693834	0.09698517343424343
10.115200050536968	0.8389365565932496	0.08168546807078968	0.09698517343424343
10.141139484957975	0.841055438322617	0.08168599907356118	0.09698517343424343
10.167078919378982	0.8431743389251474	0.08168653159956205	0.09698517343424343
10.19301835379999	0.845293254279627	0.08168706546681802	0.09698517343424343
10.218957788220997	0.847412183416673	0.0816876006315435	0.09698517343424343
10.244897222642004	0.8495311263704443	0.08168813709378774	0.09698517343424343
10.270836657063011	0.8516500831750996	0.08168867485359994	0.09698517343424343
10.296776091484018	0.8537690538647982	0.08168921391102937	0.09698517343424343
10.322715525905025	0.8558880384736985	0.08168975426612524	0.09698517343424343
10.348654960326032	0.8580070370359597	0.0816902959189368	0.09698517343424343
10.374594394747039	0.8601260495857405	0.08169083886951325	0.09698517343424343
10.400533829168047	0.8622450761571999	0.08169138311790386	0.09698517343424343
10.426473263589054	0.8643641167844965	0.08169192866415784	0.09698517343424343
10.452412698010061	0.8664831715017896	0.08169247550832442	0.09698517343424343
10.478352132431068	0.8686022403432376	0.08169302365045286	0.09698517343424343
10.504291566852075	0.8707213233429998	0.08169357309059236	0.09698517343424343
10.530231001273082	0.8728404205352349	0.08169412382879217	0.09698517343424343
10.556170435694089	0.8749595319541017	0.08169467586510151	0.09698517343424343
10.582109870115096	0.8770786576337591	0.08169522919956963	0.09698517343424343
10.608049304536102	0.879197797608366	0.08169578383224577	0.09698517343424343
10.633988738957111	0.8813169519120815	0.08169633976317912	0.09698517343424343
10.659928173378118	0.8834361205790641	0.08169689699241896	0.09698517343424343
10.685867607799125	0.8855553036434728	0.08169745552001448	0.09698517343424343
10.711807042220132	0.8876745011394664	0.08169801534601495	0.09698517343424343
10.737746476641139	0.8897937131012041	0.08169857647046957	0.09698517343424343
10.763685911062145	0.8919129395628445	0.08169913889342761	0.09698517343424343
10.789625345483152	0.8940321805585464	0.08169970261493828	0.09698517343424343
10.81556477990416	0.8961514361224687	0.08170026763505081	0.09698517343424343
10.841504214325168	0.8982707062887707	0.08170083395381443	0.09698517343424343
10.867443648746175	0.9003899910916107	0.08170140157127839	0.09698517343424343
10.893383083167182	0.9025092905651478	0.0817019704874919	0.09698517343424343
10.919322517588189	0.9046286047435409	0.08170254070250423	0.09698517343424343
10.945261952009197	0.906747933660949	0.08170311221636456	0.09698517343424343
10.971201386430202	0.9088672773515307	0.08170368502912216	0.09698517343424343
10.99714082085121	0.910986635849445	0.08170425914082625	0.09698517343424343
11.023080255272216	0.9131060091888508	0.08170483455152608	0.09698517343424343
11.049019689693225	0.915225397403907	0.08170541126127086	0.09698517343424343
11.074959124114232	0.9173448005287723	0.08170598927010982	0.09698517343424343
11.100898558535238	0.9194642185976057	0.08170656857809222	0.09698517343424343
11.126837992956245	0.9215836516445661	0.08170714918526727	0.09698517343424343
11.152777427377254	0.9237030997038125	0.0817077310916842	0.09698517343424343
11.17871686179826	0.9258225628095034	0.08170831429739225	0.09698517343424343
11.204656296219266	0.9279420409957979	0.08170889880244066	0.09698517343424343
11.230595730640273	0.930061534296855	0.08170948460687866	0.09698517343424343
11.256535165061281	0.9321810427468333	0.08171007171075546	0.09698517343424343
11.282474599482288	0.9343005663798919	0.08171066011412033	0.09698517343424343
11.308414033903295	0.9364201052301895	0.08171124981702248	0.09698517343424343
11.334353468324302	0.9385396593318851	0.08171184081951115	0.09698517343424343
11.360292902745309	0.9406592287191374	0.08171243312163556	0.09698517343424343
11.386232337166318	0.9427788134261056	0.08171302672344495	0.09698517343424343
11.412171771587323	0.9448984134869483	0.08171362162498856	0.09698517343424343
11.43811120600833	0.9470180289358243	0.08171421782631562	0.09698517343424343
11.464050640429337	0.9491376598068927	0.08171481532747536	0.09698517343424343
11.489990074850345	0.9512573061343124	0.081715414128517	0.09698517343424343
11.515929509271352	0.953376967952242	0.08171601422948979	0.09698517343424343
11.541868943692359	0.9554966452948406	0.08171661563044297	0.09698517343424343
11.567808378113366	0.957616338196267	0.08171721833142574	0.09698517343424343
11.593747812534374	0.9597360466906801	0.08171782233248737	0.09698517343424343
11.619687246955381	0.9618557708122387	0.08171842763367705	0.09698517343424343
11.645626681376386	0.9639755105951018	0.08171903423504406	0.09698517343424343
11.671566115797393	0.9660952660734281	0.0817196421366376	0.09698517343424343
11.697505550218402	0.9682150372813767	0.08172025133850691	0.09698517343424343
11.723444984639409	0.9703348242531062	0.08172086184070124	0.09698517343424343
11.749384419060416	0.9724546270227756	0.08172147364326979	0.09698517343424343
11.775323853481423	0.9745744456245439	0.08172208674626182	0.09698517343424343
11.801263287902431	0.97669428009257	0.08172270114972655	0.09698517343424343
11.827202722323438	0.9788141304610124	0.08172331685371322	0.09698517343424343
11.853142156744443	0.9809339967640303	0.08172393385827105	0.09698517343424343
11.87908159116545	0.9830538790357823	0.08172455216344929	0.09698517343424343
11.905021025586459	0.9851737773104277	0.08172517176929715	0.09698517343424343
11.930960460007466	0.987293691622125	0.08172579267586388	0.09698517343424343
11.956899894428473	0.9894136220050332	0.08172641488319872	0.09698517343424343
11.98283932884948	0.9915335684933112	0.08172703839135087	0.09698517343424343
12.008778763270488	0.993653531121118	0.0817276632003696	0.09698517343424343
12.034718197691495	0.995773509922612	0.08172828931030413	0.09698517343424343
12.060657632112502	0.9978935049319526	0.08172891672120368	0.09698517343424343
12.086597066533507	1.0000135161832984	0.08172954543311749	0.09698517343424343
12.112536500954516	1.0021335437108083	0.08173017544609479	0.09698517343424343
12.138475935375522	1.0042535875486414	0.08173080676018482	0.09698517343424343
12.16441536979653	1.0063736477309562	0.08173143937543681	0.09698517343424343
12.190354804217536	1.0084937242919119	0.08173207329189999	0.09698517343424343
12.216294238638543	1.010613817265667	0.0817327085096236	0.09698517343424343
12.242233673059552	1.0127339266863808	0.08173334502865687	0.09698517343424343
12.268173107480559	1.0148540525882117	0.08173398284904902	0.09698517343424343
12.294112541901566	1.0169741950053193	0.08173462197084928	0.09698517343424343
12.32005197632257	1.0190943539718615	0.08173526239410692	0.09698517343424343
12.34599141074358	1.021214529521998	0.08173590411887113	0.09698517343424343
12.371930845164586	1.0233347216898874	0.08173654714519117	0.09698517343424343
12.397870279585593	1.0254549305096885	0.08173719147311626	0.09698517343424343
12.4238097140066	1.0275751560155602	0.08173783710269562	0.09698517343424343
12.449749148427609	1.0296953982416615	0.08173848403397851	0.09698517343424343
12.475688582848615	1.0318156572221509	0.08173913226701415	0.09698517343424343
12.501628017269622	1.0339359329911875	0.08173978180185178	0.09698517343424343
12.527567451690627	1.0360562255829304	0.08174043263854061	0.09698517343424343
12.553506886111636	1.0381765350315382	0.0817410847771299	0.09698517343424343
12.579446320532643	1.0402968613711698	0.08174173821766886	0.09698517343424343
12.60538575495365	1.0424172046359843	0.08174239296020674	0.09698517343424343
12.631325189374657	1.0445375648601403	0.08174304900479276	0.09698517343424343
12.657264623795665	1.0466579420777968	0.08174370635147617	0.09698517343424343
12.683204058216672	1.0487783363231125	0.08174436500030619	0.09698517343424343
12.70914349263768	1.0508987476302465	0.08174502495133203	0.09698517343424343
12.735082927058686	1.0530191760333576	0.08174568620460296	0.09698517343424343
12.761022361479693	1.0551396215666047	0.0817463487601682	0.09698517343424343
12.7869617959007	1.0572600842641466	0.08174701261807699	0.09698517343424343
12.812901230321707	1.0593805641601421	0.08174767777837853	0.09698517343424343
12.838840664742714	1.0615010612887503	0.0817483442411221	0.09698517343424343
12.864780099163722	1.06362157568413	0.0817490120063569	0.09698517343424343
12.890719533584729	1.06574210738044	0.08174968107413216	0.09698517343424343
12.916658968005736	1.067862656411839	0.08175035144449713	0.09698517343424343
12.942598402426743	1.0699832228124861	0.08175102311750104	0.09698517343424343
12.96853783684775	1.0721038066165405	0.08175169609319312	0.09698517343424343
12.994477271268757	1.0742244078581604	0.0817523703716226	0.09698517343424343
13.020416705689764	1.076345026571505	0.08175304595283872	0.09698517343424343
13.04635614011077	1.0784656627907332	0.0817537228368907	0.09698517343424343
13.072295574531777	1.0805863165500038	0.08175440102382778	0.09698517343424343
13.098235008952786	1.0827069878834759	0.08175508051369919	0.09698517343424343
13.124174443373793	1.084827676825308	0.08175576130655417	0.09698517343424343
13.1501138777948	1.0869483834096592	0.08175644340244194	0.09698517343424343
13.176053312215807	1.0890691076706882	0.08175712680141174	0.09698517343424343
13.201992746636813	1.0911898496425543	0.08175781150351281	0.09698517343424343
13.22793218105782	1.0933106093594158	0.08175849750879437	0.09698517343424343
13.253871615478827	1.095431386855432	0.08175918481730567	0.09698517343424343
13.279811049899834	1.0975521821647614	0.08175987342909591	0.09698517343424343
13.305750484320843	1.0996729953215634	0.08176056334421435	0.09698517343424343
13.33168991874185	1.1017938263599962	0.08176125456271022	0.09698517343424343
13.357629353162856	1.1039146753142193	0.08176194708463273	0.09698517343424343
13.383568787583863	1.1060355422183912	0.08176264091003116	0.09698517343424343
13.40950822200487	1.108156427106671	0.08176333603895469	0.09698517343424343
13.435447656425877	1.1102773300132174	0.08176403247145259	0.09698517343424343
13.461387090846884	1.1123982509721893	0.08176473020757406	0.09698517343424343
13.48732652526789	1.1145191900177456	0.08176542924736836	0.09698517343424343
13.5132659596889	1.1166401471840453	0.08176612959088472	0.09698517343424343
13.539205394109906	1.118761122505247	0.08176683123817235	0.09698517343424343
13.565144828530913	1.1208821160155096	0.08176753418928051	0.09698517343424343
13.59108426295192	1.1230031277489922	0.08176823844425843	0.09698517343424343
13.617023697372927	1.1251241577398536	0.08176894400315532	0.09698517343424343
13.642963131793934	1.1272452060222526	0.08176965086602042	0.09698517343424343
13.66890256621494	1.1293662726303482	0.08177035903290299	0.09698517343424343
13.694842000635948	1.1314873575982993	0.08177106850385223	0.09698517343424343
13.720781435056955	1.1336084609602644	0.08177177927891738	0.09698517343424343
13.746720869477961	1.1357295827504026	0.08177249135814767	0.09698517343424343
13.772660303898968	1.137850723002873	0.08177320474159235	0.09698517343424343
13.798599738319975	1.139971881751834	0.08177391942930064	0.09698517343424343
13.824539172740982	1.1420930590314449	0.08177463542132178	0.09698517343424343
13.85047860716199	1.1442142548758647	0.08177535271770499	0.09698517343424343
13.876418041582998	1.1463354693192518	0.08177607131849951	0.09698517343424343
13.902357476004005	1.1484567023957652	0.08177679122375457	0.09698517343424343
13.928296910425011	1.1505779541395638	0.08177751243351941	0.09698517343424343
13.954236344846018	1.1526992245848064	0.08177823494784325	0.09698517343424343
13.980175779267025	1.1548205137656522	0.08177895876677534	0.09698517343424343
14.006115213688032	1.1569418217162597	0.08177968389036488	0.09698517343424343
14.032054648109039	1.1590631484707883	0.08178041031866115	0.09698517343424343
14.057994082530048	1.1611844940633964	0.08178113805171335	0.09698517343424343
14.083933516951054	1.1633058585282428	0.08178186708957072	0.09698517343424343
14.109872951372061	1.1654272418994864	0.08178259743228249	0.09698517343424343
14.135812385793068	1.1675486442112866	0.0817833290798979	0.09698517343424343
14.161751820214075	1.1696700654978016	0.08178406203246616	0.09698517343424343
14.187691254635082	1.1717915057931907	0.08178479629003654	0.09698517343424343
14.213630689056089	1.1739129651316125	0.08178553185265824	0.09698517343424343
14.239570123477096	1.176034443547226	0.08178626872038051	0.09698517343424343
14.265509557898106	1.1781559410741904	0.08178700689325259	0.09698517343424343
14.291448992319111	1.1802774577466641	0.08178774637132369	0.09698517343424343
14.317388426740118	1.182398993598806	0.08178848715464306	0.09698517343424343
14.343327861161125	1.1845205486647754	0.08178922924325992	0.09698517343424343
14.369267295582132	1.1866421229787305	0.0817899726372235	0.09698517343424343
14.395206730003139	1.1887637165748308	0.08179071733658305	0.09698517343424343
14.421146164424146	1.1908853294872348	0.0817914633413878	0.09698517343424343
14.447085598845153	1.1930069617501016	0.08179221065168697	0.09698517343424343
14.473025033266163	1.19512861339759	0.0817929592675298	0.09698517343424343
14.498964467687168	1.1972502844638588	0.08179370918896552	0.09698517343424343
14.524903902108175	1.199371974983067	0.08179446041604337	0.09698517343424343
14.550843336529182	1.2014936849893731	0.08179521294881256	0.09698517343424343
14.576782770950189	1.2036154145169364	0.08179596678732234	0.09698517343424343
14.602722205371196	1.2057371635999157	0.08179672193162196	0.09698517343424343
14.628661639792202	1.2078589322724698	0.08179747838176063	0.09698517343424343
14.65460107421321	1.2099807205687576	0.08179823613778757	0.09698517343424343
14.680540508634216	1.2121025285229379	0.08179899519975205	0.09698517343424343
14.706479943055227	1.21422435616917	0.08179975556770328	0.09698517343424343
14.732419377476232	1.216346203541612	0.08180051724169048	0.09698517343424343
14.758358811897239	1.2184680706744229	0.0818012802217629	0.09698517343424343
14.784298246318246	1.2205899576017623	0.08180204450796978	0.09698517343424343
14.810237680739252	1.2227118643577883	0.08180281010036033	0.09698517343424343
14.83617711516026	1.2248337909766605	0.0818035769989838	0.09698517343424343
14.862116549581266	1.226955737492537	0.08180434520388943	0.09698517343424343
14.888055984002273	1.229077703939577	0.08180511471512643	0.09698517343424343
14.913995418423283	1.23119969035194	0.08180588553274404	0.09698517343424343
14.93993485284429	1.2333216967637837	0.0818066576567915	0.09698517343424343
14.965874287265295	1.2354437232092677	0.08180743108731803	0.09698517343424343
14.991813721686302	1.2375657697225506	0.08180820582437288	0.09698517343424343
15.01775315610731	1.2396878363377917	0.08180898186800527	0.09698517343424343
15.043692590528316	1.2418099230891495	0.08180975921826443	0.09698517343424343
15.069632024949323	1.2439320300107828	0.08181053787519961	0.09698517343424343
15.09557145937033	1.2460541571368506	0.08181131783886002	0.09698517343424343
15.121510893791337	1.248176304501512	0.0818120991092949	0.09698517343424343
15.147450328212344	1.2502984721389254	0.0818128816865535	0.09698517343424343
15.173389762633352	1.2524206600832504	0.08181366557068502	0.09698517343424343
15.19932919705436	1.254542868368645	0.08181445076173872	0.09698517343424343
15.225268631475366	1.2566650970292685	0.08181523725976383	0.09698517343424343
15.251208065896373	1.25878734609928	0.08181602506480957	0.09698517343424343
15.27714750031738	1.2609096156128379	0.08181681417692518	0.09698517343424343
15.303086934738387	1.2630319056041013	0.0818176045961599	0.09698517343424343
15.329026369159394	1.2651542161072293	0.08181839632256294	0.09698517343424343
15.3549658035804	1.2672765471563803	0.08181918935618356	0.09698517343424343
15.38090523800141	1.2693988987857137	0.08181998369707097	0.09698517343424343
15.406844672422416	1.271521271029388	0.08182077934527442	0.09698517343424343
15.432784106843423	1.273643663921562	0.08182157630084312	0.09698517343424343
15.45872354126443	1.2757660774963948	0.08182237456382632	0.09698517343424343
15.484662975685437	1.2778885117880452	0.08182317413427326	0.09698517343424343
15.510602410106443	1.2800109668306723	0.08182397501223315	0.09698517343424343
15.53654184452745	1.2821334426584343	0.08182477719775524	0.09698517343424343
15.562481278948457	1.2842559393054909	0.08182558069088876	0.09698517343424343
15.588420713369464	1.2863784568060006	0.08182638549168293	0.09698517343424343
15.614360147790475	1.2885009951941224	0.081827191600187	0.09698517343424343
15.64029958221148	1.2906235545040148	0.0818279990164502	0.09698517343424343
15.666239016632487	1.292746134769837	0.08182880774052176	0.09698517343424343
15.692178451053493	1.2948687360257476	0.0818296177724509	0.09698517343424343
15.7181178854745	1.296991358305906	0.08183042911228686	0.09698517343424343
15.744057319895507	1.2991140016444707	0.08183124176007889	0.09698517343424343
15.769996754316514	1.3012366660756003	0.08183205571587619	0.09698517343424343
15.795936188737521	1.3033593516334543	0.08183287097972802	0.09698517343424343
15.821875623158531	1.3054820583521913	0.0818336875516836	0.09698517343424343
15.847815057579536	1.30760478626597	0.08183450543179217	0.09698517343424343
15.873754492000543	1.3097275354089493	0.08183532462010296	0.09698517343424343
15.89969392642155	1.3118503058152884	0.08183614511666519	0.09698517343424343
15.925633360842557	1.3139730975191457	0.08183696692152811	0.09698517343424343
15.951572795263564	1.3160959105546803	0.08183779003474095	0.09698517343424343
15.97751222968457	1.3182187449560514	0.08183861445635293	0.09698517343424343
16.00345166410558	1.3203416007574174	0.0818394401864133	0.09698517343424343
16.029391098526588	1.3224644779929378	0.08184026722497127	0.09698517343424343
16.055330532947593	1.3245873766967704	0.0818410955720761	0.09698517343424343
16.081269967368602	1.3267102969030748	0.081841925227777	0.09698517343424343
16.107209401789607	1.32883323864601	0.08184275619212322	0.09698517343424343
16.133148836210616	1.3309562019597343	0.08184358846516399	0.09698517343424343
16.15908827063162	1.333079186878407	0.08184442204694851	0.09698517343424343
16.18502770505263	1.335202193436187	0.08184525693752606	0.09698517343424343
16.210967139473635	1.337325221667233	0.08184609313694585	0.09698517343424343
16.236906573894643	1.3394482716057043	0.08184693064525711	0.09698517343424343
16.262846008315652	1.341571343285759	0.08184776946250907	0.09698517343424343
16.288785442736657	1.3436944367415564	0.08184860958875098	0.09698517343424343
16.314724877157666	1.3458175520072555	0.08184945102403207	0.09698517343424343
16.34066431157867	1.347940689117015	0.08185029376840156	0.09698517343424343
16.36660374599968	1.3500638481049934	0.08185113782190867	0.09698517343424343
16.392543180420684	1.3521870290053504	0.08185198318460267	0.09698517343424343
16.418482614841693	1.3543102318522442	0.08185282985653276	0.09698517343424343
16.4444220492627	1.356433456679834	0.08185367783774819	0.09698517343424343
16.470361483683707	1.3585567035222788	0.08185452712829819	0.09698517343424343
16.496300918104716	1.360679972413737	0.08185537772823198	0.09698517343424343
16.52224035252572	1.362803263388368	0.08185622963759881	0.09698517343424343
16.54817978694673	1.3649265764803298	0.08185708285644791	0.09698517343424343
16.574119221367734	1.3670499117237824	0.0818579373848285	0.09698517343424343
16.600058655788743	1.369173269152884	0.08185879322278983	0.09698517343424343
16.625998090209748	1.3712966488017937	0.0818596503703811	0.09698517343424343
16.651937524630757	1.37342005070467	0.0818605088276516	0.09698517343424343
16.677876959051765	1.3755434748956725	0.0818613685946505	0.09698517343424343
16.70381639347277	1.3776669214089594	0.08186222967142708	0.09698517343424343
16.72975582789378	1.37979039027869	0.08186309205803054	0.09698517343424343
16.755695262314784	1.3819138815390228	0.08186395575451012	0.09698517343424343
16.781634696735793	1.3840373952241167	0.08186482076091507	0.09698517343424343
16.807574131156798	1.386160931368131	0.08186568707729462	0.09698517343424343
16.833513565577807	1.3882844900052245	0.08186655470369798	0.09698517343424343
16.859452999998812	1.3904080711695554	0.08186742364017441	0.09698517343424343
16.88539243441982	1.3925316748952834	0.08186829388677311	0.09698517343424343
16.91133186884083	1.394655301216567	0.08186916544354335	0.09698517343424343
16.937271303261834	1.396778950167565	0.08187003831053433	0.09698517343424343
16.963210737682843	1.398902621782436	0.0818709124877953	0.09698517343424343
16.989150172103848	1.4010263160953396	0.08187178797537549	0.09698517343424343
17.015089606524857	1.4031500331404345	0.08187266477332412	0.09698517343424343
17.041029040945862	1.4052737729518792	0.08187354288169046	0.09698517343424343
17.06696847536687	1.4073975355638326	0.0818744223005237	0.09698517343424343
17.09290790978788	1.409521321010454	0.0818753030298731	0.09698517343424343
17.118847344208884	1.411645129325902	0.08187618506978787	0.09698517343424343
17.144786778629893	1.4137689605443353	0.08187706842031726	0.09698517343424343
17.170726213050898	1.415892814699913	0.0818779530815105	0.09698517343424343
17.196665647471907	1.418016691826794	0.08187883905341682	0.09698517343424343
17.22260508189291	1.420140591959137	0.08187972633608545	0.09698517343424343
17.24854451631392	1.422264515131101	0.08188061492956562	0.09698517343424343
17.274483950734925	1.424388461376845	0.08188150483390658	0.09698517343424343
17.300423385155934	1.4265124307305275	0.08188239604915754	0.09698517343424343
17.326362819576943	1.4286364232263078	0.08188328857536774	0.09698517343424343
17.352302253997948	1.4307604388983446	0.08188418241258642	0.09698517343424343
17.378241688418957	1.4328844777807963	0.08188507756086282	0.09698517343424343
17.40418112283996	1.4350085399078225	0.08188597402024614	0.09698517343424343
17.43012055726097	1.4371326253135819	0.08188687179078565	0.09698517343424343
17.456059991681975	1.439256734032233	0.08188777087253055	0.09698517343424343
17.481999426102984	1.441380866097935	0.0818886712655301	0.09698517343424343
17.50793886052399	1.4435050215448468	0.08188957296983351	0.09698517343424343
17.533878294944998	1.4456292004071272	0.08189047598549003	0.09698517343424343
17.559817729366006	1.4477534027189352	0.08189138031254889	0.09698517343424343
17.58575716378701	1.4498776285144293	0.08189228595105931	0.09698517343424343
17.61169659820802	1.4520018778277684	0.08189319290107054	0.09698517343424343
17.637636032629025	1.4541261506931116	0.08189410116263181	0.09698517343424343
17.663575467050034	1.456250447144618	0.08189501073579233	0.09698517343424343
17.68951490147104	1.458374767216446	0.08189592162060136	0.09698517343424343
17.715454335892048	1.4604991109427548	0.0818968338171081	0.09698517343424343
17.741393770313056	1.4626234783577035	0.08189774732536183	0.09698517343424343
17.76733320473406	1.4647478694954499	0.08189866214541175	0.09698517343424343
17.79327263915507	1.466872284390154	0.0818995782773071	0.09698517343424343
17.819212073576075	1.4689967230759744	0.0819004957210971	0.09698517343424343
17.845151507997084	1.4711211855870694	0.08190141447683101	0.09698517343424343
17.87109094241809	1.4732456719575988	0.08190233454455804	0.09698517343424343
17.897030376839098	1.4753701822217207	0.08190325592432743	0.09698517343424343
17.922969811260103	1.4774947164135943	0.08190417861618841	0.09698517343424343
17.94890924568111	1.4796192745673786	0.08190510262019023	0.09698517343424343
17.97484868010212	1.4817438567172325	0.08190602793638209	0.09698517343424343
18.000788114523125	1.483868462897314	0.08190695456481324	0.09698517343424343
18.026727548944134	1.4859930931417833	0.08190788250553292	0.09698517343424343
18.05266698336514	1.4881177474847984	0.08190881175859036	0.09698517343424343
18.078606417786148	1.4902424259605183	0.08190974232403476	0.09698517343424343
18.104545852207153	1.4923671286031022	0.0819106742019154	0.09698517343424343
18.13048528662816	1.4944918554467086	0.0819116073922815	0.09698517343424343
18.156424721049166	1.4966166065254964	0.08191254189518228	0.09698517343424343
18.182364155470175	1.498741381873625	0.08191347771066697	0.09698517343424343
18.208303589891184	1.5008661815252524	0.08191441483878482	0.09698517343424343
18.23424302431219	1.5029910055145383	0.08191535327958505	0.09698517343424343
18.260182458733198	1.5051158538756408	0.0819162930331169	0.09698517343424343
18.286121893154203	1.5072407266427197	0.0819172340994296	0.09698517343424343
18.31206132757521	1.509365623849933	0.08191817647857237	0.09698517343424343
18.338000761996216	1.5114905455314402	0.08191912017059445	0.09698517343424343
18.363940196417225	1.5136154917213998	0.08192006517554509	0.09698517343424343
18.389879630838234	1.5157404624539708	0.0819210114934735	0.09698517343424343
18.41581906525924	1.5178654577633122	0.08192195912442893	0.09698517343424343
18.441758499680247	1.5199904776835822	0.08192290806846059	0.09698517343424343
18.467697934101253	1.5221155222489406	0.08192385832561774	0.09698517343424343
18.49363736852226	1.5242405914935457	0.0819248098959496	0.09698517343424343
18.519576802943266	1.5263656854515566	0.08192576277950539	0.09698517343424343
18.545516237364275	1.5284908041571321	0.08192671697633436	0.09698517343424343
18.57145567178528	1.530615947644431	0.08192767248648573	0.09698517343424343
18.597395106206292	1.532741115947613	0.08192862931000874	0.09698517343424343
18.623334540627297	1.5348663091008352	0.08192958744695264	0.09698517343424343
18.649273975048303	1.5369915271382582	0.08193054689736663	0.09698517343424343
18.67521340946931	1.5391167700940398	0.08193150766129996	0.09698517343424343
18.701152843890316	1.5412420380023395	0.08193246973880185	0.09698517343424343
18.727092278311325	1.5433673308973157	0.08193343312992156	0.09698517343424343
18.75303171273233	1.5454926488131275	0.0819343978347083	0.09698517343424343
18.77897114715334	1.5476179917839339	0.08193536385321129	0.09698517343424343
18.804910581574344	1.5497433598438937	0.0819363311854798	0.09698517343424343
18.830850015995352	1.5518687530271658	0.08193729983156303	0.09698517343424343
18.85678945041636	1.5539941713679086	0.08193826979151023	0.09698517343424343
18.882728884837366	1.5561196149002816	0.08193924106537062	0.09698517343424343
18.908668319258375	1.5582450836584436	0.08194021365319346	0.09698517343424343
18.93460775367938	1.560370577676553	0.08194118755502795	0.09698517343424343
18.96054718810039	1.5624960969887691	0.08194216277092334	0.09698517343424343
18.986486622521394	1.5646216416292504	0.08194313930092885	0.09698517343424343
19.012426056942402	1.5667472116321566	0.08194411714509373	0.09698517343424343
19.03836549136341	1.568872807031646	0.08194509630346719	0.09698517343424343
19.064304925784416	1.5709984278618772	0.08194607677609848	0.09698517343424343
19.090244360205425	1.5731240741570094	0.08194705856303684	0.09698517343424343
19.11618379462643	1.5752497459512012	0.08194804166433148	0.09698517343424343
19.14212322904744	1.5773754432786118	0.08194902608003166	0.09698517343424343
19.168062663468444	1.5795011661734	0.08195001181018657	0.09698517343424343
19.194002097889452	1.5816269146697244	0.08195099885484548	0.09698517343424343
19.219941532310457	1.5837526888017446	0.08195198721405762	0.09698517343424343
19.24588096673147	1.5858784886036188	0.0819529768878722	0.09698517343424343
19.271820401152475	1.5880043141095062	0.08195396787633848	0.09698517343424343
19.29775983557348	1.5901301653535653	0.08195496017950568	0.09698517343424343
19.32369926999449	1.5922560423699552	0.08195595379742301	0.09698517343424343
19.349638704415494	1.5943819451928345	0.08195694873013974	0.09698517343424343
19.375578138836502	1.5965078738563627	0.08195794497770509	0.09698517343424343
19.401517573257507	1.5986338283946984	0.08195894254016829	0.09698517343424343
19.427457007678516	1.600759808842	0.08195994141757856	0.09698517343424343
19.453396442099525	1.6028858152324275	0.08196094160998516	0.09698517343424343
19.479335876520533	1.6050118476001387	0.08196194311743729	0.09698517343424343
19.50527531094154	1.6071379059792927	0.08196294593998421	0.09698517343424343
19.531214745362544	1.6092639904040484	0.08196395007767514	0.09698517343424343
19.557154179783552	1.611390100908565	0.08196495553055931	0.09698517343424343
19.583093614204557	1.613516237527001	0.08196596229868597	0.09698517343424343
19.609033048625566	1.615642400293515	0.08196697038210433	0.09698517343424343
19.63497248304657	1.6177685892422669	0.08196797978086363	0.09698517343424343
19.66091191746758	1.6198948044074144	0.08196899049501312	0.09698517343424343
19.68685135188859	1.622021045823118	0.081970002524602	0.09698517343424343
19.712790786309597	1.6241473135235345	0.08197101586967953	0.09698517343424343
19.738730220730602	1.626273607542824	0.08197203053029493	0.09698517343424343
19.764669655151607	1.628399927915145	0.08197304650649745	0.09698517343424343
19.790609089572616	1.630526274674657	0.08197406379833629	0.09698517343424343
19.81654852399362	1.6326526478555177	0.0819750824058607	0.09698517343424343
19.84248795841463	1.6347790474918868	0.08197610232911992	0.09698517343424343
19.868427392835635	1.6369054736179236	0.08197712356816318	0.09698517343424343
19.894366827256647	1.6390319262677862	0.0819781461230397	0.09698517343424343
19.920306261677652	1.6411584054756334	0.08197916999379873	0.09698517343424343
19.94624569609866	1.6432849112756245	0.08198019518048948	0.09698517343424343
19.972185130519666	1.645411443701918	0.0819812216831612	0.09698517343424343
19.99812456494067	1.6475380027886735	0.08198224950186313	0.09698517343424343
20.02406399936168	1.649664588570049	0.08198327863664448	0.09698517343424343
20.050003433782685	1.6517912010802038	0.0819843090875545	0.09698517343424343
20.075942868203693	1.6539178403532966	0.08198534085464242	0.09698517343424343
20.101882302624702	1.6560445064234868	0.08198637393795746	0.09698517343424343
20.12782173704571	1.6581711993249328	0.08198740833754886	0.09698517343424343
20.153761171466716	1.6602979190917933	0.08198844405346586	0.09698517343424343
20.17970060588772	1.6624246657582273	0.0819894810857577	0.09698517343424343
20.20564004030873	1.664551439358394	0.08199051943447358	0.09698517343424343
20.231579474729735	1.6666782399264521	0.08199155909966276	0.09698517343424343
20.257518909150743	1.6688050674965602	0.08199260008137445	0.09698517343424343
20.28345834357175	1.6709319221028776	0.08199364237965791	0.09698517343424343
20.30939777799276	1.673058803779563	0.08199468599456236	0.09698517343424343
20.335337212413766	1.6751857125607752	0.08199573092613703	0.09698517343424343
20.361276646834774	1.677312648480673	0.08199677717443116	0.09698517343424343
20.38721608125578	1.6794396115734154	0.08199782473949398	0.09698517343424343
20.413155515676785	1.6815666018731612	0.0819988736213747	0.09698517343424343
20.439094950097793	1.6836936194140697	0.0819999238201226	0.09698517343424343
20.4650343845188	1.685820664230299	0.08200097533578686	0.09698517343424343
20.490973818939807	1.6879477363560085	0.08200202816841676	0.09698517343424343
20.516913253360812	1.690074835825357	0.0820030823180615	0.09698517343424343
20.542852687781824	1.6922019626725036	0.08200413778477032	0.09698517343424343
20.56879212220283	1.6943291169316068	0.08200519456859245	0.09698517343424343
20.594731556623838	1.6964562986368255	0.08200625266957715	0.09698517343424343
20.620670991044843	1.6985835078223184	0.0820073120877736	0.09698517343424343
20.64661042546585	1.7007107445222447	0.08200837282323109	0.09698517343424343
20.672549859886857	1.7028380087707633	0.08200943487599882	0.09698517343424343
20.698489294307862	1.704965300602033	0.08201049824612602	0.09698517343424343
20.72442872872887	1.7070926200502123	0.08201156293366194	0.09698517343424343
20.75036816314988	1.709219967149461	0.0820126289386558	0.09698517343424343
20.776307597570888	1.7113473419339371	0.08201369626115683	0.09698517343424343
20.802247031991893	1.7134747444377998	0.08201476490121427	0.09698517343424343
20.8281864664129	1.715602174695208	0.08201583485887737	0.09698517343424343
20.854125900833907	1.7177296327403204	0.08201690613419532	0.09698517343424343
20.880065335254912	1.7198571186072957	0.08201797872721739	0.09698517343424343
20.90600476967592	1.7219846323302934	0.08201905263799279	0.09698517343424343
20.931944204096926	1.724112173943472	0.08202012786657077	0.09698517343424343
20.957883638517938	1.7262397434809906	0.08202120441300055	0.09698517343424343
20.983823072938943	1.7283673409770075	0.08202228227733137	0.09698517343424343
21.00976250735995	1.730494966465682	0.08202336145961246	0.09698517343424343
21.035701941780957	1.7326226199811732	0.08202444195989306	0.09698517343424343
21.061641376201965	1.7347503015576393	0.08202552377822238	0.09698517343424343
21.08758081062297	1.7368780112292397	0.08202660691464966	0.09698517343424343
21.113520245043976	1.7390057490301332	0.08202769136922416	0.09698517343424343
21.139459679464984	1.7411335149944784	0.08202877714199508	0.09698517343424343
21.165399113885993	1.7432613091564348	0.08202986423301167	0.09698517343424343
21.191338548307	1.7453891315501606	0.08203095264232316	0.09698517343424343
21.217277982728007	1.747516982209815	0.08203204236997877	0.09698517343424343
21.243217417149015	1.7496448611695565	0.08203313341602775	0.09698517343424343
21.26915685157002	1.7517727684635447	0.08203422578051933	0.09698517343424343
21.29509628599103	1.7539007041259378	0.08203531946350273	0.09698517343424343
21.321035720412034	1.7560286681908948	0.0820364144650272	0.09698517343424343
21.34697515483304	1.758156660692575	0.08203751078514195	0.09698517343424343
21.372914589254048	1.7602846816651367	0.08203860842389624	0.09698517343424343
21.398854023675057	1.7624127311427393	0.08203970738133927	0.09698517343424343
21.424793458096065	1.7645408091595414	0.0820408076575203	0.09698517343424343
21.45073289251707	1.7666689157497015	0.08204190925248855	0.09698517343424343
21.47667232693808	1.768797050947379	0.08204301216629327	0.09698517343424343
21.502611761359084	1.770925214786733	0.08204411639898367	0.09698517343424343
21.52855119578009	1.7730534073019215	0.08204522195060898	0.09698517343424343
21.554490630201098	1.775181628527104	0.08204632882121846	0.09698517343424343
21.580430064622103	1.7773098784964394	0.08204743701086131	0.09698517343424343
21.606369499043115	1.7794381572440865	0.08204854651958679	0.09698517343424343
21.63230893346412	1.781566464804204	0.08204965734744411	0.09698517343424343
21.65824836788513	1.7836948012109506	0.08205076949448253	0.09698517343424343
21.684187802306134	1.7858231664984858	0.08205188296075126	0.09698517343424343
21.710127236727143	1.787951560700968	0.08205299774629954	0.09698517343424343
21.736066671148148	1.790079983852556	0.0820541138511766	0.09698517343424343
21.762006105569153	1.792208435987409	0.08205523127543168	0.09698517343424343
21.78794553999016	1.7943369171396857	0.082056350019114	0.09698517343424343
21.81388497441117	1.7964654273435454	0.08205747008227281	0.09698517343424343
21.83982440883218	1.798593966633146	0.08205859146495731	0.09698517343424343
21.865763843253184	1.800722535042647	0.08205971416721677	0.09698517343424343
21.891703277674193	1.8028511326062078	0.08206083818910041	0.09698517343424343
21.917642712095198	1.804979759357986	0.08206196353065745	0.09698517343424343
21.943582146516206	1.8071084153321415	0.08206309019193714	0.09698517343424343
21.96952158093721	1.8092371005628327	0.0820642181729887	0.09698517343424343
21.995461015358217	1.8113658150842187	0.08206534747386138	0.09698517343424343
22.02140044977923	1.8134945589304585	0.08206647809460439	0.09698517343424343
22.047339884200234	1.8156233321357105	0.08206761003526697	0.09698517343424343
22.073279318621243	1.8177521347341337	0.08206874329589836	0.09698517343424343
22.099218753042248	1.8198809667598874	0.08206987787654778	0.09698517343424343
22.125158187463256	1.82200982824713	0.08207101377726449	0.09698517343424343
22.15109762188426	1.8241387192300205	0.08207215099809768	0.09698517343424343
22.17703705630527	1.826267639742718	0.08207328953909662	0.09698517343424343
22.202976490726275	1.828396589819381	0.08207442940031053	0.09698517343424343
22.22891592514728	1.830525569494169	0.08207557058178863	0.09698517343424343
22.254855359568293	1.83265457880124	0.08207671308358017	0.09698517343424343
22.280794793989298	1.8347836177747536	0.08207785690573437	0.09698517343424343
22.306734228410306	1.8369126864488683	0.08207900204830047	0.09698517343424343
22.33267366283131	1.839041784857743	0.08208014851132771	0.09698517343424343
22.35861309725232	1.8411709130355365	0.0820812962948653	0.09698517343424343
22.384552531673325	1.8433000710164078	0.08208244539896249	0.09698517343424343
22.410491966094334	1.845429258834516	0.08208359582366852	0.09698517343424343
22.43643140051534	1.8475584765240196	0.0820847475690326	0.09698517343424343
22.462370834936348	1.849687724119078	0.08208590063510399	0.09698517343424343
22.488310269357356	1.8518170016538493	0.08208705502193188	0.09698517343424343
22.51424970377836	1.853946309162493	0.08208821072956556	0.09698517343424343
22.54018913819937	1.8560756466791675	0.0820893677580542	0.09698517343424343
22.566128572620375	1.858205014238032	0.08209052610744709	0.09698517343424343
22.592068007041384	1.8603344118732452	0.08209168577779342	0.09698517343424343
22.61800744146239	1.8624638396189663	0.08209284676914246	0.09698517343424343
22.643946875883394	1.8645932975093538	0.08209400908154339	0.09698517343424343
22.669886310304406	1.8667227855785669	0.0820951727150455	0.09698517343424343
22.69582574472541	1.868852303860764	0.082096337669698	0.09698517343424343
22.72176517914642	1.8709818523901043	0.0820975039455501	0.09698517343424343
22.747704613567425	1.8731114312007466	0.08209867154265106	0.09698517343424343
22.773644047988434	1.87524104032685	0.08209984046105011	0.09698517343424343
22.79958348240944	1.8773706798025729	0.08210101070079648	0.09698517343424343
22.825522916830447	1.8795003496620746	0.0821021822619394	0.09698517343424343
22.851462351251453	1.8816300499395138	0.0821033551445281	0.09698517343424343
22.87740178567246	1.8837597806690496	0.08210452934861182	0.09698517343424343
22.90334122009347	1.8858895418848405	0.08210570487423977	0.09698517343424343
22.929280654514475	1.8880193336210453	0.08210688172146122	0.09698517343424343
22.955220088935484	1.8901491559118233	0.08210805989032537	0.09698517343424343
22.98115952335649	1.8922790087913333	0.08210923938088147	0.09698517343424343
23.007098957777497	1.894408892293734	0.08211042019317875	0.09698517343424343
23.033038392198502	1.8965388064531843	0.08211160232726644	0.09698517343424343
23.05897782661951	1.898668751303843	0.08211278578319378	0.09698517343424343
23.084917261040516	1.9007987268798692	0.08211397056100998	0.09698517343424343
23.110856695461525	1.9029287332154217	0.0821151566607643	0.09698517343424343
23.136796129882534	1.905058770344659	0.08211634408250597	0.09698517343424343
23.16273556430354	1.9071888383017408	0.0821175328262842	0.09698517343424343
23.188674998724547	1.9093189371208252	0.08211872289214824	0.09698517343424343
23.214614433145552	1.9114490668360713	0.08211991428014731	0.09698517343424343
23.24055386756656	1.913579227481638	0.08212110699033066	0.09698517343424343
23.266493301987566	1.9157094190916844	0.08212230102274752	0.09698517343424343
23.292432736408575	1.9178396417003687	0.0821234963774471	0.09698517343424343
23.318372170829583	1.9199698953418507	0.08212469305447867	0.09698517343424343
23.34431160525059	1.9221001800502886	0.08212589105389144	0.09698517343424343
23.370251039671597	1.9242304958598415	0.08212709037573464	0.09698517343424343
23.396190474092602	1.9263608428046683	0.08212829102005749	0.09698517343424343
23.42212990851361	1.9284912209189278	0.08212949298690926	0.09698517343424343
23.448069342934616	1.9306216302367787	0.08213069627633915	0.09698517343424343
23.474008777355625	1.9327520707923802	0.08213190088839642	0.09698517343424343
23.49994821177663	1.934882542619891	0.08213310682313027	0.09698517343424343
23.52588764619764	1.9370130457534704	0.08213431408058997	0.09698517343424343
23.551827080618647	1.9391435802272765	0.0821355226608247	0.09698517343424343
23.577766515039652	1.9412741460754686	0.08213673256388375	0.09698517343424343
23.60370594946066	1.9434047433322057	0.08213794378981633	0.09698517343424343
23.629645383881666	1.9455353720316462	0.08213915633867166	0.09698517343424343
23.655584818302675	1.9476660322079493	0.08214037021049898	0.09698517343424343
23.68152425272368	1.9497967238952743	0.08214158540534754	0.09698517343424343
23.70746368714469	1.9519274471277792	0.08214280192326655	0.09698517343424343
23.733403121565697	1.9540582019396238	0.08214401976430524	0.09698517343424343
23.759342555986702	1.956188988364966	0.08214523892851287	0.09698517343424343
23.78528199040771	1.9583198064379652	0.08214645941593865	0.09698517343424343
23.811221424828716	1.9604506561927801	0.08214768122663181	0.09698517343424343
23.837160859249725	1.9625815376635698	0.08214890436064161	0.09698517343424343
23.86310029367073	1.964712450884493	0.08215012881801724	0.09698517343424343
23.88903972809174	1.9668433958897087	0.08215135459880797	0.09698517343424343
23.914979162512743	1.968974372713376	0.08215258170306301	0.09698517343424343
23.940918596933752	1.971105381389653	0.08215381013083162	0.09698517343424343
23.96685803135476	1.9732364219526997	0.082155039882163	0.09698517343424343
23.992797465775766	1.975367494436674	0.0821562709571064	0.09698517343424343
24.018736900196775	1.9774985988757348	0.08215750335571104	0.09698517343424343
24.04467633461778	1.9796297353040415	0.08215873707802616	0.09698517343424343
24.07061576903879	1.9817609037557526	0.082159972124101	0.09698517343424343
24.096555203459793	1.9838921042650273	0.0821612084939848	0.09698517343424343
24.122494637880802	1.9860233368660243	0.08216244618772676	0.09698517343424343
24.148434072301807	1.9881546015929024	0.08216368520537615	0.09698517343424343
24.174373506722816	1.9902858984798208	0.08216492554698217	0.09698517343424343
24.200312941143824	1.9924172275609375	0.08216616721259407	0.09698517343424343
24.22625237556483	1.9945485888704124	0.08216741020226108	0.09698517343424343
24.25219180998584	1.9966799824424037	0.08216865451603243	0.09698517343424343
24.278131244406843	1.9988114083110708	0.08216990015395736	0.09698517343424343
24.304070678827852	2.0009428665105724	0.0821711471160851	0.09698517343424343
24.330010113248857	2.003074357075067	0.08217239540246488	0.09698517343424343
24.355949547669866	2.005205880038714	0.08217364501314592	0.09698517343424343
24.381888982090874	2.007337435435672	0.08217489594817748	0.09698517343424343
24.40782841651188	2.0094690233000994	0.08217614820760877	0.09698517343424343
24.433767850932888	2.011600643666156	0.08217740179148902	0.09698517343424343
24.459707285353893	2.0137322965680005	0.0821786566998675	0.09698517343424343
24.485646719774902	2.0158639820397912	0.08217991293279339	0.09698517343424343
24.511586154195907	2.0179957001156867	0.08218117049031597	0.09698517343424343
24.537525588616916	2.020127450829847	0.08218242937248443	0.09698517343424343
24.56346502303792	2.0222592342164303	0.08218368957934803	0.09698517343424343
24.58940445745893	2.024391050309596	0.082184951110956	0.09698517343424343
24.615343891879938	2.0265228991435027	0.08218621396735756	0.09698517343424343
24.641283326300943	2.0286547807523085	0.08218747814860196	0.09698517343424343
24.667222760721952	2.030786695170173	0.08218874365473842	0.09698517343424343
24.693162195142957	2.0329186424312553	0.08219001048581617	0.09698517343424343
24.719101629563966	2.035050622569714	0.08219127864188445	0.09698517343424343
24.74504106398497	2.0371826356197076	0.08219254812299251	0.09698517343424343
24.77098049840598	2.0393146816153953	0.08219381892918955	0.09698517343424343
24.796919932826984	2.0414467605909365	0.08219509106052482	0.09698517343424343
24.822859367247993	2.0435788725804893	0.08219636451704754	0.09698517343424343
24.848798801669002	2.045711017618213	0.08219763929880695	0.09698517343424343
24.874738236090007	2.047843195738266	0.0821989154058523	0.09698517343424343
24.900677670511016	2.0499754069748075	0.0822001928382328	0.09698517343424343
24.92661710493202	2.0521076513619967	0.08220147159599768	0.09698517343424343
24.95255653935303	2.054239928933992	0.08220275167919619	0.09698517343424343
24.978495973774034	2.0563722397249515	0.08220403308787756	0.09698517343424343
25.004435408195043	2.058504583769036	0.08220531582209101	0.09698517343424343
25.03037484261605	2.060636961100403	0.08220659988188578	0.09698517343424343
25.056314277037057	2.062769371753212	0.0822078852673111	0.09698517343424343
25.082253711458065	2.0649018157616212	0.0822091719784162	0.09698517343424343
25.10819314587907	2.06703429315979	0.08221046001525033	0.09698517343424343
25.13413258030008	2.0691668039818767	0.08221174937786271	0.09698517343424343
25.160072014721084	2.0712993482620417	0.08221304006630256	0.09698517343424343
25.186011449142093	2.073431926034442	0.08221433208061914	0.09698517343424343
25.211950883563098	2.0755645373332374	0.08221562542086167	0.09698517343424343
25.23789031798411	2.0776971821925865	0.08221692008707936	0.09698517343424343
25.263829752405115	2.0798298606466483	0.08221821607932148	0.09698517343424343
25.28976918682612	2.081962572729582	0.08221951339763724	0.09698517343424343
25.31570862124713	2.084095318475546	0.08222081204207587	0.09698517343424343
25.341648055668134	2.086228097918699	0.08222211201268662	0.09698517343424343
25.367587490089143	2.0883609110932007	0.08222341330951871	0.09698517343424343
25.393526924510148	2.090493758033209	0.08222471593262137	0.09698517343424343
25.419466358931157	2.0926266387728836	0.08222601988204385	0.09698517343424343
25.445405793352162	2.0947595533463828	0.08222732515783537	0.09698517343424343
25.47134522777317	2.096892501787866	0.08222863176004516	0.09698517343424343
25.49728466219418	2.099025484131491	0.08222993968872246	0.09698517343424343
25.523224096615184	2.101158500411418	0.0822312489439165	0.09698517343424343
25.549163531036193	2.1032915506618055	0.0822325595256765	0.09698517343424343
25.575102965457198	2.1054246349168118	0.08223387143405171	0.09698517343424343
25.601042399878207	2.107557753210596	0.08223518466909135	0.09698517343424343
25.62698183429921	2.1096909055773176	0.08223649923084467	0.09698517343424343
25.65292126872022	2.111824092051134	0.08223781511936089	0.09698517343424343
25.67886070314123	2.113957312666207	0.08223913233468924	0.09698517343424343
25.704800137562234	2.116090567456692	0.08224045087687896	0.09698517343424343
25.730739571983243	2.1182238564567495	0.08224177074597928	0.09698517343424343
25.756679006404248	2.1203571797005387	0.08224309194203942	0.09698517343424343
25.782618440825257	2.122490537222218	0.08224441446510865	0.09698517343424343
25.80855787524626	2.124623929055946	0.08224573831523616	0.09698517343424343
25.83449730966727	2.126757355235882	0.0822470634924712	0.09698517343424343
25.860436744088275	2.1288908157961854	0.082248389996863	0.09698517343424343
25.886376178509288	2.131024310771014	0.0822497178284608	0.09698517343424343
25.912315612930293	2.133157840194527	0.08225104698731382	0.09698517343424343
25.938255047351298	2.135291404100883	0.0822523774734713	0.09698517343424343
25.964194481772306	2.137425002524242	0.08225370928698249	0.09698517343424343
25.99013391619331	2.139558635498762	0.0822550424278966	0.09698517343424343
26.01607335061432	2.1416923030586017	0.08225637689626285	0.09698517343424343
26.042012785035325	2.1438260052379206	0.0822577126921305	0.09698517343424343
26.067952219456334	2.145959742070877	0.08225904981554878	0.09698517343424343
26.093891653877343	2.1480935135916304	0.08226038826656691	0.09698517343424343
26.11983108829835	2.1502273198343387	0.08226172804523413	0.09698517343424343
26.145770522719356	2.152361160833162	0.08226306915159967	0.09698517343424343
26.17170995714036	2.1544950366222584	0.08226441158571277	0.09698517343424343
26.19764939156137	2.156628947235787	0.08226575534762265	0.09698517343424343
26.223588825982375	2.158762892707906	0.08226710043737855	0.09698517343424343
26.249528260403384	2.160896873072775	0.08226844685502968	0.09698517343424343
26.27546769482439	2.1630308883645535	0.08226979460062532	0.09698517343424343
26.301407129245398	2.165164938617399	0.08227114367421466	0.09698517343424343
26.327346563666406	2.1672990238654712	0.08227249407584697	0.09698517343424343
26.353285998087415	2.169433144142929	0.08227384580557144	0.09698517343424343
26.37922543250842	2.1715672994839306	0.08227519886343733	0.09698517343424343
26.405164866929425	2.1737014899226352	0.08227655324949387	0.09698517343424343
26.431104301350434	2.175835715493202	0.0822779089637903	0.09698517343424343
26.45704373577144	2.1779699762297895	0.08227926600637582	0.09698517343424343
26.482983170192448	2.180104272166557	0.08228062437729969	0.09698517343424343
26.508922604613453	2.1822386033376633	0.08228198407661115	0.09698517343424343
26.534862039034465	2.184372969777267	0.0822833451043594	0.09698517343424343
26.56080147345547	2.186507371519527	0.0822847074605937	0.09698517343424343
26.58674090787648	2.1886418085986015	0.08228607114536328	0.09698517343424343
26.612680342297484	2.1907762810486506	0.08228743615871736	0.09698517343424343
26.63861977671849	2.1929107889038324	0.0822888025007052	0.09698517343424343
26.664559211139498	2.1950453321983066	0.08229017017137599	0.09698517343424343
26.690498645560503	2.1971799109662316	0.08229153917077899	0.09698517343424343
26.71643807998151	2.1993145252417654	0.08229290949896342	0.09698517343424343
26.74237751440252	2.2014491750590683	0.08229428115597853	0.09698517343424343
26.76831694882353	2.203583860452298	0.08229565414187355	0.09698517343424343
26.794256383244534	2.2057185814556144	0.08229702845669769	0.09698517343424343
26.82019581766554	2.2078533381031757	0.08229840410050021	0.09698517343424343
26.846135252086547	2.2099881304291404	0.08229978107333032	0.09698517343424343
26.872074686507553	2.2121229584676687	0.08230115937523727	0.09698517343424343
26.89801412092856	2.2142578222529186	0.08230253900627028	0.09698517343424343
26.923953555349566	2.216392721819049	0.0823039199664786	0.09698517343424343
26.94989298977058	2.2185276572002186	0.08230530225591144	0.09698517343424343
26.975832424191584	2.2206626284305866	0.08230668587461804	0.09698517343424343
27.001771858612592	2.2227976355443118	0.08230807082264764	0.09698517343424343
27.027711293033597	2.224932678575553	0.08230945710004947	0.09698517343424343
27.053650727454603	2.227067757558469	0.08231084470687276	0.09698517343424343
27.07959016187561	2.2292028725272193	0.08231223364316675	0.09698517343424343
27.105529596296616	2.2313380235159617	0.08231362390898066	0.09698517343424343
27.131469030717625	2.233473210558856	0.08231501550436372	0.09698517343424343
27.15740846513863	2.235608433690061	0.08231640842936519	0.09698517343424343
27.183347899559642	2.2377436929437344	0.08231780268403427	0.09698517343424343
27.209287333980647	2.239878988354037	0.08231919826842021	0.09698517343424343
27.235226768401656	2.2420143199551257	0.08232059518257225	0.09698517343424343
27.26116620282266	2.244149687781161	0.0823219934265396	0.09698517343424343
