x	chi	dchidx	s0
0.0011921898822630395	0.0	0.03297604855940536	0.03297604855940536
0.01479298812826612	0.00044849103804118194	0.032974089218806076	0.03297604855940536
0.0283937863742692	0.0008969327539001194	0.03296879572351743	0.03297604855940536
0.04199458462027228	0.0013452798004187712	0.032960168074220586	0.03297604855940536
0.05559538286627536	0.0017934868304424962	0.03294820627093549	0.03297604855940536
0.06919618111227845	0.002241508496816119	0.03293291031366426	0.03297604855940536
0.08279697935828152	0.002689299452383889	0.03291428020239552	0.03297604855940536
0.0963977776042846	0.00313681434998948	0.03289231593710444	0.03297604855940536
0.10999857585028769	0.003584007842475992	0.032867017517752714	0.03297604855940536
0.12359937409629075	0.004030834582685948	0.03283838494428855	0.03297604855940536
0.13720017234229384	0.004477249223461299	0.032806418216646684	0.03297604855940536
0.15080097058829695	0.004923206417643419	0.0327711173347484	0.03297604855940536
0.1644017688343	0.005368660818038607	0.03273248229862488	0.03297604855940536
0.17800256708030307	0.005813567077377135	0.03269051310858036	0.03297604855940536
0.19160336532630617	0.006257879848515318	0.03264520976447132	0.03297604855940536
0.20520416357230925	0.006701553784317164	0.032596572266110305	0.03297604855940536
0.21880496181831233	0.007144543537642639	0.03254460061330698	0.03297604855940536
0.2324057600643154	0.007586803761347675	0.0324892948058682	0.03297604855940536
0.24600655831031845	0.00802828910828416	0.03243065484359794	0.03297604855940536
0.25960735655632156	0.008468954231299956	0.03236868072629734	0.03297604855940536
0.27320815480232463	0.008908753783238868	0.03230337245376471	0.03297604855940536
0.2868089530483277	0.009347642416940676	0.032234730025795494	0.03297604855940536
0.30040975129433084	0.00978557478524112	0.03216275344218231	0.03297604855940536
0.3140105495403339	0.010222505540971902	0.0320874427027149	0.03297604855940536
0.32761134778633694	0.010658389336960679	0.032008797807180196	0.03297604855940536
0.34121214603234	0.011093180826031076	0.03192681875536226	0.03297604855940536
0.3548129442783431	0.01152683466100268	0.03184150554704232	0.03297604855940536
0.3684137425243462	0.011959305494691038	0.03175285818199875	0.03297604855940536
0.3820145407703493	0.012390547979907657	0.03166087666000708	0.03297604855940536
0.3956153390163524	0.012820516769460008	0.031565560980840006	0.03297604855940536
0.40921613726235545	0.013249166516151527	0.031466911144267355	0.03297604855940536
0.4228169355083585	0.013676451872781603	0.03136492715005613	0.03297604855940536
0.4364177337543616	0.014102327492145593	0.03125960899797047	0.03297604855940536
0.4500185320003647	0.014526748027034814	0.031150956687771698	0.03297604855940536
0.46361933024636776	0.014949668130236547	0.031038970219218254	0.03297604855940536
0.4772201284923708	0.015371042454534026	0.030923649592065755	0.03297604855940536
0.4908209267383738	0.015790825652706463	0.030804994806066965	0.03297604855940536
0.504421724984377	0.016208972377529024	0.030683005860971804	0.03297604855940536
0.51802252323038	0.016625437281772824	0.03055768275652735	0.03297604855940536
0.5316233214763831	0.01704017501820496	0.030429025492477828	0.03297604855940536
0.5452241197223862	0.017453140239588473	0.03029703406856462	0.03297604855940536
0.5588249179683893	0.017864287598682378	0.030161708484526265	0.03297604855940536
0.5724257162143923	0.01827357174824166	0.030023048740098455	0.03297604855940536
0.5860265144603954	0.018680947341017228	0.02988105483501403	0.03297604855940536
0.5996273127063986	0.019086369029756002	0.029735726769002994	0.03297604855940536
0.6132281109524016	0.019489791467200826	0.0295870645417925	0.03297604855940536
0.6268289091984047	0.019891169306090525	0.02943506815310686	0.03297604855940536
0.6404297074444077	0.02029045719915988	0.029279737602667524	0.03297604855940536
0.6540305056904109	0.02068760979913963	0.029121072890193122	0.03297604855940536
0.6676313039364139	0.02108258175875649	0.028959074015399416	0.03297604855940536
0.6812321021824169	0.021475327730733122	0.028793740977999333	0.03297604855940536
0.69483290042842	0.021865802367788147	0.02862507377770295	0.03297604855940536
0.7084336986744231	0.02225396032263616	0.028453072414217507	0.03297604855940536
0.7220344969204263	0.022639756247987725	0.028277736887247384	0.03297604855940536
0.7356352951664293	0.023023144796549332	0.02809906719649413	0.03297604855940536
0.7492360934124324	0.023404080621023476	0.02791706334165643	0.03297604855940536
0.7628368916584355	0.023782518374108583	0.027731725322430147	0.03297604855940536
0.7764376899044385	0.02415841270849905	0.02754305313850828	0.03297604855940536
0.7900384881504416	0.024531718276885255	0.02735104678958098	0.03297604855940536
0.8036392863964447	0.0249023897319535	0.027155706275335575	0.03297604855940536
0.8172400846424478	0.025270381726386078	0.026957031595456517	0.03297604855940536
0.8308408828884509	0.025635648912861235	0.026755022749625434	0.03297604855940536
0.844441681134454	0.025998145944053173	0.026549679737521103	0.03297604855940536
0.8580424793804571	0.026357827472632066	0.026341002558819455	0.03297604855940536
0.8716432776264601	0.026714648151264044	0.026128991213193564	0.03297604855940536
0.8852440758724632	0.027068562632631896	0.0259136457000599	0.03297604855940536
0.8988448741184663	0.02741952556943621	0.02569496601849222	0.03297604855940536
0.9124456723644693	0.027767491614326248	0.025472952168063143	0.03297604855940536
0.9260464706104724	0.028112415419943707	0.025247604148362853	0.03297604855940536
0.9396472688564755	0.028454251638924365	0.02501892195898023	0.03297604855940536
0.9532480671024786	0.02879295492389803	0.02478690559950285	0.03297604855940536
0.9668488653484817	0.029128479927488606	0.024551555069516978	0.03297604855940536
0.9804496635944846	0.029460781302314026	0.024312870368607575	0.03297604855940536
0.9940504618404878	0.029789813700986306	0.02407085149635828	0.03297604855940536
1.007651260086491	0.030115531776111506	0.02382549845235145	0.03297604855940536
1.021252058332494	0.030437890180289744	0.02357681123616812	0.03297604855940536
1.0348528565784971	0.03075684356611522	0.02332478984738801	0.03297604855940536
1.0484536548245	0.031072346586176164	0.023069434285589545	0.03297604855940536
1.0620544530705032	0.03138435389305489	0.022810744550349843	0.03297604855940536
1.0756552513165063	0.03169282013932776	0.022548720641244704	0.03297604855940536
1.0892560495625094	0.03199769997756521	0.02228336255784863	0.03297604855940536
1.1028568478085126	0.032298948060331706	0.02201467029973481	0.03297604855940536
1.1164576460545155	0.032596519040185803	0.021742643866475134	0.03297604855940536
1.1300584443005186	0.032890367569680105	0.021467283257640173	0.03297604855940536
1.1436592425465217	0.03318044830136128	0.0211885884727992	0.03297604855940536
1.1572600407925249	0.033466715887770046	0.02090655951152017	0.03297604855940536
1.1708608390385278	0.033749124981441184	0.020621196373369746	0.03297604855940536
1.184461637284531	0.03402763023490355	0.020332499057913265	0.03297604855940536
1.198062435530534	0.03430218630068005	0.020040467564714774	0.03297604855940536
1.2116632337765372	0.03457274783128867	0.01974510189333764	0.03297604855940536
1.2252640320225403	0.0348392694792463	0.019446402043348514	0.03297604855940536
1.2388648302685432	0.03510170589706026	0.019144368014314152	0.03297604855940536
1.2524656285145463	0.03536001173723127	0.018838999805801913	0.03297604855940536
1.2660664267605495	0.03561414165225411	0.018530297417380107	0.03297604855940536
1.2796672250065526	0.03586405029461764	0.018218260848617947	0.03297604855940536
1.2932680232525555	0.036109692316804776	0.017902890099085595	0.03297604855940536
1.3068688214985587	0.03635102237129253	0.017584185168354128	0.03297604855940536
1.3204696197445618	0.03658799511055195	0.017262146055995554	0.03297604855940536
1.334070417990565	0.03682063297459899	0.0169284899408605	0.03297604855940536
1.347671216236568	0.03704868725324162	0.016680884832494296	0.03297604855940536
1.4656605225529518	0.03901685424068258	0.016680899237797888	0.03297604855940536
1.5836498288693355	0.04098502288362372	0.016680913780590337	0.03297604855940536
1.7016391351857192	0.04295319321062304	0.016680928470778844	0.03297604855940536
1.819628441502103	0.04492136525023856	0.016680943318270604	0.03297604855940536
1.9376177478184866	0.04688953903102829	0.01668095833297281	0.03297604855940536
2.0556070541348705	0.04885771458155025	0.016680973524792666	0.03297604855940536
2.1735963604512545	0.050825891930362445	0.016680988903637364	0.03297604855940536
2.291585666767638	0.05279407110602288	0.0166810044794141	0.03297604855940536
2.4095749730840215	0.05476225213708959	0.016681020262030076	0.03297604855940536
2.5275642794004054	0.05673043505212058	0.016681036261392484	0.03297604855940536
2.6455535857167893	0.05869861987967386	0.016681052487408518	0.03297604855940536
2.763542892033173	0.06066680664830744	0.016681068949985382	0.03297604855940536
2.8815321983495568	0.06263499538657935	0.01668108565903027	0.03297604855940536
2.9995215046659407	0.06460318612304758	0.016681102624450373	0.03297604855940536
3.117510810982324	0.06657137888627015	0.016681119856152896	0.03297604855940536
3.235500117298708	0.0685395737048051	0.016681137364045032	0.03297604855940536
3.3534894236150916	0.07050777060721042	0.016681155158033978	0.03297604855940536
3.471478729931475	0.07247596962204411	0.016681173248026933	0.03297604855940536
3.589468036247859	0.07444417077786421	0.016681191643931087	0.03297604855940536
3.7074573425642425	0.07641237452015892	0.016681210003902835	0.03297604855940536
3.8254466488806265	0.07838058055645784	0.01668122858082606	0.03297604855940536
3.94343595519701	0.0803487887769805	0.016681247497621256	0.03297604855940536
4.061425261513394	0.08231699922245125	0.016681266754337582	0.03297604855940536
4.179414567829778	0.0842852119335945	0.016681286351024213	0.03297604855940536
4.297403874146162	0.08625342695113461	0.01668130628773031	0.03297604855940536
4.415393180462545	0.08822164431579593	0.01668132656450505	0.03297604855940536
4.533382486778929	0.09018986406830284	0.01668134718139759	0.03297604855940536
4.651371793095312	0.09215808624937974	0.01668136813845711	0.03297604855940536
4.769361099411696	0.09412631089975099	0.01668138943573277	0.03297604855940536
4.88735040572808	0.09609453806014095	0.01668141107327374	0.03297604855940536
5.005339712044464	0.09806276777127403	0.01668143305112919	0.03297604855940536
5.123329018360848	0.10003100007387455	0.016681455369348286	0.03297604855940536
5.2413183246772315	0.10199923500866692	0.016681478027980198	0.03297604855940536
5.359307630993615	0.10396747261637551	0.01668150102707409	0.03297604855940536
5.4772969373099984	0.10593571293772469	0.016681524366679135	0.03297604855940536
5.595286243626382	0.10790395601343883	0.016681548046844498	0.03297604855940536
5.713275549942767	0.10987220188424232	0.016681572067619346	0.03297604855940536
5.831264856259151	0.11184045059085951	0.016681596429052852	0.03297604855940536
5.949254162575534	0.11380870217401476	0.01668162113119418	0.03297604855940536
6.067243468891918	0.11577695667443247	0.016681646174092502	0.03297604855940536
6.185232775208301	0.11774521413283703	0.01668167155779698	0.03297604855940536
6.303222081524685	0.11971347458995277	0.01668169728235679	0.03297604855940536
6.421211387841068	0.1216817380865041	0.016681723347821094	0.03297604855940536
6.539200694157453	0.12365000466321541	0.01668174975423906	0.03297604855940536
6.657190000473837	0.125618274360811	0.01668177650165986	0.03297604855940536
6.77517930679022	0.12758654722001528	0.016681803590132657	0.03297604855940536
6.893168613106604	0.12955482328155266	0.016681831019706623	0.03297604855940536
7.011157919422987	0.13152310258614747	0.016681858790430926	0.03297604855940536
7.129147225739371	0.13349138517452408	0.016681886902354736	0.03297604855940536
7.247136532055756	0.13545967108740695	0.016681915355527214	0.03297604855940536
7.36512583837214	0.13742796036552032	0.016681944149997536	0.03297604855940536
7.483115144688523	0.13939625304958864	0.016681973285814864	0.03297604855940536
7.601104451004907	0.14136454918033625	0.016682002763028368	0.03297604855940536
7.71909375732129	0.14333284879848757	0.01668203258168722	0.03297604855940536
7.837083063637674	0.14530115194476695	0.016682062741840583	0.03297604855940536
7.955072369954059	0.14726945865989877	0.016682093243537626	0.03297604855940536
8.073061676270441	0.1492377689846074	0.016682124086827517	0.03297604855940536
8.191050982586825	0.15120608295961718	0.016682155271759428	0.03297604855940536
8.309040288903208	0.1531744006256525	0.016682186798382525	0.03297604855940536
8.427029595219592	0.15514272202343776	0.016682218666745973	0.03297604855940536
8.545018901535975	0.1571110471936973	0.01668225087689894	0.03297604855940536
8.663008207852359	0.15907937617715553	0.016682283428890603	0.03297604855940536
8.780997514168744	0.16104770901453686	0.01668231632277012	0.03297604855940536
8.898986820485128	0.16301604574656553	0.016682349558586662	0.03297604855940536
9.016976126801511	0.164984386413966	0.0166823831363894	0.03297604855940536
9.134965433117895	0.16695273105746267	0.016682417056227496	0.03297604855940536
9.252954739434278	0.16892107971777987	0.016682451318150125	0.03297604855940536
9.370944045750663	0.17088943243564197	0.01668248592220645	0.03297604855940536
9.488933352067047	0.17285778925177336	0.016682520868445645	0.03297604855940536
9.60692265838343	0.1748261502068984	0.01668255615691687	0.03297604855940536
9.724911964699814	0.1767945153417415	0.0166825917876693	0.03297604855940536
9.842901271016197	0.178762884697027	0.0166826277607521	0.03297604855940536
9.96089057733258	0.18073125831347925	0.016682664076214437	0.03297604855940536
10.078879883648966	0.18269963623182273	0.016682700734105483	0.03297604855940536
10.19686918996535	0.18466801849278164	0.0166827377344744	0.03297604855940536
10.314858496281733	0.18663640513708046	0.016682775077370364	0.03297604855940536
10.432847802598117	0.18860479620544363	0.016682812762842537	0.03297604855940536
10.5508371089145	0.19057319173859538	0.01668285079094009	0.03297604855940536
10.668826415230884	0.19254159177726016	0.01668288916171219	0.03297604855940536
10.786815721547267	0.19450999636216235	0.016682927875208003	0.03297604855940536
10.904805027863652	0.19647840553402635	0.016682966931476702	0.03297604855940536
11.022794334180036	0.19844681933357644	0.016683006330567452	0.03297604855940536
11.14078364049642	0.20041523780153703	0.01668304607252942	0.03297604855940536
11.258772946812803	0.20238366097863253	0.016683086157411778	0.03297604855940536
11.376762253129186	0.20435208890558726	0.01668312658526369	0.03297604855940536
11.49475155944557	0.20632052162312567	0.016683167356134326	0.03297604855940536
11.612740865761955	0.20828895917197207	0.016683208470072854	0.03297604855940536
11.730730172078339	0.21025740159285086	0.01668324992712844	0.03297604855940536
11.848719478394722	0.21222584892648638	0.01668329172735026	0.03297604855940536
11.966708784711106	0.21419430121360306	0.01668333387078747	0.03297604855940536
12.084698091027489	0.21616275849492522	0.016683376357489246	0.03297604855940536
12.202687397343873	0.21813122081117728	0.016683419187504756	0.03297604855940536
12.320676703660258	0.22009968820308357	0.016683462360883163	0.03297604855940536
12.438666009976641	0.22206816071136848	0.016683505877673643	0.03297604855940536
12.556655316293025	0.2240366383767564	0.01668354973792536	0.03297604855940536
12.674644622609408	0.22600512123997168	0.016683593941687475	0.03297604855940536
12.792633928925792	0.2279736093417387	0.016683638489009167	0.03297604855940536
12.910623235242175	0.22994210272278182	0.016683683379939602	0.03297604855940536
13.028612541558559	0.23191060142382544	0.016683728614527944	0.03297604855940536
13.146601847874944	0.23387910548559396	0.016683774192823363	0.03297604855940536
13.264591154191328	0.23584761494881168	0.016683820114875028	0.03297604855940536
13.382580460507711	0.23781612985420297	0.016683866380732104	0.03297604855940536
13.500569766824094	0.2397846502424923	0.016683912990443764	0.03297604855940536
13.618559073140478	0.24175317615440398	0.016683959944059173	0.03297604855940536
13.736548379456861	0.2437217076306624	0.016684007241627496	0.03297604855940536
13.854537685773247	0.24569024471199194	0.01668405488319791	0.03297604855940536
13.97252699208963	0.2476587874391169	0.016684102868819575	0.03297604855940536
14.090516298406014	0.24962733585276173	0.016684151198541664	0.03297604855940536
14.208505604722397	0.2515958899936508	0.01668419987241334	0.03297604855940536
14.32649491103878	0.2535644499025084	0.016684248890483776	0.03297604855940536
14.444484217355164	0.2555330156200591	0.016684298252802137	0.03297604855940536
14.56247352367155	0.2575015871870271	0.016684347959417593	0.03297604855940536
14.680462829987933	0.25947016464413675	0.01668439801037931	0.03297604855940536
14.798452136304316	0.26143874803211253	0.01668444840573646	0.03297604855940536
14.916441442620698	0.26340733739167876	0.01668449914553821	0.03297604855940536
15.034430748937082	0.2653759327635598	0.01668455022983372	0.03297604855940536
15.152420055253465	0.26734453418848014	0.01668460165867217	0.03297604855940536
15.270409361569849	0.269313141707164	0.016684653432102722	0.03297604855940536
15.388398667886236	0.2712817553603359	0.016684705550174546	0.03297604855940536
15.50638797420262	0.2732503751887201	0.016684758012936805	0.03297604855940536
15.624377280519003	0.27521900123304094	0.016684810820438677	0.03297604855940536
15.742366586835386	0.27718763353402287	0.01668486397272932	0.03297604855940536
15.86035589315177	0.27915627213239025	0.016684917469857907	0.03297604855940536
15.978345199468151	0.28112491706886755	0.016684971311873603	0.03297604855940536
16.096334505784537	0.283093568384179	0.016685025498825584	0.03297604855940536
16.21432381210092	0.28506222611904897	0.016685080030763008	0.03297604855940536
16.332313118417304	0.2870308903142019	0.01668513490773505	0.03297604855940536
16.450302424733685	0.2889995610103622	0.016685190129790875	0.03297604855940536
16.56829173105007	0.29096823824825413	0.016685245696979652	0.03297604855940536
16.686281037366452	0.29293692206860217	0.01668530160935055	0.03297604855940536
16.804270343682838	0.29490561251213065	0.016685357866952733	0.03297604855940536
16.92225964999922	0.2968743096195639	0.016685414469835375	0.03297604855940536
17.040248956315605	0.2988430134316264	0.016685471418047642	0.03297604855940536
17.158238262631986	0.30081172398904243	0.016685528711638697	0.03297604855940536
17.276227568948375	0.30278044133253645	0.016685586350657717	0.03297604855940536
17.394216875264757	0.3047491655028327	0.016685644335153862	0.03297604855940536
17.512206181581142	0.3067178965406557	0.016685702665176307	0.03297604855940536
17.630195487897524	0.3086866344867296	0.016685761340774215	0.03297604855940536
17.74818479421391	0.3106553793817791	0.016685820361996756	0.03297604855940536
17.86617410053029	0.3126241312665283	0.0166858797288931	0.03297604855940536
17.984163406846676	0.3145928901817018	0.01668593944151241	0.03297604855940536
18.102152713163058	0.3165616561680237	0.016685999499903858	0.03297604855940536
18.220142019479443	0.31853042926621855	0.01668605990411661	0.03297604855940536
18.338131325795825	0.3204992095170108	0.01668612065419984	0.03297604855940536
18.45612063211221	0.3224679969611246	0.016686181750202707	0.03297604855940536
18.57410993842859	0.32443679163928446	0.016686243192174384	0.03297604855940536
18.692099244744977	0.32640559359221477	0.01668630498016404	0.03297604855940536
18.810088551061362	0.3283744028606399	0.01668636711422084	0.03297604855940536
18.928077857377748	0.3303432194852841	0.016686429594393953	0.03297604855940536
19.04606716369413	0.33231204350687193	0.01668649242073255	0.03297604855940536
19.164056470010514	0.3342808749661277	0.016686555593285798	0.03297604855940536
19.282045776326896	0.33624971390377567	0.01668661911210286	0.03297604855940536
19.40003508264328	0.3382185603605402	0.016686682977232914	0.03297604855940536
19.518024388959663	0.34018741437714595	0.016686747188725117	0.03297604855940536
19.63601369527605	0.34215627599431697	0.016686811746628647	0.03297604855940536
19.75400300159243	0.3441251452527778	0.016686876650992662	0.03297604855940536
19.871992307908815	0.3460940221932527	0.01668694190186634	0.03297604855940536
19.989981614225197	0.34806290685646635	0.016687007499298842	0.03297604855940536
20.107970920541582	0.35003179928314265	0.01668707344333934	0.03297604855940536
20.225960226857964	0.35200069951400637	0.016687139734037	0.03297604855940536
20.343949533174353	0.3539696075897817	0.016687206371440992	0.03297604855940536
20.461938839490735	0.35593852355119315	0.016687273355600486	0.03297604855940536
20.57992814580712	0.35790744743896485	0.01668734068656464	0.03297604855940536
20.6979174521235	0.3598763792938213	0.016687408364382636	0.03297604855940536
20.815906758439883	0.3618453191564869	0.01668747638910363	0.03297604855940536
20.93389606475627	0.36381426706768605	0.016687544760776798	0.03297604855940536
21.05188537107265	0.36578322306814315	0.016687613479451305	0.03297604855940536
21.169874677389036	0.3677521871985824	0.01668768254517632	0.03297604855940536
21.287863983705417	0.3697211594997283	0.016687751958001013	0.03297604855940536
21.405853290021803	0.37169014001230527	0.016687821717974546	0.03297604855940536
21.523842596338184	0.37365912877703755	0.01668789182514609	0.03297604855940536
21.64183190265457	0.37562812583464955	0.016687962279564816	0.03297604855940536
21.759821208970955	0.3775971312258658	0.01668803308127989	0.03297604855940536
21.87781051528734	0.3795661449914105	0.01668810423034048	0.03297604855940536
21.995799821603722	0.3815351671720081	0.016688175726795755	0.03297604855940536
22.113789127920107	0.38350419780838285	0.016688247570694884	0.03297604855940536
22.23177843423649	0.3854732369412591	0.016688319762087032	0.03297604855940536
22.349767740552874	0.38744228461136165	0.016688392301021367	0.03297604855940536
22.467757046869256	0.3894113408594144	0.01668846518754706	0.03297604855940536
22.58574635318564	0.39138040572614197	0.016688538421713278	0.03297604855940536
22.703735659502023	0.3933494792522685	0.01668861200356919	0.03297604855940536
22.821724965818408	0.3953185614785186	0.016688685933163958	0.03297604855940536
22.93971427213479	0.3972876524456166	0.016688760210546758	0.03297604855940536
23.057703578451175	0.3992567521942868	0.016688834835766754	0.03297604855940536
23.175692884767557	0.4012258607652536	0.01668890980887312	0.03297604855940536
23.293682191083946	0.40319497819924144	0.016688985129915013	0.03297604855940536
23.411671497400327	0.4051641045369745	0.01668906079894161	0.03297604855940536
23.529660803716713	0.4071332398191775	0.01668913681600208	0.03297604855940536
23.647650110033094	0.4091023840865744	0.016689213181145583	0.03297604855940536
23.76563941634948	0.4110715373798898	0.016689289894421293	0.03297604855940536
23.88362872266586	0.41304069973984814	0.016689366955878377	0.03297604855940536
24.001618028982246	0.4150098712071736	0.016689444365566002	0.03297604855940536
24.119607335298628	0.41697905182259065	0.016689522123533338	0.03297604855940536
24.237596641615013	0.41894824162682376	0.01668960022982955	0.03297604855940536
24.355585947931395	0.4209174406605971	0.01668967868450381	0.03297604855940536
24.47357525424778	0.42288664896463524	0.016689757487605286	0.03297604855940536
24.591564560564162	0.42485586657966246	0.01668983663918314	0.03297604855940536
24.709553866880547	0.4268250935464032	0.016689916139286547	0.03297604855940536
24.827543173196933	0.42879432990558175	0.016689995987964674	0.03297604855940536
24.945532479513318	0.43076357569792245	0.016690076185266686	0.03297604855940536
25.0635217858297	0.4327328309641497	0.016690156731241752	0.03297604855940536
25.181511092146085	0.4347021069040355	0.016690237723990035	0.03297604855940536
25.299500398462467	0.4366713947192901	0.016690319084882065	0.03297604855940536
25.417489704778852	0.4386406920021228	0.01669040079231185	0.03297604855940536
25.535479011095234	0.4406099987941903	0.016690482846293053	0.03297604855940536
25.65346831741162	0.4425793151371496	0.01669056524683935	0.03297604855940536
25.771457623728	0.44454864107265735	0.0166906479939644	0.03297604855940536
25.889446930044386	0.4465179766423704	0.016690731087681883	0.03297604855940536
26.007436236360768	0.44848732188794577	0.016690814528005457	0.03297604855940536
26.125425542677153	0.45045667685104007	0.0166908983149488	0.03297604855940536
26.243414848993535	0.4524260415733103	0.016690982448525574	0.03297604855940536
26.361404155309923	0.45439541609641326	0.016691066928749453	0.03297604855940536
26.479393461626305	0.45636480046200567	0.0166911517556341	0.03297604855940536
26.59738276794269	0.4583341947117445	0.01669123692919319	0.03297604855940536
26.715372074259072	0.4603035988872865	0.01669132244944039	0.03297604855940536
26.833361380575457	0.46227301303028856	0.016691408316389364	0.03297604855940536
26.95135068689184	0.4642424371824075	0.016691494530053787	0.03297604855940536
27.069339993208224	0.46621187138530007	0.016691581090447324	0.03297604855940536
27.187329299524606	0.46818131568062327	0.016691667997583648	0.03297604855940536
27.30531860584099	0.4701507701100338	0.016691755251476422	0.03297604855940536
27.423307912157373	0.47212023471518855	0.01669184285213932	0.03297604855940536
27.54129721847376	0.4740897095377443	0.016691930799586006	0.03297604855940536
27.65928652479014	0.476059194619358	0.01669201909383015	0.03297604855940536
27.77727583110653	0.4780286900016864	0.016692107734885425	0.03297604855940536
27.89526513742291	0.47999819572638636	0.016692196722765496	0.03297604855940536
28.013254443739296	0.48196771183511466	0.016692286057484036	0.03297604855940536
28.131243750055678	0.4839372383695282	0.016692375739054705	0.03297604855940536
28.249233056372063	0.48590677537128374	0.016692465767491182	0.03297604855940536
28.367222362688445	0.4878763228820382	0.016692556142807128	0.03297604855940536
28.48521166900483	0.4898458809434484	0.016692646865016217	0.03297604855940536
28.60320097532121	0.4918154495971711	0.016692737934132115	0.03297604855940536
28.721190281637597	0.4937850288848632	0.01669282935016849	0.03297604855940536
28.83917958795398	0.4957546188481815	0.016692921113139015	0.03297604855940536
28.957168894270364	0.49772421952878293	0.016693013223057353	0.03297604855940536
29.075158200586745	0.4996938309683242	0.01669310567993718	0.03297604855940536
29.19314750690313	0.5016634532084623	0.01669319848379216	0.03297604855940536
29.311136813219516	0.5036330862908538	0.016693291634635957	0.03297604855940536
29.4291261195359	0.5056027302571559	0.016693385132482252	0.03297604855940536
29.547115425852283	0.507572385149025	0.016693478977344703	0.03297604855940536
29.66510473216867	0.5095420510081182	0.016693573169236985	0.03297604855940536
29.78309403848505	0.5115117278760923	0.016693667708172766	0.03297604855940536
29.901083344801435	0.5134814157946043	0.01669376259416571	0.03297604855940536
30.01907265111782	0.5154511148053108	0.01669385782722949	0.03297604855940536
30.137061957434202	0.5174208249498685	0.016693953407377775	0.03297604855940536
30.255051263750588	0.5193905462699346	0.016694049334624234	0.03297604855940536
30.373040570066966	0.5213602788071658	0.016694145608982535	0.03297604855940536
30.491029876383354	0.5233300226032189	0.016694242230466345	0.03297604855940536
30.609019182699733	0.5252997776997507	0.016694339199089334	0.03297604855940536
30.72700848901612	0.5272695441384181	0.01669443651486517	0.03297604855940536
30.844997795332507	0.5292393219608779	0.016694534177807526	0.03297604855940536
30.96298710164889	0.5312091112087869	0.016694632187930065	0.03297604855940536
31.080976407965274	0.533178911923802	0.01669473054524646	0.03297604855940536
31.198965714281655	0.53514872414758	0.01669482924977038	0.03297604855940536
31.31695502059804	0.5371185479217777	0.01669492830151549	0.03297604855940536
31.434944326914422	0.539088383288052	0.01669502770049546	0.03297604855940536
31.552933633230808	0.5410582302880598	0.01669512744672396	0.03297604855940536
31.670922939547197	0.5430280889634578	0.01669522754021466	0.03297604855940536
31.788912245863575	0.5449979593559028	0.016695327980981226	0.03297604855940536
31.906901552179963	0.5469678415070519	0.01669542876903733	0.03297604855940536
32.02489085849634	0.5489377354585615	0.016695529904396638	0.03297604855940536
32.14288016481273	0.5509076412520889	0.01669563138707282	0.03297604855940536
32.26086947112911	0.5528775589292906	0.016695733217079543	0.03297604855940536
32.378858777445494	0.5548474885318236	0.016695835394430477	0.03297604855940536
32.496848083761876	0.5568174301013447	0.016695937919139293	0.03297604855940536
32.614837390078264	0.5587873836795108	0.016696040791219658	0.03297604855940536
32.732826696394646	0.5607573493079785	0.01669614401068524	0.03297604855940536
32.85081600271103	0.5627273270284049	0.016696247577549707	0.03297604855940536
32.96880530902741	0.5646973168824465	0.016696351491826734	0.03297604855940536
33.0867946153438	0.5666673189117607	0.01669645575352998	0.03297604855940536
33.20478392166019	0.5686373331580038	0.01669656036267312	0.03297604855940536
33.32277322797656	0.5706073596628328	0.016696665319269822	0.03297604855940536
33.44076253429295	0.5725773984679047	0.016696770623333756	0.03297604855940536
33.55875184060933	0.5745474496148761	0.016696876274878588	0.03297604855940536
33.67674114692572	0.576517513145404	0.016696982273917988	0.03297604855940536
33.794730453242096	0.5784875891011451	0.016697088620465626	0.03297604855940536
33.912719759558485	0.5804576775237564	0.01669719531453517	0.03297604855940536
34.030709065874866	0.5824277784548945	0.016697302356140288	0.03297604855940536
34.148698372191255	0.5843978919362165	0.01669740974529465	0.03297604855940536
34.26668767850763	0.586368018009379	0.016697517482011922	0.03297604855940536
34.38467698482402	0.588338156716039	0.016697625566305774	0.03297604855940536
34.5026662911404	0.5903083080978532	0.016697733998189877	0.03297604855940536
34.62065559745679	0.5922784721964787	0.0166978427776779	0.03297604855940536
34.73864490377317	0.5942486490535719	0.016697951904783508	0.03297604855940536
34.85663421008955	0.59621883871079	0.016698061379520374	0.03297604855940536
34.97462351640594	0.5981890412097897	0.016698171201902166	0.03297604855940536
35.09261282272232	0.6001592565922278	0.01669828137194255	0.03297604855940536
35.210602129038705	0.6021294848997613	0.016698391889655197	0.03297604855940536
35.32859143535509	0.6040997261740468	0.016698502755053773	0.03297604855940536
35.446580741671475	0.6060699804567413	0.016698613968151952	0.03297604855940536
35.56457004798786	0.6080402477895015	0.0166987255289634	0.03297604855940536
35.68255935430424	0.6100105282139845	0.016698837437501782	0.03297604855940536
35.80054866062062	0.6119808217718468	0.016698949693780774	0.03297604855940536
35.91853796693701	0.6139511285047454	0.016699062297814038	0.03297604855940536
36.03652727325339	0.615921448454337	0.01669917524961525	0.03297604855940536
36.15451657956977	0.6178917816622789	0.016699288549198072	0.03297604855940536
36.27250588588616	0.6198621281702273	0.016699402196576178	0.03297604855940536
36.39049519220254	0.6218324880198394	0.01669951619176323	0.03297604855940536
36.50848449851893	0.6238028612527721	0.016699630534772907	0.03297604855940536
36.62647380483531	0.6257732479106819	0.01669974522561887	0.03297604855940536
36.744463111151696	0.6277436480352259	0.01669986026431479	0.03297604855940536
36.86245241746808	0.6297140616680608	0.016699975650874336	0.03297604855940536
36.980441723784466	0.6316844888508436	0.016700091385311176	0.03297604855940536
37.09843103010084	0.633654929625231	0.016700207467638978	0.03297604855940536
37.21642033641723	0.6356253840328798	0.016700323897871412	0.03297604855940536
37.33440964273361	0.6375958521154469	0.01670044067602215	0.03297604855940536
37.45239894905	0.6395663339145893	0.016700557802104856	0.03297604855940536
37.570388255366375	0.6415368294719634	0.016700675276133198	0.03297604855940536
37.68837756168276	0.6435073388292265	0.01670079309812085	0.03297604855940536
37.80636686799915	0.6454778620280353	0.01670091126808148	0.03297604855940536
37.924356174315534	0.6474483991100464	0.01670102978602875	0.03297604855940536
38.042345480631916	0.6494189501169169	0.016701148651976336	0.03297604855940536
38.1603347869483	0.6513895150903034	0.016701267865937907	0.03297604855940536
38.278324093264686	0.6533600940718631	0.016701387427927126	0.03297604855940536
38.39631339958107	0.6553306871032524	0.016701507337957666	0.03297604855940536
38.51430270589745	0.6573012942261285	0.016701627596043194	0.03297604855940536
38.63229201221383	0.6592719154821479	0.01670174820219738	0.03297604855940536
38.75028131853022	0.6612425509129678	0.016701869156433895	0.03297604855940536
38.8682706248466	0.6632132005602447	0.016701990458766403	0.03297604855940536
38.986259931162984	0.6651838644656357	0.016702112109208574	0.03297604855940536
39.104249237479365	0.6671545426707974	0.016702234107774078	0.03297604855940536
39.222238543795754	0.6691252352173869	0.016702356454476586	0.03297604855940536
39.340227850112136	0.6710959421470609	0.016702479149329763	0.03297604855940536
39.45821715642852	0.673066663501476	0.01670260219234728	0.03297604855940536
39.576206462744906	0.6750373993222895	0.016702725583542806	0.03297604855940536
39.69419576906129	0.6770081496511577	0.016702849322930004	0.03297604855940536
39.81218507537767	0.678978914529738	0.016702973410522553	0.03297604855940536
39.93017438169405	0.6809496939996869	0.016703097846334114	0.03297604855940536
40.04816368801044	0.6829204881026611	0.01670322263037836	0.03297604855940536
40.16615299432682	0.6848912968803178	0.016703347762668956	0.03297604855940536
40.284142300643204	0.6868621203743137	0.016703473243219573	0.03297604855940536
40.402131606959585	0.6888329586263053	0.01670359907204388	0.03297604855940536
40.520120913275974	0.6908038116779501	0.01670372524915555	0.03297604855940536
40.63811021959236	0.6927746795709044	0.01670385177456824	0.03297604855940536
40.75609952590874	0.6947455623468253	0.01670397864829563	0.03297604855940536
40.87408883222513	0.6967164600473694	0.016704105870351385	0.03297604855940536
40.99207813854151	0.6986873727141937	0.016704233440749172	0.03297604855940536
41.1100674448579	0.700658300388955	0.01670436135950266	0.03297604855940536
41.22805675117427	0.7026292431133101	0.016704489626625525	0.03297604855940536
41.34604605749066	0.7046002009289158	0.016704618242131427	0.03297604855940536
41.46403536380704	0.7065711738774292	0.016704747206034036	0.03297604855940536
41.58202467012343	0.708542162000507	0.016704876518347025	0.03297604855940536
41.700013976439806	0.7105131653398057	0.016705006179084058	0.03297604855940536
41.818003282756194	0.7124841839369825	0.01670513618825881	0.03297604855940536
41.935992589072576	0.7144552178336943	0.01670526654588494	0.03297604855940536
42.053981895388965	0.7164262670715975	0.01670539725197613	0.03297604855940536
42.17197120170535	0.7183973316923495	0.01670552830654604	0.03297604855940536
42.28996050802173	0.7203684117376066	0.01670565970960834	0.03297604855940536
42.40794981433812	0.7223395072490261	0.016705791461176695	0.03297604855940536
42.5259391206545	0.7243106182682644	0.016705923561264782	0.03297604855940536
42.64392842697088	0.7262817448369787	0.016706056009886266	0.03297604855940536
42.76191773328726	0.7282528869968256	0.016706188807054812	0.03297604855940536
42.87990703960365	0.7302240447894621	0.016706321952784094	0.03297604855940536
42.99789634592003	0.7321952182565448	0.016706455447087782	0.03297604855940536
43.115885652236415	0.7341664074397309	0.01670658928997954	0.03297604855940536
43.233874958552796	0.7361376123806768	0.01670672348147304	0.03297604855940536
43.351864264869185	0.7381088331210397	0.01670685802158195	0.03297604855940536
43.46985357118557	0.7400800697024762	0.016706992910319938	0.03297604855940536
43.58784287750195	0.7420513221666434	0.01670712814770067	0.03297604855940536
43.70583218381834	0.7440225905551978	0.01670726373373782	0.03297604855940536
43.82382149013472	0.7459938749097963	0.016707399668445058	0.03297604855940536
43.94181079645111	0.747965175272096	0.016707535951836047	0.03297604855940536
44.05980010276748	0.7499364916837535	0.016707672583924457	0.03297604855940536
44.17778940908387	0.7519078241864258	0.01670780956472396	0.03297604855940536
44.29577871540025	0.7538791728217694	0.016707946894248225	0.03297604855940536
44.41376802171664	0.7558505376314416	0.016708084572510915	0.03297604855940536
44.53175732803302	0.7578219186570988	0.016708222599525705	0.03297604855940536
44.649746634349405	0.7597933159403982	0.01670836097530626	0.03297604855940536
44.76773594066579	0.7617647295229963	0.01670849969986625	0.03297604855940536
44.885725246982176	0.7637361594465504	0.016708638773219348	0.03297604855940536
45.00371455329855	0.7657076057527167	0.016708778195379213	0.03297604855940536
45.12170385961494	0.7676790684831525	0.016708917966359524	0.03297604855940536
45.23969316593133	0.7696505476795146	0.016709058086173945	0.03297604855940536
45.35768247224771	0.7716220433834595	0.016709198554836144	0.03297604855940536
45.47567177856409	0.7735935556366447	0.016709339372359792	0.03297604855940536
45.59366108488047	0.7755650844807261	0.016709480538758554	0.03297604855940536
45.71165039119686	0.7775366299573614	0.016709622054046105	0.03297604855940536
45.829639697513244	0.7795081921082069	0.016709763918236108	0.03297604855940536
45.947629003829626	0.7814797709749197	0.016709906131342236	0.03297604855940536
46.06561831014601	0.7834513665991565	0.016710048693378155	0.03297604855940536
46.183607616462396	0.7854229790225742	0.016710191604357535	0.03297604855940536
46.30159692277878	0.7873946082868295	0.016710334864294046	0.03297604855940536
46.41958622909516	0.7893662544335796	0.016710478473201354	0.03297604855940536
46.53757553541154	0.7913379175044808	0.01671062243109313	0.03297604855940536
46.65556484172793	0.7933095975411905	0.01671076673798304	0.03297604855940536
46.77355414804431	0.7952812945853651	0.016710911393884757	0.03297604855940536
46.89154345436069	0.7972530086786616	0.016711056398811947	0.03297604855940536
47.00953276067708	0.7992247398627368	0.01671120175277828	0.03297604855940536
47.127522066993464	0.8011964881792475	0.016711347455797426	0.03297604855940536
47.245511373309846	0.8031682536698508	0.01671149350788305	0.03297604855940536
47.36350067962623	0.8051400363762031	0.01671163990904882	0.03297604855940536
47.481489985942616	0.8071118363399616	0.01671178665930841	0.03297604855940536
47.599479292259	0.8090836536027829	0.01671193375867549	0.03297604855940536
47.71746859857538	0.8110554882063241	0.01671208120716372	0.03297604855940536
47.83545790489176	0.8130273401922417	0.016712229004786774	0.03297604855940536
47.95344721120815	0.8149992096021926	0.016712377151558325	0.03297604855940536
48.07143651752453	0.8169710964778338	0.016712525647492035	0.03297604855940536
48.189425823840914	0.8189430008608223	0.016712674492601574	0.03297604855940536
48.3074151301573	0.8209149227928146	0.016712823686900614	0.03297604855940536
48.425404436473684	0.8228868623154675	0.016712973230402824	0.03297604855940536
48.54339374279007	0.824858819470438	0.016713123123121867	0.03297604855940536
48.66138304910645	0.8268307942993829	0.016713273365071418	0.03297604855940536
48.77937235542284	0.8288027868439591	0.01671342395626514	0.03297604855940536
48.89736166173922	0.8307747971458234	0.01671357489671671	0.03297604855940536
49.01535096805561	0.8327468252466326	0.016713726186439792	0.03297604855940536
49.13334027437198	0.8347188711880433	0.016713877825448052	0.03297604855940536
49.25132958068837	0.8366909350117129	0.016714029813755162	0.03297604855940536
49.36931888700475	0.8386630167592978	0.016714182151374792	0.03297604855940536
49.48730819332114	0.8406351164724549	0.016714334838320608	0.03297604855940536
49.605297499637516	0.842607234192841	0.01671448787460628	0.03297604855940536
49.723286805953904	0.8445793699621132	0.016714641260245477	0.03297604855940536
49.84127611227029	0.8465515238219281	0.01671479499525187	0.03297604855940536
49.959265418586675	0.8485236958139426	0.01671494907963912	0.03297604855940536
50.07725472490306	0.8504958859798134	0.016715103513420905	0.03297604855940536
50.19524403121944	0.8524680943611974	0.01671525829661089	0.03297604855940536
50.31323333753583	0.8544403209997518	0.016715413429222743	0.03297604855940536
50.43122264385221	0.8564125659371328	0.016715568911270132	0.03297604855940536
50.54921195016859	0.8583848292149978	0.01671572474276673	0.03297604855940536
50.66720125648497	0.8603571108750032	0.016715880923726202	0.03297604855940536
50.78519056280136	0.862329410958806	0.016716037454162218	0.03297604855940536
50.90317986911774	0.8643017295080632	0.016716194334088448	0.03297604855940536
51.021169175434125	0.8662740665644314	0.01671635156351856	0.03297604855940536
51.139158481750506	0.8682464221695675	0.01671650914246622	0.03297604855940536
51.257147788066895	0.8702187963651284	0.016716667070945098	0.03297604855940536
51.375137094383284	0.872191189192771	0.01671682534896887	0.03297604855940536
51.49312640069966	0.8741636006941519	0.016716983976551192	0.03297604855940536
51.61111570701605	0.8761360309109282	0.016717142953705744	0.03297604855940536
51.72910501333243	0.8781084798847565	0.01671730228044619	0.03297604855940536
51.84709431964882	0.8800809476572937	0.0167174619567862	0.03297604855940536
51.96508362596519	0.8820534342701967	0.016717621982739437	0.03297604855940536
52.08307293228158	0.8840259397651222	0.01671778235831958	0.03297604855940536
52.20106223859796	0.8859984641837273	0.01671794308354029	0.03297604855940536
52.31905154491435	0.8879710075676686	0.016718104158415237	0.03297604855940536
52.437040851230726	0.8899435699586029	0.016718265582958095	0.03297604855940536
52.555030157547115	0.8919161513981875	0.016718427357182528	0.03297604855940536
52.6730194638635	0.8938887519280785	0.016718589481102206	0.03297604855940536
52.791008770179886	0.8958613715899333	0.016718751954730795	0.03297604855940536
52.90899807649627	0.8978340104254084	0.01671891477808197	0.03297604855940536
53.02698738281265	0.8998066684761608	0.016719077951169392	0.03297604855940536
53.14497668912904	0.9017793457838474	0.016719241474006736	0.03297604855940536
53.26296599544542	0.9037520423901249	0.01671940534660767	0.03297604855940536
53.3809553017618	0.9057247583366503	0.016719569568985862	0.03297604855940536
53.49894460807818	0.9076974936650801	0.016719734141154977	0.03297604855940536
53.61693391439457	0.9096702484170716	0.01671989906312869	0.03297604855940536
53.734923220710954	0.9116430226342811	0.016720064334920667	0.03297604855940536
53.852912527027335	0.9136158163583659	0.016720229956544576	0.03297604855940536
53.97090183334372	0.9155886296309825	0.016720395928014085	0.03297604855940536
54.088891139660106	0.917561462493788	0.016720562249342867	0.03297604855940536
54.206880445976495	0.9195343149884392	0.016720728920544586	0.03297604855940536
54.32486975229287	0.9215071871565927	0.016720895941632917	0.03297604855940536
54.44285905860926	0.9234800790399057	0.01672106331262152	0.03297604855940536
54.56084836492564	0.9254529906800346	0.016721231033524072	0.03297604855940536
54.67883767124203	0.9274259221186366	0.016721399104354235	0.03297604855940536
54.7968269775584	0.9293988733973683	0.016721567525125686	0.03297604855940536
54.91481628387479	0.9313718445578866	0.016721736295852083	0.03297604855940536
55.032805590191174	0.9333448356418484	0.016721905416547105	0.03297604855940536
55.15079489650756	0.9353178466909106	0.016722074887224415	0.03297604855940536
55.26878420282394	0.9372908777467298	0.016722244707897686	0.03297604855940536
55.386773509140326	0.9392639288509629	0.01672241487858058	0.03297604855940536
55.50476281545671	0.941237000045267	0.016722585399286772	0.03297604855940536
55.6227521217731	0.9432100913712987	0.01672275627002993	0.03297604855940536
55.74074142808948	0.9451832028707149	0.01672292749082372	0.03297604855940536
55.85873073440586	0.9471563345851721	0.016723099061681814	0.03297604855940536
55.97672004072225	0.9491294865563277	0.016723270982617878	0.03297604855940536
56.09470934703863	0.9511026588258383	0.01672344325364558	0.03297604855940536
56.21269865335501	0.9530758514353607	0.016723615874778594	0.03297604855940536
56.330687959671394	0.9550490644265515	0.016723788846030582	0.03297604855940536
56.44867726598778	0.957022297841068	0.01672396216741522	0.03297604855940536
56.566666572304165	0.9589955517205668	0.016724135838946174	0.03297604855940536
56.684655878620546	0.9609688261067049	0.01672430986063711	0.03297604855940536
56.80264518493693	0.9629421210411385	0.016724484232501696	0.03297604855940536
56.92063449125332	0.9649154365655251	0.016724658954553606	0.03297604855940536
57.0386237975697	0.9668887727215216	0.01672483402680651	0.03297604855940536
57.15661310388608	0.9688621295507844	0.01672500944927407	0.03297604855940536
57.27460241020247	0.9708355070949707	0.016725185221969956	0.03297604855940536
57.39259171651885	0.9728089053957367	0.01672536134490784	0.03297604855940536
57.51058102283523	0.9747823244947401	0.01672553781810139	0.03297604855940536
57.628570329151614	0.9767557644336372	0.016725714641564273	0.03297604855940536
57.746559635468	0.978729225254085	0.016725891815310163	0.03297604855940536
57.864548941784385	0.9807027069977401	0.016726069339352723	0.03297604855940536
57.98253824810077	0.9826762097062597	0.016726247213705622	0.03297604855940536
58.10052755441715	0.9846497334213004	0.01672642543838253	0.03297604855940536
58.21851686073354	0.9866232781845191	0.01672660401339712	0.03297604855940536
58.33650616704992	0.9885968440375724	0.016726782938763056	0.03297604855940536
58.4544954733663	0.9905704310221177	0.016726962214494007	0.03297604855940536
58.57248477968268	0.9925440391798115	0.016727141840603643	0.03297604855940536
58.69047408599907	0.9945176685523104	0.016727321817105633	0.03297604855940536
58.80846339231546	0.9964913191812717	0.016727502144013643	0.03297604855940536
58.926452698631834	0.9984649911083517	0.016727682821341346	0.03297604855940536
59.04444200494822	1.0004386843752078	0.016727863849102412	0.03297604855940536
59.162431311264605	1.0024123990234965	0.016728045227310504	0.03297604855940536
59.280420617580994	1.0043861350948746	0.01672822695597929	0.03297604855940536
59.39840992389737	1.0063598926309991	0.01672840903512245	0.03297604855940536
59.51639923021376	1.0083336716735267	0.01672859146475364	0.03297604855940536
59.63438853653014	1.0103074722641143	0.016728774244886533	0.03297604855940536
59.75237784284653	1.0122812944444188	0.016728957375534804	0.03297604855940536
59.870367149162895	1.014255138256097	0.01672914085671211	0.03297604855940536
59.988356455479284	1.0162290037408057	0.01672932468843213	0.03297604855940536
60.10634576179567	1.0182028909402017	0.01672950887070853	0.03297604855940536
60.22433506811206	1.0201767998959421	0.016729693403554978	0.03297604855940536
60.34232437442844	1.0221507306496833	0.01672987828698514	0.03297604855940536
60.46031368074482	1.0241246832430821	0.01673006352101269	0.03297604855940536
60.57830298706121	1.026098657717796	0.016730249105651292	0.03297604855940536
60.696292293377596	1.0280726541154812	0.01673043504091462	0.03297604855940536
60.81428159969398	1.0300466724777948	0.01673062132681634	0.03297604855940536
60.93227090601035	1.0320207128463936	0.016730807963370117	0.03297604855940536
61.05026021232674	1.0339947752629344	0.016730994950589627	0.03297604855940536
61.16824951864313	1.0359688597690742	0.016731182288488536	0.03297604855940536
61.28623882495951	1.0379429664064694	0.01673136997708051	0.03297604855940536
61.4042281312759	1.0399170952167776	0.016731558016379218	0.03297604855940536
61.522217437592275	1.0418912462416543	0.016731746406398334	0.03297604855940536
61.640206743908664	1.0438654195227577	0.016731935147151523	0.03297604855940536
61.758196050225045	1.0458396151017442	0.016732124238652453	0.03297604855940536
61.876185356541434	1.0478138330202706	0.016732313680914795	0.03297604855940536
61.99417466285782	1.0497880733199936	0.016732503473952217	0.03297604855940536
62.1121639691742	1.0517623360425699	0.016732693617778387	0.03297604855940536
62.23015327549058	1.0537366212296568	0.016732884112406976	0.03297604855940536
62.34814258180697	1.055710928922911	0.016733074957851653	0.03297604855940536
62.46613188812336	1.0576852591639891	0.01673326615412608	0.03297604855940536
62.58412119443973	1.0596596119945478	0.016733457701243935	0.03297604855940536
62.70211050075611	1.0616339874562448	0.016733649599218883	0.03297604855940536
62.8200998070725	1.063608385590736	0.01673384184806459	0.03297604855940536
62.93808911338889	1.0655828064396786	0.01673403444779473	0.03297604855940536
63.056078419705266	1.067557250044729	0.016734227398422966	0.03297604855940536
63.17406772602165	1.0695317164475449	0.016734420699962973	0.03297604855940536
63.292057032338036	1.0715062056897826	0.016734614352428415	0.03297604855940536
63.410046338654425	1.0734807178130987	0.01673480835583296	0.03297604855940536
63.52803564497081	1.075455252859151	0.016735002710190284	0.03297604855940536
63.64602495128718	1.077429810869595	0.01673519741551405	0.03297604855940536
63.76401425760357	1.0794043918860885	0.016735392471817927	0.03297604855940536
63.88200356391996	1.0813789959502882	0.016735587879115586	0.03297604855940536
63.99999287023634	1.0833536231038505	0.016735783637420693	0.03297604855940536
64.11798217655272	1.0853282733884324	0.01673597974674692	0.03297604855940536
64.2359714828691	1.0873029468456914	0.01673617620710793	0.03297604855940536
64.35396078918549	1.0892776435172833	0.016736373018517398	0.03297604855940536
64.47195009550188	1.0912523634448656	0.016736570180988994	0.03297604855940536
64.58993940181826	1.0932271066700947	0.01673676769453638	0.03297604855940536
64.70792870813465	1.095201873234628	0.016736965559173228	0.03297604855940536
64.82591801445102	1.097176663180122	0.01673716377491321	0.03297604855940536
64.94390732076741	1.0991514765482333	0.01673736234176999	0.03297604855940536
65.0618966270838	1.1011263133806193	0.01673756125975724	0.03297604855940536
65.17988593340017	1.1031011737189362	0.016737760528888628	0.03297604855940536
65.29787523971656	1.1050760576048413	0.01673796014917782	0.03297604855940536
65.41586454603295	1.1070509650799916	0.016738160120638487	0.03297604855940536
65.53385385234934	1.109025896186043	0.0167383604432843	0.03297604855940536
65.65184315866571	1.1110008509646532	0.016738561117128927	0.03297604855940536
65.76983246498209	1.1129758294574792	0.01673876214218603	0.03297604855940536
65.88782177129848	1.1149508317061771	0.016738963518469287	0.03297604855940536
66.00581107761487	1.116925857752404	0.016739165245992366	0.03297604855940536
66.12380038393124	1.1189009076378167	0.01673936732476893	0.03297604855940536
66.24178969024763	1.1208759814040725	0.01673956975481265	0.03297604855940536
66.35977899656402	1.1228510790928277	0.016739772536137194	0.03297604855940536
66.4777683028804	1.1248262007457392	0.016739975668756235	0.03297604855940536
66.59575760919678	1.1268013464044642	0.01674017915268344	0.03297604855940536
66.71374691551316	1.1287765161106589	0.016740382987932474	0.03297604855940536
66.83173622182954	1.1307517099059807	0.01674058717451701	0.03297604855940536
66.94972552814593	1.1327269278320862	0.016740791712450718	0.03297604855940536
67.06771483446232	1.1347021699306323	0.01674099660174726	0.03297604855940536
67.1857041407787	1.1366774362432754	0.01674120184242031	0.03297604855940536
67.30369344709509	1.1386527268116735	0.01674140743448354	0.03297604855940536
67.42168275341147	1.1406280416774823	0.01674161337795061	0.03297604855940536
67.53967205972785	1.1426033808823592	0.016741819672835195	0.03297604855940536
67.65766136604422	1.1445787444679603	0.016742026319150963	0.03297604855940536
67.77565067236061	1.1465541324759434	0.016742233316911583	0.03297604855940536
67.893639978677	1.1485295449479649	0.01674244066613072	0.03297604855940536
68.01162928499339	1.1505049819256818	0.016742648366822047	0.03297604855940536
68.12961859130978	1.1524804434507505	0.01674285641899923	0.03297604855940536
68.24760789762615	1.154455929564828	0.016743064822675943	0.03297604855940536
68.36559720394254	1.1564314403095715	0.01674327357786585	0.03297604855940536
68.48358651025892	1.1584069757266375	0.01674348268458262	0.03297604855940536
68.6015758165753	1.1603825358576831	0.01674369214283992	0.03297604855940536
68.71956512289168	1.1623581207443647	0.01674390195265143	0.03297604855940536
68.83755442920807	1.1643337304283394	0.0167441121140308	0.03297604855940536
68.95554373552446	1.1663093649512644	0.016744322626991714	0.03297604855940536
69.07353304184085	1.1682850243547958	0.016744533491547836	0.03297604855940536
69.19152234815722	1.1702607086805907	0.016744744707712835	0.03297604855940536
69.30951165447361	1.1722364179703062	0.01674495627550038	0.03297604855940536
69.42750096078998	1.174212152265599	0.016745168194924137	0.03297604855940536
69.54549026710637	1.176187911608126	0.01674538046599778	0.03297604855940536
69.66347957342276	1.1781636960395439	0.016745593088734974	0.03297604855940536
69.78146887973914	1.1801395056015092	0.016745806063149387	0.03297604855940536
69.89945818605553	1.1821153403356792	0.01674601938925469	0.03297604855940536
70.01744749237191	1.184091200283711	0.01674623306706455	0.03297604855940536
70.1354367986883	1.1860670854872608	0.01674644709659264	0.03297604855940536
70.25342610500468	1.1880429959879857	0.016746661477852625	0.03297604855940536
70.37141541132105	1.1900189318275425	0.016746876210858175	0.03297604855940536
70.48940471763744	1.191994893047588	0.01674709129562296	0.03297604855940536
70.60739402395383	1.1939708796897794	0.01674730673216064	0.03297604855940536
70.7253833302702	1.195946891795773	0.0167475225204849	0.03297604855940536
70.8433726365866	1.197922929407226	0.016747738660609395	0.03297604855940536
70.96136194290298	1.199898992565795	0.0167479551525478	0.03297604855940536
71.07935124921937	1.2018750813131371	0.016748171996313784	0.03297604855940536
71.19734055553576	1.203851195690909	0.016748389191921013	0.03297604855940536
71.31532986185212	1.205827335740767	0.016748606739383155	0.03297604855940536
71.43331916816851	1.2078035015043689	0.016748824638713883	0.03297604855940536
71.5513084744849	1.209779693023371	0.016749042889926864	0.03297604855940536
71.66929778080129	1.2117559103394304	0.016749261493035766	0.03297604855940536
71.78728708711766	1.2137321534942034	0.016749480448054258	0.03297604855940536
71.90527639343405	1.2157084225293473	0.01674969975499601	0.03297604855940536
72.02326569975044	1.217684717486519	0.016749919413874687	0.03297604855940536
72.14125500606683	1.2196610384073754	0.016750139424703964	0.03297604855940536
72.25924431238319	1.2216373853335725	0.016750359787497504	0.03297604855940536
72.37723361869958	1.2236137583067677	0.01675058050226898	0.03297604855940536
72.49522292501597	1.225590157368618	0.01675080156903206	0.03297604855940536
72.61321223133235	1.2275665825607804	0.016751022987800412	0.03297604855940536
72.73120153764874	1.2295430339249114	0.0167512447585877	0.03297604855940536
72.84919084396512	1.2315195115026674	0.016751466881407603	0.03297604855940536
72.96718015028151	1.233496015335706	0.01675168935627378	0.03297604855940536
73.0851694565979	1.2354725454656836	0.016751912183199907	0.03297604855940536
73.20315876291427	1.2374491019342577	0.01675213536219965	0.03297604855940536
73.32114806923065	1.2394256847830838	0.016752358893286676	0.03297604855940536
73.43913737554703	1.2414022940538199	0.016752582776474657	0.03297604855940536
73.55712668186342	1.2433789297881224	0.01675280701177726	0.03297604855940536
73.67511598817981	1.2453555920276482	0.016753031599208153	0.03297604855940536
73.79310529449619	1.2473322808140541	0.016753256538781007	0.03297604855940536
73.91109460081258	1.2493089961889972	0.016753481830509488	0.03297604855940536
74.02908390712896	1.251285738194134	0.01675370747440727	0.03297604855940536
74.14707321344534	1.2532625068711214	0.016753933470488015	0.03297604855940536
74.26506251976173	1.2552393022616162	0.016754159818765397	0.03297604855940536
74.3830518260781	1.257216124407275	0.01675438651925308	0.03297604855940536
74.50104113239449	1.2591929733497556	0.016754613571964738	0.03297604855940536
74.61903043871088	1.261169849130714	0.016754840976914036	0.03297604855940536
74.73701974502727	1.263146751791807	0.016755068734114646	0.03297604855940536
74.85500905134364	1.2651236813746913	0.016755296843580236	0.03297604855940536
74.97299835766003	1.2671006379210246	0.01675552530532447	0.03297604855940536
75.0909876639764	1.2690776214724635	0.016755754119361026	0.03297604855940536
75.2089769702928	1.271054632070664	0.016755983285703564	0.03297604855940536
75.32696627660917	1.2730316697572834	0.016756212804365754	0.03297604855940536
75.44495558292556	1.275008734573979	0.01675644267536127	0.03297604855940536
75.56294488924195	1.2769858265624068	0.01675667289870378	0.03297604855940536
75.68093419555834	1.2789629457642246	0.016756903474406948	0.03297604855940536
75.79892350187473	1.2809400922210887	0.016757134402484445	0.03297604855940536
75.9169128081911	1.2829172659746555	0.01675736568294994	0.03297604855940536
76.03490211450747	1.2848944670665827	0.016757597315817104	0.03297604855940536
76.15289142082386	1.2868716955385264	0.016757829301099602	0.03297604855940536
76.27088072714025	1.2888489514321442	0.016758061638811106	0.03297604855940536
76.38887003345663	1.290826234789092	0.016758294328965286	0.03297604855940536
76.50685933977302	1.2928035456510272	0.016758527371575804	0.03297604855940536
76.6248486460894	1.2947808840596067	0.016758760766656333	0.03297604855940536
76.7428379524058	1.2967582500564871	0.016758994514220544	0.03297604855940536
76.86082725872217	1.2987356436833255	0.016759228614282102	0.03297604855940536
76.97881656503854	1.3007130649817786	0.01675946306685468	0.03297604855940536
77.09680587135493	1.302690513993503	0.01675969787195194	0.03297604855940536
77.21479517767132	1.304667990760156	0.01675993302958756	0.03297604855940536
77.33278448398771	1.306645495323394	0.016760168539775203	0.03297604855940536
77.45077379030408	1.3086230277248736	0.016760404402528534	0.03297604855940536
77.56876309662047	1.3106005880062526	0.01676064061786123	0.03297604855940536
77.68675240293686	1.312578176209187	0.01676087718578696	0.03297604855940536
77.80474170925324	1.3145557923753342	0.016761114106319384	0.03297604855940536
77.92273101556961	1.3165334365463504	0.016761351379472177	0.03297604855940536
78.040720321886	1.3185111087638925	0.016761589005259005	0.03297604855940536
78.15870962820239	1.3204888090696185	0.01676182698369354	0.03297604855940536
78.27669893451878	1.3224665375051838	0.01676206531478945	0.03297604855940536
78.39468824083517	1.3244442941122458	0.016762303998560404	0.03297604855940536
78.51267754715154	1.326422078932461	0.016762543035020068	0.03297604855940536
78.63066685346793	1.328399892007487	0.01676278242418211	0.03297604855940536
78.7486561597843	1.3303777333789801	0.016763022166060206	0.03297604855940536
78.86664546610069	1.3323556030885975	0.01676326226066802	0.03297604855940536
78.98463477241707	1.334333501177995	0.01676350270801922	0.03297604855940536
79.10262407873346	1.3363114276888308	0.016763743508127475	0.03297604855940536
79.22061338504984	1.3382893826627609	0.016763984661006454	0.03297604855940536
79.33860269136623	1.3402673661414424	0.016764226166669827	0.03297604855940536
79.45659199768261	1.3422453781665318	0.016764468025131263	0.03297604855940536
79.574581303999	1.3442234187796864	0.01676471023640443	0.03297604855940536
79.69257061031537	1.346201488022563	0.016764952800502997	0.03297604855940536
79.81055991663176	1.3481795859368182	0.01676519571744063	0.03297604855940536
79.92854922294815	1.3501577125641089	0.016765438987231006	0.03297604855940536
80.04653852926452	1.352135867946092	0.016765682609887783	0.03297604855940536
80.16452783558091	1.3541140521244244	0.01676592658542464	0.03297604855940536
80.2825171418973	1.3560922651407628	0.01676617091385524	0.03297604855940536
80.40050644821369	1.3580705070367638	0.01676641559519325	0.03297604855940536
80.51849575453006	1.3600487778540846	0.01676666062945234	0.03297604855940536
80.63648506084644	1.362027077634382	0.016766906016646183	0.03297604855940536
80.75447436716283	1.364005406419313	0.016767151756788442	0.03297604855940536
80.87246367347922	1.365983764250534	0.01676739784989279	0.03297604855940536
80.99045297979559	1.3679621511697015	0.016767644295972897	0.03297604855940536
81.10844228611198	1.3699405672184735	0.01676789109504243	0.03297604855940536
81.22643159242837	1.3719190124385061	0.016768138247115056	0.03297604855940536
81.34442089874476	1.3738974868714564	0.016768385752204445	0.03297604855940536
81.46241020506113	1.3758759905589808	0.016768633610324265	0.03297604855940536
81.58039951137751	1.3778545235427364	0.016768881821488186	0.03297604855940536
81.6983888176939	1.37983308586438	0.016769130385709877	0.03297604855940536
81.81637812401028	1.3818116775655684	0.016769379303003006	0.03297604855940536
81.93436743032667	1.383790298687959	0.01676962857338124	0.03297604855940536
82.05235673664305	1.3857689492732077	0.016769878196858254	0.03297604855940536
82.17034604295944	1.387747629362972	0.01677012817344771	0.03297604855940536
82.28833534927583	1.3897263389989083	0.016770378503163277	0.03297604855940536
82.4063246555922	1.3917050782226739	0.01677062918601863	0.03297604855940536
82.52431396190858	1.393683847075925	0.016770880222027433	0.03297604855940536
82.64230326822496	1.3956626456003192	0.016771131611203357	0.03297604855940536
82.76029257454135	1.3976414738375127	0.016771383353560067	0.03297604855940536
82.87828188085774	1.399620331829163	0.016771635449111238	0.03297604855940536
82.99627118717413	1.401599219616926	0.01677188789787053	0.03297604855940536
83.1142604934905	1.4035781372424592	0.016772140699851622	0.03297604855940536
83.2322497998069	1.4055570847474192	0.016772393855068176	0.03297604855940536
83.35023910612327	1.4075360621734632	0.01677264736353386	0.03297604855940536
83.46822841243966	1.4095150695622478	0.01677290122526235	0.03297604855940536
83.58621771875603	1.4114941069554292	0.01677315544026731	0.03297604855940536
83.70420702507242	1.4134731743946654	0.016773410008562407	0.03297604855940536
83.82219633138881	1.4154522719216125	0.01677366493016131	0.03297604855940536
83.9401856377052	1.4174313995779277	0.016773920205077692	0.03297604855940536
84.05817494402157	1.4194105574052671	0.01677417583332522	0.03297604855940536
84.17616425033796	1.4213897454452884	0.01677443181491756	0.03297604855940536
84.29415355665434	1.423368963739648	0.016774688149868384	0.03297604855940536
84.41214286297073	1.4253482123300032	0.016774944838191364	0.03297604855940536
84.53013216928711	1.4273274912580103	0.01677520187990016	0.03297604855940536
84.64812147560349	1.4293068005653258	0.016775459275008446	0.03297604855940536
84.76611078191988	1.4312861402936075	0.01677571702352989	0.03297604855940536
84.88410008823627	1.4332655104845116	0.01677597512547816	0.03297604855940536
85.00208939455266	1.4352449111796952	0.01677623358086693	0.03297604855940536
85.12007870086903	1.437224342420815	0.016776492389709862	0.03297604855940536
85.2380680071854	1.4392038042495279	0.016776751552020627	0.03297604855940536
85.3560573135018	1.4411832967074905	0.016777011067812892	0.03297604855940536
85.47404661981818	1.4431628198363602	0.016777270937100332	0.03297604855940536
85.59203592613456	1.445142373677793	0.01677753115989661	0.03297604855940536
85.71002523245095	1.4471219582734467	0.016777791736215398	0.03297604855940536
85.82801453876733	1.4491015736649775	0.016778052666070364	0.03297604855940536
85.94600384508372	1.4510812198940424	0.01677831394947517	0.03297604855940536
86.06399315140011	1.453060897002298	0.0167785755864435	0.03297604855940536
86.18198245771647	1.4550406050314015	0.01677883757698901	0.03297604855940536
86.29997176403286	1.4570203440230096	0.01677909992112537	0.03297604855940536
86.41796107034925	1.4590001140187792	0.016779362618866252	0.03297604855940536
86.53595037666564	1.460979915060367	0.01677962567022533	0.03297604855940536
86.65393968298201	1.4629597471894296	0.01677988907521626	0.03297604855940536
86.7719289892984	1.4649396104476244	0.016780152833852723	0.03297604855940536
86.88991829561479	1.4669195048766077	0.016780416946148378	0.03297604855940536
87.00790760193118	1.4688994305180372	0.016780681412116902	0.03297604855940536
87.12589690824754	1.4708793874135684	0.016780946231771957	0.03297604855940536
87.24388621456393	1.472859375604859	0.016781211405127217	0.03297604855940536
87.36187552088032	1.4748393951335659	0.016781476932196348	0.03297604855940536
87.4798648271967	1.476819446041346	0.016781742812993022	0.03297604855940536
87.5978541335131	1.4787995283698554	0.016782009047530903	0.03297604855940536
87.71584343982947	1.4807796421607515	0.016782275635823664	0.03297604855940536
87.83383274614586	1.4827597874556913	0.01678254257788497	0.03297604855940536
87.95182205246225	1.484739964296331	0.01678280987372849	0.03297604855940536
88.06981135877862	1.486720172724328	0.0167830775233679	0.03297604855940536
88.187800665095	1.4887004127813386	0.01678334552681686	0.03297604855940536
88.30578997141139	1.4906806845090204	0.016783613884089044	0.03297604855940536
88.42377927772777	1.4926609879490298	0.016783882595198116	0.03297604855940536
88.54176858404416	1.4946413231430231	0.016784151660157752	0.03297604855940536
88.65975789036054	1.496621690132658	0.016784421078981614	0.03297604855940536
88.77774719667693	1.498602088959591	0.016784690851683375	0.03297604855940536
88.89573650299332	1.5005825196654792	0.0167849609782767	0.03297604855940536
89.01372580930969	1.5025629822919788	0.01678523145877526	0.03297604855940536
89.13171511562608	1.504543476880747	0.016785502293192724	0.03297604855940536
89.24970442194245	1.5065240034734408	0.01678577348154276	0.03297604855940536
89.36769372825884	1.508504562111717	0.01678604502383904	0.03297604855940536
89.48568303457523	1.510485152837232	0.016786316920095228	0.03297604855940536
89.60367234089162	1.5124657756916433	0.016786589170324998	0.03297604855940536
89.721661647208	1.5144464307166072	0.016786861774542014	0.03297604855940536
89.83965095352438	1.5164271179537805	0.016787134732759945	0.03297604855940536
89.95764025984076	1.5184078374448207	0.01678740804499246	0.03297604855940536
90.07562956615715	1.520388589231384	0.016787681711253236	0.03297604855940536
90.19361887247352	1.5223693733551271	0.01678795573155593	0.03297604855940536
90.31160817878991	1.5243501898577076	0.016788230105914216	0.03297604855940536
90.4295974851063	1.5263310387807814	0.016788504834341765	0.03297604855940536
90.54758679142269	1.5283119201660065	0.01678877991685224	0.03297604855940536
90.66557609773908	1.5302928340550386	0.016789055353459315	0.03297604855940536
90.78356540405545	1.532273780489535	0.016789331144176658	0.03297604855940536
90.90155471037183	1.5342547595111526	0.016789607289017936	0.03297604855940536
91.01954401668822	1.536235771161548	0.016789883787996816	0.03297604855940536
91.1375333230046	1.5382168154823785	0.016790160641126973	0.03297604855940536
91.25552262932098	1.5401978925153001	0.01679043784842207	0.03297604855940536
91.37351193563737	1.5421790023019708	0.016790715409895778	0.03297604855940536
91.49150124195376	1.5441601448840467	0.016790993325561766	0.03297604855940536
91.60949054827014	1.5461413203031846	0.016791271595433706	0.03297604855940536
91.72747985458652	1.548122528601041	0.016791550219525258	0.03297604855940536
91.8454691609029	1.5501037698192737	0.0167918291978501	0.03297604855940536
91.96345846721928	1.552085043999539	0.016792108530421894	0.03297604855940536
92.08144777353567	1.5540663511834938	0.016792388217254314	0.03297604855940536
92.19943707985206	1.5560476914127948	0.016792668258361027	0.03297604855940536
92.31742638616844	1.5580290647290989	0.0167929486537557	0.03297604855940536
92.43541569248482	1.5600104711740628	0.016793229403452004	0.03297604855940536
92.55340499880121	1.561991910789344	0.016793510507463607	0.03297604855940536
92.67139430511759	1.5639733836165985	0.016793791965804175	0.03297604855940536
92.78938361143396	1.5659548896974835	0.016794073778487382	0.03297604855940536
92.90737291775035	1.5679364290736557	0.016794355945526897	0.03297604855940536
93.02536222406674	1.5699180017867724	0.016794638466936383	0.03297604855940536
93.14335153038313	1.57189960787849	0.016794921342729512	0.03297604855940536
93.2613408366995	1.5738812473904649	0.016795204572919952	0.03297604855940536
93.37933014301589	1.575862920364355	0.016795488157521375	0.03297604855940536
93.49731944933228	1.5778446268418165	0.016795772096547444	0.03297604855940536
93.61530875564866	1.579826366864506	0.016796056390011836	0.03297604855940536
93.73329806196504	1.5818081404740811	0.016796341037928212	0.03297604855940536
93.85128736828142	1.5837899477121977	0.016796626040310243	0.03297604855940536
93.96927667459781	1.5857717886205134	0.0167969113971716	0.03297604855940536
94.0872659809142	1.5877536632406848	0.016797197108525952	0.03297604855940536
94.20525528723059	1.5897355716143686	0.01679748317438696	0.03297604855940536
94.32324459354696	1.5917175137832216	0.016797769594768305	0.03297604855940536
94.44123389986335	1.593699489788901	0.016798056369683647	0.03297604855940536
94.55922320617972	1.5956814996730635	0.016798343499146662	0.03297604855940536
94.67721251249611	1.5976635434773654	0.01679863098317101	0.03297604855940536
94.79520181881249	1.5996456212434642	0.016798918821770363	0.03297604855940536
94.91319112512888	1.6016277330130162	0.016799207014958396	0.03297604855940536
95.03118043144526	1.603609878827679	0.01679949556274877	0.03297604855940536
95.14916973776165	1.6055920587291086	0.016799784465155156	0.03297604855940536
95.26715904407804	1.6075742727589626	0.016800073722191222	0.03297604855940536
95.38514835039442	1.6095565209588971	0.016800363333870638	0.03297604855940536
95.50313765671079	1.611538803370569	0.016800653300207077	0.03297604855940536
95.62112696302718	1.613521120035636	0.0168009436212142	0.03297604855940536
95.73911626934357	1.615503470995754	0.016801234296905682	0.03297604855940536
95.85710557565994	1.6174858562925802	0.01680152532729519	0.03297604855940536
95.97509488197633	1.6194682759677717	0.01680181671239639	0.03297604855940536
96.09308418829272	1.6214507300629846	0.016802108452222953	0.03297604855940536
96.21107349460911	1.6234332186198763	0.016802400546788547	0.03297604855940536
96.32906280092548	1.6254157416801034	0.016802692996106844	0.03297604855940536
96.44705210724186	1.6273982992853233	0.01680298580019151	0.03297604855940536
96.56504141355825	1.6293808914771921	0.016803278959056214	0.03297604855940536
96.68303071987464	1.6313635182973667	0.016803572472714624	0.03297604855940536
96.80102002619103	1.6333461797875044	0.01680386634118041	0.03297604855940536
96.9190093325074	1.6353288759892617	0.016804160564467242	0.03297604855940536
97.03699863882379	1.6373116069442957	0.016804455142588784	0.03297604855940536
97.15498794514018	1.6392943726942628	0.016804750075558712	0.03297604855940536
97.27297725145657	1.6412771732808202	0.01680504536339069	0.03297604855940536
97.39096655777293	1.6432600087456244	0.016805341006098387	0.03297604855940536
97.50895586408932	1.6452428791303326	0.01680563700369547	0.03297604855940536
97.6269451704057	1.6472257844766016	0.016805933356195613	0.03297604855940536
97.7449344767221	1.649208724826088	0.01680623006361248	0.03297604855940536
97.86292378303847	1.6511917002204486	0.016806527125959748	0.03297604855940536
97.98091308935486	1.6531747107013406	0.016806824543251074	0.03297604855940536
98.09890239567125	1.6551577563104207	0.016807122315500134	0.03297604855940536
98.21689170198763	1.6571408370893455	0.016807420442720596	0.03297604855940536
98.33488100830401	1.6591239530797721	0.016807718924926128	0.03297604855940536
98.45287031462038	1.6611071043233572	0.0168080177621304	0.03297604855940536
98.57085962093677	1.6630902908617577	0.016808316954347077	0.03297604855940536
98.68884892725316	1.66507351273663	0.016808616501589834	0.03297604855940536
98.80683823356955	1.667056769989632	0.01680891640387233	0.03297604855940536
98.92482753988592	1.669040062662419	0.016809216661208246	0.03297604855940536
99.04281684620231	1.6710233907966494	0.016809517273611244	0.03297604855940536
99.1608061525187	1.6730067544339793	0.016809818241094995	0.03297604855940536
99.27879545883508	1.6749901536160654	0.016810119563673162	0.03297604855940536
99.39678476515145	1.6769735883845645	0.016810421241359425	0.03297604855940536
99.51477407146784	1.678957058781134	0.01681072327416744	0.03297604855940536
99.63276337778423	1.6809405648474303	0.016811025662110884	0.03297604855940536
99.75075268410062	1.6829241066251102	0.016811328405203423	0.03297604855940536
99.868741990417	1.6849076841558306	0.01681163150345873	0.03297604855940536
99.98673129673338	1.6868912974812484	0.016811934956890467	0.03297604855940536
100.10472060304977	1.6888749466430204	0.016812238765512307	0.03297604855940536
100.22270990936615	1.6908586316828036	0.016812542929337915	0.03297604855940536
100.34069921568253	1.6928423526422547	0.016812847448380967	0.03297604855940536
100.45868852199891	1.6948261095630304	0.016813152322655126	0.03297604855940536
100.5766778283153	1.6968099024867873	0.016813457552174064	0.03297604855940536
100.69466713463169	1.6987937314551829	0.016813763136951446	0.03297604855940536
100.81265644094807	1.7007775965098737	0.016814069077000945	0.03297604855940536
100.93064574726445	1.7027614976925165	0.016814375372336224	0.03297604855940536
101.04863505358084	1.7047454350447684	0.01681468202297096	0.03297604855940536
101.16662435989721	1.7067294086082858	0.016814989028918814	0.03297604855940536
101.2846136662136	1.708713418424726	0.016815296390193458	0.03297604855940536
101.40260297252999	1.7106974645357453	0.016815604106808563	0.03297604855940536
101.52059227884637	1.7126815469830008	0.016815912178777793	0.03297604855940536
101.63858158516275	1.7146656658081496	0.016816220606114825	0.03297604855940536
101.75657089147914	1.716649821052848	0.016816529388833316	0.03297604855940536
101.87456019779553	1.7186340127587534	0.016816838526946945	0.03297604855940536
101.9925495041119	1.7206182409675221	0.016817148020469377	0.03297604855940536
102.11053881042828	1.7226025057208114	0.016817457869414278	0.03297604855940536
102.22852811674467	1.724586807060278	0.01681776807379532	0.03297604855940536
102.34651742306106	1.7265711450275785	0.016818078633626173	0.03297604855940536
102.46450672937743	1.7285555196643696	0.016818389548920506	0.03297604855940536
102.58249603569382	1.7305399310123089	0.016818700819691983	0.03297604855940536
102.70048534201021	1.7325243791130527	0.016819012445954275	0.03297604855940536
102.8184746483266	1.7345088640082578	0.016819324427721053	0.03297604855940536
102.93646395464297	1.7364933857395815	0.016819636765005985	0.03297604855940536
103.05445326095935	1.7384779443486793	0.01681994945782274	0.03297604855940536
103.17244256727574	1.7404625398772098	0.016820262506184982	0.03297604855940536
103.29043187359213	1.7424471723668291	0.016820575910106387	0.03297604855940536
103.40842117990852	1.7444318418591935	0.016820889669600617	0.03297604855940536
103.52641048622489	1.7464165483959604	0.016821203784681348	0.03297604855940536
103.64439979254128	1.7484012920187868	0.016821518255362242	0.03297604855940536
103.76238909885767	1.750386072769329	0.016821833081656974	0.03297604855940536
103.88037840517404	1.7523708906892446	0.01682214826357921	0.03297604855940536
103.99836771149042	1.7543557458201893	0.016822463801142613	0.03297604855940536
104.1163570178068	1.756340638203821	0.016822779694360863	0.03297604855940536
104.2343463241232	1.7583255678817962	0.016823095943247622	0.03297604855940536
104.35233563043958	1.7603105348957713	0.01682341254781656	0.03297604855940536
104.47032493675597	1.7622955392874038	0.016823729508081343	0.03297604855940536
104.58831424307235	1.7642805810983497	0.016824046824055645	0.03297604855940536
104.70630354938874	1.7662656603702667	0.01682436449575313	0.03297604855940536
104.82429285570511	1.7682507771448113	0.016824682523187473	0.03297604855940536
104.9422821620215	1.7702359314636402	0.016825000906372338	0.03297604855940536
105.06027146833787	1.7722211233684104	0.016825319645321392	0.03297604855940536
105.17826077465426	1.774206352900779	0.016825638740048308	0.03297604855940536
105.29625008097065	1.7761916201024022	0.016825958190566755	0.03297604855940536
105.41423938728704	1.778176925014937	0.016826277996890397	0.03297604855940536
105.53222869360341	1.7801622676800406	0.016826598159032907	0.03297604855940536
105.6502179999198	1.7821476481393697	0.016826918677007953	0.03297604855940536
105.76820730623618	1.7841330664345811	0.016827239550829206	0.03297604855940536
105.88619661255257	1.7861185226073315	0.01682756078051033	0.03297604855940536
106.00418591886896	1.7881040166992777	0.016827882366064993	0.03297604855940536
106.12217522518533	1.7900895487520767	0.01682820430750687	0.03297604855940536
106.24016453150172	1.7920751188073851	0.01682852660484963	0.03297604855940536
106.35815383781811	1.7940607269068605	0.01682884925810693	0.03297604855940536
106.4761431441345	1.7960463730921588	0.016829172267292455	0.03297604855940536
106.59413245045087	1.798032057404937	0.016829495632419863	0.03297604855940536
106.71212175676725	1.8000177798868526	0.016829819353502827	0.03297604855940536
106.83011106308363	1.8020035405795618	0.016830143430555014	0.03297604855940536
106.94810036940002	1.8039893395247215	0.016830467863590094	0.03297604855940536
107.06608967571641	1.8059751767639889	0.016830792652621735	0.03297604855940536
107.18407898203279	1.8079610523390202	0.016831117797663605	0.03297604855940536
107.30206828834918	1.809946966291473	0.016831443298729376	0.03297604855940536
107.42005759466556	1.811932918663003	0.016831769155832715	0.03297604855940536
107.53804690098195	1.8139189094952686	0.016832095368987287	0.03297604855940536
107.65603620729831	1.8159049388299253	0.016832421938206766	0.03297604855940536
107.7740255136147	1.817891006708631	0.01683274886350482	0.03297604855940536
107.89201481993109	1.8198771131730416	0.016833076144895116	0.03297604855940536
108.01000412624748	1.8218632582648144	0.016833403782391326	0.03297604855940536
108.12799343256385	1.8238494420256057	0.016833731776007114	0.03297604855940536
108.24598273888024	1.8258356644970732	0.016834060125756153	0.03297604855940536
108.36397204519663	1.8278219257208737	0.016834388831652107	0.03297604855940536
108.48196135151302	1.8298082257386632	0.01683471789370865	0.03297604855940536
108.5999506578294	1.831794564592099	0.01683504731193945	0.03297604855940536
108.71793996414577	1.8337809423228375	0.016835377086358173	0.03297604855940536
108.83592927046216	1.8357673589725367	0.01683570721697849	0.03297604855940536
108.95391857677855	1.8377538145828525	0.016836037703814068	0.03297604855940536
109.07190788309494	1.839740309195442	0.016836368546878578	0.03297604855940536
109.18989718941131	1.8417268428519615	0.016836699746185686	0.03297604855940536
109.3078864957277	1.8437134155940686	0.016837031301749062	0.03297604855940536
109.42587580204409	1.8457000274634199	0.01683736321358238	0.03297604855940536
109.54386510836046	1.8476866785016723	0.016837695481699298	0.03297604855940536
109.66185441467684	1.8496733687504818	0.016838028106113494	0.03297604855940536
109.77984372099323	1.8516600982515063	0.016838361086838633	0.03297604855940536
109.89783302730962	1.8536468670464026	0.016838694423888387	0.03297604855940536
110.015822333626	1.8556336751768268	0.01683902811727642	0.03297604855940536
110.1338116399424	1.8576205226844367	0.016839362167016404	0.03297604855940536
110.25180094625877	1.8596074096108877	0.016839696573122006	0.03297604855940536
110.36979025257516	1.861594335997838	0.016840031335606895	0.03297604855940536
110.48777955889153	1.863581301886944	0.01684036645448474	0.03297604855940536
110.60576886520792	1.8655683073198623	0.016840701929769213	0.03297604855940536
110.7237581715243	1.8675553523382498	0.016841037761473977	0.03297604855940536
110.84174747784068	1.8695424369837639	0.016841373949612708	0.03297604855940536
110.95973678415707	1.8715295612980605	0.016841710494199066	0.03297604855940536
111.07772609047346	1.8735167253227971	0.01684204739524673	0.03297604855940536
111.19571539678984	1.8755039290996303	0.016842384652769358	0.03297604855940536
111.31370470310623	1.8774911726702168	0.016842722266780626	0.03297604855940536
111.4316940094226	1.879478456076214	0.0168430602372942	0.03297604855940536
111.54968331573899	1.8814657793592782	0.016843398564323753	0.03297604855940536
111.66767262205538	1.8834531425610663	0.016843737247882948	0.03297604855940536
111.78566192837175	1.8854405457232353	0.016844076287985454	0.03297604855940536
111.90365123468814	1.8874279888874415	0.016844415684644946	0.03297604855940536
112.02164054100453	1.8894154720953429	0.016844755437875086	0.03297604855940536
112.13962984732092	1.8914029953885954	0.016845095547689547	0.03297604855940536
112.2576191536373	1.8933905588088555	0.016845436014102	0.03297604855940536
112.37560845995367	1.8953781623977815	0.016845776837126104	0.03297604855940536
112.49359776627006	1.8973658061970284	0.01684611801677554	0.03297604855940536
112.61158707258645	1.899353490248255	0.016846459553063967	0.03297604855940536
112.72957637890282	1.901341214593116	0.016846801446005057	0.03297604855940536
112.84756568521921	1.90332897927327	0.01684714369561248	0.03297604855940536
112.9655549915356	1.9053167843303729	0.016847486301899906	0.03297604855940536
113.08354429785199	1.9073046298060818	0.016847829264881	0.03297604855940536
113.20153360416836	1.909292515742054	0.016848172584569436	0.03297604855940536
113.31952291048474	1.911280442179945	0.01684851626097888	0.03297604855940536
113.43751221680112	1.9132684091614132	0.016848860294122994	0.03297604855940536
113.55550152311751	1.9152564167281145	0.01684920468401546	0.03297604855940536
113.6734908294339	1.917244464921706	0.016849549430669936	0.03297604855940536
113.79148013575028	1.9192325537838442	0.016849894534100098	0.03297604855940536
113.90946944206667	1.9212206833561867	0.01685023999431961	0.03297604855940536
114.02745874838305	1.9232088536803897	0.01685058581134214	0.03297604855940536
114.14544805469943	1.9251970647981103	0.016850931985181363	0.03297604855940536
114.2634373610158	1.927185316751005	0.016851278515850943	0.03297604855940536
114.38142666733219	1.9291736095807306	0.01685162540336455	0.03297604855940536
114.49941597364858	1.9311619433289449	0.01685197264773585	0.03297604855940536
114.61740527996497	1.933150318037304	0.01685232024897852	0.03297604855940536
114.73539458628136	1.9351387337474641	0.01685266820710622	0.03297604855940536
114.85338389259773	1.9371271905010832	0.01685301652213262	0.03297604855940536
114.97137319891412	1.9391156883398175	0.016853365194071393	0.03297604855940536
115.0893625052305	1.941104227305324	0.016853714222936206	0.03297604855940536
115.20735181154689	1.94309280743926	0.016854063608740727	0.03297604855940536
115.32534111786326	1.9450814287832807	0.016854413351498627	0.03297604855940536
115.44333042417965	1.947070091379045	0.01685476345122357	0.03297604855940536
115.56131973049604	1.9490587952682088	0.01685511390792923	0.03297604855940536
115.67930903681243	1.9510475404924286	0.016855464721629274	0.03297604855940536
115.7972983431288	1.9530363270933615	0.016855815892337367	0.03297604855940536
115.91528764944519	1.9550251551126652	0.016856167420067184	0.03297604855940536
116.03327695576156	1.957014024591995	0.016856519304832392	0.03297604855940536
116.15126626207795	1.9590029355730085	0.016856871546646657	0.03297604855940536
116.26925556839434	1.9609918880973627	0.01685722414552365	0.03297604855940536
116.38724487471072	1.962980882206714	0.01685757710147704	0.03297604855940536
116.5052341810271	1.9649699179427202	0.016857930414520494	0.03297604855940536
116.6232234873435	1.966958995347037	0.016858284084667684	0.03297604855940536
116.74121279365988	1.9689481144613217	0.016858638111932275	0.03297604855940536
116.85920209997626	1.970937275327231	0.01685899249632794	0.03297604855940536
116.97719140629263	1.9729264779864215	0.016859347237868343	0.03297604855940536
117.09518071260902	1.9749157224805511	0.016859702336567157	0.03297604855940536
117.21317001892541	1.9769050088512754	0.016860057792438047	0.03297604855940536
117.33115932524179	1.9788943371402516	0.016860413605494683	0.03297604855940536
117.44914863155817	1.980883707389137	0.01686076977575074	0.03297604855940536
117.56713793787456	1.982873119639588	0.016861126303219877	0.03297604855940536
117.68512724419095	1.9848625739332617	0.016861483187915766	0.03297604855940536
117.80311655050734	1.9868520703118147	0.01686184042985208	0.03297604855940536
117.9211058568237	1.9888416088169036	0.016862198029042486	0.03297604855940536
118.03909516314009	1.990831189490186	0.016862555985500648	0.03297604855940536
118.15708446945648	1.9928208123733178	0.016862914299240243	0.03297604855940536
118.27507377577287	1.994810477507957	0.016863272970274932	0.03297604855940536
118.39306308208924	1.996800184935759	0.016863631998618386	0.03297604855940536
118.51105238840563	1.9987899346983815	0.016863991384284276	0.03297604855940536
118.62904169472202	2.0007797268374814	0.01686435112728627	0.03297604855940536
118.74703100103841	2.0027695613947154	0.016864711227638038	0.03297604855940536
118.86502030735477	2.0047594384117398	0.016865071685353245	0.03297604855940536
118.98300961367116	2.0067493579302127	0.016865432500445563	0.03297604855940536
119.10099891998755	2.00873931999179	0.01686579367292866	0.03297604855940536
119.21898822630394	2.0107293246381284	0.016866155202816206	0.03297604855940536
