x	chi	dchidx	s0
0.0002813919308702476	0.0	0.01634054624474959	0.01634054624474959
0.013891390156180326	0.000222386762390054	0.016338807871026692	0.01634054624474959
0.027501388381490403	0.0004447271457365007	0.016333730807653164	0.01634054624474959
0.041111386606800485	0.0006669757104791874	0.016325315054636157	0.01634054624474959
0.05472138483211056	0.0008890870170582058	0.016313560611970084	0.01634054624474959
0.06833138305742063	0.0011110156259134293	0.016298467479647055	0.01634054624474959
0.08194138128273072	0.00133271609748451	0.01628003565765695	0.01634054624474959
0.0955513795080408	0.0015541429922108767	0.01625826514598742	0.01634054624474959
0.10916137773335087	0.0017752508705317386	0.01623315594462388	0.01634054624474959
0.12277137595866094	0.001995994292886081	0.01620470805354952	0.01634054624474959
0.13638137418397103	0.002216327819712668	0.01617292147274528	0.01634054624474959
0.1499913724092811	0.0024362060114500443	0.01613779620218989	0.01634054624474959
0.1636013706345912	0.0026555834285285737	0.01609933224191609	0.01634054624474959
0.17721136885990127	0.0028744146313730867	0.016057529591996456	0.01634054624474959
0.19082136708521136	0.0030926541804261022	0.01601238825237598	0.01634054624474959
0.20443136531052142	0.00331025663612966	0.015963908222995704	0.01634054624474959
0.2180413635358315	0.003527176558924788	0.01591208950379639	0.01634054624474959
0.23165136176114157	0.0037433685092515025	0.015856932094718532	0.01634054624474959
0.24526135998645165	0.003958787047548809	0.015798435995702353	0.01634054624474959
0.2588713582117617	0.004173386734254702	0.01573660120668781	0.01634054624474959
0.2724813564370718	0.004387122129806162	0.01567142772761457	0.01634054624474959
0.2860913546623819	0.004599947794639162	0.015602915558422057	0.01634054624474959
0.29970135288769195	0.0048118182891886616	0.0155310646990494	0.01634054624474959
0.313311351113002	0.0050226881738886075	0.01545587514943547	0.01634054624474959
0.32692134933831213	0.00523251200917194	0.01537734690951886	0.01634054624474959
0.34053134756362224	0.005441244355470581	0.015295479979237895	0.01634054624474959
0.3541413457889323	0.0056488397732154475	0.015210274358530628	0.01634054624474959
0.36775134401424237	0.00585525282283644	0.01512173004733484	0.01634054624474959
0.3813613422395525	0.006060438064762452	0.015029847045588043	0.01634054624474959
0.39497134046486254	0.006264350059421362	0.014934625353227477	0.01634054624474959
0.4085813386901726	0.00646694336724004	0.014836064970190108	0.01634054624474959
0.42219133691548266	0.0066681725486443435	0.014734165896412632	0.01634054624474959
0.4358013351407928	0.006867992164059118	0.01462892813183148	0.01634054624474959
0.4494113333661029	0.007066356773908198	0.0145203516763828	0.01634054624474959
0.46302133159141295	0.007263220938614406	0.014408436530002478	0.01634054624474959
0.476631329816723	0.007458539218599555	0.014293182692626125	0.01634054624474959
0.49024132804203313	0.007652266174284446	0.014174590164189083	0.01634054624474959
0.5038513262673432	0.007844356366088868	0.014052658944626421	0.01634054624474959
0.5174613244926533	0.008034764354431595	0.01392738903387294	0.01634054624474959
0.5310713227179633	0.0082234446997304	0.01379878043186316	0.01634054624474959
0.5446813209432734	0.008410351962402033	0.013666833138531342	0.01634054624474959
0.5582913191685834	0.008595440702862238	0.013531547153811472	0.01634054624474959
0.5719013173938936	0.008778665481525751	0.013392922477637258	0.01634054624474959
0.5855113156192037	0.00895998085880629	0.013250959109942145	0.01634054624474959
0.5991213138445137	0.009139341395116563	0.013105657050659303	0.01634054624474959
0.6127313120698238	0.009316701650868273	0.012957016299721635	0.01634054624474959
0.6263413102951338	0.009492016186472097	0.012805036857061764	0.01634054624474959
0.6399513085204439	0.009665239562337724	0.012649718722612049	0.01634054624474959
0.6535613067457541	0.00983632633887381	0.012491061896304577	0.01634054624474959
0.6671713049710641	0.010005231076488007	0.012329066378071164	0.01634054624474959
0.6807813031963743	0.01017190833558696	0.01216373216784335	0.01634054624474959
0.6943913014216844	0.010336312676576295	0.011995059265552409	0.01634054624474959
0.7080012996469944	0.010498398659860634	0.011823047671129343	0.01634054624474959
0.7216112978723045	0.010658120845843583	0.011647697384504881	0.01634054624474959
0.7352212960976146	0.010815433794927738	0.01146900840560948	0.01634054624474959
0.7488312943229246	0.010970292067514681	0.011286980734373328	0.01634054624474959
0.7624412925482347	0.011122650224004986	0.011101614370726341	0.01634054624474959
0.7760512907735447	0.01127246282479822	0.010912909314598165	0.01634054624474959
0.7896612889988549	0.011419684430297358	0.010720865565860677	0.01634054624474959
0.803271287224165	0.011564269600913018	0.010525483124255712	0.01634054624474959
0.816881285449475	0.011706172897041501	0.010326761989674756	0.01634054624474959
0.8304912836747851	0.01184534887907689	0.01012470216202136	0.01634054624474959
0.8441012819000951	0.01198175210741196	0.009919303641199534	0.01634054624474959
0.8577112801254052	0.012115337142438202	0.009710566427113746	0.01634054624474959
0.8713212783507153	0.012246058544545805	0.009498490519668917	0.01634054624474959
0.8849312765760254	0.012373870874123668	0.00928307591877043	0.01634054624474959
0.8985412748013355	0.01249872869155939	0.009064322624324122	0.01634054624474959
0.9121512730266457	0.012620586557239279	0.008842230636236282	0.01634054624474959
0.9257612712519556	0.012739399031548344	0.008616799954413668	0.01634054624474959
0.9393712694772658	0.012855120674870307	0.008388030578763478	0.01634054624474959
0.9529812677025757	0.012967706047587582	0.008155922509193385	0.01634054624474959
0.9665912659278859	0.013077109710081303	0.0079204757456115	0.01634054624474959
0.980201264153196	0.013183286222731296	0.00768169028792641	0.01634054624474959
0.993811262378506	0.0132861901459161	0.00743956613604714	0.01634054624474959
1.007421260603816	0.013385776040012957	0.007194103289883189	0.01634054624474959
1.0210312588291262	0.01348199846539781	0.006945301749344496	0.01634054624474959
1.0346412570544363	0.013574811982445315	0.006693161514341475	0.01634054624474959
1.0482512552797465	0.013664171151528825	0.006437682584784977	0.01634054624474959
1.0618612535050564	0.013750030533020402	0.0061788649605863276	0.01634054624474959
1.0754712517303666	0.013832344687290814	0.0059167086416572956	0.01634054624474959
1.0890812499556766	0.013911068174709532	0.005651213627910117	0.01634054624474959
1.1026912481809867	0.013986155555644732	0.005382379919257474	0.01634054624474959
1.1163012464062967	0.01405756139046459	0.005110207515612816	0.01634054624474959
1.1299112446316069	0.01412524023953685	0.004834696416891178	0.01634054624474959
1.1435212428569168	0.014189146663226865	0.004555846623009039	0.01634054624474959
1.157131241082227	0.014249235221898903	0.004273658133884247	0.01634054624474959
1.170741239307537	0.014305460475916139	0.003988130949436057	0.01634054624474959
1.184351237532847	0.01435777698564067	0.0036992650695851018	0.01634054624474959
1.197961235758157	0.014406139311433508	0.0034070604942534172	0.01634054624474959
1.2115712339834672	0.01445050201365458	0.003111517223364418	0.01634054624474959
1.2251812322087772	0.014490819652662728	0.002812635256842924	0.01634054624474959
1.2387912304340873	0.014527046788815709	0.0025104145946151317	0.01634054624474959
1.2524012286593975	0.014559137982470214	0.0022048552366086584	0.01634054624474959
1.2660112268847077	0.014587047793982219	0.0018959571827529267	0.01634054624474959
1.2796212251100176	0.014610730783706758	0.0015837204329791164	0.01634054624474959
1.2932312233353278	0.014630141511997865	0.0012681449872200944	0.01634054624474959
1.306841221560638	0.014645234539208664	0.0009492308454105364	0.01634054624474959
1.320451219785948	0.014655964425691375	0.0006269780074869278	0.01634054624474959
1.334061218011258	0.0146622857317974	0.00030138647338763503	0.01634054624474959
1.347671216236568	0.014664153017877303	-1.955980659076047e-05	0.01634054624474959
29.513682643472325	0.014114098562795845	-1.9515574796114963e-05	0.01634054624474959
57.67969407070809	0.013564647307804413	-1.950048738970286e-05	0.01634054624474959
85.84570549794384	0.01301556196941161	-1.949049356757034e-05	0.01634054624474959
114.01171692517958	0.012466720104807705	-1.9482614993811374e-05	0.01634054624474959
142.17772835241533	0.011918064983016535	-1.9475782347605874e-05	0.01634054624474959
170.34373977965112	0.011369580086131124	-1.946988976626613e-05	0.01634054624474959
198.50975120688688	0.010821248896244489	-1.9464831387104426e-05	0.01634054624474959
226.67576263412263	0.01027305489544965	-1.9460501347433058e-05	0.01634054624474959
254.8417740613584	0.00972498156583963	-1.9456793784564305e-05	0.01634054624474959
283.00778548859415	0.009177012389507449	-1.9453602835810467e-05	0.01634054624474959
311.17379691582994	0.008629130848546121	-1.945082263848382e-05	0.01634054624474959
339.33980834306567	0.008081320425048673	-1.9448347329896663e-05	0.01634054624474959
367.5058197703014	0.007533583404781721	-1.9446536351250112e-05	0.01634054624474959
395.6718311975372	0.006985890977918691	-1.9444901034421217e-05	0.01634054624474959
423.837842624773	0.006438237714994447	-1.9443346365050793e-05	0.01634054624474959
452.00385405200865	0.005890622249168908	-1.9441870340255116e-05	0.01634054624474959
480.16986547924444	0.0053430432136019924	-1.9440470957150455e-05	0.01634054624474959
508.33587690648017	0.004795499241453626	-1.943914621285309e-05	0.01634054624474959
536.5018883337159	0.004247988965883725	-1.9437894104479284e-05	0.01634054624474959
564.6678997609516	0.0037005110200522126	-1.9436712629145325e-05	0.01634054624474959
592.8339111881875	0.0031530640371190063	-1.9435599783967476e-05	0.01634054624474959
620.9999226154232	0.0026056466502440284	-1.943455356606202e-05	0.01634054624474959
649.1659340426589	0.0020582574925872028	-1.943357197254522e-05	0.01634054624474959
677.3319454698947	0.0015108951973084456	-1.943265300053336e-05	0.01634054624474959
705.4979568971305	0.0009635583975676791	-1.943179464714271e-05	0.01634054624474959
733.6639683243662	0.0004162457265248255	-1.9430994909489543e-05	0.01634054624474959
761.829979751602	-0.0001310441826601963	-1.943025178469013e-05	0.01634054624474959
789.9959911788378	-0.0006783126968274693	-1.9429563269860756e-05	0.01634054624474959
818.1620026060734	-0.0012255611828170618	-1.9428927362117688e-05	0.01634054624474959
846.3280140333093	-0.0017727910074690663	-1.9428342058577197e-05	0.01634054624474959
874.494025460545	-0.0023200035376235544	-1.942780535635556e-05	0.01634054624474959
902.6600368877808	-0.0028672001401206116	-1.942731525256905e-05	0.01634054624474959
930.8260483150167	-0.0034143821818003062	-1.9426869744333947e-05	0.01634054624474959
958.9920597422524	-0.003961551029502727	-1.9426466828766517e-05	0.01634054624474959
987.158071169488	-0.004508708050067948	-1.9426104502983036e-05	0.01634054624474959
1015.3240825967239	-0.005055854610336053	-1.942578076409978e-05	0.01634054624474959
1043.4900940239597	-0.005602992077147121	-1.942549360923302e-05	0.01634054624474959
1071.6561054511953	-0.006150121817341229	-1.9425241035499036e-05	0.01634054624474959
1099.8221168784312	-0.006697245197758458	-1.9425021040014093e-05	0.01634054624474959
1127.9881283056668	-0.007244363585238882	-1.9424831619894475e-05	0.01634054624474959
1156.1541397329026	-0.007791478346622589	-1.9424670772256447e-05	0.01634054624474959
1184.3201511601385	-0.008338590829485976	-1.9424526063242717e-05	0.01634054624474959
1212.486162587374	-0.008885697005894902	-1.9424168862488465e-05	0.01634054624474959
1240.65217401461	-0.009432793197281528	-1.9423814056401478e-05	0.01634054624474959
1268.8181854418458	-0.009979879467193926	-1.9423461639729312e-05	0.01634054624474959
1296.9841968690814	-0.010526955879180162	-1.9423111607219526e-05	0.01634054624474959
1325.1502082963173	-0.011074022496788313	-1.942276395361967e-05	0.01634054624474959
1353.3162197235529	-0.011621079383566444	-1.94224186736773e-05	0.01634054624474959
1381.4822311507887	-0.012168126603062624	-1.942207576213997e-05	0.01634054624474959
1409.6482425780246	-0.012715164218824924	-1.9421735213755235e-05	0.01634054624474959
1437.8142540052602	-0.013262192294401412	-1.9421397023270653e-05	0.01634054624474959
1465.980265432496	-0.013809210893340161	-1.9421061185433774e-05	0.01634054624474959
1494.1462768597316	-0.014356220079189241	-1.942072769499216e-05	0.01634054624474959
1522.3122882869675	-0.014903219915496719	-1.9420396546693354e-05	0.01634054624474959
1550.4782997142033	-0.015450210465810663	-1.942006773528492e-05	0.01634054624474959
1578.6443111414392	-0.015997191793679148	-1.9419741255514412e-05	0.01634054624474959
1606.8103225686748	-0.016544163962650238	-1.9419417102129384e-05	0.01634054624474959
1634.9763339959104	-0.017091127036272007	-1.941909526987739e-05	0.01634054624474959
1663.1423454231463	-0.017638081078092525	-1.9418775753505984e-05	0.01634054624474959
1691.308356850382	-0.018185026151659858	-1.941845854776272e-05	0.01634054624474959
1719.474368277618	-0.01873196232052208	-1.941814364739516e-05	0.01634054624474959
1747.6403797048536	-0.019278889648227254	-1.941783104715085e-05	0.01634054624474959
1775.8063911320894	-0.01982580819832346	-1.941752074177735e-05	0.01634054624474959
1803.972402559325	-0.020372718034358757	-1.941721272602221e-05	0.01634054624474959
1832.1384139865609	-0.020919619219881225	-1.941690699463299e-05	0.01634054624474959
1860.3044254137967	-0.02146651181843892	-1.941660354235724e-05	0.01634054624474959
1888.4704368410326	-0.02201339589357993	-1.941630236394252e-05	0.01634054624474959
1916.6364482682682	-0.022560271508852307	-1.9416003454136383e-05	0.01634054624474959
1944.802459695504	-0.023107138727804136	-1.941570680768638e-05	0.01634054624474959
1972.9684711227394	-0.02365399761398347	-1.9415412419340073e-05	0.01634054624474959
2001.1344825499752	-0.024200848230938394	-1.9415120283845008e-05	0.01634054624474959
2029.300493977211	-0.024747690642216963	-1.9414830395948747e-05	0.01634054624474959
2057.4665054044467	-0.02529452491136727	-1.941454275039884e-05	0.01634054624474959
2085.6325168316826	-0.025841351101937363	-1.9414257341942848e-05	0.01634054624474959
2113.7985282589184	-0.02638816927747532	-1.9413974165328322e-05	0.01634054624474959
2141.9645396861542	-0.02693497950152921	-1.9413693215302813e-05	0.01634054624474959
2170.13055111339	-0.027481781837647098	-1.941341448661388e-05	0.01634054624474959
2198.296562540626	-0.028028576349377058	-1.941313797400908e-05	0.01634054624474959
2226.4625739678618	-0.028575363100267166	-1.9412863672235963e-05	0.01634054624474959
2254.628585395097	-0.029122142153865473	-1.9412591576042086e-05	0.01634054624474959
2282.794596822333	-0.02966891357372007	-1.9412321680175007e-05	0.01634054624474959
2310.9606082495684	-0.03021567742337902	-1.9412053979382274e-05	0.01634054624474959
2339.1266196768042	-0.030762433766390384	-1.9411788468411446e-05	0.01634054624474959
2367.29263110404	-0.03130918266630224	-1.9411525142010075e-05	0.01634054624474959
2395.458642531276	-0.031855924186662665	-1.941126399492572e-05	0.01634054624474959
2423.6246539585118	-0.03240265839101971	-1.9411005021905937e-05	0.01634054624474959
2451.7906653857476	-0.03294938534292145	-1.9410748217698274e-05	0.01634054624474959
2479.9566768129835	-0.03349610419930241	-1.941047740013716e-05	0.01634054624474959
2508.1226882402193	-0.034042813619859516	-1.941017873721511e-05	0.01634054624474959
2536.288699667455	-0.03458951482733319	-1.9409879409184715e-05	0.01634054624474959
2564.4547110946905	-0.03513620779372818	-1.9409579410018526e-05	0.01634054624474959
2592.620722521926	-0.03568289249104928	-1.94092787336891e-05	0.01634054624474959
2620.7867339491618	-0.03622956889130124	-1.940897737416899e-05	0.01634054624474959
2648.9527453763976	-0.03677623696648884	-1.9408675325430744e-05	0.01634054624474959
2677.1187568036335	-0.03732289668861683	-1.9408372581446924e-05	0.01634054624474959
2705.2847682308693	-0.03786954802969	-1.940806913619008e-05	0.01634054624474959
2733.450779658105	-0.038416190961713115	-1.9407764983632767e-05	0.01634054624474959
2761.616791085341	-0.03896282545669094	-1.9407460117747538e-05	0.01634054624474959
2789.782802512577	-0.03950945148662824	-1.9407154532506948e-05	0.01634054624474959
2817.9488139398127	-0.04005606902352979	-1.9406848221883547e-05	0.01634054624474959
2846.114825367048	-0.04060267803940036	-1.9406541179849896e-05	0.01634054624474959
2874.2808367942835	-0.0411492785062447	-1.9406233400378543e-05	0.01634054624474959
2902.4468482215193	-0.04169587039606761	-1.9405924877442042e-05	0.01634054624474959
2930.612859648755	-0.04224245368087384	-1.940561560501295e-05	0.01634054624474959
2958.778871075991	-0.042789028332668164	-1.9405305577063824e-05	0.01634054624474959
2986.944882503227	-0.04333559432345535	-1.9404994787567208e-05	0.01634054624474959
3015.1108939304627	-0.04388215162524016	-1.9404683230495664e-05	0.01634054624474959
3043.2769053576985	-0.04442870021002737	-1.9404370899821743e-05	0.01634054624474959
3071.4429167849344	-0.04497524004982175	-1.9404057789517996e-05	0.01634054624474959
3099.60892821217	-0.04552177111662807	-1.9403743893556984e-05	0.01634054624474959
3127.7749396394056	-0.046068293382451095	-1.9403429205911254e-05	0.01634054624474959
3155.9409510666414	-0.04661480681929559	-1.9403113720553364e-05	0.01634054624474959
3184.106962493877	-0.04716131139916632	-1.9402797431455868e-05	0.01634054624474959
3212.2729739211127	-0.04770780709406808	-1.9402480332591317e-05	0.01634054624474959
3240.4389853483485	-0.04825429387600561	-1.9402162417932265e-05	0.01634054624474959
3268.6049967755844	-0.048800771716983694	-1.940184368145127e-05	0.01634054624474959
3296.77100820282	-0.0493472405890071	-1.940152411712088e-05	0.01634054624474959
3324.937019630056	-0.04989370046408059	-1.9401203718913655e-05	0.01634054624474959
3353.103031057292	-0.05044015131420894	-1.9400882480802145e-05	0.01634054624474959
3381.2690424845277	-0.050986593111396916	-1.9400560396758905e-05	0.01634054624474959
3409.4350539117636	-0.05153302582764928	-1.940023746075649e-05	0.01634054624474959
3437.601065338999	-0.052079449434970816	-1.939991366676745e-05	0.01634054624474959
3465.7670767662344	-0.05262586390536628	-1.939958900876434e-05	0.01634054624474959
3493.93308819347	-0.05317226921084044	-1.939926348071972e-05	0.01634054624474959
3522.0990996207056	-0.05371866532339807	-1.9398937076606137e-05	0.01634054624474959
3550.2651110479414	-0.05426505221504394	-1.939860979039615e-05	0.01634054624474959
3578.4311224751773	-0.054811429857782826	-1.9398281616062304e-05	0.01634054624474959
3606.597133902413	-0.055357798223619484	-1.9397952547577163e-05	0.01634054624474959
3634.763145329649	-0.05590415728455869	-1.9397622578913276e-05	0.01634054624474959
3662.929156756885	-0.056450507012605206	-1.9397291704043198e-05	0.01634054624474959
3691.0951681841207	-0.05699684737976381	-1.939695991693948e-05	0.01634054624474959
3719.2611796113565	-0.057543178358039265	-1.9396627211574682e-05	0.01634054624474959
3747.427191038592	-0.05808949991943635	-1.9396293581921352e-05	0.01634054624474959
3775.5932024658277	-0.058635812035959814	-1.9395959021952048e-05	0.01634054624474959
3803.7592138930636	-0.059182114679614435	-1.939562352563932e-05	0.01634054624474959
3831.9252253202994	-0.059728407822404996	-1.9395287086955726e-05	0.01634054624474959
3860.0912367475353	-0.06027469143633624	-1.9394949699873817e-05	0.01634054624474959
3888.257248174771	-0.060820965493412954	-1.9394611358366147e-05	0.01634054624474959
3916.423259602006	-0.06136722996563989	-1.939427205640527e-05	0.01634054624474959
3944.589271029242	-0.06191348482502185	-1.939393178796374e-05	0.01634054624474959
3972.7552824564777	-0.062459730043563574	-1.9393590547014114e-05	0.01634054624474959
4000.9212938837136	-0.06300596559326985	-1.9393248327528942e-05	0.01634054624474959
4029.0873053109494	-0.06355219144614542	-1.939290512348078e-05	0.01634054624474959
4057.2533167381853	-0.06409840757419508	-1.939256092884218e-05	0.01634054624474959
4085.4193281654207	-0.06464461394942358	-1.9392215737585697e-05	0.01634054624474959
4113.585339592657	-0.0651908105438357	-1.9391869543683884e-05	0.01634054624474959
4141.751351019892	-0.06573699732943622	-1.9391522341109298e-05	0.01634054624474959
4169.917362447129	-0.06628317427822988	-1.939117412383449e-05	0.01634054624474959
4198.083373874364	-0.06682934136222146	-1.9390824885832013e-05	0.01634054624474959
4226.249385301599	-0.06737549855341574	-1.9390474621074422e-05	0.01634054624474959
4254.415396728836	-0.06792164582381748	-1.9390123323534272e-05	0.01634054624474959
4282.581408156071	-0.06846778314543145	-1.9389770987184116e-05	0.01634054624474959
4310.747419583307	-0.06901391049026243	-1.938941760599651e-05	0.01634054624474959
4338.913431010543	-0.06956002783031515	-1.9389063173944002e-05	0.01634054624474959
4367.079442437779	-0.07010613513759442	-1.938870768499915e-05	0.01634054624474959
4395.2454538650145	-0.07065223238410501	-1.9388351133134512e-05	0.01634054624474959
4423.411465292251	-0.07119831954185166	-1.9387993512322636e-05	0.01634054624474959
4451.577476719486	-0.07174439658283915	-1.9387634816536075e-05	0.01634054624474959
4479.743488146722	-0.07229046347907225	-1.9387275039747385e-05	0.01634054624474959
4507.909499573957	-0.07283652020255574	-1.9386914175929123e-05	0.01634054624474959
4536.075511001192	-0.07338256672529438	-1.9386552219053837e-05	0.01634054624474959
4564.241522428429	-0.07392860301929294	-1.9386189163094087e-05	0.01634054624474959
4592.407533855664	-0.07447462905655619	-1.938582500202242e-05	0.01634054624474959
4620.5735452829	-0.07502064480908889	-1.9385459729811397e-05	0.01634054624474959
4648.739556710136	-0.07556665024889583	-1.938509334043357e-05	0.01634054624474959
4676.905568137372	-0.07611264534798175	-1.9384725827861487e-05	0.01634054624474959
4705.071579564607	-0.07665863007835144	-1.938435718606771e-05	0.01634054624474959
4733.237590991844	-0.07720460441200966	-1.9383987409024787e-05	0.01634054624474959
4761.403602419079	-0.07775056832096118	-1.9383616490705274e-05	0.01634054624474959
4789.5696138463145	-0.07829652177721078	-1.9383244425081728e-05	0.01634054624474959
4817.735625273551	-0.0788424647527632	-1.9382871206126695e-05	0.01634054624474959
4845.901636700786	-0.07938839721962324	-1.9382496827812738e-05	0.01634054624474959
4874.0676481280225	-0.07993431914979565	-1.9382121284112404e-05	0.01634054624474959
4902.233659555258	-0.08048023051528522	-1.938174456899825e-05	0.01634054624474959
4930.399670982494	-0.08102613128809669	-1.938136667644283e-05	0.01634054624474959
4958.56568240973	-0.08157202144023486	-1.9380987600418696e-05	0.01634054624474959
4986.731693836966	-0.08211790094370447	-1.9380607334898404e-05	0.01634054624474959
5014.897705264201	-0.08266376977051029	-1.938022587385451e-05	0.01634054624474959
5043.063716691437	-0.08320962789265712	-1.937984321125956e-05	0.01634054624474959
5071.229728118673	-0.08375547528214969	-1.9379459341086115e-05	0.01634054624474959
5099.395739545908	-0.08430131117163246	-1.9379074590631857e-05	0.01634054624474959
5127.561750973144	-0.08484713258754015	-1.9378690298233732e-05	0.01634054624474959
5155.727762400379	-0.08539294330648498	-1.9378304755397272e-05	0.01634054624474959
5183.893773827615	-0.08593874329112891	-1.9377917961664863e-05	0.01634054624474959
5212.059785254851	-0.08648453250413393	-1.93775299165789e-05	0.01634054624474959
5240.225796682087	-0.08703031090816199	-1.9377140619681773e-05	0.01634054624474959
5268.3918081093225	-0.08757607846587505	-1.937675007051588e-05	0.01634054624474959
5296.557819536559	-0.08812183513993509	-1.937635826862361e-05	0.01634054624474959
5324.723830963794	-0.08866758089300407	-1.937596521354735e-05	0.01634054624474959
5352.88984239103	-0.08921331568774397	-1.93755709048295e-05	0.01634054624474959
5381.055853818266	-0.08975903948681675	-1.9375175342012448e-05	0.01634054624474959
5409.221865245501	-0.09030475225288437	-1.9374778524638587e-05	0.01634054624474959
5437.387876672738	-0.0908504539486088	-1.937438045225031e-05	0.01634054624474959
5465.553888099973	-0.09139614453665203	-1.937398112439001e-05	0.01634054624474959
5493.719899527209	-0.091941823979676	-1.9373580540600075e-05	0.01634054624474959
5521.885910954445	-0.09248749224034268	-1.93731787004229e-05	0.01634054624474959
5550.051922381681	-0.09303314928131406	-1.9372775603400878e-05	0.01634054624474959
5578.217933808916	-0.09357879506525209	-1.93723712490764e-05	0.01634054624474959
5606.383945236152	-0.09412442955481873	-1.9371965636991857e-05	0.01634054624474959
5634.549956663388	-0.09467005271267596	-1.937155876668964e-05	0.01634054624474959
5662.715968090623	-0.09521566450148576	-1.9371150637712148e-05	0.01634054624474959
5690.88197951786	-0.09576126488391007	-1.9370741249601768e-05	0.01634054624474959
5719.047990945094	-0.09630685382261087	-1.9370330601900893e-05	0.01634054624474959
5747.2140023723305	-0.09685243128025013	-1.9369918694151915e-05	0.01634054624474959
5775.380013799566	-0.09739799721948983	-1.9369505525897226e-05	0.01634054624474959
5803.546025226802	-0.09794355160299191	-1.936909109667922e-05	0.01634054624474959
5831.712036654038	-0.09848909439341837	-1.936867540604028e-05	0.01634054624474959
5859.878048081274	-0.09903462555343114	-1.9368258453522813e-05	0.01634054624474959
5888.044059508509	-0.09958014504569222	-1.9367840238669203e-05	0.01634054624474959
5916.2100709357455	-0.10012565283286357	-1.9367420761021842e-05	0.01634054624474959
5944.376082362981	-0.10067114887760714	-1.9367000020123124e-05	0.01634054624474959
5972.542093790216	-0.10121663314258492	-1.9366578015515443e-05	0.01634054624474959
6000.708105217453	-0.10176210559045885	-1.9366154746741185e-05	0.01634054624474959
6028.874116644688	-0.10230756618389093	-1.9365730213342746e-05	0.01634054624474959
6057.040128071924	-0.10285301488554312	-1.9365304414862518e-05	0.01634054624474959
6085.20613949916	-0.10339845165807737	-1.9364877350842895e-05	0.01634054624474959
6113.372150926396	-0.10394387646415566	-1.9364449020826265e-05	0.01634054624474959
6141.538162353631	-0.10448928926643997	-1.9364019424355024e-05	0.01634054624474959
6169.704173780868	-0.10503469002759225	-1.9363588560971563e-05	0.01634054624474959
6197.870185208103	-0.10558007871027446	-1.936315643021827e-05	0.01634054624474959
6226.0361966353385	-0.10612545527714859	-1.9362723031637544e-05	0.01634054624474959
6254.202208062575	-0.10667081969087658	-1.9362288364771774e-05	0.01634054624474959
6282.36821948981	-0.10721617191412045	-1.9361852429163355e-05	0.01634054624474959
6310.534230917046	-0.1077615119095421	-1.9361415224354672e-05	0.01634054624474959
6338.700242344281	-0.10830683963980353	-1.9360976749888122e-05	0.01634054624474959
6366.866253771517	-0.10885215506756671	-1.93605370053061e-05	0.01634054624474959
6395.032265198753	-0.10939745815549362	-1.9360095990150993e-05	0.01634054624474959
6423.198276625989	-0.1099427488662462	-1.9359653703965195e-05	0.01634054624474959
6451.364288053224	-0.11048802716248644	-1.9359210146291098e-05	0.01634054624474959
6479.530299480461	-0.1110332930068763	-1.9358765316671093e-05	0.01634054624474959
6507.696310907696	-0.11157854636207774	-1.9358319214647574e-05	0.01634054624474959
6535.862322334931	-0.11212378719075275	-1.9357871839762935e-05	0.01634054624474959
6564.028333762168	-0.11266901545556327	-1.9357423191559566e-05	0.01634054624474959
6592.194345189403	-0.11321423111917128	-1.9356973269579857e-05	0.01634054624474959
6620.360356616639	-0.11375943414423874	-1.9356522073366203e-05	0.01634054624474959
6648.526368043875	-0.11430462449342763	-1.9356069602460997e-05	0.01634054624474959
6676.692379471111	-0.11484980212939991	-1.9355615856406626e-05	0.01634054624474959
6704.858390898346	-0.11539496701481755	-1.935516083474549e-05	0.01634054624474959
6733.024402325583	-0.11594011911234253	-1.9354704537019977e-05	0.01634054624474959
6761.190413752818	-0.1164852583846368	-1.9354246962772475e-05	0.01634054624474959
6789.3564251800535	-0.11703038479436231	-1.9353788111545384e-05	0.01634054624474959
6817.52243660729	-0.11757549830418108	-1.935332798288109e-05	0.01634054624474959
6845.688448034525	-0.11812059887675505	-1.935286657632199e-05	0.01634054624474959
6873.8544594617615	-0.11866568647474617	-1.935240389141047e-05	0.01634054624474959
6902.020470888997	-0.11921076106081643	-1.935193992768893e-05	0.01634054624474959
6930.186482316232	-0.11975582259762776	-1.9351474684699755e-05	0.01634054624474959
6958.352493743468	-0.1203008710478422	-1.935100816198534e-05	0.01634054624474959
6986.518505170704	-0.12084590637412167	-1.935054035908808e-05	0.01634054624474959
7014.684516597939	-0.12139092853912814	-1.9350071275550365e-05	0.01634054624474959
7042.850528025176	-0.12193593750552359	-1.9349600910914585e-05	0.01634054624474959
7071.016539452411	-0.12248093323596995	-1.9349129264723133e-05	0.01634054624474959
7099.182550879646	-0.12302591569312926	-1.9348656336518404e-05	0.01634054624474959
7127.348562306883	-0.12357088483966341	-1.9348182125842787e-05	0.01634054624474959
7155.514573734118	-0.12411584063823441	-1.9347706632238678e-05	0.01634054624474959
7183.680585161354	-0.12466078305150424	-1.9347229855248465e-05	0.01634054624474959
7211.84659658859	-0.12520571204213485	-1.934675179441454e-05	0.01634054624474959
7240.012608015826	-0.12575062757278818	-1.93462724492793e-05	0.01634054624474959
7268.1786194430615	-0.12629552960612625	-1.9345791819385134e-05	0.01634054624474959
7296.344630870298	-0.12684041810481098	-1.934530990427443e-05	0.01634054624474959
7324.510642297533	-0.12738529303150437	-1.934482670348959e-05	0.01634054624474959
7352.676653724769	-0.12793015434886837	-1.9344342216572998e-05	0.01634054624474959
7380.842665152005	-0.12847500201956497	-1.9343856443067047e-05	0.01634054624474959
7409.00867657924	-0.12901983600625608	-1.9343369382514133e-05	0.01634054624474959
7437.174688006477	-0.12956465627160374	-1.9342881034456645e-05	0.01634054624474959
7465.340699433712	-0.1301094627782699	-1.934239139843698e-05	0.01634054624474959
7493.506710860948	-0.1306542554889165	-1.934190047399752e-05	0.01634054624474959
7521.672722288184	-0.1311990343662055	-1.934140826068067e-05	0.01634054624474959
7549.83873371542	-0.13174379937279893	-1.934091475802881e-05	0.01634054624474959
7578.004745142655	-0.13228855047135868	-1.9340419965584343e-05	0.01634054624474959
7606.170756569891	-0.1328332876245468	-1.9339923882889655e-05	0.01634054624474959
7634.336767997127	-0.13337801079502518	-1.9339426509487137e-05	0.01634054624474959
7662.502779424362	-0.13392271994545582	-1.9338927844919186e-05	0.01634054624474959
7690.668790851599	-0.1344674150385007	-1.933842788872819e-05	0.01634054624474959
7718.834802278834	-0.1350120960368218	-1.9337926640456544e-05	0.01634054624474959
7747.00081370607	-0.13555676290308102	-1.9337424099646638e-05	0.01634054624474959
7775.166825133306	-0.13610141559994038	-1.9336920265840863e-05	0.01634054624474959
7803.332836560542	-0.13664605409006186	-1.9336415138581615e-05	0.01634054624474959
7831.498847987776	-0.13719067833610737	-1.9335908717411286e-05	0.01634054624474959
7859.664859415012	-0.13773528830073895	-1.9335401001872265e-05	0.01634054624474959
7887.830870842247	-0.13827988394661853	-1.9334891991506948e-05	0.01634054624474959
7915.996882269484	-0.13882446523640807	-1.9334381685857723e-05	0.01634054624474959
7944.162893696719	-0.13936903213276955	-1.9333870084466985e-05	0.01634054624474959
7972.328905123955	-0.13991358459836495	-1.9333357186877124e-05	0.01634054624474959
8000.494916551191	-0.14045812259585622	-1.9332842992630535e-05	0.01634054624474959
8028.660927978426	-0.1410026460879053	-1.9332327501269607e-05	0.01634054624474959
8056.826939405662	-0.14154715503717422	-1.9331810712336735e-05	0.01634054624474959
8084.992950832898	-0.1420916494063249	-1.933129262537431e-05	0.01634054624474959
8113.158962260134	-0.14263612915801932	-1.9330773239924722e-05	0.01634054624474959
8141.3249736873695	-0.14318059425491947	-1.933025255553037e-05	0.01634054624474959
8169.490985114606	-0.14372504465968727	-1.9329730571733637e-05	0.01634054624474959
8197.656996541842	-0.14426948033498477	-1.9329207288076922e-05	0.01634054624474959
8225.823007969077	-0.14481390124347382	-1.9328682704102613e-05	0.01634054624474959
8253.989019396313	-0.14535830734781652	-1.9328156819353105e-05	0.01634054624474959
8282.15503082355	-0.1459026986106747	-1.9327629633370787e-05	0.01634054624474959
8310.321042250784	-0.14644707499471044	-1.9327101145698055e-05	0.01634054624474959
8338.48705367802	-0.14699143646258567	-1.93265713558773e-05	0.01634054624474959
8366.653065105256	-0.14753578297696235	-1.9326040263450913e-05	0.01634054624474959
8394.819076532493	-0.1480801145005024	-1.9325507867961287e-05	0.01634054624474959
8422.985087959727	-0.1486244309958679	-1.9324974168950816e-05	0.01634054624474959
8451.151099386963	-0.1491687324257207	-1.9324439165961887e-05	0.01634054624474959
8479.3171108142	-0.14971301875272286	-1.9323902858536897e-05	0.01634054624474959
8507.483122241434	-0.15025728993953635	-1.9323365246218237e-05	0.01634054624474959
8535.64913366867	-0.15080154594882303	-1.9322826328548297e-05	0.01634054624474959
8563.815145095907	-0.15134578674324495	-1.932228610506947e-05	0.01634054624474959
8591.981156523143	-0.15189001228546412	-1.932174457532415e-05	0.01634054624474959
8620.147167950377	-0.15243422253814237	-1.932120173885473e-05	0.01634054624474959
8648.313179377614	-0.1529784174639418	-1.93206575952036e-05	0.01634054624474959
8676.47919080485	-0.15352259702552432	-1.932011214391315e-05	0.01634054624474959
8704.645202232086	-0.1540667611855519	-1.9319565384525777e-05	0.01634054624474959
8732.81121365932	-0.1546109099066865	-1.931901731658387e-05	0.01634054624474959
8760.977225086557	-0.15515504315159012	-1.931846793962982e-05	0.01634054624474959
8789.143236513793	-0.15569916088292468	-1.9317917253206022e-05	0.01634054624474959
8817.309247941028	-0.15624326306335223	-1.9317365256854867e-05	0.01634054624474959
8845.475259368264	-0.15678734965553465	-1.931681195011875e-05	0.01634054624474959
8873.6412707955	-0.1573314206221339	-1.931625733254006e-05	0.01634054624474959
8901.807282222737	-0.15787547592581205	-1.931570140366119e-05	0.01634054624474959
8929.973293649971	-0.15841951552923098	-1.931514416302453e-05	0.01634054624474959
8958.139305077208	-0.1589635393950527	-1.9314585610172474e-05	0.01634054624474959
8986.305316504444	-0.15950754748593915	-1.9314025744647416e-05	0.01634054624474959
9014.471327931678	-0.16005153976455228	-1.9313464565991744e-05	0.01634054624474959
9042.637339358913	-0.1605955161935541	-1.9312902073747857e-05	0.01634054624474959
9070.80335078615	-0.16113947673560658	-1.931233826745814e-05	0.01634054624474959
9098.969362213385	-0.16168342135337166	-1.9311773146664988e-05	0.01634054624474959
9127.135373640622	-0.16222735000951136	-1.931120671091079e-05	0.01634054624474959
9155.301385067856	-0.16277126266668757	-1.9310638959737947e-05	0.01634054624474959
9183.467396495093	-0.1633151592875623	-1.931006989268884e-05	0.01634054624474959
9211.633407922329	-0.16385903983479755	-1.9309499509305874e-05	0.01634054624474959
9239.799419349563	-0.1644029042710552	-1.930892780913143e-05	0.01634054624474959
9267.9654307768	-0.16494675255899727	-1.93083547917079e-05	0.01634054624474959
9296.131442204036	-0.16549058466128574	-1.9307780456577684e-05	0.01634054624474959
9324.297453631272	-0.1660344005405826	-1.9307204803283172e-05	0.01634054624474959
9352.463465058507	-0.16657820015954974	-1.930662783136675e-05	0.01634054624474959
9380.629476485743	-0.16712198348084917	-1.9306049540370817e-05	0.01634054624474959
9408.79548791298	-0.16766575046714288	-1.9305469929837765e-05	0.01634054624474959
9436.961499340214	-0.16820950108109278	-1.9304888999309982e-05	0.01634054624474959
9465.12751076745	-0.1687532352853609	-1.9304306748329862e-05	0.01634054624474959
9493.293522194686	-0.16929695304260917	-1.9303723176439794e-05	0.01634054624474959
9521.459533621923	-0.16984065431549958	-1.9303138283182178e-05	0.01634054624474959
9549.625545049157	-0.1703843390666941	-1.93025520680994e-05	0.01634054624474959
9577.791556476393	-0.17092800725885463	-1.9301964530733854e-05	0.01634054624474959
9605.95756790363	-0.17147165885464322	-1.9301375670627934e-05	0.01634054624474959
9634.123579330866	-0.17201529381672181	-1.9300785487324027e-05	0.01634054624474959
9662.2895907581	-0.17255891210775234	-1.930019398036453e-05	0.01634054624474959
9690.455602185337	-0.1731025136903968	-1.9299601149291834e-05	0.01634054624474959
9718.621613612573	-0.17364609852731722	-1.929900699364833e-05	0.01634054624474959
9746.787625039808	-0.17418966658117546	-1.929841151297641e-05	0.01634054624474959
9774.953636467044	-0.17473321781463358	-1.9297814706818466e-05	0.01634054624474959
9803.11964789428	-0.17527675219035346	-1.9297216574716892e-05	0.01634054624474959
9831.285659321517	-0.17582026967099712	-1.929661711621408e-05	0.01634054624474959
9859.451670748751	-0.17636377021922653	-1.929601633085242e-05	0.01634054624474959
9887.617682175987	-0.17690725379770367	-1.9295414218174308e-05	0.01634054624474959
9915.783693603224	-0.17745072036909043	-1.9294810777722133e-05	0.01634054624474959
9943.949705030458	-0.17799416989604888	-1.9294206009038288e-05	0.01634054624474959
9972.115716457694	-0.17853760234124091	-1.9293599911665164e-05	0.01634054624474959
10000.28172788493	-0.17908101766732853	-1.9292992485145156e-05	0.01634054624474959
10028.447739312167	-0.1796244158369737	-1.9292383729020653e-05	0.01634054624474959
10056.613750739401	-0.18016779681283837	-1.929177364283405e-05	0.01634054624474959
10084.779762166638	-0.18071116055758452	-1.929116222612774e-05	0.01634054624474959
10112.945773593874	-0.18125450703387413	-1.929054947844411e-05	0.01634054624474959
10141.11178502111	-0.18179783620436915	-1.9289935399325554e-05	0.01634054624474959
10169.277796448345	-0.18234114803173157	-1.9289319988314465e-05	0.01634054624474959
10197.443807875581	-0.18288444247862332	-1.9288703244953236e-05	0.01634054624474959
10225.609819302816	-0.18342771950770637	-1.9288085168784262e-05	0.01634054624474959
10253.775830730052	-0.18397097908164273	-1.928746575934993e-05	0.01634054624474959
10281.941842157286	-0.18451422116309435	-1.9286845016192633e-05	0.01634054624474959
10310.107853584523	-0.18505744571472318	-1.9286222938854763e-05	0.01634054624474959
10338.273865011759	-0.1856006526991912	-1.9285599526878716e-05	0.01634054624474959
10366.439876438993	-0.1861438420791604	-1.928497477980688e-05	0.01634054624474959
10394.60588786623	-0.18668701381729272	-1.928434869718165e-05	0.01634054624474959
10422.771899293466	-0.18723016787625013	-1.9283721278545416e-05	0.01634054624474959
10450.937910720702	-0.1877733042186946	-1.928309252344057e-05	0.01634054624474959
10479.103922147937	-0.18831642280728808	-1.9282462431409506e-05	0.01634054624474959
10507.269933575173	-0.18885952360469258	-1.9281831001994617e-05	0.01634054624474959
10535.43594500241	-0.18940260657357005	-1.928119823473829e-05	0.01634054624474959
10563.601956429644	-0.18994567167658244	-1.9280564129182924e-05	0.01634054624474959
10591.76796785688	-0.19048871887639168	-1.9279928684870907e-05	0.01634054624474959
10619.933979284117	-0.19103174813565987	-1.927929190134463e-05	0.01634054624474959
10648.099990711353	-0.19157475941704882	-1.927865377814649e-05	0.01634054624474959
10676.266002138587	-0.19211775268322062	-1.9278014314818872e-05	0.01634054624474959
10704.432013565824	-0.1926607278968372	-1.9277373510904177e-05	0.01634054624474959
10732.59802499306	-0.19320368502056048	-1.927673136594479e-05	0.01634054624474959
10760.764036420296	-0.19374662401705248	-1.9276087879483106e-05	0.01634054624474959
10788.93004784753	-0.19428954484897515	-1.9275443051061517e-05	0.01634054624474959
10817.096059274767	-0.19483244747899048	-1.927479688022242e-05	0.01634054624474959
10845.262070702003	-0.19537533186976036	-1.9274149366508195e-05	0.01634054624474959
10873.428082129238	-0.19591819798394688	-1.9273500509461245e-05	0.01634054624474959
10901.594093556474	-0.19646104578421192	-1.927285030862396e-05	0.01634054624474959
10929.76010498371	-0.19700387523321747	-1.9272198763538727e-05	0.01634054624474959
10957.926116410947	-0.1975466862936255	-1.9271545873747943e-05	0.01634054624474959
10986.092127838181	-0.19808947892809797	-1.9270891638794e-05	0.01634054624474959
11014.258139265417	-0.19863225309929688	-1.927023605821929e-05	0.01634054624474959
11042.424150692654	-0.19917500876988414	-1.9269579131566204e-05	0.01634054624474959
11070.590162119888	-0.19971774590252178	-1.9268920858377137e-05	0.01634054624474959
11098.756173547124	-0.20026046445987172	-1.9268261238194474e-05	0.01634054624474959
11126.92218497436	-0.20080316440459595	-1.9267600270560614e-05	0.01634054624474959
11155.088196401597	-0.20134584569935643	-1.926693795501795e-05	0.01634054624474959
11183.254207828832	-0.2018885083068151	-1.9266274291108867e-05	0.01634054624474959
11211.420219256068	-0.20243115218963398	-1.9265609278375764e-05	0.01634054624474959
11239.586230683304	-0.20297377731047503	-1.926494291636103e-05	0.01634054624474959
11267.75224211054	-0.2035163836320002	-1.926427520460706e-05	0.01634054624474959
11295.918253537775	-0.20405897111687143	-1.926360614265624e-05	0.01634054624474959
11324.084264965011	-0.20460153972775075	-1.926293573005097e-05	0.01634054624474959
11352.250276392248	-0.20514408942730009	-1.9262263966333634e-05	0.01634054624474959
11380.416287819482	-0.20568662017818143	-1.926159085104663e-05	0.01634054624474959
11408.582299246718	-0.20622913194305673	-1.926091638373235e-05	0.01634054624474959
11436.748310673953	-0.20677162468458787	-1.9260240563933186e-05	0.01634054624474959
11464.91432210119	-0.20731409836543702	-1.9259563391191528e-05	0.01634054624474959
11493.080333528424	-0.207856552948266	-1.9258884865049767e-05	0.01634054624474959
11521.24634495566	-0.20839898839573678	-1.92582049850503e-05	0.01634054624474959
11549.412356382896	-0.20894140467051142	-1.9257523750735516e-05	0.01634054624474959
11577.578367810132	-0.20948380173525183	-1.9256841161647805e-05	0.01634054624474959
11605.744379237367	-0.21002617955261993	-1.9256157217329565e-05	0.01634054624474959
11633.910390664603	-0.21056853808527776	-1.9255471917323183e-05	0.01634054624474959
11662.07640209184	-0.21111087729588723	-1.9254785261171055e-05	0.01634054624474959
11690.242413519076	-0.21165319714711037	-1.925409724841557e-05	0.01634054624474959
11718.40842494631	-0.2121954976016091	-1.925340787859912e-05	0.01634054624474959
11746.574436373547	-0.2127377786220454	-1.9252717151264102e-05	0.01634054624474959
11774.740447800783	-0.21328004017108126	-1.9252025065952902e-05	0.01634054624474959
11802.906459228017	-0.21382228221137864	-1.9251331622207917e-05	0.01634054624474959
11831.072470655254	-0.21436450470559945	-1.9250636819571536e-05	0.01634054624474959
11859.23848208249	-0.21490670761640573	-1.9249940657586154e-05	0.01634054624474959
11887.404493509726	-0.21544889090645944	-1.924924313579416e-05	0.01634054624474959
11915.57050493696	-0.21599105453842252	-1.9248544253737946e-05	0.01634054624474959
11943.736516364197	-0.21653319847495692	-1.9247844010959908e-05	0.01634054624474959
11971.902527791433	-0.21707532267872465	-1.9247142407002437e-05	0.01634054624474959
12000.068539218668	-0.21761742711238766	-1.9246439441407923e-05	0.01634054624474959
12028.234550645904	-0.21815951173860795	-1.9245735113718757e-05	0.01634054624474959
12056.40056207314	-0.21870157652004743	-1.9245029423477336e-05	0.01634054624474959
12084.566573500377	-0.21924362141936807	-1.924432237022605e-05	0.01634054624474959
12112.732584927611	-0.21978564639923193	-1.924361395350729e-05	0.01634054624474959
12140.898596354848	-0.22032765142230087	-1.924290417286345e-05	0.01634054624474959
12169.064607782084	-0.2208696364512369	-1.9242193027836922e-05	0.01634054624474959
12197.23061920932	-0.22141160144870198	-1.9241480517970094e-05	0.01634054624474959
12225.396630636555	-0.22195354637735812	-1.9240766642805363e-05	0.01634054624474959
12253.562642063791	-0.2224954711998672	-1.924005140188512e-05	0.01634054624474959
12281.728653491027	-0.22303737587889128	-1.9239334794751757e-05	0.01634054624474959
12309.894664918262	-0.22357926037709228	-1.9238616820947666e-05	0.01634054624474959
12338.060676345498	-0.22412112465713216	-1.9237897480015238e-05	0.01634054624474959
12366.226687772734	-0.2246629686816729	-1.9237176771496867e-05	0.01634054624474959
12394.39269919997	-0.2252047924133765	-1.9236454694934946e-05	0.01634054624474959
12422.558710627205	-0.22574659581490486	-1.9235731249871864e-05	0.01634054624474959
12450.724722054441	-0.22628837884892003	-1.9235006435850016e-05	0.01634054624474959
12478.890733481678	-0.2268301414780839	-1.923428025241179e-05	0.01634054624474959
12507.056744908912	-0.22737188366505842	-1.9233552699099585e-05	0.01634054624474959
12535.222756336148	-0.2279136053725057	-1.9232823775455786e-05	0.01634054624474959
12563.388767763385	-0.2284553065630876	-1.9232093481022793e-05	0.01634054624474959
12591.554779190621	-0.22899698719946607	-1.923136181534299e-05	0.01634054624474959
12619.720790617856	-0.22953864724430312	-1.9230628777958774e-05	0.01634054624474959
12647.88680204509	-0.23008028666026067	-1.9229894368412536e-05	0.01634054624474959
12676.052813472326	-0.23062190541000077	-1.922915858624667e-05	0.01634054624474959
12704.218824899563	-0.23116350345618536	-1.922842143100356e-05	0.01634054624474959
12732.384836326797	-0.2317050807614764	-1.922768290222561e-05	0.01634054624474959
12760.550847754033	-0.2322466372885358	-1.9226942999455207e-05	0.01634054624474959
12788.71685918127	-0.2327881730000256	-1.922620172223474e-05	0.01634054624474959
12816.882870608506	-0.23332968785860775	-1.9225459070106605e-05	0.01634054624474959
12845.04888203574	-0.23387118182694425	-1.9224715042613194e-05	0.01634054624474959
12873.214893462977	-0.23441264748527804	-1.922396947544328e-05	0.01634054624474959
12901.380904890213	-0.2349540770054452	-1.922322220025499e-05	0.01634054624474959
12929.546916317448	-0.23549548583358507	-1.9222473563000574e-05	0.01634054624474959
12957.712927744684	-0.23603687392855255	-1.9221723563375348e-05	0.01634054624474959
12985.87893917192	-0.2365782412492026	-1.9220972201074625e-05	0.01634054624474959
13014.044950599156	-0.23711958775439013	-1.9220219475793722e-05	0.01634054624474959
13042.210962026391	-0.2376609134029701	-1.921946538722795e-05	0.01634054624474959
13070.376973453627	-0.23820221815379744	-1.9218709935072628e-05	0.01634054624474959
13098.542984880864	-0.23874350196572702	-1.9217953119023063e-05	0.01634054624474959
13126.708996308098	-0.23928476479761387	-1.9217194938774577e-05	0.01634054624474959
13154.875007735334	-0.23982600660831283	-1.921643539402248e-05	0.01634054624474959
13183.04101916257	-0.2403672273566789	-1.9215674484462085e-05	0.01634054624474959
13211.207030589807	-0.24090842700156695	-1.9214912209788713e-05	0.01634054624474959
13239.373042017041	-0.24144960550183195	-1.921414856969767e-05	0.01634054624474959
13267.539053444278	-0.2419907628163288	-1.9213383563884278e-05	0.01634054624474959
13295.705064871514	-0.24253189890391247	-1.921261719204385e-05	0.01634054624474959
13323.87107629875	-0.24307301372343787	-1.9211849453871694e-05	0.01634054624474959
13352.037087725985	-0.24361410723375992	-1.921108034906313e-05	0.01634054624474959
13380.203099153221	-0.24415517939373357	-1.9210309877313473e-05	0.01634054624474959
13408.369110580457	-0.24469623016221373	-1.9209538038318033e-05	0.01634054624474959
13436.535122007692	-0.24523725949805536	-1.920876483177213e-05	0.01634054624474959
13464.701133434928	-0.24577826736011338	-1.9207990257371072e-05	0.01634054624474959
13492.867144862164	-0.2463192537072427	-1.920721431481018e-05	0.01634054624474959
13521.0331562894	-0.24686021849829826	-1.920643700378476e-05	0.01634054624474959
13549.199167716635	-0.247401161692135	-1.9205658323990136e-05	0.01634054624474959
13577.365179143872	-0.24794208324760786	-1.9204878275121617e-05	0.01634054624474959
13605.531190571108	-0.24848298312357173	-1.920409685687452e-05	0.01634054624474959
13633.697201998342	-0.24902386127888157	-1.9203314068944153e-05	0.01634054624474959
13661.863213425579	-0.24956471767239233	-1.9202529911025836e-05	0.01634054624474959
13690.029224852815	-0.2501055522629589	-1.9201744382814884e-05	0.01634054624474959
13718.195236280051	-0.25064636500943627	-1.920095748400661e-05	0.01634054624474959
13746.361247707286	-0.25118715587067925	-1.920016921429633e-05	0.01634054624474959
13774.527259134522	-0.2517279248055429	-1.919937957337935e-05	0.01634054624474959
13802.693270561758	-0.2522686717728821	-1.9198588560950995e-05	0.01634054624474959
13830.859281988993	-0.2528093967315517	-1.9197796176706577e-05	0.01634054624474959
13859.025293416227	-0.25335009964040683	-1.9197002420341406e-05	0.01634054624474959
13887.191304843464	-0.25389078045830227	-1.9196207291550797e-05	0.01634054624474959
13915.3573162707	-0.25443143914409294	-1.919541079003007e-05	0.01634054624474959
13943.523327697936	-0.2549720756566339	-1.9194612915474534e-05	0.01634054624474959
13971.68933912517	-0.25551268995477994	-1.9193813667579508e-05	0.01634054624474959
13999.855350552407	-0.25605328199738603	-1.91930130460403e-05	0.01634054624474959
14028.021361979643	-0.2565938517433071	-1.919221105055223e-05	0.01634054624474959
14056.187373406878	-0.25713439915139813	-1.919140768081061e-05	0.01634054624474959
14084.353384834114	-0.257674924180514	-1.9190602936510754e-05	0.01634054624474959
14112.51939626135	-0.2582154267895097	-1.9189796817347976e-05	0.01634054624474959
14140.685407688587	-0.2587559069372401	-1.9188989323017592e-05	0.01634054624474959
14168.851419115821	-0.2592963645825601	-1.9188180453214918e-05	0.01634054624474959
14197.017430543057	-0.25983679968432477	-1.9187370207635263e-05	0.01634054624474959
14225.183441970294	-0.2603772122013889	-1.9186558585973946e-05	0.01634054624474959
14253.34945339753	-0.26091760209260745	-1.918574558792628e-05	0.01634054624474959
14281.515464824764	-0.2614579693168354	-1.918493121318758e-05	0.01634054624474959
14309.681476252	-0.2619983138329276	-1.918411546145316e-05	0.01634054624474959
14337.847487679237	-0.2625386355997391	-1.9183298332418332e-05	0.01634054624474959
14366.013499106471	-0.26307893457612475	-1.9182479825778415e-05	0.01634054624474959
14394.179510533708	-0.26361921072093947	-1.9181659941228717e-05	0.01634054624474959
14422.345521960944	-0.2641594639930382	-1.918083867846456e-05	0.01634054624474959
14450.51153338818	-0.2646996943512759	-1.9180016037181253e-05	0.01634054624474959
14478.677544815415	-0.2652399017545075	-1.9179192017074113e-05	0.01634054624474959
14506.843556242651	-0.2657800861615879	-1.9178366617838452e-05	0.01634054624474959
14535.009567669887	-0.26632024753137207	-1.9177539839169585e-05	0.01634054624474959
14563.175579097122	-0.2668603858227149	-1.9176711680762828e-05	0.01634054624474959
14591.341590524358	-0.2674005009944713	-1.9175882142313497e-05	0.01634054624474959
14619.507601951595	-0.2679405930054963	-1.9175051223516902e-05	0.01634054624474959
14647.67361337883	-0.26848066181464475	-1.9174218924068357e-05	0.01634054624474959
14675.839624806065	-0.26902070738077155	-1.9173385243663184e-05	0.01634054624474959
14704.005636233302	-0.26956072966273176	-1.9172550181996687e-05	0.01634054624474959
14732.171647660538	-0.27010072861938017	-1.9171713738764187e-05	0.01634054624474959
14760.337659087774	-0.2706407042095718	-1.9170875913660997e-05	0.01634054624474959
14788.503670515009	-0.27118065639216155	-1.917003670638243e-05	0.01634054624474959
14816.669681942245	-0.27172058512600433	-1.9169196116623804e-05	0.01634054624474959
14844.835693369481	-0.27226049036995514	-1.9168354144080428e-05	0.01634054624474959
14873.001704796716	-0.27280037208286884	-1.9167510788447622e-05	0.01634054624474959
14901.167716223952	-0.2733402302236004	-1.9166666049420694e-05	0.01634054624474959
14929.333727651188	-0.2738800647510047	-1.9165819926694963e-05	0.01634054624474959
14957.499739078425	-0.27441987562393666	-1.9164972419965746e-05	0.01634054624474959
14985.66575050566	-0.27495966280125134	-1.9164123528928353e-05	0.01634054624474959
15013.831761932895	-0.27549942624180357	-1.9163273253278097e-05	0.01634054624474959
15041.997773360132	-0.27603916590444827	-1.9162421592710294e-05	0.01634054624474959
15070.163784787366	-0.2765788817480404	-1.9161568546920262e-05	0.01634054624474959
15098.329796214603	-0.27711857373143495	-1.916071411560331e-05	0.01634054624474959
15126.495807641839	-0.2776582418134867	-1.9159858298454754e-05	0.01634054624474959
15154.661819069075	-0.2781978859530507	-1.915900109516991e-05	0.01634054624474959
15182.82783049631	-0.2787375061089819	-1.9158142505444093e-05	0.01634054624474959
15210.993841923546	-0.27927710224013513	-1.9157282528972615e-05	0.01634054624474959
15239.159853350782	-0.2798166743053654	-1.915642116545079e-05	0.01634054624474959
15267.325864778019	-0.2803562222635276	-1.9155558414573935e-05	0.01634054624474959
15295.491876205253	-0.28089574607347667	-1.9154694276037363e-05	0.01634054624474959
15323.65788763249	-0.2814352456940675	-1.9153828749536385e-05	0.01634054624474959
15351.823899059726	-0.2819747210841551	-1.9152961834766322e-05	0.01634054624474959
15379.98991048696	-0.2825141722025944	-1.9152093531422484e-05	0.01634054624474959
15408.155921914196	-0.28305359900824023	-1.915122383920019e-05	0.01634054624474959
15436.321933341433	-0.28359300145994765	-1.9150352757794747e-05	0.01634054624474959
15464.487944768669	-0.2841323795165715	-1.9149480286901473e-05	0.01634054624474959
15492.653956195903	-0.2846717331369667	-1.9148606426215684e-05	0.01634054624474959
15520.81996762314	-0.28521106227998827	-1.9147731175432695e-05	0.01634054624474959
15548.985979050376	-0.28575036690449107	-1.9146854534247816e-05	0.01634054624474959
15577.15199047761	-0.28628964696933	-1.9145976502356363e-05	0.01634054624474959
15605.318001904847	-0.2868289024333601	-1.914509707945365e-05	0.01634054624474959
15633.48401333208	-0.2873681332554362	-1.9144216265234997e-05	0.01634054624474959
15661.650024759316	-0.28790733939441326	-1.9143334059395712e-05	0.01634054624474959
15689.816036186552	-0.2884465208091463	-1.914245046163111e-05	0.01634054624474959
15717.982047613787	-0.28898567745849013	-1.9141565471636508e-05	0.01634054624474959
15746.148059041023	-0.2895248093012997	-1.914067908910722e-05	0.01634054624474959
15774.31407046826	-0.29006391629642997	-1.9139791313738555e-05	0.01634054624474959
15802.480081895495	-0.2906029984027359	-1.9138902145225835e-05	0.01634054624474959
15830.64609332273	-0.29114205557907236	-1.9138011583264372e-05	0.01634054624474959
15858.812104749966	-0.2916810877842943	-1.9137119627549477e-05	0.01634054624474959
15886.978116177203	-0.29222009497725665	-1.9136226277776472e-05	0.01634054624474959
15915.144127604437	-0.29275907711681437	-1.913533153364066e-05	0.01634054624474959
15943.310139031673	-0.2932980341618223	-1.9134435394837364e-05	0.01634054624474959
15971.47615045891	-0.2938369660711355	-1.91335378610619e-05	0.01634054624474959
15999.642161886146	-0.29437587280360883	-1.9132638932009574e-05	0.01634054624474959
16027.80817331338	-0.2949147543180972	-1.9131738607375704e-05	0.01634054624474959
16055.974184740617	-0.29545361057345565	-1.913083688685561e-05	0.01634054624474959
16084.140196167853	-0.29599244152853893	-1.9129933770144597e-05	0.01634054624474959
16112.306207595087	-0.29653124714220214	-1.9129029256937987e-05	0.01634054624474959
16140.472219022324	-0.29707002737330007	-1.912812334693109e-05	0.01634054624474959
16168.63823044956	-0.2976087821806878	-1.912721603981922e-05	0.01634054624474959
16196.804241876796	-0.29814751152322017	-1.9126307335297697e-05	0.01634054624474959
16224.97025330403	-0.29868621535975204	-1.912539723306183e-05	0.01634054624474959
16253.136264731267	-0.2992248936491385	-1.9124485732806934e-05	0.01634054624474959
16281.302276158503	-0.2997635463502344	-1.9123572834228324e-05	0.01634054624474959
16309.46828758574	-0.30030217342189464	-1.9122658537021315e-05	0.01634054624474959
16337.634299012974	-0.3008407748229742	-1.9121742840881223e-05	0.01634054624474959
16365.80031044021	-0.301379350512328	-1.9120825745503357e-05	0.01634054624474959
16393.966321867447	-0.30191790044881095	-1.9119907250583038e-05	0.01634054624474959
16422.13233329468	-0.30245642459127803	-1.9118987355815575e-05	0.01634054624474959
16450.29834472192	-0.3029949228985841	-1.9118066060896285e-05	0.01634054624474959
16478.464356149154	-0.3035333953295841	-1.911714336552048e-05	0.01634054624474959
16506.63036757639	-0.3040718418431331	-1.911621926938348e-05	0.01634054624474959
16534.796379003626	-0.30461026239808586	-1.9115293772180596e-05	0.01634054624474959
16562.96239043086	-0.30514865695329735	-1.911436687360714e-05	0.01634054624474959
16591.128401858095	-0.3056870254676225	-1.9113438573358428e-05	0.01634054624474959
16619.294413285334	-0.3062253678999163	-1.9112508871129777e-05	0.01634054624474959
16647.460424712568	-0.30676368420903366	-1.9111577766616495e-05	0.01634054624474959
16675.626436139803	-0.30730197435382944	-1.9110645259513903e-05	0.01634054624474959
16703.79244756704	-0.30784023829315865	-1.9109711349517315e-05	0.01634054624474959
16731.958458994275	-0.3083784759858762	-1.910877603632204e-05	0.01634054624474959
16760.124470421513	-0.308916687390837	-1.9107839319623397e-05	0.01634054624474959
16788.290481848748	-0.309454872466896	-1.91069011991167e-05	0.01634054624474959
16816.456493275982	-0.3099930311729081	-1.9105961674497262e-05	0.01634054624474959
16844.62250470322	-0.3105311634677283	-1.9105020745460397e-05	0.01634054624474959
16872.788516130455	-0.31106926931021145	-1.910407841170142e-05	0.01634054624474959
16900.95452755769	-0.3116073486592126	-1.9103134672915648e-05	0.01634054624474959
16929.120538984927	-0.3121454014735865	-1.910218952879839e-05	0.01634054624474959
16957.286550412162	-0.3126834277121882	-1.9101242979044964e-05	0.01634054624474959
16985.452561839396	-0.3132214273338726	-1.9100295023350686e-05	0.01634054624474959
17013.618573266634	-0.31375940029749466	-1.9099345661410866e-05	0.01634054624474959
17041.78458469387	-0.3142973465619093	-1.9098394892920822e-05	0.01634054624474959
17069.950596121107	-0.3148352660859714	-1.9097442717575867e-05	0.01634054624474959
17098.11660754834	-0.31537315882853595	-1.9096489135071312e-05	0.01634054624474959
17126.282618975576	-0.3159110247484579	-1.909553414510248e-05	0.01634054624474959
17154.448630402814	-0.3164488638045921	-1.9094577747364676e-05	0.01634054624474959
17182.61464183005	-0.31698667595579355	-1.909361994155322e-05	0.01634054624474959
17210.780653257283	-0.3175244611609171	-1.9092660727363423e-05	0.01634054624474959
17238.94666468452	-0.3180622193788178	-1.9091700104490603e-05	0.01634054624474959
17267.112676111756	-0.31859995056835044	-1.909073807263007e-05	0.01634054624474959
17295.27868753899	-0.3191376546883701	-1.9089774631477144e-05	0.01634054624474959
17323.44469896623	-0.3196753316977316	-1.9088809780727134e-05	0.01634054624474959
17351.610710393463	-0.3202129815552899	-1.9087843520075358e-05	0.01634054624474959
17379.776721820697	-0.3207506042199	-1.908687584921713e-05	0.01634054624474959
17407.942733247935	-0.32128819965041666	-1.9085906767847763e-05	0.01634054624474959
17436.10874467517	-0.321825767805695	-1.908493627566257e-05	0.01634054624474959
17464.274756102408	-0.32236330864458984	-1.908396437235687e-05	0.01634054624474959
17492.440767529642	-0.3229008221259561	-1.908299105762597e-05	0.01634054624474959
17520.606778956877	-0.32343830820864883	-1.9082016331165195e-05	0.01634054624474959
17548.772790384115	-0.32397576685152285	-1.908104019266985e-05	0.01634054624474959
17576.93880181135	-0.3245131980134331	-1.908006264183525e-05	0.01634054624474959
17605.104813238584	-0.32505060165323457	-1.907908367835672e-05	0.01634054624474959
17633.270824665822	-0.3255879777297821	-1.9078103301929557e-05	0.01634054624474959
17661.436836093057	-0.3261253262019307	-1.9077121512249092e-05	0.01634054624474959
17689.60284752029	-0.32666264702853526	-1.907613830901063e-05	0.01634054624474959
17717.76885894753	-0.3271999401684508	-1.9075153691909486e-05	0.01634054624474959
17745.934870374764	-0.32773720558053204	-1.9074167660640976e-05	0.01634054624474959
17774.100881802002	-0.32827444322363414	-1.9073180214900418e-05	0.01634054624474959
17802.266893229236	-0.3288116530566119	-1.907219135438312e-05	0.01634054624474959
17830.43290465647	-0.32934883503832035	-1.90712010787844e-05	0.01634054624474959
17858.59891608371	-0.32988598912761424	-1.907020938779957e-05	0.01634054624474959
17886.764927510943	-0.3304231152833487	-1.9069216281123948e-05	0.01634054624474959
17914.930938938178	-0.3309602134643786	-1.9068221758452843e-05	0.01634054624474959
17943.096950365416	-0.33149728362955877	-1.9067225819481575e-05	0.01634054624474959
17971.26296179265	-0.3320343257377443	-1.9066228463905458e-05	0.01634054624474959
17999.428973219885	-0.33257133974779	-1.9065229691419802e-05	0.01634054624474959
18027.59498464712	-0.3331083256185508	-1.9064229501719924e-05	0.01634054624474959
18055.760996074354	-0.3336452833088817	-1.906322789450114e-05	0.01634054624474959
18083.927007501592	-0.3341822127776376	-1.906222486945876e-05	0.01634054624474959
18112.093018928826	-0.3347191139836735	-1.9061220426288102e-05	0.01634054624474959
18140.25903035606	-0.3352559868858442	-1.9060214564684478e-05	0.01634054624474959
18168.4250417833	-0.3357928314430047	-1.9059207284343205e-05	0.01634054624474959
18196.591053210534	-0.3363296476140099	-1.9058198584959596e-05	0.01634054624474959
18224.757064637768	-0.3368664353577148	-1.9057188466228965e-05	0.01634054624474959
18252.923076065006	-0.33740319463297425	-1.9056176927846626e-05	0.01634054624474959
18281.08908749224	-0.33793992539864326	-1.9055163969507896e-05	0.01634054624474959
18309.25509891948	-0.33847662761357666	-1.9054149590908085e-05	0.01634054624474959
18337.421110346713	-0.3390133012366295	-1.9053133791742515e-05	0.01634054624474959
18365.587121773948	-0.33954994622665663	-1.905211657170649e-05	0.01634054624474959
18393.753133201186	-0.340086562542513	-1.905109793049533e-05	0.01634054624474959
18421.91914462842	-0.34062315014305355	-1.9050077867804353e-05	0.01634054624474959
18450.085156055655	-0.3411597089871331	-1.904905638332887e-05	0.01634054624474959
18478.251167482893	-0.3416962390336068	-1.9048033476764192e-05	0.01634054624474959
18506.417178910127	-0.3422327402413294	-1.9047009147805637e-05	0.01634054624474959
18534.583190337362	-0.34276921256915593	-1.9045983396148518e-05	0.01634054624474959
18562.7492017646	-0.34330565597594126	-1.904495622148815e-05	0.01634054624474959
18590.915213191834	-0.3438420704205403	-1.9043927623519848e-05	0.01634054624474959
18619.081224619073	-0.3443784558618081	-1.9042897601938924e-05	0.01634054624474959
18647.247236046307	-0.3449148122585995	-1.9041866156440695e-05	0.01634054624474959
18675.41324747354	-0.3454511395697694	-1.9040833286720476e-05	0.01634054624474959
18703.57925890078	-0.34598743775417284	-1.9039798992473578e-05	0.01634054624474959
18731.745270328014	-0.34652370677066463	-1.903876327339532e-05	0.01634054624474959
18759.91128175525	-0.3470599465780998	-1.9037726129181012e-05	0.01634054624474959
18788.077293182487	-0.3475961571353332	-1.9036687559525968e-05	0.01634054624474959
18816.24330460972	-0.3481323384012198	-1.9035647564125508e-05	0.01634054624474959
18844.409316036956	-0.34866849033461456	-1.903460614267494e-05	0.01634054624474959
18872.575327464194	-0.3492046128943723	-1.9033563294869583e-05	0.01634054624474959
18900.74133889143	-0.34974070603934815	-1.903251902040475e-05	0.01634054624474959
18928.907350318663	-0.35027676972839683	-1.9031473318975754e-05	0.01634054624474959
18957.0733617459	-0.3508128039203734	-1.903042619027791e-05	0.01634054624474959
18985.239373173135	-0.3513488085741327	-1.9029377634006534e-05	0.01634054624474959
19013.405384600374	-0.35188478364852976	-1.9028327649856938e-05	0.01634054624474959
19041.571396027608	-0.35242072910241945	-1.9027276237524438e-05	0.01634054624474959
19069.737407454842	-0.3529566448946567	-1.9026223396704344e-05	0.01634054624474959
19097.90341888208	-0.3534925309840965	-1.902516912709198e-05	0.01634054624474959
19126.069430309315	-0.3540283873295937	-1.9024113428382653e-05	0.01634054624474959
19154.23544173655	-0.35456421389000325	-1.9023056300271676e-05	0.01634054624474959
19182.401453163788	-0.3551000106241801	-1.902199774245437e-05	0.01634054624474959
19210.567464591022	-0.3556357774909792	-1.9020937754626044e-05	0.01634054624474959
19238.733476018257	-0.35617151444925543	-1.9019876336482014e-05	0.01634054624474959
19266.899487445495	-0.35670722145786377	-1.9018813487717594e-05	0.01634054624474959
19295.06549887273	-0.35724289847565915	-1.90177492080281e-05	0.01634054624474959
19323.231510299967	-0.35777854546149646	-1.9016683497108845e-05	0.01634054624474959
19351.397521727202	-0.35831416237423064	-1.9015616354655143e-05	0.01634054624474959
19379.563533154436	-0.3588497491727166	-1.901454778036231e-05	0.01634054624474959
19407.729544581674	-0.3593853058158093	-1.901347777392566e-05	0.01634054624474959
19435.89555600891	-0.3599208322623637	-1.9012406335040505e-05	0.01634054624474959
19464.061567436143	-0.36045632847123477	-1.9011333463402163e-05	0.01634054624474959
19492.22757886338	-0.36099179440127727	-1.9010259158705945e-05	0.01634054624474959
19520.393590290616	-0.36152723001134623	-1.9009183420647168e-05	0.01634054624474959
19548.55960171785	-0.3620626352602966	-1.900810624892114e-05	0.01634054624474959
19576.72561314509	-0.36259801010698334	-1.900702764322319e-05	0.01634054624474959
19604.891624572323	-0.3631333545102613	-1.9005947603248617e-05	0.01634054624474959
19633.05763599956	-0.3636686684289855	-1.9004866128692743e-05	0.01634054624474959
19661.223647426796	-0.3642039518220107	-1.900378321925088e-05	0.01634054624474959
19689.38965885403	-0.36473920464819204	-1.9002698874618345e-05	0.01634054624474959
19717.55567028127	-0.36527442686638434	-1.900161309449045e-05	0.01634054624474959
19745.721681708503	-0.3658096184354425	-1.9000525878562506e-05	0.01634054624474959
19773.887693135737	-0.3663447793142216	-1.8999437226529835e-05	0.01634054624474959
19802.053704562975	-0.36687990946157634	-1.899834713808775e-05	0.01634054624474959
19830.21971599021	-0.3674150088363619	-1.899725561293156e-05	0.01634054624474959
19858.385727417444	-0.367950077397433	-1.899616265075658e-05	0.01634054624474959
19886.551738844682	-0.3684851151036447	-1.899506825125813e-05	0.01634054624474959
19914.717750271917	-0.36902012191385186	-1.8993972414131523e-05	0.01634054624474959
19942.88376169915	-0.3695550977869095	-1.8992875139072067e-05	0.01634054624474959
19971.04977312639	-0.37009004268167245	-1.8991776425775085e-05	0.01634054624474959
19999.215784553624	-0.3706249565569957	-1.8990676273935885e-05	0.01634054624474959
20027.381795980862	-0.37115983937173413	-1.8989574683249787e-05	0.01634054624474959
20055.547807408097	-0.37169469108474273	-1.89884716534121e-05	0.01634054624474959
20083.71381883533	-0.3722295116548764	-1.898736718411814e-05	0.01634054624474959
20111.87983026257	-0.3727643010409901	-1.898626127506322e-05	0.01634054624474959
20140.045841689804	-0.37329905920193873	-1.898515392594266e-05	0.01634054624474959
20168.211853117038	-0.3738337860965772	-1.898404513645177e-05	0.01634054624474959
20196.377864544276	-0.37436848168376047	-1.8982934906285864e-05	0.01634054624474959
20224.54387597151	-0.3749031459223434	-1.8981823235140254e-05	0.01634054624474959
20252.709887398745	-0.3754377787711811	-1.8980710122710263e-05	0.01634054624474959
20280.875898825983	-0.3759723801891284	-1.89795955686912e-05	0.01634054624474959
20309.041910253218	-0.3765069501350401	-1.8978479572778377e-05	0.01634054624474959
20337.207921680456	-0.37704148856777137	-1.897736213466711e-05	0.01634054624474959
20365.37393310769	-0.3775759954461769	-1.8976243254052717e-05	0.01634054624474959
20393.539944534925	-0.37811047072911186	-1.897512293063051e-05	0.01634054624474959
20421.705955962163	-0.378644914375431	-1.89740011640958e-05	0.01634054624474959
20449.871967389394	-0.3791793263439893	-1.8972877954143905e-05	0.01634054624474959
20478.03797881663	-0.37971370659364173	-1.8971753300470144e-05	0.01634054624474959
20506.203990243866	-0.3802480550832432	-1.897062720276982e-05	0.01634054624474959
20534.3700016711	-0.38078237177164864	-1.8969499660738255e-05	0.01634054624474959
20562.53601309834	-0.38131665661771297	-1.8968370674070765e-05	0.01634054624474959
20590.702024525574	-0.3818509095802911	-1.896724024246266e-05	0.01634054624474959
20618.868035952808	-0.382385130618238	-1.8966108365609252e-05	0.01634054624474959
20647.034047380046	-0.3829193196904086	-1.8964975043205864e-05	0.01634054624474959
20675.20005880728	-0.3834534767556578	-1.8963840274947802e-05	0.01634054624474959
20703.366070234515	-0.3839876017728405	-1.8962704060530385e-05	0.01634054624474959
20731.532081661753	-0.38452169470081177	-1.8961566399648927e-05	0.01634054624474959
20759.698093088988	-0.3850557554984264	-1.896042729199874e-05	0.01634054624474959
20787.864104516222	-0.3855897841245394	-1.895928673727514e-05	0.01634054624474959
20816.03011594346	-0.38612378053800567	-1.8958144735173445e-05	0.01634054624474959
20844.196127370695	-0.3866577446976801	-1.8957001285388962e-05	0.01634054624474959
20872.362138797933	-0.3871916765624177	-1.895585638761701e-05	0.01634054624474959
20900.528150225167	-0.3877255760910734	-1.8954710041552906e-05	0.01634054624474959
20928.6941616524	-0.388259443242502	-1.8953562246891958e-05	0.01634054624474959
20956.86017307964	-0.3887932779755585	-1.895241300332948e-05	0.01634054624474959
20985.026184506874	-0.389327080249098	-1.8951262310560793e-05	0.01634054624474959
21013.19219593411	-0.3898608500219752	-1.895011016828121e-05	0.01634054624474959
21041.358207361347	-0.3903945872530451	-1.8948956576186038e-05	0.01634054624474959
21069.52421878858	-0.39092829190116263	-1.89478015339706e-05	0.01634054624474959
21097.690230215816	-0.39146196392518284	-1.894664504133021e-05	0.01634054624474959
21125.856241643054	-0.39199560328396044	-1.8945487097960175e-05	0.01634054624474959
21154.02225307029	-0.39252920993635054	-1.8944327703555817e-05	0.01634054624474959
21182.188264497527	-0.39306278384120796	-1.8943166857812443e-05	0.01634054624474959
21210.35427592476	-0.3935963249573877	-1.8942004560425377e-05	0.01634054624474959
21238.520287351996	-0.39412983324374473	-1.8940840811089923e-05	0.01634054624474959
21266.686298779234	-0.3946633086591338	-1.8939675609501405e-05	0.01634054624474959
21294.85231020647	-0.3951967511624101	-1.893850895535513e-05	0.01634054624474959
21323.018321633703	-0.39573016071242834	-1.8937340848346416e-05	0.01634054624474959
21351.18433306094	-0.39626353726804353	-1.8936171288170577e-05	0.01634054624474959
21379.350344488175	-0.3967968807881106	-1.893500027452293e-05	0.01634054624474959
21407.51635591541	-0.3973301912314845	-1.893382780709878e-05	0.01634054624474959
21435.682367342648	-0.39786346855702015	-1.8932653885593452e-05	0.01634054624474959
21463.848378769882	-0.39839671272357247	-1.8931478509702252e-05	0.01634054624474959
21492.014390197117	-0.3989299236899964	-1.8930301679120504e-05	0.01634054624474959
21520.180401624355	-0.39946310141514685	-1.8929123393543512e-05	0.01634054624474959
21548.34641305159	-0.39999624585787874	-1.8927943652666597e-05	0.01634054624474959
21576.512424478828	-0.40052935697704706	-1.8926762456185073e-05	0.01634054624474959
21604.678435906062	-0.4010624347315067	-1.8925579803794253e-05	0.01634054624474959
21632.844447333297	-0.4015954790801126	-1.8924395695189448e-05	0.01634054624474959
21661.010458760535	-0.4021284899817197	-1.892321013006598e-05	0.01634054624474959
21689.17647018777	-0.40266146739518294	-1.8922023108119157e-05	0.01634054624474959
21717.342481615004	-0.4031944112793572	-1.8920834629044295e-05	0.01634054624474959
21745.50849304224	-0.40372732159309743	-1.891964469253671e-05	0.01634054624474959
21773.674504469476	-0.4042601982952586	-1.8918453298291716e-05	0.01634054624474959
21801.84051589671	-0.40479304134469557	-1.8917260446004626e-05	0.01634054624474959
21830.00652732395	-0.4053258507002634	-1.8916066135370753e-05	0.01634054624474959
21858.172538751183	-0.4058586263208168	-1.8914870366085416e-05	0.01634054624474959
21886.33855017842	-0.40639136816521093	-1.8913673137843924e-05	0.01634054624474959
21914.504561605656	-0.40692407619230053	-1.8912474450341598e-05	0.01634054624474959
21942.67057303289	-0.40745675036094076	-1.8911274303273745e-05	0.01634054624474959
21970.83658446013	-0.4079893906299863	-1.8910072696335686e-05	0.01634054624474959
21999.002595887363	-0.4085219969582922	-1.890886962922273e-05	0.01634054624474959
22027.168607314597	-0.40905456930471346	-1.8907665101630194e-05	0.01634054624474959
22055.334618741836	-0.4095871076281049	-1.890645911325339e-05	0.01634054624474959
22083.50063016907	-0.4101196118873215	-1.890525166378764e-05	0.01634054624474959
22111.666641596305	-0.41065208204121817	-1.890404275292825e-05	0.01634054624474959
22139.832653023543	-0.4111845180486498	-1.8902832380370535e-05	0.01634054624474959
22167.998664450777	-0.4117169198684715	-1.8901620545809813e-05	0.01634054624474959
22196.164675878015	-0.4122492874595379	-1.89004072489414e-05	0.01634054624474959
22224.33068730525	-0.41278162078070424	-1.8899192489460606e-05	0.01634054624474959
22252.496698732484	-0.4133139197908252	-1.8897976267062745e-05	0.01634054624474959
22280.662710159722	-0.41384618444875587	-1.8896758581443134e-05	0.01634054624474959
22308.828721586957	-0.41437841471335113	-1.8895539432297084e-05	0.01634054624474959
22336.99473301419	-0.41491061054346595	-1.8894318819319915e-05	0.01634054624474959
22365.16074444143	-0.4154427718979552	-1.8893096742206938e-05	0.01634054624474959
22393.326755868664	-0.41597489873567384	-1.8891873200653466e-05	0.01634054624474959
22421.4927672959	-0.41650699101547684	-1.8890648194354816e-05	0.01634054624474959
22449.658778723136	-0.417039048696219	-1.8889421723006304e-05	0.01634054624474959
22477.82479015037	-0.41757107173675534	-1.8888193786303237e-05	0.01634054624474959
22505.990801577605	-0.4181030600959408	-1.8886964383940935e-05	0.01634054624474959
22534.156813004844	-0.4186350137326303	-1.8885733515614713e-05	0.01634054624474959
22562.322824432078	-0.4191669326056788	-1.8884501181019883e-05	0.01634054624474959
22590.488835859316	-0.41969881667394116	-1.888326737985176e-05	0.01634054624474959
22618.65484728655	-0.42023066589627234	-1.8882032111805663e-05	0.01634054624474959
22646.820858713785	-0.4207624802315273	-1.88807953765769e-05	0.01634054624474959
22674.986870141023	-0.42129425963856093	-1.8879557173860784e-05	0.01634054624474959
22703.152881568258	-0.4218260040762282	-1.8878317503352634e-05	0.01634054624474959
22731.318892995492	-0.422357713503384	-1.8877076364747766e-05	0.01634054624474959
22759.48490442273	-0.42288938787888336	-1.887583375774149e-05	0.01634054624474959
22787.650915849965	-0.42342102716158103	-1.887458968202912e-05	0.01634054624474959
22815.8169272772	-0.4239526313103321	-1.8873344137305973e-05	0.01634054624474959
22843.982938704434	-0.42448420028399136	-1.8872097123267367e-05	0.01634054624474959
22872.14895013167	-0.4250157340414139	-1.8870848639608606e-05	0.01634054624474959
22900.314961558906	-0.4255472325414546	-1.8869598686025016e-05	0.01634054624474959
22928.48097298614	-0.4260786957429683	-1.8868347262211902e-05	0.01634054624474959
22956.646984413375	-0.42661012360481004	-1.886709436786458e-05	0.01634054624474959
22984.812995840613	-0.4271415160858347	-1.8865840002678373e-05	0.01634054624474959
23012.979007267848	-0.4276728731448972	-1.8864584166348586e-05	0.01634054624474959
23041.145018695082	-0.42820419474085253	-1.8863326858570536e-05	0.01634054624474959
23069.31103012232	-0.4287354808325555	-1.8862068079039537e-05	0.01634054624474959
23097.477041549555	-0.4292667313788612	-1.8860807827450904e-05	0.01634054624474959
23125.643052976793	-0.42979794633862445	-1.8859546103499952e-05	0.01634054624474959
23153.809064404028	-0.43032912567070025	-1.8858282906881998e-05	0.01634054624474959
23181.975075831262	-0.4308602693339434	-1.885701823729235e-05	0.01634054624474959
23210.1410872585	-0.431391377287209	-1.8855752094426327e-05	0.01634054624474959
23238.307098685735	-0.4319224494893519	-1.885448447797924e-05	0.01634054624474959
23266.47311011297	-0.43245348589922694	-1.8853215387646406e-05	0.01634054624474959
23294.639121540207	-0.4329844864756892	-1.885194482312314e-05	0.01634054624474959
23322.80513296744	-0.4335154511775936	-1.8850672784104754e-05	0.01634054624474959
23350.971144394676	-0.434046379963795	-1.8849399270286564e-05	0.01634054624474959
23379.137155821914	-0.43457727279314834	-1.8848124281363883e-05	0.01634054624474959
23407.30316724915	-0.4351081296245085	-1.884684781703203e-05	0.01634054624474959
23435.469178676387	-0.4356389504167306	-1.8845569876986312e-05	0.01634054624474959
23463.63519010362	-0.4361697351286694	-1.8844290460922046e-05	0.01634054624474959
23491.801201530856	-0.4367004837191799	-1.8843009568534552e-05	0.01634054624474959
23519.967212958094	-0.4372311961471169	-1.8841727199519136e-05	0.01634054624474959
23548.13322438533	-0.43776187237133557	-1.8840443353571116e-05	0.01634054624474959
23576.299235812563	-0.43829251235069067	-1.883915803038581e-05	0.01634054624474959
23604.4652472398	-0.4388231160440371	-1.8837871229658525e-05	0.01634054624474959
23632.631258667036	-0.43935368341022996	-1.883658295108458e-05	0.01634054624474959
23660.79727009427	-0.439884214408124	-1.8835293194359292e-05	0.01634054624474959
23688.963281521508	-0.4404147089965743	-1.883400195917797e-05	0.01634054624474959
23717.129292948743	-0.44094516713443566	-1.883270924523593e-05	0.01634054624474959
23745.29530437598	-0.4414755887805631	-1.8831415052228487e-05	0.01634054624474959
23773.461315803215	-0.4420059738938116	-1.8830119379850956e-05	0.01634054624474959
23801.62732723045	-0.44253632243303587	-1.882882222779865e-05	0.01634054624474959
23829.793338657688	-0.44306663435709104	-1.8827523595766887e-05	0.01634054624474959
23857.959350084922	-0.443596909624832	-1.8826223483450976e-05	0.01634054624474959
23886.125361512157	-0.4441271481951137	-1.882492189054623e-05	0.01634054624474959
23914.291372939395	-0.44465735002679097	-1.8823618816747972e-05	0.01634054624474959
23942.45738436663	-0.4451875150787188	-1.882231426175151e-05	0.01634054624474959
23970.623395793864	-0.44571764330975217	-1.882100822525216e-05	0.01634054624474959
23998.789407221102	-0.446247734678746	-1.8819700706945236e-05	0.01634054624474959
24026.955418648336	-0.4467777891445551	-1.8818391706526053e-05	0.01634054624474959
24055.12143007557	-0.4473078066660346	-1.8817081223689924e-05	0.01634054624474959
24083.28744150281	-0.4478377872020392	-1.8815769258132165e-05	0.01634054624474959
24111.453452930044	-0.4483677307114241	-1.8814455809548088e-05	0.01634054624474959
24139.61946435728	-0.448897637153044	-1.8813140877633013e-05	0.01634054624474959
24167.785475784516	-0.44942750648575386	-1.8811824462082247e-05	0.01634054624474959
24195.95148721175	-0.4499573386684087	-1.881050656259111e-05	0.01634054624474959
24224.11749863899	-0.4504871336598635	-1.8809187178854914e-05	0.01634054624474959
24252.283510066223	-0.45101689141897294	-1.8807866310568974e-05	0.01634054624474959
24280.449521493458	-0.4515466119045922	-1.8806543957428602e-05	0.01634054624474959
24308.615532920696	-0.4520762950755761	-1.8805220119129118e-05	0.01634054624474959
24336.78154434793	-0.45260594089077966	-1.880389479536583e-05	0.01634054624474959
24364.947555775165	-0.45313554930905764	-1.8802567985834056e-05	0.01634054624474959
24393.113567202403	-0.4536651202892652	-1.880123969022911e-05	0.01634054624474959
24421.279578629637	-0.45419465379025714	-1.8799909908246305e-05	0.01634054624474959
24449.445590056876	-0.45472414977088826	-1.8798578639580958e-05	0.01634054624474959
24477.61160148411	-0.4552536081900137	-1.879724588392838e-05	0.01634054624474959
24505.777612911344	-0.45578302900648837	-1.8795911640983886e-05	0.01634054624474959
24533.943624338583	-0.45631241217916707	-1.8794575910442795e-05	0.01634054624474959
24562.109635765817	-0.45684175766690494	-1.8793238692000414e-05	0.01634054624474959
24590.27564719305	-0.45737106542855666	-1.8791899985352065e-05	0.01634054624474959
24618.44165862029	-0.45790033542297726	-1.8790559790193056e-05	0.01634054624474959
24646.607670047524	-0.45842956760902176	-1.8789218106218706e-05	0.01634054624474959
24674.77368147476	-0.458958761945545	-1.8787874933124325e-05	0.01634054624474959
24702.939692901997	-0.45948791839140196	-1.878653027060523e-05	0.01634054624474959
24731.10570432923	-0.46001703690544754	-1.8785184118356738e-05	0.01634054624474959
24759.27171575647	-0.46054611744653673	-1.8783836476074156e-05	0.01634054624474959
24787.437727183704	-0.4610751599735243	-1.8782487343452808e-05	0.01634054624474959
24815.60373861094	-0.4616041644452653	-1.8781136720188e-05	0.01634054624474959
24843.769750038176	-0.4621331308206147	-1.877978460597505e-05	0.01634054624474959
24871.93576146541	-0.4626620590584273	-1.877843100050927e-05	0.01634054624474959
24900.101772892645	-0.4631909491175582	-1.877707590348598e-05	0.01634054624474959
24928.267784319884	-0.46371980095686216	-1.877571931460049e-05	0.01634054624474959
24956.433795747118	-0.46424861453519417	-1.8774361233548116e-05	0.01634054624474959
24984.599807174352	-0.46477738981140926	-1.877300166002417e-05	0.01634054624474959
25012.76581860159	-0.4653061267443622	-1.8771640593723968e-05	0.01634054624474959
25040.931830028825	-0.4658348252929081	-1.8770278034342824e-05	0.01634054624474959
25069.09784145606	-0.4663634854159018	-1.876891398157605e-05	0.01634054624474959
25097.263852883298	-0.4668921070721981	-1.876754843511897e-05	0.01634054624474959
25125.429864310532	-0.46742069022065214	-1.876618139466689e-05	0.01634054624474959
25153.59587573777	-0.4679492348201187	-1.8764812859915122e-05	0.01634054624474959
25181.761887165005	-0.4684777408294528	-1.8763442830558985e-05	0.01634054624474959
25209.92789859224	-0.4690062082075094	-1.8762071306293794e-05	0.01634054624474959
25238.093910019477	-0.4695346369131433	-1.876069828681486e-05	0.01634054624474959
25266.259921446708	-0.4700630269052094	-1.87593237718175e-05	0.01634054624474959
25294.425932873946	-0.4705913781425629	-1.875794776099703e-05	0.01634054624474959
25322.59194430118	-0.47111969058405856	-1.875657025404876e-05	0.01634054624474959
25350.757955728415	-0.47164796418855126	-1.8755191250668005e-05	0.01634054624474959
25378.923967155653	-0.47217619891489604	-1.8753810750550085e-05	0.01634054624474959
25407.089978582888	-0.4727043947219477	-1.8752428753390308e-05	0.01634054624474959
25435.255990010122	-0.47323255156856137	-1.875104525888399e-05	0.01634054624474959
25463.42200143736	-0.47376066941359174	-1.8749660266726445e-05	0.01634054624474959
25491.588012864595	-0.47428874821589395	-1.874827377661299e-05	0.01634054624474959
25519.75402429183	-0.4748167879343228	-1.8746885788238938e-05	0.01634054624474959
25547.920035719068	-0.4753447885277333	-1.8745496301299602e-05	0.01634054624474959
25576.086047146302	-0.4758727499549803	-1.87441053154903e-05	0.01634054624474959
25604.252058573536	-0.47640067217491877	-1.874271283050634e-05	0.01634054624474959
25632.418070000775	-0.47692855514640364	-1.8741318846043046e-05	0.01634054624474959
25660.58408142801	-0.4774563988282899	-1.8739923361795723e-05	0.01634054624474959
25688.750092855247	-0.47798420317943235	-1.873852637745969e-05	0.01634054624474959
25716.91610428248	-0.478511968158686	-1.8737127892730257e-05	0.01634054624474959
25745.082115709716	-0.47903969372490585	-1.8735727907302745e-05	0.01634054624474959
25773.248127136954	-0.4795673798369467	-1.8734326420872466e-05	0.01634054624474959
25801.41413856419	-0.48009502645366353	-1.873292343313473e-05	0.01634054624474959
25829.580149991423	-0.4806226335339113	-1.8731518943784856e-05	0.01634054624474959
25857.74616141866	-0.48115020103654493	-1.873011295251816e-05	0.01634054624474959
25885.912172845896	-0.48167772892041927	-1.8728705459029952e-05	0.01634054624474959
25914.07818427313	-0.48220521714438935	-1.872729646301555e-05	0.01634054624474959
25942.24419570037	-0.4827326656673101	-1.8725885964170264e-05	0.01634054624474959
25970.410207127603	-0.4832600744480364	-1.872447396218941e-05	0.01634054624474959
25998.57621855484	-0.48378744344542324	-1.8723060456768305e-05	0.01634054624474959
26026.742229982076	-0.48431477261832556	-1.8721645447602262e-05	0.01634054624474959
26054.90824140931	-0.48484206192559814	-1.8720228934386595e-05	0.01634054624474959
26083.074252836548	-0.48536931132609595	-1.8718810916816616e-05	0.01634054624474959
26111.240264263783	-0.4858965207786741	-1.8717391394587642e-05	0.01634054624474959
26139.406275691017	-0.4864236902421874	-1.871597036739499e-05	0.01634054624474959
26167.572287118255	-0.48695081967549075	-1.871454783493397e-05	0.01634054624474959
26195.73829854549	-0.4874779090374391	-1.8713123796899898e-05	0.01634054624474959
26223.904309972724	-0.4880049582868874	-1.8711698252988088e-05	0.01634054624474959
26252.070321399962	-0.4885319673826906	-1.8710271202893854e-05	0.01634054624474959
26280.236332827197	-0.4890589362837036	-1.8708842646312513e-05	0.01634054624474959
26308.402344254435	-0.48958586494878137	-1.8707412582939373e-05	0.01634054624474959
26336.56835568167	-0.49011275333677873	-1.8705981012469756e-05	0.01634054624474959
26364.734367108904	-0.4906396014065508	-1.8704547934598975e-05	0.01634054624474959
26392.900378536142	-0.4911664091169523	-1.870311334902234e-05	0.01634054624474959
26421.066389963376	-0.4916931764268383	-1.8701677255435167e-05	0.01634054624474959
26449.23240139061	-0.49221990329506365	-1.8700239653532774e-05	0.01634054624474959
26477.39841281785	-0.49274658968048335	-1.8698800543010472e-05	0.01634054624474959
26505.564424245084	-0.49327323554195235	-1.8697359923563573e-05	0.01634054624474959
26533.730435672318	-0.49379984083832545	-1.8695917794887398e-05	0.01634054624474959
26561.896447099556	-0.4943264055284577	-1.8694474156677257e-05	0.01634054624474959
26590.06245852679	-0.494852929571204	-1.8693029008628465e-05	0.01634054624474959
26618.228469954025	-0.4953794129254193	-1.8691582350436334e-05	0.01634054624474959
26646.394481381263	-0.4959058555499584	-1.8690134181796183e-05	0.01634054624474959
26674.560492808498	-0.49643225740367647	-1.8688684502403328e-05	0.01634054624474959
26702.726504235736	-0.49695861844542827	-1.8687233311953076e-05	0.01634054624474959
26730.89251566297	-0.49748493863406873	-1.8685780610140744e-05	0.01634054624474959
26759.058527090205	-0.49801121792845277	-1.8684326396661648e-05	0.01634054624474959
26787.224538517443	-0.49853745628743545	-1.8682870671211105e-05	0.01634054624474959
26815.390549944677	-0.49906365366987154	-1.868141343348442e-05	0.01634054624474959
26843.55656137191	-0.49958981003461617	-1.867995468317692e-05	0.01634054624474959
26871.72257279915	-0.5001159253405241	-1.867849441998391e-05	0.01634054624474959
26899.888584226384	-0.5006419995464503	-1.8677032643600707e-05	0.01634054624474959
26928.05459565362	-0.5011680326112496	-1.8675569353722625e-05	0.01634054624474959
26956.220607080857	-0.5016940244937772	-1.8674104550044984e-05	0.01634054624474959
26984.38661850809	-0.5022199751528879	-1.8672638232263087e-05	0.01634054624474959
27012.55262993533	-0.5027458845474364	-1.8671170400072258e-05	0.01634054624474959
27040.718641362564	-0.503271752636278	-1.866970105316781e-05	0.01634054624474959
27068.8846527898	-0.5037975793782674	-1.8668230191245054e-05	0.01634054624474959
27097.050664217037	-0.5043233647322596	-1.8666757813999304e-05	0.01634054624474959
27125.21667564427	-0.5048491086571096	-1.866528392112588e-05	0.01634054624474959
27153.382687071506	-0.5053748111116722	-1.866380851232009e-05	0.01634054624474959
27181.548698498744	-0.5059004720548024	-1.8662331587277254e-05	0.01634054624474959
27209.71470992598	-0.5064260914453551	-1.866085314569268e-05	0.01634054624474959
27237.880721353213	-0.5069516692421852	-1.8659373187261687e-05	0.01634054624474959
27266.04673278045	-0.5074772054041476	-1.865789171167959e-05	0.01634054624474959
27294.212744207685	-0.5080026998900975	-1.86564087186417e-05	0.01634054624474959
27322.378755634923	-0.5085281526588896	-1.8654924207843334e-05	0.01634054624474959
27350.544767062158	-0.5090535636693788	-1.8653438178979804e-05	0.01634054624474959
27378.710778489392	-0.5095789328804201	-1.865195063174643e-05	0.01634054624474959
27406.87678991663	-0.5101042602508685	-1.8650461565838518e-05	0.01634054624474959
27435.042801343865	-0.5106295457395789	-1.8648970980951386e-05	0.01634054624474959
27463.2088127711	-0.511154789305406	-1.8647478876780352e-05	0.01634054624474959
27491.374824198338	-0.5116799909072051	-1.8645985253020725e-05	0.01634054624474959
27519.540835625572	-0.512205150503831	-1.8644490109367824e-05	0.01634054624474959
27547.706847052807	-0.5127302680541383	-1.8642993445516957e-05	0.01634054624474959
27575.872858480045	-0.5132553435169824	-1.8641495261163447e-05	0.01634054624474959
27604.03886990728	-0.5137803768512181	-1.8639995556002602e-05	0.01634054624474959
27632.204881334514	-0.5143053680157001	-1.8638494329729738e-05	0.01634054624474959
27660.370892761748	-0.5148303169692836	-1.863699158204017e-05	0.01634054624474959
27688.536904188983	-0.5153552236708234	-1.863548731262921e-05	0.01634054624474959
27716.70291561622	-0.5158800880791745	-1.863398152119218e-05	0.01634054624474959
27744.868927043455	-0.5164049101531919	-1.8632474207424383e-05	0.01634054624474959
27773.03493847069	-0.5169296898517304	-1.8630965371021142e-05	0.01634054624474959
27801.200949897928	-0.5174544271336449	-1.8629455011677767e-05	0.01634054624474959
27829.366961325162	-0.5179791219577904	-1.8627943129089572e-05	0.01634054624474959
27857.5329727524	-0.5185037742830219	-1.8626429722951878e-05	0.01634054624474959
27885.698984179635	-0.5190283840681942	-1.862491479295999e-05	0.01634054624474959
27913.86499560687	-0.5195529512721622	-1.862339833880923e-05	0.01634054624474959
27942.031007034107	-0.520077475853781	-1.862188036019491e-05	0.01634054624474959
27970.197018461342	-0.5206019577719053	-1.8620360856812342e-05	0.01634054624474959
27998.363029888576	-0.5211263969853903	-1.8618839828356842e-05	0.01634054624474959
28026.529041315815	-0.5216507934530907	-1.8617317274523726e-05	0.01634054624474959
28054.69505274305	-0.5221751471338616	-1.8615793195008306e-05	0.01634054624474959
28082.861064170283	-0.5226994579865579	-1.8614267589505897e-05	0.01634054624474959
28111.02707559752	-0.5232237259700345	-1.8612740457711815e-05	0.01634054624474959
28139.19308702476	-0.5237479510431464	-1.861121179932137e-05	0.01634054624474959
