x	chi	dchidx	s0
0.00016368825612212245	0.0	1.4008959041335767	1.4008959041335767
0.013774875407439758	0.019067851885719217	1.4008949598721256	1.4008959041335767
0.027386062558757394	0.03813567906890458	1.4008922759609752	1.4008959041335767
0.04099724971007503	0.0572034578957139	1.4008878544272256	1.4008959041335767
0.054608436861392676	0.0762711647160738	1.4008816954336154	1.4008959041335767
0.06821962401271031	0.09533877588094729	1.4008737990656939	1.4008959041335767
0.08183081116402795	0.11440626774233381	1.4008641653318212	1.4008959041335767
0.09544199831534558	0.13347361663902757	1.400852794168069	1.4008959041335767
0.10905318546666322	0.15254079871884985	1.40083968554545	1.4008959041335767
0.12266437261798087	0.17160779029842713	1.400824839434071	1.4008959041335767
0.1362755597692985	0.19067456776816175	1.4008082557818105	1.4008959041335767
0.14988674692061613	0.20974110751494252	1.400789934530662	1.4008959041335767
0.16349793407193378	0.22880738592214436	1.4007698756167335	1.4008959041335767
0.17710912122325143	0.2478733793696286	1.4007480789702482	1.4008959041335767
0.19072030837456905	0.26693906423374275	1.4007245445155443	1.4008959041335767
0.20433149552588667	0.2860044168873206	1.4006992721710745	1.4008959041335767
0.2179426826772043	0.3050694136996823	1.400672261849407	1.4008959041335767
0.23155386982852194	0.3241340310366343	1.4006435134572246	1.4008959041335767
0.2451650569798396	0.34319824526046927	1.400613026895325	1.4008959041335767
0.2587762441311572	0.3622620327299659	1.4005808020586212	1.4008959041335767
0.27238743128247483	0.3813253698003897	1.4005468388361408	1.4008959041335767
0.2859986184337925	0.4003882328234922	1.4005111371110266	1.4008959041335767
0.2996098055851101	0.4194505981475109	1.4004736967605358	1.4008959041335767
0.31322099273642773	0.43851244211717016	1.4004345176560413	1.4008959041335767
0.3268321798877454	0.45757374107368004	1.4003935996630303	1.4008959041335767
0.340443367039063	0.47663447135473747	1.4003509426411054	1.4008959041335767
0.3540545541903807	0.49569460929452513	1.400306546443984	1.4008959041335767
0.36766574134169827	0.5147541312237123	1.4002604109194978	1.4008959041335767
0.3812769284930159	0.5338130134694544	1.4002125359095947	1.4008959041335767
0.39488811564433357	0.5528712323553931	1.4001629212503366	1.4008959041335767
0.40849930279565116	0.5719287642016566	1.4001115667719006	1.4008959041335767
0.4221104899469688	0.590985585324859	1.4000584722985787	1.4008959041335767
0.43572167709828646	0.6100416720381011	1.4000036376487779	1.4008959041335767
0.4493328642496041	0.6290970006509695	1.3999470626350201	1.4008959041335767
0.46294405140092176	0.6481515474695378	1.3998887470639423	1.4008959041335767
0.4765552385522394	0.6672052887963649	1.399828690736296	1.4008959041335767
0.49016642570355706	0.6862582009304965	1.399766893446948	1.4008959041335767
0.5037776128548747	0.7053102601674648	1.39970335498488	1.4008959041335767
0.5173888000061923	0.7243614427992882	1.399638075133189	1.4008959041335767
0.53099998715751	0.743411725114471	1.399571053669086	1.4008959041335767
0.5446111743088276	0.7624610833980041	1.3995022903638976	1.4008959041335767
0.5582223614601453	0.7815094939313643	1.3994317849830653	1.4008959041335767
0.5718335486114628	0.8005569329925155	1.3993595372861454	1.4008959041335767
0.5854447357627806	0.819603376855907	1.3992855470268095	1.4008959041335767
0.599055922914098	0.8386488017924747	1.3992098139528433	1.4008959041335767
0.6126671100654157	0.8576931840696411	1.3991323378061484	1.4008959041335767
0.6262782972167333	0.8767364999513143	1.3990531183227408	1.4008959041335767
0.639889484368051	0.8957787256978895	1.3989721552327516	1.4008959041335767
0.6535006715193686	0.9148198375662477	1.3988894482604268	1.4008959041335767
0.6671118586706863	0.9338598118097556	1.3988049971241272	1.4008959041335767
0.6807230458220039	0.9528986246782676	1.3987188015363285	1.4008959041335767
0.6943342329733216	0.9719362524181232	1.398630861203622	1.4008959041335767
0.7079454201246392	0.9909726712721485	1.3985411758267132	1.4008959041335767
0.7215566072759568	1.010007857479656	1.3984497451004227	1.4008959041335767
0.7351677944272744	1.0290417872764448	1.3983565687136863	1.4008959041335767
0.7487789815785921	1.0480744368947994	1.3982616463495545	1.4008959041335767
0.7623901687299097	1.0671057825634913	1.3981649776851928	1.4008959041335767
0.7760013558812274	1.0861358005077781	1.3980665623918815	1.4008959041335767
0.789612543032545	1.1051644669494036	1.3979664001350163	1.4008959041335767
0.8032237301838627	1.1241917581065979	1.3978644905741073	1.4008959041335767
0.8168349173351803	1.1432176501940774	1.3977608333627798	1.4008959041335767
0.830446104486498	1.1622421194230446	1.3976554281487739	1.4008959041335767
0.8440572916378155	1.1812651420011888	1.397548274573945	1.4008959041335767
0.8576684787891333	1.2002866941326855	1.3974393722742628	1.4008959041335767
0.8712796659404508	1.219306752018195	1.3973287208798129	1.4008959041335767
0.8848908530917684	1.2383252918548666	1.3972163200147947	1.4008959041335767
0.8985020402430861	1.2573422898363333	1.3971021692975232	1.4008959041335767
0.9121132273944037	1.2763577221527158	1.3969862683404284	1.4008959041335767
0.9257244145457214	1.2953722993364505	1.3968685495215514	1.4008959041335767
0.939335601697039	1.3143864989721257	1.3967483857065632	1.4008959041335767
0.9529467888483567	1.3333999302679564	1.3966250446380863	1.4008959041335767
0.9665579759996743	1.3524122352883339	1.3964979431416427	1.4008959041335767
0.980169163150992	1.3714230890155705	1.3963666471320557	1.4008959041335767
0.9937803503023096	1.3904321993498976	1.3962308716134486	1.4008959041335767
1.007391537453627	1.409439307109467	1.3960904806792458	1.4008959041335767
1.021002724604945	1.4284441860303507	1.3959454875121715	1.4008959041335767
1.0346139117562625	1.4474466427665396	1.3957960543842511	1.4008959041335767
1.04822509890758	1.4664465168899457	1.3956424926568105	1.4008959041335767
1.0618362860588977	1.4854436808903997	1.3954852627804757	1.4008959041335767
1.0754474732102155	1.5044380401756536	1.3953249742951734	1.4008959041335767
1.089058660361533	1.523429533071378	1.395162385830131	1.4008959041335767
1.1026698475128507	1.5424181308211642	1.3949984051038766	1.4008959041335767
1.1162810346641683	1.5614038375865236	1.3948340889242385	1.4008959041335767
1.1298922218154859	1.5803866904468862	1.3946706431883455	1.4008959041335767
1.1435034089668037	1.5993667593996037	1.3945094228826274	1.4008959041335767
1.1571145961181213	1.6183441473599467	1.394351932082814	1.4008959041335767
1.1707257832694389	1.6373189901611056	1.394199823953936	1.4008959041335767
1.1843369704207565	1.6562914565541909	1.3940549007503245	1.4008959041335767
1.197948157572074	1.6752617482082333	1.393919113815611	1.4008959041335767
1.2115593447233919	1.6942300997101836	1.393794563582728	1.4008959041335767
1.2251705318747093	1.7131967785649114	1.3936834995739082	1.4008959041335767
1.238781719026027	1.7321620851952078	1.393588320400685	1.4008959041335767
1.2523929061773447	1.7511263529417822	1.393511573763892	1.4008959041335767
1.2660040933286625	1.7700899480632653	1.3934559564536637	1.4008959041335767
1.2796152804799799	1.7890532697362063	1.393424314349435	1.4008959041335767
1.2932264676312977	1.8080167500550761	1.3934196424199414	1.4008959041335767
1.3068376547826153	1.8269808540322636	1.393445084723219	1.4008959041335767
1.3204488419339329	1.8459460795980793	1.393503934406604	1.4008959041335767
1.3340600290852505	1.8649129576007526	1.3935996337067342	1.4008959041335767
1.347671216236568	1.8838820518064328	1.3937357739495466	1.4008959041335767
1.3479607170823986	1.8842855399780063	1.3937391262492713	1.4008959041335767
1.348250217928229	1.8846890291201515	1.3937424792626465	1.4008959041335767
1.3485397187740595	1.8850925192330752	1.3937458329896777	1.4008959041335767
1.34882921961989	1.8854960103169849	1.3937491874303702	1.4008959041335767
1.3491187204657207	1.8858995023720868	1.3937525425847297	1.4008959041335767
1.349408221311551	1.8863029953985881	1.3937558984527614	1.4008959041335767
1.3496977221573816	1.8867064893966956	1.3937592550344704	1.4008959041335767
1.349987223003212	1.8871099843666164	1.3937626123298625	1.4008959041335767
1.3502767238490425	1.8875134803085574	1.393765970338943	1.4008959041335767
1.3505662246948729	1.8879169772227251	1.3937693290617168	1.4008959041335767
1.3508557255407034	1.8883204751093272	1.39377268849819	1.4008959041335767
1.351145226386534	1.88872397396857	1.3937760486483677	1.4008959041335767
1.3514347272323644	1.8891274738006603	1.3937794095122553	1.4008959041335767
1.351724228078195	1.8895309746058053	1.393782771089858	1.4008959041335767
1.3520137289240253	1.8899344763842119	1.3937861333811816	1.4008959041335767
1.3523032297698558	1.890337979136087	1.3937894963862312	1.4008959041335767
1.3525927306156862	1.8907414828616373	1.393792860105012	1.4008959041335767
1.352882231461517	1.8911449875610704	1.39379622453753	1.4008959041335767
1.3531717323073473	1.8915484932345925	1.3937995896837898	1.4008959041335767
1.353461233153178	1.8919519998824106	1.3938029555437974	1.4008959041335767
1.3537507339990082	1.8923555075047316	1.3938063221175578	1.4008959041335767
1.3540402348448388	1.8927590161017627	1.3938096894050769	1.4008959041335767
1.3543297356906692	1.8931625256737106	1.3938130574063596	1.4008959041335767
1.3546192365364997	1.8935660362207822	1.3938164261214114	1.4008959041335767
1.35490873738233	1.8939695477431844	1.3938197955502378	1.4008959041335767
1.3551982382281609	1.8943730602411246	1.393823165692844	1.4008959041335767
1.3554877390739912	1.894776573714809	1.3938265365492357	1.4008959041335767
1.3557772399198218	1.8951800881644447	1.3938299081194179	1.4008959041335767
1.3560667407656521	1.8955836035902387	1.3938332804033964	1.4008959041335767
1.3563562416114827	1.895987119992398	1.3938366534011761	1.4008959041335767
1.356645742457313	1.8963906373711295	1.393840027112763	1.4008959041335767
1.3569352433031436	1.89679415572664	1.3938434015381618	1.4008959041335767
1.3572247441489742	1.8971976750591364	1.3938467766773783	1.4008959041335767
1.3575142449948048	1.8976011953688257	1.393850152530418	1.4008959041335767
1.3578037458406351	1.8980047166559146	1.3938535290972862	1.4008959041335767
1.3580932466864657	1.8984082389206103	1.393856906377988	1.4008959041335767
1.358382747532296	1.8988117621631195	1.393860284372529	1.4008959041335767
1.3586722483781266	1.8992152863836491	1.3938636630809147	1.4008959041335767
1.358961749223957	1.8996188115824062	1.3938670425031503	1.4008959041335767
1.3592512500697875	1.900022337759598	1.393870422639241	1.4008959041335767
1.359540750915618	1.9004258649154306	1.3938738034891929	1.4008959041335767
1.3598302517614487	1.9008293930501112	1.3938771850530107	1.4008959041335767
1.360119752607279	1.901232922163847	1.3938805673307	1.4008959041335767
1.3604092534531096	1.9016364522568447	1.3938839503222662	1.4008959041335767
1.36069875429894	1.9020399833293113	1.3938873340277147	1.4008959041335767
1.3609882551447705	1.9024435153814538	1.393890718447051	1.4008959041335767
1.361277755990601	1.9028470484134792	1.3938941035802803	1.4008959041335767
1.3615672568364314	1.9032505824255936	1.393897489427408	1.4008959041335767
1.361856757682262	1.9036541174180048	1.3939008759884397	1.4008959041335767
1.3621462585280923	1.9040576533909195	1.3939042632633805	1.4008959041335767
1.362435759373923	1.9044611903445443	1.393907651252236	1.4008959041335767
1.3627252602197533	1.9048647282790863	1.3939110399550114	1.4008959041335767
1.3630147610655838	1.9052682671947525	1.3939144293717123	1.4008959041335767
1.3633042619114144	1.90567180709175	1.393917819502344	1.4008959041335767
1.363593762757245	1.9060753479702852	1.3939212103469119	1.4008959041335767
1.3638832636030753	1.9064788898305653	1.3939246019054212	1.4008959041335767
1.364172764448906	1.9068824326727971	1.3939279941778775	1.4008959041335767
1.3644622652947362	1.9072859764971877	1.3939313871642862	1.4008959041335767
1.3647517661405668	1.9076895213039438	1.3939347808646527	1.4008959041335767
1.3650412669863972	1.9080930670932723	1.3939381752789821	1.4008959041335767
1.3653307678322277	1.9084966138653805	1.3939415704072802	1.4008959041335767
1.3656202686780583	1.908900161620475	1.3939449662495522	1.4008959041335767
1.3659097695238889	1.9093037103587627	1.3939483628058034	1.4008959041335767
1.3661992703697192	1.9097072600804503	1.3939517600760392	1.4008959041335767
1.3664887712155498	1.9101108107857452	1.3939551580602652	1.4008959041335767
1.3667782720613801	1.910514362474854	1.3939585567584867	1.4008959041335767
1.3670677729072107	1.9109179151479836	1.3939619561707088	1.4008959041335767
1.367357273753041	1.911321468805341	1.3939653562969372	1.4008959041335767
1.3676467745988719	1.9117250234471332	1.3939687571371773	1.4008959041335767
1.3679362754447022	1.912128579073567	1.3939721586914342	1.4008959041335767
1.3682257762905328	1.9125321356848493	1.3939755609597138	1.4008959041335767
1.3685152771363631	1.9129356932811867	1.3939789639420208	1.4008959041335767
1.3688047779821937	1.9133392518627867	1.3939823676383614	1.4008959041335767
1.369094278828024	1.913742811429856	1.39398577204874	1.4008959041335767
1.3693837796738546	1.9141463719826013	1.393989177173163	1.4008959041335767
1.3696732805196852	1.91454993352123	1.393992583011635	1.4008959041335767
1.3699627813655155	1.9149534960459482	1.393995989564162	1.4008959041335767
1.370252282211346	1.9153570595569636	1.393999396830749	1.4008959041335767
1.3705417830571764	1.9157606240544824	1.3940028048114015	1.4008959041335767
1.370831283903007	1.9161641895387123	1.3940062135061249	1.4008959041335767
1.3711207847488374	1.9165677560098595	1.3940096229149244	1.4008959041335767
1.371410285594668	1.9169713234681314	1.3940130330378058	1.4008959041335767
1.3716997864404985	1.917374891913735	1.394016443874774	1.4008959041335767
1.371989287286329	1.9177784613468767	1.3940198554258347	1.4008959041335767
1.3722787881321594	1.9181820317677634	1.3940232676909932	1.4008959041335767
1.37256828897799	1.9185856031766024	1.394026680670255	1.4008959041335767
1.3728577898238203	1.9189891755736006	1.3940300943636255	1.4008959041335767
1.373147290669651	1.9193927489589646	1.3940335087711098	1.4008959041335767
1.3734367915154813	1.9197963233329016	1.3940369238927133	1.4008959041335767
1.373726292361312	1.9201998986956186	1.3940403397284418	1.4008959041335767
1.3740157932071424	1.920603475047322	1.3940437562783004	1.4008959041335767
1.374305294052973	1.921007052388219	1.3940471735422946	1.4008959041335767
1.3745947948988033	1.9214106307185166	1.3940505915204295	1.4008959041335767
1.3748842957446339	1.9218142100384217	1.394054010212711	1.4008959041335767
1.3751737965904642	1.922217790348141	1.394057429619144	1.4008959041335767
1.3754632974362948	1.9226213716478815	1.3940608497397342	1.4008959041335767
1.3757527982821252	1.9230249539378503	1.3940642705744868	1.4008959041335767
1.376042299127956	1.9234285372182545	1.3940676921234072	1.4008959041335767
1.3763317999737863	1.9238321214893002	1.394071114386501	1.4008959041335767
1.3766213008196169	1.9242357067511948	1.3940745373637733	1.4008959041335767
1.3769108016654472	1.9246392930041454	1.3940779610552296	1.4008959041335767
1.3772003025112778	1.9250428802483586	1.3940813854608756	1.4008959041335767
1.3774898033571081	1.9254464684840416	1.3940848105807162	1.4008959041335767
1.3777793042029387	1.9258500577114008	1.3940882364147569	1.4008959041335767
1.3780688050487693	1.926253647930644	1.3940916629630034	1.4008959041335767
1.3783583058945996	1.9266572391419772	1.3940950902254607	1.4008959041335767
1.3786478067404302	1.9270608313456075	1.3940985182021344	1.4008959041335767
1.3789373075862608	1.927464424541742	1.3941019468930298	1.4008959041335767
1.3792268084320911	1.9278680187305879	1.3941053762981523	1.4008959041335767
1.3795163092779217	1.9282716139123515	1.3941088064175073	1.4008959041335767
1.379805810123752	1.92867521008724	1.3941122372511003	1.4008959041335767
1.3800953109695826	1.9290788072554605	1.3941156687989367	1.4008959041335767
1.3803848118154132	1.9294824054172197	1.3941191010610217	1.4008959041335767
1.3806743126612435	1.9298860045727244	1.3941225340373606	1.4008959041335767
1.380963813507074	1.9302896047221818	1.3941259677279592	1.4008959041335767
1.3812533143529044	1.9306932058657984	1.3941294021328225	1.4008959041335767
1.381542815198735	1.9310968080037814	1.3941328372519561	1.4008959041335767
1.3818323160445654	1.9315004111363379	1.3941362730853653	1.4008959041335767
1.3821218168903961	1.9319040152636746	1.3941397096330554	1.4008959041335767
1.3824113177362265	1.9323076203859981	1.394143146895032	1.4008959041335767
1.382700818582057	1.9327112265035158	1.3941465848713004	1.4008959041335767
1.3829903194278874	1.933114833616434	1.394150023561866	1.4008959041335767
1.383279820273718	1.9335184417249605	1.394153462966734	1.4008959041335767
1.3835693211195483	1.9339220508293016	1.3941569030859102	1.4008959041335767
1.383858821965379	1.9343256609296642	1.3941603439193997	1.4008959041335767
1.3841483228112095	1.9347292720262557	1.3941637854672078	1.4008959041335767
1.38443782365704	1.9351328841192823	1.39416722772934	1.4008959041335767
1.3847273245028704	1.9355364972089513	1.3941706707058017	1.4008959041335767
1.385016825348701	1.9359401112954695	1.3941741143965984	1.4008959041335767
1.3853063261945313	1.936343726379044	1.3941775588017353	1.4008959041335767
1.3855958270403619	1.9367473424598816	1.394181003921218	1.4008959041335767
1.3858853278861922	1.9371509595381893	1.3941844497550515	1.4008959041335767
1.386174828732023	1.937554577614174	1.3941878963032417	1.4008959041335767
1.3864643295778534	1.9379581966880424	1.3941913435657936	1.4008959041335767
1.386753830423684	1.9383618167600012	1.3941947915427126	1.4008959041335767
1.3870433312695143	1.938765437830258	1.3941982402340045	1.4008959041335767
1.3873328321153449	1.9391690598990192	1.3942016896396743	1.4008959041335767
1.3876223329611752	1.9395726829664919	1.3942051397597273	1.4008959041335767
1.3879118338070058	1.939976307032883	1.3942085905941692	1.4008959041335767
1.3882013346528361	1.9403799320983992	1.3942120421430053	1.4008959041335767
1.3884908354986667	1.940783558163248	1.3942154944062408	1.4008959041335767
1.3887803363444973	1.9411871852276357	1.3942189473838813	1.4008959041335767
1.3890698371903276	1.9415908132917694	1.3942224010759323	1.4008959041335767
1.3893593380361582	1.941994442355856	1.3942258554823987	1.4008959041335767
1.3896488388819885	1.9423980724201022	1.3942293106032864	1.4008959041335767
1.389938339727819	1.9428017034847154	1.3942327664386007	1.4008959041335767
1.3902278405736495	1.9432053355499022	1.3942362229883467	1.4008959041335767
1.3905173414194802	1.9436089686158697	1.3942396802525299	1.4008959041335767
1.3908068422653106	1.9440126026828246	1.394243138231156	1.4008959041335767
1.3910963431111412	1.9444162377509737	1.39424659692423	1.4008959041335767
1.3913858439569715	1.9448198738205242	1.3942500563317572	1.4008959041335767
1.391675344802802	1.9452235108916829	1.3942535164537435	1.4008959041335767
1.3919648456486324	1.9456271489646566	1.394256977290194	1.4008959041335767
1.392254346494463	1.9460307880396523	1.394260438841114	1.4008959041335767
1.3925438473402936	1.9464344281168775	1.394263901106509	1.4008959041335767
1.3928333481861241	1.946838069196538	1.3942673640863843	1.4008959041335767
1.3931228490319545	1.9472417112788412	1.3942708277807454	1.4008959041335767
1.393412349877785	1.9476453543639942	1.3942742921895976	1.4008959041335767
1.3937018507236154	1.9480489984522038	1.3942777573129466	1.4008959041335767
1.393991351569446	1.9484526435436766	1.3942812231507973	1.4008959041335767
1.3942808524152763	1.9488562896386201	1.3942846897031553	1.4008959041335767
1.3945703532611071	1.949259936737241	1.394288156970026	1.4008959041335767
1.3948598541069375	1.949663584839746	1.3942916249514148	1.4008959041335767
1.395149354952768	1.9500672339463418	1.394295093647327	1.4008959041335767
1.3954388557985984	1.9504708840572358	1.3942985630577682	1.4008959041335767
1.395728356644429	1.9508745351726349	1.3943020331827436	1.4008959041335767
1.3960178574902593	1.9512781872927456	1.3943055040222587	1.4008959041335767
1.3963073583360899	1.9516818404177751	1.3943089755763187	1.4008959041335767
1.3965968591819204	1.9520854945479305	1.3943124478449291	1.4008959041335767
1.3968863600277508	1.9524891496834182	1.3943159208280953	1.4008959041335767
1.3971758608735814	1.9528928058244455	1.3943193945258228	1.4008959041335767
1.3974653617194117	1.9532964629712193	1.3943228689381169	1.4008959041335767
1.3977548625652423	1.9537001211239462	1.394326344064983	1.4008959041335767
1.3980443634110726	1.9541037802828334	1.3943298199064262	1.4008959041335767
1.3983338642569032	1.9545074404480876	1.3943332964624522	1.4008959041335767
1.3986233651027338	1.954911101619916	1.3943367737330665	1.4008959041335767
1.3989128659485643	1.9553147637985253	1.3943402517182741	1.4008959041335767
1.3992023667943947	1.9557184269841223	1.3943437304180808	1.4008959041335767
1.3994918676402253	1.9561220911769144	1.3943472098324918	1.4008959041335767
1.3997813684860556	1.9565257563771077	1.3943506899615123	1.4008959041335767
1.4000708693318862	1.9569294225849099	1.394354170805148	1.4008959041335767
1.4003603701777165	1.9573330898005274	1.394357652363404	1.4008959041335767
1.400649871023547	1.9577367580241674	1.394361134636286	1.4008959041335767
1.4009393718693777	1.958140427256037	1.3943646176237994	1.4008959041335767
1.4012288727152082	1.9585440974963424	1.394368101325949	1.4008959041335767
1.4015183735610386	1.9589477687452912	1.394371585742741	1.4008959041335767
1.4018078744068692	1.9593514410030899	1.3943750708741802	1.4008959041335767
1.4020973752526995	1.9597551142699454	1.3943785567202722	1.4008959041335767
1.40238687609853	1.960158788546065	1.3943820432810223	1.4008959041335767
1.4026763769443604	1.9605624638316552	1.394385530556436	1.4008959041335767
1.4029658777901912	1.9609661401269234	1.3943890185465189	1.4008959041335767
1.4032553786360216	1.9613698174320757	1.394392507251276	1.4008959041335767
1.4035448794818521	1.9617734957473199	1.3943959966707127	1.4008959041335767
1.4038343803276825	1.9621771750728623	1.3943994868048344	1.4008959041335767
1.404123881173513	1.96258085540891	1.3944029776536468	1.4008959041335767
1.4044133820193434	1.9629845367556698	1.3944064692171552	1.4008959041335767
1.404702882865174	1.963388219113349	1.3944099614953647	1.4008959041335767
1.4049923837110045	1.9637919024821542	1.394413454488281	1.4008959041335767
1.4052818845568351	1.9641955868622925	1.394416948195909	1.4008959041335767
1.4055713854026655	1.9645992722539702	1.3944204426182547	1.4008959041335767
1.405860886248496	1.965002958657395	1.3944239377553234	1.4008959041335767
1.4061503870943264	1.9654066460727735	1.39442743360712	1.4008959041335767
1.406439887940157	1.9658103345003124	1.3944309301736504	1.4008959041335767
1.4067293887859873	1.9662140239402188	1.3944344274549199	1.4008959041335767
1.4070188896318179	1.9666177143927	1.3944379254509336	1.4008959041335767
1.4073083904776484	1.9670214058579623	1.394441424161697	1.4008959041335767
1.4075978913234788	1.9674250983362127	1.3944449235872156	1.4008959041335767
1.4078873921693094	1.9678287918276582	1.3944484237274948	1.4008959041335767
1.4081768930151397	1.9682324863325058	1.39445192458254	1.4008959041335767
1.4084663938609703	1.9686361818509626	1.3944554261523565	1.4008959041335767
1.4087558947068006	1.969039878383235	1.3944589284369495	1.4008959041335767
1.4090453955526312	1.9694435759295301	1.3944624314363248	1.4008959041335767
1.4093348963984618	1.9698472744900555	1.3944659351504876	1.4008959041335767
1.4096243972442923	1.970250974065017	1.3944694395794432	1.4008959041335767
1.4099138980901227	1.970654674654622	1.3944729447231972	1.4008959041335767
1.4102033989359533	1.9710583762590774	1.3944764505817546	1.4008959041335767
1.4104928997817836	1.9714620788785902	1.3944799571551212	1.4008959041335767
1.4107824006276142	1.9718657825133672	1.3944834644433022	1.4008959041335767
1.4110719014734447	1.9722694871636157	1.394486972446303	1.4008959041335767
1.4113614023192753	1.972673192829542	1.394490481164129	1.4008959041335767
1.4116509031651057	1.9730768995113532	1.3944939905967855	1.4008959041335767
1.4119404040109362	1.973480607209256	1.3944975007442781	1.4008959041335767
1.4122299048567666	1.973884315923458	1.394501011606612	1.4008959041335767
1.4125194057025972	1.9742880256541657	1.3945045231837927	1.4008959041335767
1.4128089065484275	1.974691736401586	1.3945080354758257	1.4008959041335767
1.413098407394258	1.9750954481659255	1.394511548482716	1.4008959041335767
1.4133879082400886	1.9754991609473918	1.3945150622044693	1.4008959041335767
1.4136774090859192	1.9759028747461913	1.3945185766410908	1.4008959041335767
1.4139669099317496	1.976306589562531	1.3945220917925862	1.4008959041335767
1.4142564107775801	1.9767103053966177	1.3945256076589605	1.4008959041335767
1.4145459116234105	1.9771140222486587	1.3945291242402194	1.4008959041335767
1.414835412469241	1.9775177401188606	1.3945326415363681	1.4008959041335767
1.4151249133150714	1.9779214590074303	1.394536159547412	1.4008959041335767
1.415414414160902	1.9783251789145753	1.3945396782733566	1.4008959041335767
1.4157039150067325	1.9787288998405015	1.3945431977142073	1.4008959041335767
1.4159934158525629	1.9791326217854164	1.3945467178699693	1.4008959041335767
1.4162829166983935	1.9795363447495267	1.394550238740648	1.4008959041335767
1.4165724175442238	1.9799400687330395	1.394553760326249	1.4008959041335767
1.4168619183900544	1.9803437937361617	1.3945572826267776	1.4008959041335767
1.4171514192358847	1.9807475197591002	1.3945608056422392	1.4008959041335767
1.4174409200817155	1.981151246802062	1.394564329372639	1.4008959041335767
1.4177304209275459	1.9815549748652537	1.3945678538179826	1.4008959041335767
1.4180199217733764	1.9819587039488824	1.3945713789782754	1.4008959041335767
1.4183094226192068	1.9823624340531547	1.3945749048535228	1.4008959041335767
1.4185989234650374	1.9827661651782782	1.39457843144373	1.4008959041335767
1.4188884243108677	1.9831698973244591	1.3945819587489023	1.4008959041335767
1.4191779251566983	1.983573630491905	1.3945854867690455	1.4008959041335767
1.4194674260025288	1.9839773646808223	1.3945890155041647	1.4008959041335767
1.4197569268483594	1.984381099891418	1.3945925449542653	1.4008959041335767
1.4200464276941898	1.9847848361238989	1.394596075119353	1.4008959041335767
1.4203359285400203	1.9851885733784722	1.3945996059994326	1.4008959041335767
1.4206254293858507	1.9855923116553444	1.3946031375945098	1.4008959041335767
1.4209149302316813	1.985996050954723	1.3946066699045903	1.4008959041335767
1.4212044310775116	1.9863997912768145	1.394610202929679	1.4008959041335767
1.4214939319233422	1.9868035326218259	1.3946137366697815	1.4008959041335767
1.4217834327691727	1.9872072749899643	1.3946172711249032	1.4008959041335767
1.4220729336150033	1.9876110183814362	1.3946208062950496	1.4008959041335767
1.4223624344608337	1.9880147627964486	1.3946243421802258	1.4008959041335767
1.4226519353066642	1.9884185082352088	1.3946278787804374	1.4008959041335767
1.4229414361524946	1.9888222546979233	1.3946314160956896	1.4008959041335767
1.4232309369983251	1.9892260021847992	1.394634954125988	1.4008959041335767
1.4235204378441555	1.9896297506960432	1.394638492871338	1.4008959041335767
1.423809938689986	1.9900335002318628	1.3946420323317448	1.4008959041335767
1.4240994395358166	1.9904372507924641	1.3946455725072138	1.4008959041335767
1.4243889403816472	1.9908410023780545	1.3946491133977506	1.4008959041335767
1.4246784412274776	1.9912447549888408	1.3946526550033602	1.4008959041335767
1.4249679420733081	1.99164850862503	1.3946561973240483	1.4008959041335767
1.4252574429191385	1.9920522632868287	1.3946597403598204	1.4008959041335767
1.425546943764969	1.9924560189744442	1.3946632841106816	1.4008959041335767
1.4258364446107996	1.9928597756880833	1.3946668285766375	1.4008959041335767
1.42612594545663	1.993263533427953	1.3946703737576933	1.4008959041335767
1.4264154463024605	1.9936672921942595	1.3946739196538547	1.4008959041335767
1.4267049471482909	1.9940710519872107	1.3946774662651267	1.4008959041335767
1.4269944479941215	1.9944748128070129	1.3946810135915149	1.4008959041335767
1.4272839488399518	1.9948785746538733	1.3946845616330246	1.4008959041335767
1.4275734496857824	1.9952823375279987	1.3946881103896611	1.4008959041335767
1.427862950531613	1.9956861014295961	1.39469165986143	1.4008959041335767
1.4281524513774435	1.9960898663588722	1.3946952100483367	1.4008959041335767
1.4284419522232739	1.996493632316034	1.3946987609503865	1.4008959041335767
1.4287314530691044	1.9968973993012886	1.3947023125675846	1.4008959041335767
1.4290209539149348	1.9973011673148426	1.3947058648999369	1.4008959041335767
1.4293104547607653	1.997704936356903	1.3947094179474482	1.4008959041335767
1.4295999556065957	1.9981087064276768	1.394712971710124	1.4008959041335767
1.4298894564524263	1.998512477527371	1.3947165261879702	1.4008959041335767
1.4301789572982568	1.9989162496561925	1.3947200813809917	1.4008959041335767
1.4304684581440874	1.999320022814348	1.394723637289194	1.4008959041335767
1.4307579589899178	1.9997237970020443	1.3947271939125825	1.4008959041335767
1.4310474598357483	2.0001275722194887	1.3947307512511626	1.4008959041335767
1.4313369606815787	2.000531348466888	1.3947343093049396	1.4008959041335767
1.4316264615274092	2.0009351257444488	1.394737868073919	1.4008959041335767
1.4319159623732398	2.0013389040523784	1.3947414275581063	1.4008959041335767
1.4322054632190704	2.0017426833908836	1.3947449877575064	1.4008959041335767
1.4324949640649007	2.0021464637601714	1.3947485486721254	1.4008959041335767
1.4327844649107313	2.002550245160448	1.3947521103019682	1.4008959041335767
1.4330739657565617	2.0029540275919215	1.3947556726470403	1.4008959041335767
1.4333634666023922	2.003357811054798	1.394759235707347	1.4008959041335767
1.4336529674482226	2.0037615955492845	1.3947627994828937	1.4008959041335767
1.4339424682940531	2.004165381075588	1.394766363973686	1.4008959041335767
1.4342319691398837	2.0045691676339157	1.3947699291797293	1.4008959041335767
1.434521469985714	2.0049729552244737	1.3947734951010287	1.4008959041335767
1.4348109708315446	2.00537674384747	1.3947770617375896	1.4008959041335767
1.435100471677375	2.0057805335031107	1.3947806290894178	1.4008959041335767
1.4353899725232055	2.006184324191603	1.3947841971565182	1.4008959041335767
1.435679473369036	2.0065881159131536	1.3947877659388965	1.4008959041335767
1.4359689742148665	2.00699190866797	1.394791335436558	1.4008959041335767
1.436258475060697	2.0073957024562583	1.394794905649508	1.4008959041335767
1.4365479759065276	2.007799497278226	1.394798476577752	1.4008959041335767
1.436837476752358	2.0082032931340796	1.3948020482212953	1.4008959041335767
1.4371269775981885	2.0086070900240265	1.3948056205801433	1.4008959041335767
1.4374164784440189	2.009010887948273	1.3948091936543017	1.4008959041335767
1.4377059792898494	2.009414686907027	1.3948127674437754	1.4008959041335767
1.4379954801356798	2.0098184869004942	1.39481634194857	1.4008959041335767
1.4382849809815106	2.0102222879288822	1.3948199171686908	1.4008959041335767
1.438574481827341	2.010626089992398	1.3948234931041434	1.4008959041335767
1.4388639826731715	2.011029893091248	1.394827069754933	1.4008959041335767
1.4391534835190019	2.0114336972256392	1.3948306471210652	1.4008959041335767
1.4394429843648324	2.0118375023957786	1.3948342252025452	1.4008959041335767
1.4397324852106628	2.012241308601874	1.3948378039993783	1.4008959041335767
1.4400219860564933	2.0126451158441307	1.39484138351157	1.4008959041335767
1.440311486902324	2.013048924122757	1.3948449637391258	1.4008959041335767
1.4406009877481545	2.013452733437959	1.394848544682051	1.4008959041335767
1.4408904885939848	2.013856543789944	1.394852126340351	1.4008959041335767
1.4411799894398154	2.0142603551789184	1.3948557087140312	1.4008959041335767
1.4414694902856457	2.0146641676050896	1.3948592918030969	1.4008959041335767
1.4417589911314763	2.0150679810686647	1.3948628756075534	1.4008959041335767
1.4420484919773067	2.01547179556985	1.3948664601274066	1.4008959041335767
1.4423379928231372	2.0158756111088527	1.3948700453626612	1.4008959041335767
1.4426274936689678	2.0162794276858795	1.394873631313323	1.4008959041335767
1.4429169945147982	2.016683245301138	1.3948772179793973	1.4008959041335767
1.4432064953606287	2.017087063955102	1.3948808053610595	1.4008959041335767
1.4434959962064593	2.017490883656014	1.3948843934634187	1.4008959041335767
1.4437854970522896	2.017894704395673	1.3948879822811393	1.4008959041335767
1.4440749978981202	2.018298526174287	1.3948915718142276	1.4008959041335767
1.4443644987439508	2.018702348992063	1.3948951620626893	1.4008959041335767
1.4446539995897811	2.0191061728492095	1.3948987530265302	1.4008959041335767
1.4449435004356117	2.0195099977459336	1.3949023447057567	1.4008959041335767
1.445233001281442	2.019913823682444	1.3949059371003745	1.4008959041335767
1.4455225021272726	2.0203176506589475	1.3949095302103898	1.4008959041335767
1.445812002973103	2.020721478675653	1.3949131240358084	1.4008959041335767
1.4461015038189335	2.021125307732767	1.3949167185766362	1.4008959041335767
1.446391004664764	2.0215291378304983	1.3949203138328792	1.4008959041335767
1.4466805055105947	2.021932968969055	1.3949239098045436	1.4008959041335767
1.446970006356425	2.0223368011486436	1.394927506491635	1.4008959041335767
1.4472595072022556	2.0227406343694727	1.3949311038941596	1.4008959041335767
1.447549008048086	2.0231444686317497	1.3949347020121237	1.4008959041335767
1.4478385088939165	2.023548303935683	1.3949383008455325	1.4008959041335767
1.4481280097397469	2.0239521402814797	1.3949419003943926	1.4008959041335767
1.4484175105855774	2.0243559776693485	1.3949455006587097	1.4008959041335767
1.448707011431408	2.0247598160994964	1.3949491016384898	1.4008959041335767
1.4489965122772386	2.0251636555721313	1.394952703333739	1.4008959041335767
1.449286013123069	2.025567496087461	1.394956305744463	1.4008959041335767
1.4495755139688995	2.0259713376456934	1.3949599088706681	1.4008959041335767
1.4498650148147298	2.0263751802470362	1.39496351271236	1.4008959041335767
1.4501545156605604	2.0267790238916974	1.3949671172695448	1.4008959041335767
1.4504440165063908	2.0271828685798843	1.3949707225422285	1.4008959041335767
1.4507335173522213	2.027586714311805	1.394974328530417	1.4008959041335767
1.451023018198052	2.0279905610876683	1.3949779352341163	1.4008959041335767
1.4513125190438825	2.02839440890768	1.3949815426533323	1.4008959041335767
1.4516020198897128	2.0287982577720496	1.394985150788071	1.4008959041335767
1.4518915207355434	2.029202107680984	1.3949887596383383	1.4008959041335767
1.4521810215813737	2.029605958634691	1.3949923692041406	1.4008959041335767
1.4524705224272043	2.0300098106333784	1.3949959794854834	1.4008959041335767
1.4527600232730349	2.0304136636772547	1.3949995904823729	1.4008959041335767
1.4530495241188652	2.030817517766527	1.3950032021948147	1.4008959041335767
1.4533390249646958	2.0312213729014026	1.3950068146228152	1.4008959041335767
1.4536285258105262	2.0316252290820906	1.3950104277663804	1.4008959041335767
1.4539180266563567	2.032029086308798	1.395014041625516	1.4008959041335767
1.454207527502187	2.0324329445817324	1.3950176562002279	1.4008959041335767
1.4544970283480176	2.032836803901102	1.3950212714905224	1.4008959041335767
1.454786529193848	2.033240664267115	1.3950248874964053	1.4008959041335767
1.4550760300396788	2.0336445256799784	1.3950285042178825	1.4008959041335767
1.4553655308855091	2.0340483881399005	1.39503212165496	1.4008959041335767
1.4556550317313397	2.0344522516470884	1.3950357398076438	1.4008959041335767
1.45594453257717	2.0348561162017504	1.3950393586759402	1.4008959041335767
1.4562340334230006	2.0352599818040944	1.3950429782598546	1.4008959041335767
1.456523534268831	2.035663848454328	1.3950465985593932	1.4008959041335767
1.4568130351146618	2.0360677161526595	1.3950502195745622	1.4008959041335767
1.457102535960492	2.036471584899296	1.3950538413053672	1.4008959041335767
1.4573920368063227	2.036875454694445	1.3950574637518143	1.4008959041335767
1.457681537652153	2.037279325538315	1.3950610869139097	1.4008959041335767
1.4579710384979836	2.0376831974311136	1.395064710791659	1.4008959041335767
1.458260539343814	2.0380870703730487	1.3950683353850686	1.4008959041335767
1.4585500401896445	2.0384909443643275	1.395071960694144	1.4008959041335767
1.4588395410354749	2.038894819405159	1.3950755867188913	1.4008959041335767
1.4591290418813057	2.03929869549575	1.3950792134593168	1.4008959041335767
1.459418542727136	2.0397025726363083	1.3950828409154261	1.4008959041335767
1.4597080435729666	2.040106450827042	1.3950864690872253	1.4008959041335767
1.459997544418797	2.040510330068159	1.3950900979747205	1.4008959041335767
1.4602870452646275	2.0409142103598668	1.3950937275779176	1.4008959041335767
1.4605765461104578	2.041318091702373	1.3950973578968222	1.4008959041335767
1.4608660469562884	2.041721974095886	1.395100988931441	1.4008959041335767
1.461155547802119	2.042125857540613	1.3951046206817792	1.4008959041335767
1.4614450486479493	2.0425297420367627	1.3951082531478434	1.4008959041335767
1.46173454949378	2.042933627584542	1.395111886329639	1.4008959041335767
1.4620240503396102	2.043337514184158	1.3951155202271723	1.4008959041335767
1.4623135511854408	2.0437414018358204	1.3951191548404496	1.4008959041335767
1.4626030520312712	2.0441452905397357	1.3951227901694763	1.4008959041335767
1.4628925528771017	2.044549180296112	1.3951264262142584	1.4008959041335767
1.4631820537229323	2.0449530711051573	1.3951300629748022	1.4008959041335767
1.4634715545687629	2.0453569629670794	1.3951337004511135	1.4008959041335767
1.4637610554145932	2.0457608558820857	1.3951373386431984	1.4008959041335767
1.4640505562604238	2.0461647498503837	1.3951409775510626	1.4008959041335767
1.4643400571062541	2.046568644872182	1.3951446171747124	1.4008959041335767
1.4646295579520847	2.046972540947688	1.3951482575141534	1.4008959041335767
1.464919058797915	2.0473764380771096	1.395151898569392	1.4008959041335767
1.4652085596437459	2.047780336260655	1.3951555403404339	1.4008959041335767
1.4654980604895762	2.048184235498531	1.395159182827285	1.4008959041335767
1.4657875613354068	2.0485881357909457	1.3951628260299513	1.4008959041335767
1.4660770621812371	2.0489920371381074	1.395166469948439	1.4008959041335767
1.4663665630270677	2.0493959395402235	1.395170114582754	1.4008959041335767
1.466656063872898	2.0497998429975017	1.3951737599329022	1.4008959041335767
1.4669455647187286	2.0502037475101504	1.3951774059988893	1.4008959041335767
1.467235065564559	2.0506076530783766	1.3951810527807218	1.4008959041335767
1.4675245664103898	2.051011559702389	1.3951847002784052	1.4008959041335767
1.46781406725622	2.051415467382394	1.3951883484919458	1.4008959041335767
1.4681035681020507	2.0518193761186008	1.3951919974213496	1.4008959041335767
1.468393068947881	2.052223285911216	1.3951956470666222	1.4008959041335767
1.4686825697937116	2.0526271967604486	1.3951992974277698	1.4008959041335767
1.468972070639542	2.053031108666506	1.3952029485047985	1.4008959041335767
1.4692615714853725	2.0534350216295953	1.395206600297714	1.4008959041335767
1.469551072331203	2.053838935649925	1.3952102528065224	1.4008959041335767
1.4698405731770336	2.0542428507277024	1.3952139060312296	1.4008959041335767
1.470130074022864	2.054646766863136	1.395217559971842	1.4008959041335767
1.4704195748686946	2.055050684056433	1.395221214628365	1.4008959041335767
1.470709075714525	2.055454602307801	1.3952248700008045	1.4008959041335767
1.4709985765603555	2.055858521617448	1.395228526089167	1.4008959041335767
1.4712880774061858	2.0562624419855826	1.3952321828934584	1.4008959041335767
1.4715775782520164	2.0566663634124116	1.3952358404136842	1.4008959041335767
1.471867079097847	2.057070285898143	1.3952394986498509	1.4008959041335767
1.4721565799436773	2.0574742094429848	1.3952431576019642	1.4008959041335767
1.472446080789508	2.0578781340471446	1.3952468172700299	1.4008959041335767
1.4727355816353382	2.0582820597108302	1.3952504776540542	1.4008959041335767
1.4730250824811688	2.0586859864342495	1.3952541387540431	1.4008959041335767
1.4733145833269992	2.0590899142176102	1.3952578005700027	1.4008959041335767
1.47360408417283	2.0594938430611207	1.3952614631019387	1.4008959041335767
1.4738935850186603	2.0598977729649874	1.395265126349857	1.4008959041335767
1.4741830858644909	2.060301703929419	1.395268790313764	1.4008959041335767
1.4744725867103212	2.0607056359546236	1.395272454993665	1.4008959041335767
1.4747620875561518	2.0611095690408083	1.3952761203895667	1.4008959041335767
1.4750515884019821	2.0615135031881815	1.3952797865014748	1.4008959041335767
1.4753410892478127	2.0619174383969505	1.395283453329395	1.4008959041335767
1.475630590093643	2.0623213746673232	1.3952871208733335	1.4008959041335767
1.4759200909394738	2.062725311999508	1.3952907891332962	1.4008959041335767
1.4762095917853042	2.0631292503937115	1.3952944581092892	1.4008959041335767
1.4764990926311348	2.0635331898501423	1.3952981278013186	1.4008959041335767
1.4767885934769651	2.0639371303690077	1.3953017982093898	1.4008959041335767
1.4770780943227957	2.064341071950516	1.3953054693335094	1.4008959041335767
1.477367595168626	2.064745014594875	1.3953091411736829	1.4008959041335767
1.4776570960144568	2.0651489583022924	1.3953128137299167	1.4008959041335767
1.4779465968602872	2.065552903072976	1.3953164870022163	1.4008959041335767
1.4782360977061177	2.065956848907133	1.395320160990588	1.4008959041335767
1.478525598551948	2.0663607958049717	1.3953238356950377	1.4008959041335767
1.4788150993977787	2.0667647437667	1.3953275111155714	1.4008959041335767
1.479104600243609	2.0671686927925252	1.3953311872521952	1.4008959041335767
1.4793941010894396	2.0675726428826557	1.3953348641049146	1.4008959041335767
1.47968360193527	2.067976594037299	1.395338541673736	1.4008959041335767
1.4799731027811005	2.0683805462566633	1.3953422199586651	1.4008959041335767
1.480262603626931	2.0687844995409557	1.3953458989597083	1.4008959041335767
1.4805521044727614	2.0691884538903844	1.395349578676871	1.4008959041335767
1.480841605318592	2.0695924093051565	1.3953532591101596	1.4008959041335767
1.4811311061644223	2.069996365785481	1.3953569402595798	1.4008959041335767
1.481420607010253	2.070400323331565	1.3953606221251378	1.4008959041335767
1.4817101078560833	2.070804281943616	1.3953643047068394	1.4008959041335767
1.481999608701914	2.0712082416218425	1.3953679880046905	1.4008959041335767
1.4822891095477444	2.0716122023664516	1.3953716720186975	1.4008959041335767
1.482578610393575	2.0720161641776516	1.3953753567488658	1.4008959041335767
1.4828681112394053	2.07242012705565	1.395379042195202	1.4008959041335767
1.4831576120852359	2.072824091000655	1.3953827283577114	1.4008959041335767
1.4834471129310662	2.0732280560128737	1.3953864152364002	1.4008959041335767
1.4837366137768968	2.0736320220925144	1.3953901028312747	1.4008959041335767
1.4840261146227272	2.074035989239785	1.3953937911423404	1.4008959041335767
1.484315615468558	2.074439957454893	1.3953974801696039	1.4008959041335767
1.4846051163143883	2.0748439267380463	1.3954011699130704	1.4008959041335767
1.4848946171602189	2.075247897089452	1.3954048603727462	1.4008959041335767
1.4851841180060492	2.0756518685093193	1.3954085515486376	1.4008959041335767
1.4854736188518798	2.0760558409978547	1.39541224344075	1.4008959041335767
1.4857631196977101	2.0764598145552666	1.3954159360490899	1.4008959041335767
1.486052620543541	2.0768637891817634	1.3954196293736627	1.4008959041335767
1.4863421213893713	2.0772677648775515	1.395423323414475	1.4008959041335767
1.4866316222352018	2.077671741642839	1.3954270181715323	1.4008959041335767
1.4869211230810322	2.0780757194778348	1.3954307136448407	1.4008959041335767
1.4872106239268628	2.0784796983827456	1.3954344098344063	1.4008959041335767
1.487500124772693	2.0788836783577795	1.395438106740235	1.4008959041335767
1.4877896256185237	2.0792876594031444	1.3954418043623327	1.4008959041335767
1.488079126464354	2.079691641519048	1.3954455027007053	1.4008959041335767
1.4883686273101846	2.0800956247056988	1.395449201755359	1.4008959041335767
1.4886581281560152	2.080499608963303	1.3954529015262995	1.4008959041335767
1.4889476290018457	2.0809035942920695	1.395456602013533	1.4008959041335767
1.489237129847676	2.081307580692206	1.3954603032170656	1.4008959041335767
1.4895266306935067	2.0817115681639202	1.395464005136903	1.4008959041335767
1.489816131539337	2.0821155567074197	1.395467707773051	1.4008959041335767
1.4901056323851676	2.082519546322913	1.395471411125516	1.4008959041335767
1.4903951332309981	2.0829235370106067	1.3954751151943037	1.4008959041335767
1.4906846340768285	2.0833275287707096	1.3954788199794201	1.4008959041335767
1.490974134922659	2.0837315216034287	1.3954825254808711	1.4008959041335767
1.4912636357684894	2.0841355155089727	1.3954862316986631	1.4008959041335767
1.49155313661432	2.0845395104875486	1.3954899386328017	1.4008959041335767
1.4918426374601503	2.0849435065393647	1.3954936462832928	1.4008959041335767
1.492132138305981	2.0853475036646283	1.3954973546501426	1.4008959041335767
1.4924216391518115	2.0857515018635477	1.395501063733357	1.4008959041335767
1.492711139997642	2.0861555011363304	1.3955047735329416	1.4008959041335767
1.4930006408434724	2.086559501483184	1.395508484048903	1.4008959041335767
1.493290141689303	2.086963502904317	1.3955121952812468	1.4008959041335767
1.4935796425351333	2.0873675053999365	1.3955159072299792	1.4008959041335767
1.4938691433809639	2.0877715089702504	1.3955196198951059	1.4008959041335767
1.4941586442267942	2.0881755136154667	1.395523333276633	1.4008959041335767
1.494448145072625	2.0885795193357937	1.3955270473745665	1.4008959041335767
1.4947376459184554	2.088983526131438	1.3955307621889121	1.4008959041335767
1.495027146764286	2.089387534002608	1.3955344777196763	1.4008959041335767
1.4953166476101163	2.089791542949511	1.3955381939668647	1.4008959041335767
1.4956061484559469	2.090195552972356	1.3955419109304832	1.4008959041335767
1.4958956493017772	2.0905995640713497	1.395545628610538	1.4008959041335767
1.4961851501476078	2.0910035762467003	1.395549347007035	1.4008959041335767
1.4964746509934381	2.0914075894986155	1.3955530661199802	1.4008959041335767
1.496764151839269	2.0918116038273036	1.3955567859493796	1.4008959041335767
1.4970536526850993	2.0922156192329715	1.395560506495239	1.4008959041335767
1.4973431535309298	2.092619635715827	1.3955642277575644	1.4008959041335767
1.4976326543767602	2.0930236532760786	1.395567949736362	1.4008959041335767
1.4979221552225908	2.093427671913934	1.3955716724316374	1.4008959041335767
1.498211656068421	2.0938316916296005	1.395575395843397	1.4008959041335767
1.4985011569142517	2.0942357124232864	1.3955791199716463	1.4008959041335767
1.4987906577600822	2.0946397342951992	1.3955828448163916	1.4008959041335767
1.4990801586059126	2.0950437572455467	1.395586570377639	1.4008959041335767
1.4993696594517432	2.0954477812745367	1.395590296655394	1.4008959041335767
1.4996591602975735	2.095851806382377	1.395594023649663	1.4008959041335767
1.499948661143404	2.0962558325692755	1.3955977513604516	1.4008959041335767
1.5002381619892344	2.0966598598354396	1.395601479787766	1.4008959041335767
1.500527662835065	2.0970638881810775	1.3956052089316124	1.4008959041335767
1.5008171636808956	2.0974679176063975	1.3956089387919963	1.4008959041335767
1.5011066645267261	2.097871948111606	1.395612669368924	1.4008959041335767
1.5013961653725565	2.0982759796969117	1.3956164006624012	1.4008959041335767
1.501685666218387	2.0986800123625224	1.3956201326724342	1.4008959041335767
1.5019751670642174	2.0990840461086457	1.3956238653990287	1.4008959041335767
1.502264667910048	2.0994880809354894	1.3956275988421907	1.4008959041335767
1.5025541687558785	2.0998921168432614	1.3956313330019263	1.4008959041335767
1.5028436696017091	2.1002961538321694	1.3956350678782414	1.4008959041335767
1.5031331704475395	2.100700191902421	1.395638803471142	1.4008959041335767
1.50342267129337	2.101104231054224	1.395642539780634	1.4008959041335767
1.5037121721392004	2.101508271287787	1.3956462768067235	1.4008959041335767
1.504001672985031	2.1019123126033166	1.3956500145494164	1.4008959041335767
1.5042911738308613	2.1023163550010215	1.3956537530087185	1.4008959041335767
1.5045806746766919	2.102720398481109	1.395657492184636	1.4008959041335767
1.5048701755225224	2.103124443043787	1.3956612320771749	1.4008959041335767
1.505159676368353	2.1035284886892636	1.3956649726863408	1.4008959041335767
1.5054491772141834	2.103932535417746	1.3956687140121402	1.4008959041335767
1.505738678060014	2.1043365832294425	1.3956724560545788	1.4008959041335767
1.5060281789058443	2.1047406321245608	1.3956761988136626	1.4008959041335767
1.5063176797516749	2.105144682103308	1.3956799422893973	1.4008959041335767
1.5066071805975052	2.105548733165893	1.3956836864817894	1.4008959041335767
1.5068966814433358	2.1059527853125233	1.3956874313908445	1.4008959041335767
1.5071861822891663	2.1063568385434057	1.3956911770165685	1.4008959041335767
1.5074756831349967	2.106760892858749	1.3956949233589677	1.4008959041335767
1.5077651839808273	2.1071649482587613	1.395698670418048	1.4008959041335767
1.5080546848266578	2.1075690047436493	1.3957024181938151	1.4008959041335767
1.5083441856724882	2.1079730623136212	1.3957061666862753	1.4008959041335767
1.5086336865183188	2.108377120968885	1.3957099158954342	1.4008959041335767
1.508923187364149	2.1087811807096486	1.395713665821298	1.4008959041335767
1.5092126882099797	2.1091852415361196	1.395717416463873	1.4008959041335767
1.5095021890558102	2.1095893034485056	1.3957211678231645	1.4008959041335767
1.5097916899016406	2.1099933664470147	1.395724919899179	1.4008959041335767
1.5100811907474712	2.1103974305318545	1.395728672691922	1.4008959041335767
1.5103706915933015	2.1108014957032326	1.3957324262014	1.4008959041335767
1.510660192439132	2.111205561961357	1.3957361804276185	1.4008959041335767
1.5109496932849626	2.111609629306436	1.3957399353705837	1.4008959041335767
1.5112391941307932	2.1120136977386768	1.3957436910303018	1.4008959041335767
1.5115286949766236	2.112417767258287	1.3957474474067784	1.4008959041335767
1.5118181958224541	2.1128218378654746	1.3957512045000193	1.4008959041335767
1.5121076966682845	2.1132259095604478	1.3957549623100312	1.4008959041335767
1.512397197514115	2.113629982343414	1.3957587208368194	1.4008959041335767
1.5126866983599454	2.114034056214581	1.39576248008039	1.4008959041335767
1.512976199205776	2.1144381311741567	1.3957662400407493	1.4008959041335767
1.5132657000516065	2.114842207222349	1.395770000717903	1.4008959041335767
1.5135552008974371	2.1152462843593653	1.395773762111857	1.4008959041335767
1.5138447017432675	2.1156503625854137	1.3957775242226174	1.4008959041335767
1.514134202589098	2.116054441900702	1.3957812870501902	1.4008959041335767
1.5144237034349284	2.1164585223054377	1.3957850505945815	1.4008959041335767
1.514713204280759	2.1168626037998286	1.3957888148557969	1.4008959041335767
1.5150027051265893	2.1172666863840828	1.3957925798338424	1.4008959041335767
1.51529220597242	2.1176707700584085	1.3957963455287243	1.4008959041335767
1.5155817068182504	2.1180748548230124	1.3958001119404484	1.4008959041335767
1.515871207664081	2.118478940678103	1.3958038790690208	1.4008959041335767
1.5161607085099114	2.118883027623888	1.3958076469144471	1.4008959041335767
1.516450209355742	2.1192871156605753	1.3958114154767338	1.4008959041335767
1.5167397102015723	2.119691204788372	1.3958151847558864	1.4008959041335767
1.5170292110474028	2.120095295007487	1.395818954751911	1.4008959041335767
1.5173187118932332	2.120499386318127	1.395822725464814	1.4008959041335767
1.5176082127390638	2.120903478720501	1.3958264968946006	1.4008959041335767
1.5178977135848943	2.1213075722148154	1.3958302690412774	1.4008959041335767
1.5181872144307247	2.1217116668012785	1.39583404190485	1.4008959041335767
1.5184767152765553	2.1221157624800986	1.3958378154853246	1.4008959041335767
1.5187662161223856	2.122519859251483	1.395841589782707	1.4008959041335767
1.5190557169682162	2.1229239571156397	1.3958453647970033	1.4008959041335767
1.5193452178140467	2.123328056072777	1.3958491405282194	1.4008959041335767
1.5196347186598773	2.1237321561231015	1.3958529169763614	1.4008959041335767
1.5199242195057077	2.1241362572668216	1.395856694141435	1.4008959041335767
1.5202137203515382	2.124540359504145	1.3958604720234464	1.4008959041335767
1.5205032211973686	2.12494446283528	1.3958642506224015	1.4008959041335767
1.5207927220431992	2.1253485672604335	1.3958680299383064	1.4008959041335767
1.5210822228890295	2.125752672779814	1.3958718099711669	1.4008959041335767
1.52137172373486	2.126156779393629	1.3958755907209888	1.4008959041335767
1.5216612245806906	2.126560887102087	1.3958793721877785	1.4008959041335767
1.5219507254265212	2.1269649959053942	1.3958831543715418	1.4008959041335767
1.5222402262723516	2.12736910580376	1.3958869372722844	1.4008959041335767
1.5225297271181821	2.127773216797391	1.3958907208900126	1.4008959041335767
1.5228192279640125	2.1281773288864954	1.3958945052247325	1.4008959041335767
1.523108728809843	2.1285814420712814	1.3958982902764494	1.4008959041335767
1.5233982296556736	2.1289855563519566	1.3959020760451701	1.4008959041335767
1.5236877305015042	2.129389671728729	1.3959058625309	1.4008959041335767
1.5239772313473345	2.1297937882018054	1.3959096497336452	1.4008959041335767
1.524266732193165	2.1301979057713942	1.395913437653412	1.4008959041335767
1.5245562330389955	2.1306020244377035	1.3959172262902058	1.4008959041335767
1.524845733884826	2.1310061442009407	1.395921015644033	1.4008959041335767
1.5251352347306564	2.131410265061314	1.3959248057148992	1.4008959041335767
1.525424735576487	2.1318143870190305	1.3959285965028108	1.4008959041335767
1.5257142364223175	2.132218510074299	1.3959323880077736	1.4008959041335767
1.5260037372681479	2.1326226342273262	1.3959361802297934	1.4008959041335767
1.5262932381139784	2.1330267594783208	1.3959399731688764	1.4008959041335767
1.5265827389598088	2.1334308858274897	1.3959437668250285	1.4008959041335767
1.5268722398056394	2.1338350132750414	1.3959475611982557	1.4008959041335767
1.52716174065147	2.1342391418211832	1.395951356288564	1.4008959041335767
1.5274512414973003	2.1346432714661234	1.395955152095959	1.4008959041335767
1.5277407423431308	2.13504740221007	1.3959589486204471	1.4008959041335767
1.5280302431889614	2.1354515340532294	1.3959627458620343	1.4008959041335767
1.5283197440347918	2.135855666995811	1.3959665438207263	1.4008959041335767
1.5286092448806223	2.136259801038021	1.395970342496529	1.4008959041335767
1.5288987457264527	2.136663936180069	1.395974141889449	1.4008959041335767
1.5291882465722832	2.1370680724221613	1.3959779419994913	1.4008959041335767
1.5294777474181136	2.137472209764507	1.3959817428266625	1.4008959041335767
1.5297672482639442	2.137876348207312	1.3959855443709688	1.4008959041335767
1.5300567491097747	2.1382804877507864	1.3959893466324156	1.4008959041335767
1.5303462499556053	2.1386846283951364	1.395993149611009	1.4008959041335767
1.5306357508014357	2.13908877014057	1.395996953306755	1.4008959041335767
1.5309252516472662	2.1394929129872957	1.39600075771966	1.4008959041335767
1.5312147524930966	2.1398970569355207	1.3960045628497295	1.4008959041335767
1.5315042533389271	2.1403012019854524	1.3960083686969695	1.4008959041335767
1.5317937541847577	2.1407053481372995	1.396012175261386	1.4008959041335767
1.5320832550305883	2.1411094953912695	1.3960159825429852	1.4008959041335767
1.5323727558764186	2.1415136437475697	1.3960197905417728	1.4008959041335767
1.5326622567222492	2.1419177932064084	1.3960235992577548	1.4008959041335767
1.5329517575680796	2.1423219437679935	1.3960274086909372	1.4008959041335767
1.5332412584139101	2.1427260954325322	1.3960312188413262	1.4008959041335767
1.5335307592597405	2.1431302482002326	1.3960350297089275	1.4008959041335767
1.533820260105571	2.1435344020713027	1.396038841293747	1.4008959041335767
1.5341097609514016	2.14393855704595	1.396042653595791	1.4008959041335767
1.5343992617972322	2.1443427131243826	1.3960464666150652	1.4008959041335767
1.5346887626430625	2.144746870306808	1.3960502803515757	1.4008959041335767
1.534978263488893	2.145151028593434	1.3960540948053284	1.4008959041335767
1.5352677643347235	2.1455551879844683	1.3960579099763293	1.4008959041335767
1.535557265180554	2.145959348480119	1.3960617258645844	1.4008959041335767
1.5358467660263846	2.146363510080594	1.3960655424700996	1.4008959041335767
1.536136266872215	2.1467676727861007	1.3960693597928808	1.4008959041335767
1.5364257677180455	2.1471718365968466	1.3960731778329343	1.4008959041335767
1.5367152685638759	2.1475760015130403	1.3960769965902657	1.4008959041335767
1.5370047694097064	2.147980167534889	1.3960808160648812	1.4008959041335767
1.5372942702555368	2.148384334662601	1.3960846362567867	1.4008959041335767
1.5375837711013673	2.148788502896384	1.3960884571659882	1.4008959041335767
1.5378732719471977	2.149192672236445	1.3960922787924914	1.4008959041335767
1.5381627727930285	2.1495968426829926	1.3960961011363027	1.4008959041335767
1.5384522736388588	2.1500010142362345	1.396099924197428	1.4008959041335767
1.5387417744846894	2.150405186896378	1.3961037479758729	1.4008959041335767
1.5390312753305198	2.150809360663631	1.3961075724716436	1.4008959041335767
1.5393207761763503	2.151213535538202	1.3961113976847463	1.4008959041335767
1.5396102770221807	2.151617711520298	1.3961152236151866	1.4008959041335767
1.5398997778680112	2.1520218886101277	1.3961190502629708	1.4008959041335767
1.5401892787138418	2.152426066807898	1.3961228776281045	1.4008959041335767
1.5404787795596724	2.152830246113817	1.396126705710594	1.4008959041335767
1.5407682804055027	2.1532344265280923	1.3961305345104449	1.4008959041335767
1.5410577812513333	2.1536386080509318	1.3961343640276636	1.4008959041335767
1.5413472820971637	2.1540427906825435	1.396138194262256	1.4008959041335767
1.5416367829429942	2.154446974423135	1.3961420252142278	1.4008959041335767
1.5419262837888246	2.1548511592729143	1.3961458568835852	1.4008959041335767
1.5422157846346551	2.1552553452320886	1.3961496892703338	1.4008959041335767
1.5425052854804857	2.1556595323008665	1.39615352237448	1.4008959041335767
1.5427947863263163	2.1560637204794553	1.3961573561960299	1.4008959041335767
1.5430842871721466	2.156467909768063	1.396161190734989	1.4008959041335767
1.5433737880179772	2.156872100166897	1.3961650259913634	1.4008959041335767
1.5436632888638075	2.1572762916761654	1.3961688619651593	1.4008959041335767
1.5439527897096381	2.157680484296076	1.3961726986563825	1.4008959041335767
1.5442422905554687	2.158084678026837	1.3961765360650389	1.4008959041335767
1.544531791401299	2.1584888728686553	1.3961803741911345	1.4008959041335767
1.5448212922471296	2.1588930688217394	1.3961842130346755	1.4008959041335767
1.54511079309296	2.1592972658862966	1.3961880525956676	1.4008959041335767
1.5454002939387905	2.1597014640625347	1.3961918928741168	1.4008959041335767
1.5456897947846209	2.160105663350662	1.3961957338700293	1.4008959041335767
1.5459792956304514	2.160509863750886	1.3961995755834107	1.4008959041335767
1.5462687964762818	2.1609140652634142	1.3962034180142673	1.4008959041335767
1.5465582973221126	2.161318267888455	1.3962072611626049	1.4008959041335767
1.546847798167943	2.161722471626216	1.3962111050284296	1.4008959041335767
1.5471372990137735	2.1621266764769045	1.3962149496117473	1.4008959041335767
1.5474267998596039	2.1625308824407288	1.3962187949125637	1.4008959041335767
1.5477163007054344	2.1629350895178963	1.3962226409308853	1.4008959041335767
1.5480058015512648	2.163339297708615	1.3962264876667179	1.4008959041335767
1.5482953023970956	2.163743507013093	1.3962303351200671	1.4008959041335767
1.548584803242926	2.1641477174315376	1.3962341832909393	1.4008959041335767
1.5488743040887565	2.164551928964157	1.3962380321793402	1.4008959041335767
1.5491638049345868	2.1649561416111585	1.396241881785276	1.4008959041335767
1.5494533057804174	2.16536035537275	1.3962457321087525	1.4008959041335767
1.5497428066262477	2.16576457024914	1.3962495831497757	1.4008959041335767
1.5500323074720783	2.1661687862405357	1.3962534349083515	1.4008959041335767
1.5503218083179087	2.1665730033471444	1.396257287384486	1.4008959041335767
1.5506113091637392	2.1669772215691747	1.3962611405781853	1.4008959041335767
1.5509008100095698	2.1673814409068344	1.396264994489455	1.4008959041335767
1.5511903108554004	2.167785661360331	1.3962688491183015	1.4008959041335767
1.5514798117012307	2.168189882929872	1.3962727044647303	1.4008959041335767
1.5517693125470613	2.1685941056156652	1.3962765605287477	1.4008959041335767
1.5520588133928916	2.168998329417919	1.3962804173103598	1.4008959041335767
1.5523483142387222	2.169402554336841	1.396284274809572	1.4008959041335767
1.5526378150845528	2.169806780372639	1.396288133026391	1.4008959041335767
1.5529273159303831	2.1702110075255203	1.396291991960822	1.4008959041335767
1.5532168167762137	2.170615235795693	1.3962958516128716	1.4008959041335767
1.5535063176220443	2.171019465183365	1.3962997119825455	1.4008959041335767
1.5537958184678746	2.1714236956887443	1.3963035730698499	1.4008959041335767
1.5540853193137052	2.1718279273120378	1.3963074348747904	1.4008959041335767
1.5543748201595355	2.172232160053454	1.396311297397373	1.4008959041335767
1.5546643210053661	2.172636393913201	1.396315160637604	1.4008959041335767
1.5549538218511967	2.1730406288914863	1.3963190245954893	1.4008959041335767
1.555243322697027	2.173444864988517	1.3963228892710347	1.4008959041335767
1.5555328235428576	2.173849102204502	1.396326754664246	1.4008959041335767
1.555822324388688	2.1742533405396482	1.3963306207751296	1.4008959041335767
1.5561118252345185	2.1746575799941636	1.3963344876036912	1.4008959041335767
1.5564013260803489	2.1750618205682564	1.3963383551499369	1.4008959041335767
1.5566908269261797	2.1754660622621342	1.3963422234138727	1.4008959041335767
1.55698032777201	2.1758703050760047	1.3963460923955042	1.4008959041335767
1.5572698286178406	2.1762745490100754	1.3963499620948379	1.4008959041335767
1.557559329463671	2.1766787940645544	1.3963538325118794	1.4008959041335767
1.5578488303095015	2.1770830402396495	1.396357703646635	1.4008959041335767
1.5581383311553318	2.177487287535569	1.3963615754991103	1.4008959041335767
1.5584278320011624	2.1778915359525195	1.3963654480693115	1.4008959041335767
1.5587173328469928	2.1782957854907092	1.3963693213572443	1.4008959041335767
1.5590068336928233	2.178700036150347	1.396373195362915	1.4008959041335767
1.559296334538654	2.1791042879316396	1.3963770700863296	1.4008959041335767
1.5595858353844845	2.1795085408347945	1.3963809455274938	1.4008959041335767
1.5598753362303148	2.1799127948600203	1.3963848216864136	1.4008959041335767
1.5601648370761454	2.1803170500075244	1.3963886985630953	1.4008959041335767
1.5604543379219757	2.1807213062775146	1.3963925761575444	1.4008959041335767
1.5607438387678065	2.181125563670199	1.3963964544697673	1.4008959041335767
1.5610333396136369	2.1815298221857855	1.3964003334997697	1.4008959041335767
1.5613228404594675	2.181934081824481	1.3964042132475576	1.4008959041335767
1.5616123413052978	2.182338342586494	1.396408093713137	1.4008959041335767
1.5619018421511284	2.1827426044720317	1.3964119748965138	1.4008959041335767
1.5621913429969587	2.183146867481303	1.3964158567976943	1.4008959041335767
1.5624808438427893	2.1835511316145144	1.396419739416684	1.4008959041335767
1.5627703446886196	2.183955396871875	1.3964236227534892	1.4008959041335767
1.5630598455344502	2.1843596632535913	1.3964275068081158	1.4008959041335767
1.5633493463802808	2.184763930759872	1.3964313915805695	1.4008959041335767
1.5636388472261111	2.1851681993909247	1.3964352770708568	1.4008959041335767
1.5639283480719417	2.1855724691469565	1.3964391632789832	1.4008959041335767
1.564217848917772	2.185976740028176	1.396443050204955	1.4008959041335767
1.5645073497636026	2.186381012034791	1.3964469378487778	1.4008959041335767
1.564796850609433	2.1867852851670087	1.396450826210458	1.4008959041335767
1.5650863514552638	2.1871895594250375	1.396454715290001	1.4008959041335767
1.565375852301094	2.1875938348090846	1.3964586050874135	1.4008959041335767
1.5656653531469247	2.1879981113193585	1.396462495602701	1.4008959041335767
1.565954853992755	2.1884023889560664	1.3964663868358695	1.4008959041335767
1.5662443548385856	2.188806667719416	1.3964702787869252	1.4008959041335767
1.566533855684416	2.1892109476096153	1.3964741714558737	1.4008959041335767
1.5668233565302465	2.1896152286268724	1.3964780648427213	1.4008959041335767
1.5671128573760769	2.190019510771395	1.396481958947474	1.4008959041335767
1.5674023582219074	2.1904237940433906	1.3964858537701375	1.4008959041335767
1.567691859067738	2.1908280784430674	1.3964897493107178	1.4008959041335767
1.5679813599135686	2.1912323639706326	1.396493645569221	1.4008959041335767
1.568270860759399	2.191636650626294	1.396497542545653	1.4008959041335767
1.5685603616052295	2.19204093841026	1.39650144024002	1.4008959041335767
1.5688498624510598	2.1924452273227386	1.3965053386523274	1.4008959041335767
1.5691393632968906	2.192849517363937	1.3965092377825818	1.4008959041335767
1.569428864142721	2.1932538085340623	1.3965131376307889	1.4008959041335767
1.5697183649885516	2.193658100833323	1.3965170381969547	1.4008959041335767
1.570007865834382	2.1940623942619277	1.3965209394810851	1.4008959041335767
1.5702973666802125	2.194466688820083	1.3965248414831861	1.4008959041335767
1.5705868675260428	2.1948709845079972	1.396528744203264	1.4008959041335767
1.5708763683718734	2.195275281325878	1.396532647641324	1.4008959041335767
1.5711658692177037	2.1956795792739334	1.396536551797373	1.4008959041335767
1.5714553700635343	2.1960838783523706	1.3965404566714161	1.4008959041335767
1.5717448709093649	2.196488178561398	1.39654436226346	1.4008959041335767
1.5720343717551952	2.1968924799012233	1.39654826857351	1.4008959041335767
1.5723238726010258	2.197296782372054	1.3965521756015726	1.4008959041335767
1.5726133734468564	2.1977010859740984	1.3965560833476538	1.4008959041335767
1.5729028742926867	2.1981053907075636	1.396559991811759	1.4008959041335767
1.5731923751385173	2.198509696572658	1.3965639009938948	1.4008959041335767
1.5734818759843479	2.1989140035695884	1.3965678108940667	1.4008959041335767
1.5737713768301782	2.199318311698564	1.396571721512281	1.4008959041335767
1.5740608776760088	2.1997226209597915	1.3965756328485435	1.4008959041335767
1.5743503785218391	2.2001269313534797	1.3965795449028602	1.4008959041335767
1.5746398793676697	2.200531242879835	1.3965834576752372	1.4008959041335767
1.5749293802135	2.2009355555390666	1.3965873711656802	1.4008959041335767
1.5752188810593306	2.201339869331381	1.3965912853741955	1.4008959041335767
1.575508381905161	2.201744184256987	1.3965952003007887	1.4008959041335767
1.5757978827509918	2.2021485003160923	1.396599115945466	1.4008959041335767
1.576087383596822	2.2025528175089044	1.3966030323082335	1.4008959041335767
1.5763768844426527	2.202957135835631	1.396606949389097	1.4008959041335767
1.576666385288483	2.2033614552964798	1.3966108671880622	1.4008959041335767
1.5769558861343136	2.203765775891659	1.3966147857051356	1.4008959041335767
1.577245386980144	2.2041700976213763	1.3966187049403227	1.4008959041335767
1.5775348878259747	2.204574420485839	1.39662262489363	1.4008959041335767
1.577824388671805	2.2049787444852558	1.3966265455650628	1.4008959041335767
1.5781138895176356	2.2053830696198333	1.3966304669546277	1.4008959041335767
1.578403390363466	2.2057873958897805	1.3966343890623303	1.4008959041335767
1.5786928912092966	2.2061917232953046	1.3966383118881767	1.4008959041335767
1.578982392055127	2.206596051836613	1.3966422354321728	1.4008959041335767
1.5792718929009575	2.207000381513914	1.3966461596943247	1.4008959041335767
1.5795613937467878	2.2074047123274156	1.3966500846746381	1.4008959041335767
1.5798508945926184	2.207809044277325	1.3966540103731193	1.4008959041335767
1.580140395438449	2.208213377363851	1.396657936789774	1.4008959041335767
1.5804298962842795	2.2086177115872	1.3966618639246084	1.4008959041335767
1.58071939713011	2.2090220469475805	1.3966657917776284	1.4008959041335767
1.5810088979759405	2.2094263834452006	1.3966697203488398	1.4008959041335767
1.5812983988217708	2.2098307210802672	1.396673649638249	1.4008959041335767
1.5815878996676014	2.210235059852989	1.3966775796458615	1.4008959041335767
1.581877400513432	2.210639399763574	1.3966815103716832	1.4008959041335767
1.5821669013592623	2.2110437408122285	1.3966854418157206	1.4008959041335767
1.5824564022050929	2.211448082999161	1.3966893739779793	1.4008959041335767
1.5827459030509232	2.2118524263245805	1.3966933068584655	1.4008959041335767
1.5830354038967538	2.212256770788693	1.3966972404571847	1.4008959041335767
1.5833249047425841	2.212661116391707	1.3967011747741436	1.4008959041335767
1.5836144055884147	2.213065463133831	1.3967051098093475	1.4008959041335767
1.583903906434245	2.2134698110152717	1.3967090455628026	1.4008959041335767
1.5841934072800758	2.213874160036238	1.396712982034515	1.4008959041335767
1.5844829081259062	2.2142785101969364	1.3967169192244906	1.4008959041335767
1.5847724089717368	2.2146828614975753	1.3967208571327354	1.4008959041335767
1.5850619098175671	2.2150872139383626	1.3967247957592552	1.4008959041335767
1.5853514106633977	2.215491567519506	1.3967287351040563	1.4008959041335767
1.5856409115092283	2.215895922241214	1.3967326751671443	1.4008959041335767
1.5859304123550588	2.216300278103693	1.3967366159485253	1.4008959041335767
1.5862199132008892	2.2167046351071513	1.3967405574482052	1.4008959041335767
1.5865094140467197	2.2171089932517973	1.3967444996661904	1.4008959041335767
1.58679891489255	2.2175133525378383	1.3967484426024863	1.4008959041335767
1.5870884157383807	2.2179177129654817	1.3967523862570992	1.4008959041335767
1.587377916584211	2.218322074534936	1.396756330630035	1.4008959041335767
1.5876674174300416	2.218726437246409	1.3967602757212996	1.4008959041335767
1.587956918275872	2.219130801100108	1.396764221530899	1.4008959041335767
1.5882464191217027	2.219535166096241	1.3967681680588393	1.4008959041335767
1.588535919967533	2.2199395322350157	1.3967721153051262	1.4008959041335767
1.5888254208133636	2.22034389951664	1.3967760632697659	1.4008959041335767
1.589114921659194	2.220748267941322	1.3967800119527645	1.4008959041335767
1.5894044225050246	2.2211526375092685	1.3967839613541275	1.4008959041335767
1.589693923350855	2.2215570082206884	1.3967879114738613	1.4008959041335767
1.5899834241966855	2.2219613800757894	1.3967918623119717	1.4008959041335767
1.590272925042516	2.2223657530747785	1.3967958138684646	1.4008959041335767
1.5905624258883464	2.2227701272178635	1.3967997661433462	1.4008959041335767
1.590851926734177	2.223174502505253	1.3968037191366223	1.4008959041335767
1.5911414275800073	2.2235788789371544	1.396807672848299	1.4008959041335767
1.5914309284258379	2.2239832565137756	1.396811627278382	1.4008959041335767
1.5917204292716685	2.224387635235324	1.3968155824268775	1.4008959041335767
1.5920099301174988	2.224792015102008	1.3968195382937914	1.4008959041335767
1.5922994309633294	2.225196396114035	1.3968234948791296	1.4008959041335767
1.59258893180916	2.225600778271613	1.3968274521828983	1.4008959041335767
1.5928784326549903	2.226005161574949	1.3968314102051032	1.4008959041335767
1.5931679335008209	2.2264095460242523	1.3968353689457504	1.4008959041335767
1.5934574343466512	2.2268139316197293	1.396839328404846	1.4008959041335767
1.5937469351924818	2.2272183183615883	1.3968432885823958	1.4008959041335767
1.5940364360383124	2.2276227062500373	1.3968472494784057	1.4008959041335767
1.594325936884143	2.228027095285284	1.396851211092882	1.4008959041335767
1.5946154377299733	2.2284314854675356	1.39685517342583	1.4008959041335767
1.5949049385758038	2.2288358767970005	1.3968591364772567	1.4008959041335767
1.5951944394216342	2.2292402692738866	1.396863100247167	1.4008959041335767
1.5954839402674648	2.2296446628984015	1.3968670647355677	1.4008959041335767
1.595773441113295	2.2300490576707523	1.3968710299424643	1.4008959041335767
1.5960629419591257	2.230453453591148	1.3968749958678628	1.4008959041335767
1.596352442804956	2.230857850659796	1.3968789625117692	1.4008959041335767
1.5966419436507868	2.2312622488769036	1.3968829298741898	1.4008959041335767
1.5969314444966172	2.231666648242679	1.39688689795513	1.4008959041335767
1.5972209453424477	2.2320710487573296	1.3968908667545965	1.4008959041335767
1.597510446188278	2.2324754504210635	1.3968948362725946	1.4008959041335767
1.5977999470341087	2.2328798532340888	1.3968988065091306	1.4008959041335767
1.598089447879939	2.2332842571966127	1.3969027774642102	1.4008959041335767
1.5983789487257696	2.2336886623088437	1.3969067491378397	1.4008959041335767
1.5986684495716001	2.2340930685709885	1.396910721530025	1.4008959041335767
1.5989579504174307	2.234497475983256	1.396914694640772	1.4008959041335767
1.599247451263261	2.2349018845458533	1.3969186684700865	1.4008959041335767
1.5995369521090916	2.2353062942589883	1.3969226430179749	1.4008959041335767
1.599826452954922	2.235710705122869	1.3969266182844426	1.4008959041335767
1.6001159538007526	2.236115117137703	1.396930594269496	1.4008959041335767
1.600405454646583	2.236519530303698	1.396934570973141	1.4008959041335767
1.6006949554924135	2.2369239446210627	1.3969385483953838	1.4008959041335767
1.600984456338244	2.237328360090004	1.3969425265362299	1.4008959041335767
1.6012739571840744	2.2377327767107293	1.3969465053956853	1.4008959041335767
1.601563458029905	2.238137194483447	1.3969504849737562	1.4008959041335767
1.6018529588757353	2.238541613408365	1.3969544652704486	1.4008959041335767
1.6021424597215659	2.238946033485691	1.3969584462857683	1.4008959041335767
1.6024319605673965	2.2393504547156327	1.3969624280197213	1.4008959041335767
1.602721461413227	2.239754877098398	1.3969664104723138	1.4008959041335767
1.6030109622590574	2.240159300634194	1.3969703936435514	1.4008959041335767
1.603300463104888	2.24056372532323	1.3969743775334404	1.4008959041335767
1.6035899639507183	2.240968151165712	1.3969783621419867	1.4008959041335767
1.6038794647965489	2.2413725781618488	1.396982347469196	1.4008959041335767
1.6041689656423792	2.2417770063118483	1.3969863335150745	1.4008959041335767
1.6044584664882098	2.242181435615918	1.3969903202796283	1.4008959041335767
1.6047479673340401	2.2425858660742657	1.396994307762863	1.4008959041335767
1.605037468179871	2.2429902976870992	1.3969982959647849	1.4008959041335767
1.6053269690257013	2.243394730454626	1.3970022848853998	1.4008959041335767
1.6056164698715318	2.2437991643770547	1.3970062745247138	1.4008959041335767
1.6059059707173622	2.2442035994545924	1.397010264882733	1.4008959041335767
1.6061954715631928	2.2446080356874467	1.3970142559594627	1.4008959041335767
1.6064849724090233	2.2450124730758265	1.3970182477549096	1.4008959041335767
1.606774473254854	2.2454169116199383	1.3970222402690795	1.4008959041335767
1.6070639741006842	2.2458213513199907	1.397026233501978	1.4008959041335767
1.6073534749465148	2.2462257921761912	1.3970302274536115	1.4008959041335767
1.6076429757923452	2.246630234188747	1.397034222123986	1.4008959041335767
1.6079324766381757	2.2470346773578673	1.397038217513107	1.4008959041335767
1.608221977484006	2.247439121683759	1.3970422136209808	1.4008959041335767
1.6085114783298367	2.2478435671666297	1.3970462104476136	1.4008959041335767
1.608800979175667	2.2482480138066876	1.3970502079930107	1.4008959041335767
1.6090904800214976	2.2486524616041406	1.3970542062571787	1.4008959041335767
1.6093799808673281	2.249056910559196	1.3970582052401235	1.4008959041335767
1.6096694817131585	2.2494613606720617	1.3970622049418506	1.4008959041335767
1.609958982558989	2.249865811942946	1.3970662053623664	1.4008959041335767
1.6102484834048194	2.250270264372056	1.3970702065016767	1.4008959041335767
1.61053798425065	2.2506747179596	1.3970742083597876	1.4008959041335767
1.6108274850964805	2.251079172705786	1.397078210936705	1.4008959041335767
1.6111169859423111	2.2514836286108206	1.3970822142324348	1.4008959041335767
1.6114064867881415	2.2518880856749126	1.3970862182469832	1.4008959041335767
1.611695987633972	2.25229254389827	1.3970902229803557	1.4008959041335767
1.6119854884798024	2.2526970032811	1.3970942284325587	1.4008959041335767
1.612274989325633	2.25310146382361	1.3970982346035983	1.4008959041335767
1.6125644901714633	2.2535059255260093	1.39710224149348	1.4008959041335767
1.6128539910172939	2.253910388388504	1.39710624910221	1.4008959041335767
1.6131434918631242	2.254314852411303	1.3971102574297942	1.4008959041335767
1.613432992708955	2.2547193175946134	1.3971142664762386	1.4008959041335767
1.6137224935547854	2.2551237839386435	1.3971182762415493	1.4008959041335767
1.614011994400616	2.255528251443601	1.3971222867257322	1.4008959041335767
1.6143014952464463	2.2559327201096937	1.397126297928793	1.4008959041335767
1.6145909960922769	2.256337189937129	1.3971303098507382	1.4008959041335767
1.6148804969381074	2.256741660926115	1.3971343224915735	1.4008959041335767
1.615169997783938	2.2571461330768594	1.3971383358513048	1.4008959041335767
1.6154594986297683	2.2575506063895703	1.3971423499299378	1.4008959041335767
1.615748999475599	2.257955080864455	1.397146364727479	1.4008959041335767
1.6160385003214293	2.2583595565017216	1.3971503802439342	1.4008959041335767
1.6163280011672598	2.2587640333015777	1.3971543964793094	1.4008959041335767
1.6166175020130902	2.2591685112642312	1.3971584134336106	1.4008959041335767
1.6169070028589207	2.25957299038989	1.3971624311068433	1.4008959041335767
1.617196503704751	2.259977470678762	1.3971664494990141	1.4008959041335767
1.6174860045505817	2.2603819521310546	1.3971704686101287	1.4008959041335767
1.6177755053964122	2.2607864347469757	1.397174488440193	1.4008959041335767
1.6180650062422428	2.261190918526733	1.3971785089892133	1.4008959041335767
1.6183545070880732	2.2615954034705346	1.397182530257195	1.4008959041335767
1.6186440079339037	2.261999889578588	1.3971865522441445	1.4008959041335767
1.6189335087797343	2.2624043768511015	1.3971905749500677	1.4008959041335767
1.6192230096255646	2.2628088652882825	1.3971945983749705	1.4008959041335767
1.6195125104713952	2.2632133548903384	1.397198622518859	1.4008959041335767
1.6198020113172256	2.263617845657478	1.397202647381739	1.4008959041335767
1.6200915121630561	2.264022337589908	1.3972066729636166	1.4008959041335767
1.6203810130088865	2.2644268306878366	1.3972106992644977	1.4008959041335767
1.620670513854717	2.2648313249514715	1.3972147262843881	1.4008959041335767
1.6209600147005474	2.265235820381021	1.3972187540232943	1.4008959041335767
1.621249515546378	2.2656403169766923	1.3972227824812218	1.4008959041335767
1.6215390163922085	2.266044814738694	1.3972268116581765	1.4008959041335767
1.6218285172380391	2.266449313667233	1.3972308415541648	1.4008959041335767
1.6221180180838695	2.266853813762517	1.3972348721691925	1.4008959041335767
1.6224075189297	2.2672583150247547	1.3972389035032653	1.4008959041335767
1.6226970197755304	2.2676628174541533	1.3972429355563896	1.4008959041335767
1.622986520621361	2.268067321050921	1.3972469683285709	1.4008959041335767
1.6232760214671915	2.2684718258152645	1.3972510018198157	1.4008959041335767
1.623565522313022	2.268876331747393	1.3972550360301295	1.4008959041335767
1.6238550231588524	2.2692808388475134	1.3972590709595185	1.4008959041335767
1.624144524004683	2.269685347115834	1.3972631066079886	1.4008959041335767
1.6244340248505134	2.270089856552562	1.3972671429755459	1.4008959041335767
1.624723525696344	2.270494367157905	1.3972711800621962	1.4008959041335767
1.6250130265421743	2.270898878932072	1.3972752178679455	1.4008959041335767
1.6253025273880048	2.27130339187527	1.3972792563927998	1.4008959041335767
1.6255920282338352	2.2717079059877068	1.3972832956367653	1.4008959041335767
1.625881529079666	2.2721124212695907	1.3972873355998476	1.4008959041335767
1.6261710299254963	2.2725169377211287	1.397291376282053	1.4008959041335767
1.626460530771327	2.272921455342529	1.397295417683387	1.4008959041335767
1.6267500316171573	2.2733259741339995	1.397299459803856	1.4008959041335767
1.6270395324629878	2.2737304940957475	1.397303502643466	1.4008959041335767
1.6273290333088184	2.274135015227982	1.3973075462022226	1.4008959041335767
1.6276185341546487	2.2745395375309085	1.397311590480132	1.4008959041335767
1.6279080350004793	2.2749440610047373	1.3973156354772003	1.4008959041335767
1.6281975358463097	2.2753485856496747	1.3973196811934332	1.4008959041335767
1.6284870366921402	2.275753111465929	1.3973237276288368	1.4008959041335767
1.6287765375379706	2.2761576384537077	1.3973277747834172	1.4008959041335767
1.6290660383838012	2.2765621666132185	1.39733182265718	1.4008959041335767
1.6293555392296315	2.2769666959446697	1.3973358712501316	1.4008959041335767
1.629645040075462	2.277371226448269	1.3973399205622776	1.4008959041335767
1.6299345409212926	2.2777757581242244	1.3973439705936244	1.4008959041335767
1.6302240417671232	2.278180290972743	1.3973480213441776	1.4008959041335767
1.6305135426129536	2.2785848249940326	1.397352072813943	1.4008959041335767
1.6308030434587841	2.2789893601883016	1.3973561250029272	1.4008959041335767
1.6310925443046145	2.2793938965557574	1.3973601779111358	1.4008959041335767
1.6313820451504453	2.2797984340966084	1.3973642315385746	1.4008959041335767
1.6316715459962756	2.280202972811061	1.39736828588525	1.4008959041335767
1.6319610468421062	2.2806075126993246	1.3973723409511676	1.4008959041335767
1.6322505476879365	2.281012053761606	1.3973763967363335	1.4008959041335767
1.632540048533767	2.281416595998113	1.3973804532407537	1.4008959041335767
1.6328295493795975	2.281821139409054	1.3973845104644342	1.4008959041335767
1.633119050225428	2.282225683994636	1.397388568407381	1.4008959041335767
1.6334085510712584	2.2826302297550676	1.3973926270695998	1.4008959041335767
1.633698051917089	2.2830347766905557	1.397396686451097	1.4008959041335767
1.6339875527629195	2.2834393248013094	1.397400746551878	1.4008959041335767
1.63427705360875	2.283843874087535	1.3974048073719494	1.4008959041335767
1.6345665544545804	2.284248424549441	1.3974088689113167	1.4008959041335767
1.634856055300411	2.2846529761872354	1.397412931169986	1.4008959041335767
1.6351455561462414	2.2850575290011257	1.3974169941479635	1.4008959041335767
1.635435056992072	2.28546208299132	1.3974210578452548	1.4008959041335767
1.6357245578379025	2.2858666381580255	1.397425122261866	1.4008959041335767
1.6360140586837328	2.2862711945014507	1.3974291873978033	1.4008959041335767
1.6363035595295634	2.2866757520218024	1.3974332532530727	1.4008959041335767
1.6365930603753938	2.2870803107192894	1.3974373198276795	1.4008959041335767
1.6368825612212243	2.287484870594119	1.3974413871216305	1.4008959041335767
