x	chi	dchidx	s0
3.4132371042868425e-05	0.0	1.6948684351107852	1.6948684351107852
0.0034815018463725785	0.005842837680095654	1.6948684134224157	1.6948684351107852
0.006928871321702289	0.011685675228818625	1.694868359036995	1.6948684351107852
0.010376240797032	0.017528512534064407	1.6948682721731276	1.6948684351107852
0.013823610272361711	0.023371349483870603	1.6948681528320961	1.6948684351107852
0.01727097974769142	0.02921418596628359	1.6948680010158292	1.6948684351107852
0.020718349223021133	0.03505702186935423	1.6948678167247833	1.6948684351107852
0.02416571869835084	0.040899857081133466	1.6948675999593639	1.6948684351107852
0.027613088173680553	0.04674269148967244	1.6948673507199268	1.6948684351107852
0.031060457649010262	0.05258552498302234	1.6948670690067784	1.6948684351107852
0.034507827124339974	0.05842835744923458	1.694866754820174	1.6948684351107852
0.03795519659966968	0.06427118877636062	1.6948664081603197	1.6948684351107852
0.0414025660749994	0.07011401885245211	1.6948660290273712	1.6948684351107852
0.0448499355503291	0.07595684756556079	1.694865617421434	1.6948684351107852
0.04829730502565881	0.08179967480373854	1.6948651733425644	1.6948684351107852
0.05174467450098852	0.08764250045503737	1.6948646967907675	1.6948684351107852
0.05519204397631823	0.09348532440750948	1.694864187765999	1.6948684351107852
0.05863941345164794	0.09932814654920707	1.6948636462681645	1.6948684351107852
0.06208678292697765	0.1051709667681826	1.6948630722971199	1.6948684351107852
0.06553415240230735	0.11101378495248859	1.6948624658526703	1.6948684351107852
0.06898152187763706	0.1168566009901777	1.6948618269345714	1.6948684351107852
0.07242889135296678	0.12269941476930273	1.6948611555425288	1.6948684351107852
0.07587626082829649	0.1285422261779166	1.6948604516761976	1.6948684351107852
0.0793236303036262	0.1343850351040724	1.6948597153351834	1.6948684351107852
0.08277099977895591	0.1402278414357157	1.6948589465192578	1.6948684351107852
0.08621836925428562	0.14607064506074602	1.69485814522842	1.6948684351107852
0.08966573872961534	0.15191344586723748	1.6948573114624184	1.6948684351107852
0.09311310820494505	0.1577562437432639	1.6948564452209873	1.6948684351107852
0.09656047768027476	0.1635990385768966	1.6948555465038515	1.6948684351107852
0.10000784715560447	0.16944183025620438	1.6948546153107238	1.6948684351107852
0.10345521663093417	0.1752846186692536	1.694853651641308	1.6948684351107852
0.10690258610626388	0.1811274037041081	1.6948526554952965	1.6948684351107852
0.11034995558159359	0.18697018524882922	1.6948516268723717	1.6948684351107852
0.1137973250569233	0.19281296319147578	1.6948505657722053	1.6948684351107852
0.11724469453225302	0.19865573742010423	1.6948494721944587	1.6948684351107852
0.12069206400758273	0.2044985078227683	1.6948483461387824	1.6948684351107852
0.12413943348291244	0.21034127428751948	1.6948471876048172	1.6948684351107852
0.12758680295824215	0.21618403670240655	1.694845996592193	1.6948684351107852
0.13103417243357185	0.22202679495547595	1.694844773100529	1.6948684351107852
0.13448154190890158	0.22786954893477163	1.6948435171294343	1.6948684351107852
0.13792891138423127	0.23371229852833486	1.6948422286785076	1.6948684351107852
0.14137628085956097	0.23955504362420454	1.694840907747337	1.6948684351107852
0.1448236503348907	0.24539778411041718	1.6948395543354997	1.6948684351107852
0.1482710198102204	0.2512405198750066	1.6948381684425633	1.6948684351107852
0.15171838928555012	0.25708325080600425	1.6948367500680845	1.6948684351107852
0.15516575876087982	0.2629259767914391	1.6948352992116091	1.6948684351107852
0.15861312823620954	0.2687686977193374	1.6948338158726732	1.6948684351107852
0.16206049771153924	0.27461141347772333	1.6948323000508023	1.6948684351107852
0.16550786718686897	0.2804541239546183	1.6948307517455108	1.6948684351107852
0.16895523666219867	0.286296829038041	1.694829170956303	1.6948684351107852
0.1724026061375284	0.2921395286160081	1.6948275576826735	1.6948684351107852
0.1758499756128581	0.2979822225765335	1.6948259119241051	1.6948684351107852
0.17929734508818782	0.30382491080762875	1.694824233680071	1.6948684351107852
0.1827447145635175	0.30966759319730264	1.694822522950034	1.6948684351107852
0.18619208403884724	0.31551026963356177	1.6948207797334456	1.6948684351107852
0.18963945351417694	0.3213529400044101	1.694819004029748	1.6948684351107852
0.19308682298950663	0.32719560419784915	1.6948171958383718	1.6948684351107852
0.19653419246483636	0.3330382621018778	1.6948153551587382	1.6948684351107852
0.19998156194016606	0.3388809136044927	1.694813481990257	1.6948684351107852
0.20342893141549578	0.34472355859368775	1.6948115763323282	1.6948684351107852
0.20687630089082548	0.3505661969574545	1.694809638184341	1.6948684351107852
0.2103236703661552	0.356408828583782	1.694807667545674	1.6948684351107852
0.2137710398414849	0.3622514533606566	1.6948056644156961	1.6948684351107852
0.2172184093168146	0.3680940711760625	1.694803628793765	1.6948684351107852
0.22066577879214433	0.3739366819179812	1.6948015606792277	1.6948684351107852
0.22411314826747403	0.37977928547439177	1.6947994600714218	1.6948684351107852
0.22756051774280375	0.3856218817332706	1.6947973269696734	1.6948684351107852
0.23100788721813345	0.39146447058259193	1.6947951613732988	1.6948684351107852
0.23445525669346318	0.39730705191032734	1.6947929632816034	1.6948684351107852
0.23790262616879287	0.40314962560444567	1.6947907326938825	1.6948684351107852
0.24134999564412257	0.40899219155291366	1.6947884696094206	1.6948684351107852
0.2447973651194523	0.41483474964369527	1.694786174027492	1.6948684351107852
0.248244734594782	0.4206772997647522	1.6947838459473608	1.6948684351107852
0.2516921040701117	0.42651984180404345	1.6947814853682794	1.6948684351107852
0.2551394735454414	0.43236237564952573	1.6947790922894914	1.6948684351107852
0.2585868430207711	0.438204901189153	1.6947766667102289	1.6948684351107852
0.2620342124961008	0.4440474183108769	1.6947742086297137	1.6948684351107852
0.26548158197143057	0.4498899269026465	1.6947717180471575	1.6948684351107852
0.26892895144676027	0.45573242685240856	1.694769194961761	1.6948684351107852
0.27237632092208997	0.461574918048107	1.6947666393727145	1.6948684351107852
0.27582369039741966	0.46741740037768376	1.6947640512791986	1.6948684351107852
0.2792710598727494	0.47325987372907774	1.6947614306803827	1.6948684351107852
0.2827184293480791	0.4791023379902255	1.6947587775754256	1.6948684351107852
0.2861657988234088	0.48494479304906135	1.6947560919634763	1.6948684351107852
0.2896131682987385	0.49078723879351693	1.6947533738436729	1.6948684351107852
0.2930605377740682	0.49662967511152123	1.694750623215143	1.6948684351107852
0.29650790724939796	0.5024721018910012	1.694747840077004	1.6948684351107852
0.29995527672472766	0.5083145190198809	1.6947450244283626	1.6948684351107852
0.30340264620005736	0.5141569263860818	1.6947421762683152	1.6948684351107852
0.30685001567538706	0.5199993238775232	1.694739295595948	1.6948684351107852
0.31029738515071675	0.525841711382122	1.6947363824103359	1.6948684351107852
0.3137447546260465	0.531684088787792	1.694733436710544	1.6948684351107852
0.3171921241013762	0.5375264559824453	1.694730458495627	1.6948684351107852
0.3206394935767059	0.5433688128539909	1.6947274477646288	1.6948684351107852
0.3240868630520356	0.5492111592903354	1.6947244045165828	1.6948684351107852
0.3275342325273653	0.5550534951793832	1.6947213287505125	1.6948684351107852
0.33098160200269505	0.560895820409036	1.69471822046543	1.6948684351107852
0.3344289714780248	0.5667381348671928	1.694715079660338	1.6948684351107852
0.3378763409533545	0.5725804384417507	1.6947119063342282	1.6948684351107852
0.3413237104286842	0.5784227310206037	1.6947087004860812	1.6948684351107852
