x	chi	dchidx	s0
0.0012448553744044296	0.0	0.20038504466103135	0.20038504466103135
0.014845121645739414	0.002725280339576235	0.20038307437877736	0.20038504466103135
0.028445387917074398	0.005450511243188901	0.20037777490049916	0.20038504466103135
0.04204565418840939	0.008175647434463787	0.2003691463739667	0.20038504466103135
0.05564592045974437	0.010900643637611665	0.20035718880741138	0.20038504466103135
0.06924618673107935	0.013625454576868925	0.20034190220664444	0.20038504466103135
0.08284645300241435	0.016350034976492754	0.2003232865758922	0.20038504466103135
0.09644671927374933	0.019074339560761152	0.20030134191779625	0.20038504466103135
0.1100469855450843	0.021798323053972894	0.20027606823341335	0.20038504466103135
0.12364725181641928	0.024521940180447593	0.20024746552221548	0.20038504466103135
0.13724751808775426	0.02724514566452563	0.20021553378208984	0.20038504466103135
0.15084778435908924	0.029967894230568202	0.2001802730093388	0.20038504466103135
0.16444805063042425	0.03269014059751089	0.20014168320379075	0.20038504466103135
0.17804831690175923	0.035411839475988485	0.20009976437407287	0.20038504466103135
0.19164858317309422	0.03813294559176516	0.20005451651639455	0.20038504466103135
0.20524884944442917	0.040853413671310915	0.2000059396260122	0.20038504466103135
0.21884911571576418	0.0435731984409158	0.1999540336979984	0.20038504466103135
0.2324493819870992	0.04629225462668987	0.19989879872724192	0.20038504466103135
0.24604964825843414	0.04901053695456317	0.1998402347084477	0.20038504466103135
0.25964991452976915	0.05172800015028582	0.1997783416361368	0.20038504466103135
0.2732501808011041	0.05444459893942791	0.19971311950464654	0.20038504466103135
0.2868504470724391	0.057160288047379604	0.19964456830813032	0.20038504466103135
0.30045071334377405	0.05987502219935101	0.19957268804055778	0.20038504466103135
0.3140509796151091	0.06258875612037232	0.1994974786957147	0.20038504466103135
0.32765124588644406	0.06530144453529371	0.199418940267203	0.20038504466103135
0.34125151215777905	0.0680130421687854	0.19933707274844087	0.20038504466103135
0.35485177842911403	0.07072350374533758	0.19925187613266257	0.20038504466103135
0.368452044700449	0.07343278398926051	0.1991633504129186	0.20038504466103135
0.382052310971784	0.07614083762468447	0.19907149558207554	0.20038504466103135
0.39565257724311903	0.07884761937555974	0.19897631163281626	0.20038504466103135
0.40925284351445396	0.08155308396565658	0.19887779855763973	0.20038504466103135
0.422853109785789	0.08425718611856535	0.19877595634886105	0.20038504466103135
0.436453376057124	0.08695988055769638	0.19867078499861163	0.20038504466103135
0.45005364232845896	0.08966112200627999	0.1985622844988389	0.20038504466103135
0.463653908599794	0.09236086518736661	0.19845045484130655	0.20038504466103135
0.4772541748711289	0.09505906482382659	0.19833529601759442	0.20038504466103135
0.4908544411424639	0.09775567563835036	0.1982168080190985	0.20038504466103135
0.5044547074137989	0.10045065235344836	0.19809499083703097	0.20038504466103135
0.5180549736851339	0.10314394969145102	0.19796984446242022	0.20038504466103135
0.5316552399564688	0.10583552237450883	0.1978413688861107	0.20038504466103135
0.5452555062278038	0.10852532512459229	0.19770956409876317	0.20038504466103135
0.5588557724991389	0.11121331266349183	0.19757443009085446	0.20038504466103135
0.5724560387704738	0.1138994397128181	0.1974359668526776	0.20038504466103135
0.5860563050418088	0.11658366099400155	0.19729417437434182	0.20038504466103135
0.5996565713131438	0.11926593122829274	0.19714905264577248	0.20038504466103135
0.6132568375844788	0.12194620513676233	0.19700060165671113	0.20038504466103135
0.6268571038558137	0.12462443744030086	0.19684882139671547	0.20038504466103135
0.6404573701271488	0.12730058285961898	0.1966937118551594	0.20038504466103135
0.6540576363984838	0.1299745961152473	0.196535273021233	0.20038504466103135
0.6676579026698187	0.1326464319275365	0.19637350488394248	0.20038504466103135
0.6812581689411537	0.1353160450166573	0.19620840743211027	0.20038504466103135
0.6948584352124887	0.13798339010260027	0.1960399806543749	0.20038504466103135
0.7084587014838237	0.1406484219051763	0.19586822453919112	0.20038504466103135
0.7220589677551587	0.14331109514401597	0.19569313907482988	0.20038504466103135
0.7356592340264936	0.14597136453857007	0.19551472424937824	0.20038504466103135
0.7492595002978286	0.14862918480810944	0.19533298005073946	0.20038504466103135
0.7628597665691637	0.15128451067172477	0.19514790646663296	0.20038504466103135
0.7764600328404986	0.15393729684832702	0.19495950348459434	0.20038504466103135
0.7900602991118336	0.15658749805664682	0.1947677710919754	0.20038504466103135
0.8036605653831685	0.15923506901523515	0.19457270927594408	0.20038504466103135
0.8172608316545035	0.16187996444246283	0.19437431802348445	0.20038504466103135
0.8308610979258385	0.16452213905652086	0.19417259732139683	0.20038504466103135
0.8444613641971734	0.16716154757541996	0.19396754715629763	0.20038504466103135
0.8580616304685086	0.16979814471699117	0.19375916751461952	0.20038504466103135
0.8716618967398435	0.1724318851988854	0.1935474583826113	0.20038504466103135
0.8852621630111784	0.17506272373857357	0.1933324197463379	0.20038504466103135
0.8988624292825135	0.17769061505334674	0.1931140515916805	0.20038504466103135
0.9124626955538484	0.18031551386031583	0.19289235390433634	0.20038504466103135
0.9260629618251834	0.18293737487641198	0.19266732666981898	0.20038504466103135
0.9396632280965184	0.1855561528183861	0.19243896987345804	0.20038504466103135
0.9532634943678533	0.18817180240280926	0.19220728350039934	0.20038504466103135
0.9668637606391884	0.19078427834607262	0.19197226753560487	0.20038504466103135
0.9804640269105234	0.19339353536438716	0.19173392196385278	0.20038504466103135
0.9940642931818584	0.1959995281737841	0.19149224676973742	0.20038504466103135
1.0076645594531934	0.19860221149011453	0.19124724193766932	0.20038504466103135
1.0212648257245283	0.20120154002904952	0.19099890745187514	0.20038504466103135
1.0348650919958633	0.20379746850608033	0.1907472432963977	0.20038504466103135
1.0484653582671983	0.2063899516365182	0.19049224945509605	0.20038504466103135
1.0620656245385331	0.20897894413549417	0.1902339259116454	0.20038504466103135
1.0756658908098682	0.21156440071795954	0.18997227264953706	0.20038504466103135
1.0892661570812032	0.2141462760986857	0.1897072896520786	0.20038504466103135
1.1028664233525383	0.21672452499226366	0.1894389769023937	0.20038504466103135
1.1164666896238733	0.2192991021131049	0.18916733438342223	0.20038504466103135
1.1300669558952081	0.2218699621754406	0.1888923620779203	0.20038504466103135
1.1436672221665432	0.22443705989332216	0.18861405996846003	0.20038504466103135
1.1572674884378782	0.22700034998062085	0.18833242803742986	0.20038504466103135
1.1708677547092132	0.22955978715102812	0.18804746626703436	0.20038504466103135
1.184468020980548	0.2321153282457357	0.18775917507125228	0.20038504466103135
1.198068287251883	0.23466761897915037	0.18746663722297546	0.20038504466103135
1.2116685535232181	0.23721653549786617	0.18716591894884374	0.20038504466103135
1.2252688197945532	0.2397612890241988	0.18685462509334855	0.20038504466103135
1.2388690860658882	0.2423013224198853	0.18653314722187517	0.20038504466103135
1.252469352337223	0.24483631018608404	0.1862046636207027	0.20038504466103135
1.266069618608558	0.24736615846337467	0.18587513929700414	0.20038504466103135
1.279669884879893	0.24989100503175832	0.18555332597884625	0.20038504466103135
1.293270151151228	0.2524112193106572	0.18525076211518968	0.20038504466103135
1.3068704174225632	0.2549274023589151	0.1849817728758889	0.20038504466103135
1.320470683693898	0.257440386874797	0.18476347015169226	0.20038504466103135
1.334070949965233	0.25995123719598917	0.18461575255424192	0.20038504466103135
1.347671216236568	0.26246124929959946	0.18456130541607388	0.20038504466103135
1.358783210758898	0.26451209554877086	0.18456167153282246	0.20038504466103135
1.369895205281228	0.26656294587978674	0.18456204019585537	0.20038504466103135
1.3810071998035582	0.26861380032100435	0.18456241140542184	0.20038504466103135
1.3921191943258882	0.27066465890078134	0.18456278516177116	0.20038504466103135
1.4032311888482183	0.27271552164747515	0.18456316146515253	0.20038504466103135
1.4143431833705484	0.2747663885894432	0.18456354031581526	0.20038504466103135
1.4254551778928783	0.2768172597550429	0.18456392171400854	0.20038504466103135
1.4365671724152085	0.2788681351726319	0.1845643056599817	0.20038504466103135
1.4476791669375384	0.2809190148705676	0.1845646921539839	0.20038504466103135
1.4587911614598685	0.28296989887720736	0.1845650811962645	0.20038504466103135
1.4699031559821987	0.2850207872209088	0.18456547278707267	0.20038504466103135
1.4810151505045286	0.28707167993002924	0.1845658669266577	0.20038504466103135
1.4921271450268587	0.2891225770329263	0.18456626361526884	0.20038504466103135
1.5032391395491889	0.2911734785579574	0.18456666285315534	0.20038504466103135
1.5143511340715188	0.29322438453347993	0.18456706464056646	0.20038504466103135
1.525463128593849	0.29527529498785143	0.18456746897775148	0.20038504466103135
1.536575123116179	0.2973262099494295	0.1845678758649596	0.20038504466103135
1.547687117638509	0.29937712944657136	0.1845682853024401	0.20038504466103135
1.558799112160839	0.30142805350763463	0.18456869729044223	0.20038504466103135
1.5699111066831692	0.30347898216097674	0.18456911182921523	0.20038504466103135
1.5810231012054992	0.30552991543495517	0.1845695289190084	0.20038504466103135
1.592135095727829	0.30758085335792734	0.18456994856007097	0.20038504466103135
1.6032470902501594	0.3096317959582509	0.18457037075265217	0.20038504466103135
1.6143590847724896	0.31168274326428314	0.18457079549700128	0.20038504466103135
1.6254710792948195	0.3137336953043815	0.18457122279336755	0.20038504466103135
1.6365830738171494	0.3157846521069036	0.18457165264200023	0.20038504466103135
1.6476950683394795	0.31783561370020685	0.18457208504314856	0.20038504466103135
1.6588070628618095	0.3198865801126487	0.18457251999706184	0.20038504466103135
1.6699190573841394	0.3219375513725866	0.18457295750398928	0.20038504466103135
1.6810310519064697	0.32398852750837814	0.18457339756418012	0.20038504466103135
1.6921430464287999	0.32603950854838065	0.18457384017788367	0.20038504466103135
1.7032550409511298	0.3280904945209516	0.18457428534534914	0.20038504466103135
1.7143670354734597	0.3301414854544486	0.1845747330668258	0.20038504466103135
1.7254790299957898	0.332192481377229	0.18457518334256293	0.20038504466103135
1.7365910245181202	0.3342434823176504	0.18457563617280975	0.20038504466103135
1.7477030190404501	0.3362944883040701	0.1845760915578155	0.20038504466103135
1.7588150135627802	0.33834549936484565	0.18457654949782948	0.20038504466103135
1.7699270080851102	0.3403965155283345	0.1845770099931009	0.20038504466103135
1.78103900260744	0.34244753682289414	0.18457747304387903	0.20038504466103135
1.7921509971297704	0.34449856348927216	0.18457793860338367	0.20038504466103135
1.8032629916521001	0.3465495957859863	0.1845784066214979	0.20038504466103135
1.8143749861744305	0.34860063328258256	0.184578877200269	0.20038504466103135
1.8254869806967604	0.3506516760076667	0.1845793503397547	0.20038504466103135
1.8365989752190905	0.3527027239898448	0.1845798260400128	0.20038504466103135
1.8477109697414205	0.3547537772577229	0.18458030430110106	0.20038504466103135
1.8588229642637504	0.3568048358399068	0.1845807851230772	0.20038504466103135
1.8699349587860807	0.3588558997650027	0.18458126850599907	0.20038504466103135
1.8810469533084109	0.36090696906161646	0.18458175444992436	0.20038504466103135
1.8921589478307408	0.362958043758354	0.18458224295491088	0.20038504466103135
1.9032709423530707	0.36500912388382145	0.18458273402101635	0.20038504466103135
1.9143829368754008	0.3670602094666247	0.1845832276482986	0.20038504466103135
1.9254949313977312	0.3691113005353699	0.18458372383681534	0.20038504466103135
1.936606925920061	0.37116239711866267	0.18458422258662435	0.20038504466103135
1.947718920442391	0.3732134992451094	0.1845847238977834	0.20038504466103135
1.9588309149647212	0.3752646069433158	0.18458522777035027	0.20038504466103135
1.969942909487051	0.37731572024188803	0.1845857342043827	0.20038504466103135
1.9810549040093812	0.3793668391694319	0.1845862431999385	0.20038504466103135
1.9921668985317111	0.38141796375455356	0.18458675475707537	0.20038504466103135
2.0032788930540413	0.38346909402585894	0.1845872688758511	0.20038504466103135
2.0143908875763716	0.38552023001195396	0.1845877855563235	0.20038504466103135
2.0255028820987016	0.3875713717414446	0.1845883047985503	0.20038504466103135
2.0366148766210315	0.38962251924293695	0.18458882660258924	0.20038504466103135
2.0477268711433614	0.39167367254503693	0.1845893509684981	0.20038504466103135
2.0588388656656917	0.3937248316763506	0.1845898778963347	0.20038504466103135
2.0699508601880217	0.39577599666548374	0.18459040738615673	0.20038504466103135
2.081062854710352	0.3978271675410425	0.18459093943802202	0.20038504466103135
2.092174849232682	0.3998783443316329	0.18459147405198828	0.20038504466103135
2.103286843755012	0.40192952706586077	0.1845920112281133	0.20038504466103135
2.1143988382773418	0.4039807157723322	0.18459255096645485	0.20038504466103135
2.1255108327996717	0.40603191047965315	0.1845930932670707	0.20038504466103135
2.136622827322002	0.4080831112164297	0.1845936381300186	0.20038504466103135
2.147734821844332	0.41013431801126765	0.18459418555535634	0.20038504466103135
2.1588468163666623	0.41218553089277304	0.18459473554314165	0.20038504466103135
2.1699588108889922	0.41423674988955195	0.1845952880934323	0.20038504466103135
2.181070805411322	0.41628797503021026	0.1845958432062861	0.20038504466103135
2.1921827999336525	0.41833920634335403	0.18459640088176077	0.20038504466103135
2.203294794455982	0.4203904438575891	0.1845969611199141	0.20038504466103135
2.2144067889783123	0.42244168760152173	0.18459752392080386	0.20038504466103135
2.2255187835006423	0.4244929376037576	0.1845980892844878	0.20038504466103135
2.2366307780229726	0.4265441938929029	0.18459865721102364	0.20038504466103135
2.247742772545303	0.42859545649756353	0.18459922770046924	0.20038504466103135
2.2588547670676324	0.4306467254463454	0.1845998007528823	0.20038504466103135
2.269966761589963	0.4326980007678547	0.1846003763683206	0.20038504466103135
2.2810787561122927	0.4347492824906972	0.18460095454684192	0.20038504466103135
2.2921907506346226	0.43680057064347905	0.18460153528850404	0.20038504466103135
2.303302745156953	0.4388518652548062	0.18460211859336467	0.20038504466103135
2.314414739679283	0.4409031663532844	0.1846027044614816	0.20038504466103135
2.3255267342016133	0.44295447396752	0.18460329289291263	0.20038504466103135
2.336638728723943	0.44500578812611874	0.18460388388771548	0.20038504466103135
2.347750723246273	0.4470571088576867	0.18460447744594796	0.20038504466103135
2.358862717768603	0.4491084361908298	0.18460507356766778	0.20038504466103135
2.369974712290933	0.4511597701541541	0.18460567225293276	0.20038504466103135
2.3810867068132633	0.4532111107762655	0.18460627350180062	0.20038504466103135
2.392198701335593	0.45526245808577004	0.18460687731432918	0.20038504466103135
2.4033106958579236	0.45731381211127375	0.18460748369057614	0.20038504466103135
2.4144226903802535	0.4593651728813825	0.1846080926305993	0.20038504466103135
2.4255346849025834	0.4614165404247023	0.18460870413445643	0.20038504466103135
2.4366466794249138	0.4634679147698393	0.1846093182022053	0.20038504466103135
2.4477586739472432	0.46551929594539915	0.18460993483390367	0.20038504466103135
2.4588706684695736	0.4675706839799882	0.18461055402960927	0.20038504466103135
2.469982662991904	0.4696220789022122	0.1846111757893799	0.20038504466103135
2.481094657514234	0.47167348074067716	0.18461180011327336	0.20038504466103135
2.4922066520365638	0.47372488952398917	0.18461242700134736	0.20038504466103135
2.5033186465588937	0.47577630528075404	0.18461305645365966	0.20038504466103135
2.514430641081224	0.477827728039578	0.18461368847026807	0.20038504466103135
2.525542635603554	0.47987915782906676	0.18461432305123035	0.20038504466103135
2.5366546301258843	0.4819305946778265	0.18461496019660423	0.20038504466103135
2.5477666246482142	0.4839820386144631	0.1846155999064475	0.20038504466103135
2.558878619170544	0.48603348966758264	0.18461624218081793	0.20038504466103135
2.5699906136928745	0.4880849478657911	0.18461688701977325	0.20038504466103135
2.581102608215204	0.49013641323769425	0.18461753442337128	0.20038504466103135
2.5922146027375343	0.4921878858118984	0.18461818439166974	0.20038504466103135
2.6033265972598643	0.4942393656170092	0.18461883692472644	0.20038504466103135
2.6144385917821946	0.496290852681633	0.18461949202259909	0.20038504466103135
2.625550586304525	0.4983423470343754	0.1846201496853455	0.20038504466103135
2.6366625808268545	0.5003938487038426	0.18462080991302343	0.20038504466103135
2.647774575349185	0.5024453577186406	0.18462147270569063	0.20038504466103135
2.6588865698715147	0.5044968741073753	0.18462213806340488	0.20038504466103135
2.6699985643938446	0.5065483978986528	0.1846228059862239	0.20038504466103135
2.6811105589161746	0.508599929121079	0.18462347647420554	0.20038504466103135
2.692222553438505	0.5106514678032598	0.1846241495274075	0.20038504466103135
2.7033345479608353	0.5127030139738014	0.18462482514588757	0.20038504466103135
2.7144465424831647	0.5147545676613094	0.1846255033297035	0.20038504466103135
2.725558537005495	0.5168061288943903	0.1846261840789131	0.20038504466103135
2.736670531527825	0.5188576977016497	0.18462686739357406	0.20038504466103135
2.747782526050155	0.5209092741116936	0.1846275532737442	0.20038504466103135
2.7588945205724853	0.5229608581531283	0.18462824171948128	0.20038504466103135
2.770006515094815	0.5250124498545594	0.18462893273084305	0.20038504466103135
2.7811185096171456	0.5270640492445933	0.1846296263078873	0.20038504466103135
2.7922305041394755	0.5291156563518356	0.18463032245067176	0.20038504466103135
2.8033424986618054	0.5311672712048923	0.18463102115925425	0.20038504466103135
2.8144544931841353	0.5332188938323696	0.18463172243369247	0.20038504466103135
2.8255664877064652	0.5352705242628734	0.18463242627404422	0.20038504466103135
2.8366784822287956	0.5373221625250096	0.18463313268036727	0.20038504466103135
2.8477904767511255	0.5393738086473843	0.18463384165271937	0.20038504466103135
2.858902471273456	0.5414254626586035	0.18463455319115832	0.20038504466103135
2.870014465795786	0.5434771245872732	0.18463526729574184	0.20038504466103135
2.8811264603181157	0.5455287944619991	0.18463598396652772	0.20038504466103135
2.892238454840446	0.5475804723113876	0.18463670320357373	0.20038504466103135
2.903350449362776	0.5496321581640442	0.1846374250069376	0.20038504466103135
2.914462443885106	0.5516838520485754	0.18463814937667714	0.20038504466103135
2.925574438407436	0.5537355539935869	0.1846388763128501	0.20038504466103135
2.936686432929766	0.5557872640276847	0.18463960581551422	0.20038504466103135
2.9477984274520965	0.5578389821794749	0.1846403378847273	0.20038504466103135
2.958910421974426	0.5598907084775632	0.18464107252054712	0.20038504466103135
2.9700224164967564	0.561942442950556	0.1846418097230314	0.20038504466103135
2.9811344110190863	0.5639941856270588	0.18464254949223793	0.20038504466103135
2.9922464055414166	0.566045936535678	0.18464329182822448	0.20038504466103135
3.003358400063747	0.5680976957050194	0.1846440367310488	0.20038504466103135
3.0144703945860765	0.5701494631636891	0.18464478420076866	0.20038504466103135
3.025582389108407	0.572201238940293	0.18464553423744184	0.20038504466103135
3.0366943836307363	0.5742530230634368	0.18464628684112608	0.20038504466103135
3.0478063781530667	0.5763048155617272	0.18464704201187918	0.20038504466103135
3.0589183726753966	0.5783566164637693	0.18464779974975887	0.20038504466103135
3.070030367197727	0.5804084257981699	0.1846485600548229	0.20038504466103135
3.0811423617200573	0.5824602435935344	0.18464932292712913	0.20038504466103135
3.0922543562423868	0.584512069878469	0.18465008836673522	0.20038504466103135
3.103366350764717	0.5865639046815798	0.184650856373699	0.20038504466103135
3.1144783452870466	0.5886157480314725	0.18465162694807818	0.20038504466103135
3.125590339809377	0.5906675999567534	0.1846524000899306	0.20038504466103135
3.1367023343317073	0.5927194604860284	0.18465317579931398	0.20038504466103135
3.1478143288540372	0.5947713296479032	0.18465395407628607	0.20038504466103135
3.1589263233763676	0.5968232074709843	0.18465473492090467	0.20038504466103135
3.170038317898697	0.5988750939838771	0.18465551833322752	0.20038504466103135
3.1811503124210274	0.600926989215188	0.18465630431331242	0.20038504466103135
3.1922623069433578	0.6029788931935227	0.1846570928612171	0.20038504466103135
3.2033743014656872	0.6050308059474874	0.18465788397699934	0.20038504466103135
3.2144862959880176	0.607082727505688	0.18465867766071692	0.20038504466103135
3.2255982905103475	0.6091346578967306	0.18465947391242757	0.20038504466103135
3.236710285032678	0.6111865971492211	0.18466027273218907	0.20038504466103135
3.2478222795550074	0.6132385452917655	0.1846610741200592	0.20038504466103135
3.2589342740773377	0.6152905023529696	0.18466187807609571	0.20038504466103135
3.270046268599668	0.6173424683614396	0.1846626846003564	0.20038504466103135
3.2811582631219975	0.6193944433457813	0.184663493692899	0.20038504466103135
3.292270257644328	0.621446427334601	0.18466430535378126	0.20038504466103135
3.303382252166658	0.6234984203565044	0.184665119583061	0.20038504466103135
3.314494246688988	0.6255504224400975	0.18466593638079593	0.20038504466103135
3.3256062412113185	0.6276024336139866	0.18466675574704386	0.20038504466103135
3.336718235733648	0.6296544539067771	0.18466757768186254	0.20038504466103135
3.3478302302559784	0.6317064833470756	0.18466840218530972	0.20038504466103135
3.3589422247783083	0.6337585219634876	0.18466922925744317	0.20038504466103135
3.370054219300638	0.6358105697846195	0.18467005889832067	0.20038504466103135
3.381166213822968	0.6378626268390768	0.184670891108	0.20038504466103135
3.3922782083452985	0.639914693155466	0.18467172588653888	0.20038504466103135
3.403390202867629	0.6419667687623929	0.1846725632339951	0.20038504466103135
3.4145021973899583	0.6440188536884632	0.18467340315042644	0.20038504466103135
3.4256141919122887	0.6460709479622831	0.18467424563589066	0.20038504466103135
3.4367261864346186	0.6481230516124588	0.1846750906904455	0.20038504466103135
3.447838180956949	0.650175164667596	0.18467593831414875	0.20038504466103135
3.4589501754792793	0.6522272871563006	0.18467678850705815	0.20038504466103135
3.4700621700016088	0.6542794191071788	0.18467764126923153	0.20038504466103135
3.481174164523939	0.6563315605488367	0.18467849660072658	0.20038504466103135
3.4922861590462686	0.6583837115098798	0.18467935450160108	0.20038504466103135
3.503398153568599	0.6604358720189147	0.18468021497191284	0.20038504466103135
3.5145101480909293	0.6624880421045469	0.1846810780117196	0.20038504466103135
3.5256221426132592	0.6645402217953826	0.1846819436210791	0.20038504466103135
3.5367341371355896	0.6665924111200279	0.18468281180004914	0.20038504466103135
3.547846131657919	0.6686446101070884	0.18468368254868747	0.20038504466103135
3.5589581261802494	0.6706968187851704	0.18468455586705187	0.20038504466103135
3.570070120702579	0.6727490371828797	0.18468543175520008	0.20038504466103135
3.5811821152249093	0.6748012653288225	0.1846863102131899	0.20038504466103135
3.5922941097472396	0.6768535032516048	0.18468719124107905	0.20038504466103135
3.6034061042695695	0.6789057509798321	0.18468807483892535	0.20038504466103135
3.6145180987919	0.680958008542111	0.18468896100678653	0.20038504466103135
3.6256300933142294	0.683010275967047	0.18468984974472036	0.20038504466103135
3.6367420878365597	0.6850625532832464	0.1846907410527846	0.20038504466103135
3.64785408235889	0.6871148405193153	0.18469163493103705	0.20038504466103135
3.6589660768812196	0.6891671377038591	0.18469253137953542	0.20038504466103135
3.67007807140355	0.6912194448654844	0.18469343039833752	0.20038504466103135
3.68119006592588	0.6932717620327967	0.1846943319875011	0.20038504466103135
3.69230206044821	0.6953240892344024	0.18469523614708394	0.20038504466103135
3.7034140549705397	0.6973764264989072	0.18469614287714378	0.20038504466103135
3.71452604949287	0.6994287738549172	0.1846970521777384	0.20038504466103135
3.7256380440152004	0.7014811313310385	0.18469796404892555	0.20038504466103135
3.73675003853753	0.7035334989558768	0.18469887849076305	0.20038504466103135
3.74786203305986	0.7055858767580383	0.1846997955033086	0.20038504466103135
3.75897402758219	0.7076382647661288	0.18470071508661998	0.20038504466103135
3.7700860221045205	0.7096906630087546	0.18470163724075497	0.20038504466103135
3.781198016626851	0.7117430715145214	0.18470256196577137	0.20038504466103135
3.7923100111491803	0.7137954903120352	0.18470348926172686	0.20038504466103135
3.8034220056715107	0.7158479194299021	0.1847044191286793	0.20038504466103135
3.8145340001938406	0.7179003588967281	0.18470535156668638	0.20038504466103135
3.8256459947161705	0.719952808741119	0.1847062865758059	0.20038504466103135
3.8367579892385004	0.7220052689916809	0.1847072241560956	0.20038504466103135
3.847869983760831	0.7240577396770198	0.1847081643076133	0.20038504466103135
3.858981978283161	0.7261102208257418	0.1847091070304167	0.20038504466103135
3.8700939728054906	0.7281627124664527	0.18471005232456364	0.20038504466103135
3.881205967327821	0.7302152146277585	0.18471100019011183	0.20038504466103135
3.892317961850151	0.7322677273382652	0.18471195062711904	0.20038504466103135
3.9034299563724812	0.7343202506265787	0.18471290363564302	0.20038504466103135
3.9145419508948116	0.7363727845213053	0.1847138592157416	0.20038504466103135
3.925653945417141	0.7384253290510506	0.1847148173674725	0.20038504466103135
3.9367659399394714	0.7404778842444208	0.18471577809089348	0.20038504466103135
3.947877934461801	0.742530450130022	0.1847167413860623	0.20038504466103135
3.9589899289841313	0.7445830267364599	0.18471770725303677	0.20038504466103135
3.9701019235064616	0.7466356140923406	0.18471867569187464	0.20038504466103135
3.9812139180287915	0.74868821222627	0.18471964670263363	0.20038504466103135
3.992325912551122	0.7507408211668543	0.18472062028537156	0.20038504466103135
4.003437907073452	0.7527934409426993	0.18472159644014619	0.20038504466103135
4.014549901595782	0.754846071582411	0.18472257516701523	0.20038504466103135
4.025661896118112	0.7568987131145954	0.18472355646603653	0.20038504466103135
4.036773890640442	0.7589513655678587	0.18472454033726776	0.20038504466103135
4.047885885162772	0.7610040289708067	0.18472552678076679	0.20038504466103135
4.058997879685101	0.763056703352045	0.1847265157965913	0.20038504466103135
4.070109874207432	0.7651093887401803	0.18472750738479912	0.20038504466103135
4.081221868729762	0.7671620851638181	0.18472850154544795	0.20038504466103135
4.092333863252092	0.7692147926515647	0.1847294982785956	0.20038504466103135
4.103445857774423	0.7712675112320259	0.18473049758429985	0.20038504466103135
4.114557852296752	0.7733202409338076	0.18473149946261844	0.20038504466103135
4.125669846819083	0.7753729817855158	0.18473250391360913	0.20038504466103135
4.136781841341412	0.7774257338157565	0.18473351093732968	0.20038504466103135
4.1478938358637425	0.7794784970531359	0.18473452053383788	0.20038504466103135
4.159005830386072	0.7815312715262598	0.18473553270319149	0.20038504466103135
4.170117824908402	0.7835840572637343	0.18473654744544823	0.20038504466103135
4.181229819430733	0.7856368542941652	0.18473756476066597	0.20038504466103135
4.192341813953062	0.7876896626461585	0.18473858464890236	0.20038504466103135
4.203453808475393	0.7897424823483203	0.18473960711021525	0.20038504466103135
4.214565802997722	0.7917953134292566	0.18474063214466235	0.20038504466103135
4.225677797520053	0.7938481559175734	0.18474165975230145	0.20038504466103135
4.236789792042383	0.7959010098418765	0.18474268993319032	0.20038504466103135
4.247901786564713	0.797953875230772	0.18474372268738673	0.20038504466103135
4.259013781087043	0.800006752112866	0.18474475801494844	0.20038504466103135
4.2701257756093725	0.8020596405167641	0.18474579591593318	0.20038504466103135
4.281237770131703	0.8041125404710727	0.18474683639039877	0.20038504466103135
4.292349764654033	0.8061654520043978	0.18474787943840296	0.20038504466103135
4.303461759176363	0.808218375145345	0.18474892506000348	0.20038504466103135
4.314573753698693	0.8102713099225206	0.18474997325525813	0.20038504466103135
4.325685748221023	0.8123242563645303	0.1847510240242247	0.20038504466103135
4.336797742743354	0.8143772144999805	0.1847520773669609	0.20038504466103135
4.347909737265683	0.8164301843574768	0.18475313328352452	0.20038504466103135
4.3590217317880136	0.8184831659656255	0.18475419177397331	0.20038504466103135
4.3701337263103435	0.8205361593530323	0.18475525283836508	0.20038504466103135
4.381245720832673	0.8225891645483032	0.18475631647675755	0.20038504466103135
4.392357715355003	0.8246421815800444	0.18475738268920852	0.20038504466103135
4.403469709877333	0.8266952104768618	0.18475845147577574	0.20038504466103135
4.414581704399664	0.8287482512673614	0.18475952283651695	0.20038504466103135
4.425693698921994	0.8308013039801491	0.18476059677148995	0.20038504466103135
4.436805693444324	0.8328543686438307	0.18476167328075252	0.20038504466103135
4.447917687966654	0.8349074452870127	0.18476275236436238	0.20038504466103135
4.459029682488984	0.8369605339383006	0.1847638340223773	0.20038504466103135
4.470141677011314	0.8390136346263006	0.18476491825485508	0.20038504466103135
4.4812536715336435	0.8410667473796186	0.18476600506185348	0.20038504466103135
4.492365666055974	0.8431198722268608	0.18476709444343026	0.20038504466103135
4.503477660578303	0.8451730091966327	0.18476818639964315	0.20038504466103135
4.514589655100634	0.8472261583175411	0.18476928093054995	0.20038504466103135
4.525701649622964	0.8492793196181911	0.18477037803620844	0.20038504466103135
4.536813644145294	0.8513324931271893	0.18477147771667635	0.20038504466103135
4.547925638667625	0.8533856788731413	0.18477257997201146	0.20038504466103135
4.559037633189954	0.8554388768846535	0.18477368480227155	0.20038504466103135
4.570149627712285	0.8574920871903311	0.18477479220751436	0.20038504466103135
4.5812616222346145	0.8595453098187811	0.18477590218779769	0.20038504466103135
4.592373616756944	0.8615985447986088	0.18477701474317929	0.20038504466103135
4.603485611279274	0.8636517921584204	0.1847781298737169	0.20038504466103135
4.614597605801604	0.8657050519268217	0.1847792475794683	0.20038504466103135
4.625709600323935	0.8677583241324192	0.18478036786049126	0.20038504466103135
4.636821594846264	0.8698116088038181	0.18478149071684355	0.20038504466103135
4.647933589368595	0.8718649059696251	0.18478261614858296	0.20038504466103135
4.659045583890925	0.873918215658446	0.1847837441557672	0.20038504466103135
4.670157578413255	0.8759715378988864	0.18478487473845406	0.20038504466103135
4.681269572935585	0.8780248727195525	0.18478600789670133	0.20038504466103135
4.692381567457915	0.8800782201490505	0.18478714363056675	0.20038504466103135
4.703493561980245	0.8821315802159861	0.1847882819401081	0.20038504466103135
4.714605556502575	0.8841849529489658	0.18478942282538313	0.20038504466103135
4.725717551024905	0.8862383383765948	0.1847905662864496	0.20038504466103135
4.736829545547235	0.8882917365274796	0.1847917123233653	0.20038504466103135
4.747941540069565	0.890345147430226	0.184792860936188	0.20038504466103135
4.759053534591895	0.8923985711134401	0.18479401212497543	0.20038504466103135
4.770165529114225	0.8944520076057279	0.18479516588978537	0.20038504466103135
4.781277523636556	0.8965054569356952	0.18479632223067557	0.20038504466103135
4.792389518158886	0.8985589191319481	0.18479748114770386	0.20038504466103135
4.8035015126812155	0.9006123942230926	0.18479864264092793	0.20038504466103135
4.814613507203545	0.9026658822377347	0.1847998067104056	0.20038504466103135
4.825725501725875	0.9047193832044802	0.1848009733561946	0.20038504466103135
4.836837496248205	0.9067728971519355	0.18480214257835273	0.20038504466103135
4.847949490770536	0.9088264241087061	0.1848033143769377	0.20038504466103135
4.859061485292866	0.9108799641033982	0.18480448875200733	0.20038504466103135
4.870173479815196	0.912933517164618	0.18480566570361937	0.20038504466103135
4.881285474337526	0.914987083320971	0.18480684523183158	0.20038504466103135
4.892397468859856	0.9170406626010634	0.18480802733670174	0.20038504466103135
4.9035094633821865	0.9190942550335017	0.18480921201828757	0.20038504466103135
4.914621457904516	0.921147860646891	0.1848103992766469	0.20038504466103135
4.925733452426846	0.9232014794698378	0.18481158911183743	0.20038504466103135
4.936845446949176	0.9252551115309477	0.18481278152391697	0.20038504466103135
4.947957441471506	0.9273087568588276	0.1848139765129433	0.20038504466103135
4.959069435993836	0.9293624154820823	0.18481517407897413	0.20038504466103135
4.970181430516166	0.9314160874293187	0.1848163742220673	0.20038504466103135
4.981293425038497	0.9334697727291423	0.1848175769422805	0.20038504466103135
4.992405419560827	0.9355234714101592	0.18481878223967152	0.20038504466103135
5.003517414083157	0.9375771835009752	0.18481999011429814	0.20038504466103135
5.014629408605487	0.9396309090301964	0.18482120056621812	0.20038504466103135
5.0257414031278165	0.9416846480264294	0.18482241359548923	0.20038504466103135
5.036853397650147	0.943738400518279	0.18482362920216922	0.20038504466103135
5.047965392172476	0.9457921665343523	0.18482484738631588	0.20038504466103135
5.059077386694807	0.9478459461032547	0.18482606814798697	0.20038504466103135
5.070189381217137	0.9498997392535922	0.18482729148724023	0.20038504466103135
5.081301375739467	0.9519535460139708	0.18482851740413345	0.20038504466103135
5.092413370261797	0.9540073664129964	0.1848297458987244	0.20038504466103135
5.103525364784127	0.9560612004792757	0.1848309769710708	0.20038504466103135
5.114637359306458	0.9581150482414136	0.18483221062123048	0.20038504466103135
5.125749353828787	0.9601689097280166	0.18483344684926115	0.20038504466103135
5.136861348351117	0.9622227849676912	0.18483468565522063	0.20038504466103135
5.147973342873447	0.9642766739890425	0.18483592703916663	0.20038504466103135
5.159085337395777	0.9663305768206767	0.18483717100115696	0.20038504466103135
5.170197331918108	0.9683844934912005	0.18483841754124938	0.20038504466103135
5.181309326440437	0.9704384240292188	0.18483966665950163	0.20038504466103135
5.192421320962768	0.9724923684633382	0.18484091835597147	0.20038504466103135
5.203533315485097	0.9745463268221646	0.1848421726307167	0.20038504466103135
5.214645310007428	0.9766002991343041	0.1848434294837951	0.20038504466103135
5.225757304529758	0.9786542854283624	0.18484468891526437	0.20038504466103135
5.2368692990520875	0.9807082857329457	0.18484595092518233	0.20038504466103135
5.247981293574418	0.9827623000766601	0.18484721551360672	0.20038504466103135
5.259093288096747	0.9848163284881113	0.1848484826805953	0.20038504466103135
5.270205282619078	0.9868703709959052	0.18484975242620588	0.20038504466103135
5.281317277141408	0.9889244276286482	0.18485102475049617	0.20038504466103135
5.292429271663738	0.9909784984149461	0.18485229965352395	0.20038504466103135
5.303541266186068	0.9930325833834046	0.18485357713534703	0.20038504466103135
5.314653260708398	0.9950866825626299	0.18485485719602313	0.20038504466103135
5.325765255230729	0.9971407959812284	0.18485613983561003	0.20038504466103135
5.336877249753058	0.9991949236678055	0.18485742505416547	0.20038504466103135
5.3479892442753885	1.0012490656509672	0.18485871285174726	0.20038504466103135
5.359101238797718	1.0033032219593199	0.18486000322841314	0.20038504466103135
5.370213233320048	1.0053573926214692	0.18486129618422087	0.20038504466103135
5.381325227842379	1.0074115776660213	0.18486259171922825	0.20038504466103135
5.392437222364708	1.009465777121582	0.184863889833493	0.20038504466103135
5.403549216887039	1.0115199910167576	0.1848651905270729	0.20038504466103135
5.414661211409368	1.0135742193801538	0.18486649380002573	0.20038504466103135
5.425773205931699	1.0156284622403764	0.18486779965240926	0.20038504466103135
5.436885200454029	1.0176827196260323	0.18486910808428125	0.20038504466103135
5.447997194976359	1.0197369915657262	0.18487041909569943	0.20038504466103135
5.459109189498689	1.021791278088065	0.1848717326867216	0.20038504466103135
5.470221184021018	1.023845579221654	0.18487304885740555	0.20038504466103135
5.481333178543349	1.0258998949951001	0.18487436760780898	0.20038504466103135
5.492445173065679	1.0279542254370087	0.18487568893798972	0.20038504466103135
5.503557167588009	1.0300085705759856	0.1848770128480055	0.20038504466103135
5.514669162110339	1.0320629304406375	0.1848783393379141	0.20038504466103135
5.525781156632669	1.0341173050595693	0.18487966840777326	0.20038504466103135
5.536893151155	1.0361716944613877	0.18488100005764077	0.20038504466103135
5.548005145677329	1.0382260986746987	0.1848823342875744	0.20038504466103135
5.5591171401996595	1.0402805177281085	0.1848836710976319	0.20038504466103135
5.570229134721989	1.0423349516502223	0.18488501048787104	0.20038504466103135
5.581341129244319	1.0443894004696466	0.18488635245834958	0.20038504466103135
5.592453123766649	1.0464438642149876	0.1848876970091253	0.20038504466103135
5.603565118288979	1.048498342914851	0.18488904414025595	0.20038504466103135
5.61467711281131	1.0505528365978423	0.1848903938517993	0.20038504466103135
5.62578910733364	1.0526073452925684	0.18489174614381315	0.20038504466103135
5.63690110185597	1.0546618690276346	0.18489310101635523	0.20038504466103135
5.6480130963783	1.0567164078316473	0.1848944584694833	0.20038504466103135
5.65912509090063	1.0587709617332122	0.18489581850325512	0.20038504466103135
5.67023708542296	1.0608255307609356	0.1848971811177285	0.20038504466103135
5.68134907994529	1.0628801149434233	0.18489854631296115	0.20038504466103135
5.69246107446762	1.0649347143092809	0.18489991408901088	0.20038504466103135
5.70357306898995	1.0669893288871153	0.18490128444593545	0.20038504466103135
5.71468506351228	1.0690439587055314	0.1849026573837926	0.20038504466103135
5.72579705803461	1.0710986037931358	0.18490403290264013	0.20038504466103135
5.73690905255694	1.0731532641785346	0.18490541100253574	0.20038504466103135
5.74802104707927	1.0752079398903338	0.18490679168353727	0.20038504466103135
5.759133041601601	1.077262630957139	0.18490817494570247	0.20038504466103135
5.770245036123931	1.079317337407556	0.18490956078908907	0.20038504466103135
5.7813570306462605	1.0813720592701916	0.1849109492137549	0.20038504466103135
5.79246902516859	1.083426796573651	0.18491234021975764	0.20038504466103135
5.80358101969092	1.0854815493465406	0.18491373380715512	0.20038504466103135
5.814693014213251	1.0875363176174666	0.18491512997600507	0.20038504466103135
5.825805008735581	1.0895911014150341	0.18491652872636527	0.20038504466103135
5.836917003257911	1.09164590076785	0.18491793005829352	0.20038504466103135
5.848028997780241	1.0937007157045198	0.1849193339718475	0.20038504466103135
5.859140992302571	1.09575554625365	0.1849207404670851	0.20038504466103135
5.870252986824901	1.097810392443846	0.18492214954406394	0.20038504466103135
5.881364981347231	1.0998652543037137	0.1849235612028419	0.20038504466103135
5.892476975869561	1.1019201318618599	0.1849249754434767	0.20038504466103135
5.903588970391891	1.1039750251468896	0.1849263922660261	0.20038504466103135
5.914700964914221	1.1060299341874094	0.1849278116705479	0.20038504466103135
5.925812959436551	1.1080848590120251	0.18492923365709982	0.20038504466103135
5.936924953958881	1.110139799649343	0.18493065822573965	0.20038504466103135
5.948036948481212	1.1121947561279684	0.18493208537652517	0.20038504466103135
5.959148943003541	1.1142497284765076	0.1849335151095141	0.20038504466103135
5.970260937525872	1.1163047167235671	0.18493494742476427	0.20038504466103135
5.981372932048202	1.1183597208977523	0.1849363823223334	0.20038504466103135
5.992484926570532	1.120414741027669	0.18493781980227925	0.20038504466103135
6.003596921092862	1.122469777141924	0.1849392598646596	0.20038504466103135
6.014708915615191	1.1245248292691226	0.18494070250953223	0.20038504466103135
6.025820910137522	1.126579897437871	0.1849421477369549	0.20038504466103135
6.036932904659851	1.1286349816767747	0.18494359554698533	0.20038504466103135
6.048044899182182	1.1306900820144408	0.18494504593968136	0.20038504466103135
6.059156893704512	1.1327451984794743	0.1849464989151007	0.20038504466103135
6.070268888226842	1.1348003311004817	0.18494795447330117	0.20038504466103135
6.081380882749173	1.1368554799060688	0.18494941261434047	0.20038504466103135
6.092492877271502	1.1389106449248414	0.1849508733382764	0.20038504466103135
6.1036048717938325	1.1409658261854057	0.18495233664516672	0.20038504466103135
6.1147168663161615	1.1430210237163676	0.1849538025350692	0.20038504466103135
6.125828860838492	1.1450762375463335	0.18495527100804163	0.20038504466103135
6.136940855360822	1.1471314677039086	0.18495674206414173	0.20038504466103135
6.148052849883152	1.1491867142176995	0.18495821570342727	0.20038504466103135
6.159164844405483	1.151241977116312	0.18495969192595604	0.20038504466103135
6.170276838927812	1.153297256428352	0.1849611707317858	0.20038504466103135
6.181388833450143	1.1553525521824253	0.18496265212097432	0.20038504466103135
6.192500827972473	1.1574078644071384	0.18496413609357934	0.20038504466103135
6.203612822494803	1.1594631947847431	0.18496562280492673	0.20038504466103135
6.2147248170171325	1.1615185432523452	0.18496711224612447	0.20038504466103135
6.225836811539463	1.1635739082333434	0.184968604266395	0.20038504466103135
6.236948806061793	1.165629289756766	0.18497009886583723	0.20038504466103135
6.248060800584122	1.1676846878516403	0.18497159604455007	0.20038504466103135
6.259172795106454	1.169740102546995	0.18497309580263235	0.20038504466103135
6.270284789628783	1.171795533871857	0.18497459814018302	0.20038504466103135
6.281396784151113	1.173850981855255	0.18497610305730092	0.20038504466103135
6.292508778673444	1.1759064465262163	0.18497761055408493	0.20038504466103135
6.303620773195774	1.177961927913769	0.184979120630634	0.20038504466103135
6.3147327677181035	1.1800174260469407	0.18498063328704695	0.20038504466103135
6.325844762240433	1.1820729409547595	0.1849821485234227	0.20038504466103135
6.336956756762764	1.184128472666253	0.18498366633986013	0.20038504466103135
6.348068751285093	1.1861840212104495	0.18498518673645817	0.20038504466103135
6.359180745807423	1.1882395866163762	0.18498670971331563	0.20038504466103135
6.370292740329754	1.1902951689130619	0.18498823527053143	0.20038504466103135
6.381404734852084	1.1923507681295333	0.1849897634082045	0.20038504466103135
6.392516729374414	1.194406384294819	0.18499129412643367	0.20038504466103135
6.403628723896745	1.1964620174379466	0.18499282742531786	0.20038504466103135
6.414740718419075	1.1985176675879439	0.18499436330495594	0.20038504466103135
6.425852712941404	1.200573334773839	0.1849959017654468	0.20038504466103135
6.4369647074637335	1.2026290190246594	0.18499744280688935	0.20038504466103135
6.448076701986064	1.2046847203694335	0.18499898642938242	0.20038504466103135
6.459188696508394	1.2067404388371885	0.185000532633025	0.20038504466103135
6.470300691030724	1.2087961744569526	0.18500208141791585	0.20038504466103135
6.481412685553055	1.2108519272577538	0.18500363278415397	0.20038504466103135
6.492524680075385	1.2129076972686195	0.1850051867318382	0.20038504466103135
6.503636674597714	1.2149634845185777	0.1850067432610674	0.20038504466103135
6.514748669120044	1.2170192890366565	0.1850083023719405	0.20038504466103135
6.525860663642375	1.2190751108518838	0.18500986406455636	0.20038504466103135
6.5369726581647045	1.2211309499932868	0.1850114283390139	0.20038504466103135
6.548084652687034	1.2231868064898939	0.18501299519541198	0.20038504466103135
6.559196647209365	1.2252426803707333	0.1850145646338495	0.20038504466103135
6.570308641731695	1.2272985716648317	0.18501613665442534	0.20038504466103135
6.581420636254024	1.229354480401218	0.1850177112572384	0.20038504466103135
6.592532630776356	1.2314104066089198	0.18501928844238757	0.20038504466103135
6.603644625298685	1.2334663503169645	0.1850208682099717	0.20038504466103135
6.614756619821015	1.2355223115543803	0.18502245056008973	0.20038504466103135
6.625868614343345	1.237578290350195	0.1850240354928405	0.20038504466103135
6.6369806088656755	1.239634286733437	0.18502562300832293	0.20038504466103135
6.6480926033880055	1.241690300733133	0.1850272131066359	0.20038504466103135
6.659204597910335	1.2437463323783118	0.18502880578787828	0.20038504466103135
6.670316592432666	1.245802381698001	0.185030401052149	0.20038504466103135
6.681428586954995	1.247858448721228	0.18503199889954688	0.20038504466103135
6.692540581477325	1.2499145334770212	0.18503359933017088	0.20038504466103135
6.703652575999655	1.2519706359944083	0.18503520234411985	0.20038504466103135
6.714764570521986	1.2540267563024172	0.1850368079414927	0.20038504466103135
6.725876565044316	1.2560828944300755	0.18503841612238828	0.20038504466103135
6.736988559566646	1.2581390504064112	0.1850400268869055	0.20038504466103135
6.7481005540889765	1.2601952242604524	0.18504164023514325	0.20038504466103135
6.759212548611306	1.2622514160212266	0.1850432561672004	0.20038504466103135
6.770324543133635	1.2643076257177617	0.18504487468317588	0.20038504466103135
6.781436537655966	1.2663638533790857	0.18504649578316854	0.20038504466103135
6.792548532178296	1.2684200990342263	0.18504811946727726	0.20038504466103135
6.803660526700626	1.2704763627122113	0.18504974573560096	0.20038504466103135
6.814772521222956	1.2725326444420686	0.1850513745882385	0.20038504466103135
6.825884515745287	1.2745889442528264	0.1850530060252888	0.20038504466103135
6.836996510267617	1.276645262173512	0.1850546400468507	0.20038504466103135
6.848108504789946	1.2787015982331535	0.18505627665302313	0.20038504466103135
6.859220499312277	1.280757952460779	0.18505791584390496	0.20038504466103135
6.870332493834606	1.282814324885416	0.18505955761959508	0.20038504466103135
6.881444488356936	1.2848707155360923	0.18506120198019238	0.20038504466103135
6.892556482879266	1.2869271244418359	0.18506284892579575	0.20038504466103135
6.903668477401597	1.288983551631675	0.18506449845650405	0.20038504466103135
6.914780471923927	1.2910399971346367	0.1850661505724162	0.20038504466103135
6.925892466446256	1.2930964609797493	0.18506780527363112	0.20038504466103135
6.937004460968588	1.2951529431960407	0.18506946256024762	0.20038504466103135
6.948116455490917	1.2972094438125386	0.18507112243236462	0.20038504466103135
6.959228450013247	1.2992659628582708	0.18507278489008103	0.20038504466103135
6.9703404445355766	1.3013225003622653	0.1850744499334957	0.20038504466103135
6.981452439057907	1.3033790563535501	0.18507611756270753	0.20038504466103135
6.992564433580237	1.3054356308611526	0.18507778777781544	0.20038504466103135
7.003676428102566	1.307492223914101	0.18507946057891828	0.20038504466103135
7.014788422624898	1.3095488355414229	0.18508113596611495	0.20038504466103135
7.025900417147227	1.3116054657721463	0.18508281393950432	0.20038504466103135
7.037012411669557	1.313662114635299	0.18508449449918532	0.20038504466103135
7.048124406191888	1.3157187821599092	0.1850861776452568	0.20038504466103135
7.059236400714218	1.317775468375004	0.18508786337781766	0.20038504466103135
7.070348395236548	1.319832173309612	0.1850895516969668	0.20038504466103135
7.081460389758877	1.3218888969927605	0.18509124260280307	0.20038504466103135
7.092572384281208	1.3239456394534777	0.1850929360954254	0.20038504466103135
7.103684378803537	1.3260024007207911	0.18509463217493266	0.20038504466103135
7.114796373325867	1.328059180823729	0.18509633084142374	0.20038504466103135
7.125908367848198	1.3301159797913191	0.18509803209499753	0.20038504466103135
7.137020362370528	1.332172797652589	0.1850997359357529	0.20038504466103135
7.148132356892858	1.3342296344365667	0.18510144236378878	0.20038504466103135
7.159244351415187	1.33628649017228	0.185103151379204	0.20038504466103135
7.170356345937519	1.3383433648887573	0.18510486298209747	0.20038504466103135
7.181468340459848	1.3404002586150254	0.1851065771725681	0.20038504466103135
7.1925803349821775	1.3424571713801128	0.18510829395071476	0.20038504466103135
7.203692329504508	1.3445141032130477	0.18511001331663635	0.20038504466103135
7.214804324026838	1.346571054142857	0.18511173527043173	0.20038504466103135
7.225916318549168	1.3486280241985693	0.18511345981219982	0.20038504466103135
7.237028313071499	1.3506850134092123	0.18511518694203946	0.20038504466103135
7.248140307593829	1.3527420218038135	0.1851169166600496	0.20038504466103135
7.259252302116158	1.354799049411401	0.1851186489663291	0.20038504466103135
7.270364296638488	1.3568560962610028	0.18512038386097682	0.20038504466103135
7.281476291160819	1.3589131623816468	0.1851221213440917	0.20038504466103135
7.2925882856831485	1.3609702478023604	0.18512386141577258	0.20038504466103135
7.3037002802054785	1.3630273525521717	0.18512560407611836	0.20038504466103135
7.314812274727809	1.3650844766601087	0.18512734932522795	0.20038504466103135
7.325924269250139	1.367141620155199	0.18512909716320022	0.20038504466103135
7.337036263772468	1.3691987830664702	0.18513084759013407	0.20038504466103135
7.348148258294798	1.371255965422951	0.18513260060612838	0.20038504466103135
7.359260252817129	1.3733131672536687	0.18513435621128202	0.20038504466103135
7.370372247339459	1.375370388587651	0.1851361144056939	0.20038504466103135
7.381484241861789	1.3774276294539258	0.18513787518946292	0.20038504466103135
7.39259623638412	1.3794848898815215	0.18513963856268792	0.20038504466103135
7.4037082309064495	1.3815421698994654	0.18514140452546785	0.20038504466103135
7.4148202254287785	1.3835994695367853	0.18514317307790154	0.20038504466103135
7.42593221995111	1.3856567888225095	0.1851449442200879	0.20038504466103135
7.437044214473439	1.3877141277856655	0.1851467179521258	0.20038504466103135
7.448156208995769	1.389771486455281	0.1851484942741142	0.20038504466103135
7.459268203518099	1.3918288648603843	0.1851502731861519	0.20038504466103135
7.47038019804043	1.3938862630300033	0.18515205468833784	0.20038504466103135
7.48149219256276	1.3959436809931651	0.18515383878077088	0.20038504466103135
7.492604187085089	1.398001118778898	0.1851556254635499	0.20038504466103135
7.5037161816074205	1.4000585764162305	0.18515741473677383	0.20038504466103135
7.5148281761297495	1.4021160539341893	0.18515920660054153	0.20038504466103135
7.525940170652079	1.404173551361803	0.1851610010549519	0.20038504466103135
7.537052165174409	1.406231068728099	0.1851627981001038	0.20038504466103135
7.54816415969674	1.4082886060621056	0.18516459773609614	0.20038504466103135
7.55927615421907	1.4103461633928502	0.1851663999630278	0.20038504466103135
7.5703881487414	1.412403740749361	0.18516820478099766	0.20038504466103135
7.581500143263729	1.4144613381606657	0.18517001219010465	0.20038504466103135
7.59261213778606	1.4165189556557922	0.18517182219044762	0.20038504466103135
7.60372413230839	1.4185765932637684	0.18517363478212545	0.20038504466103135
7.61483612683072	1.4206342510136218	0.18517544996523702	0.20038504466103135
7.6259481213530504	1.422691928934381	0.18517726773988127	0.20038504466103135
7.63706011587538	1.424749627055073	0.18517908810615707	0.20038504466103135
7.64817211039771	1.4268073454047259	0.18518091106416326	0.20038504466103135
7.659284104920039	1.4288650840123678	0.18518273661399878	0.20038504466103135
7.670396099442371	1.4309228429070266	0.1851845647557625	0.20038504466103135
7.6815080939647	1.43298062211773	0.18518639548955332	0.20038504466103135
7.69262008848703	1.4350384216735055	0.1851882288154701	0.20038504466103135
7.703732083009361	1.4370962416033815	0.18519006473361174	0.20038504466103135
7.714844077531691	1.4391540819363853	0.18519190324407714	0.20038504466103135
7.725956072054021	1.4412119427015453	0.18519374434696517	0.20038504466103135
7.73706806657635	1.443269823927889	0.1851955880423747	0.20038504466103135
7.748180061098681	1.4453277256444443	0.1851974343304047	0.20038504466103135
7.75929205562101	1.4473856478802394	0.18519928321115398	0.20038504466103135
7.77040405014334	1.4494435906643015	0.18520113468472144	0.20038504466103135
7.781516044665671	1.451501554025659	0.18520298875120597	0.20038504466103135
7.792628039188001	1.4535595379933395	0.18520484541070648	0.20038504466103135
7.803740033710331	1.4556175425963707	0.18520670466332181	0.20038504466103135
7.814852028232662	1.457675567863781	0.1852085665091509	0.20038504466103135
7.825964022754992	1.4597336138245978	0.18521043094829262	0.20038504466103135
7.837076017277321	1.4617916805078488	0.18521229798084585	0.20038504466103135
7.8481880117996505	1.4638497679425622	0.18521416760690948	0.20038504466103135
7.859300006321981	1.465907876157766	0.1852160398265824	0.20038504466103135
7.870412000844311	1.4679660051824874	0.1852179146399635	0.20038504466103135
7.881523995366641	1.470024155045755	0.1852197920471517	0.20038504466103135
7.892635989888972	1.4720823257765963	0.1852216720482458	0.20038504466103135
7.903747984411302	1.4741405174040387	0.18522355464334475	0.20038504466103135
7.914859978933631	1.4761987299571107	0.18522543983254744	0.20038504466103135
7.925971973455961	1.47825696346484	0.18522732761595276	0.20038504466103135
7.937083967978292	1.4803152179562544	0.18522921799365955	0.20038504466103135
7.9481959625006215	1.4823734934603816	0.18523111096576675	0.20038504466103135
7.9593079570229515	1.4844317900062496	0.1852330065323732	0.20038504466103135
7.970419951545282	1.4864901076228865	0.18523490469357787	0.20038504466103135
7.981531946067612	1.4885484463393195	0.18523680544947954	0.20038504466103135
7.992643940589941	1.490606806184577	0.18523870880017718	0.20038504466103135
8.003755935112272	1.4926651871876866	0.18524061474576964	0.20038504466103135
8.014867929634603	1.4947235893776765	0.18524252328635582	0.20038504466103135
8.025979924156932	1.496782012783574	0.18524443442203462	0.20038504466103135
8.03709191867926	1.4988404574344072	0.1852463481529049	0.20038504466103135
8.048203913201592	1.5008989233592043	0.18524826447906553	0.20038504466103135
8.059315907723922	1.5029574105869923	0.18525018340061547	0.20038504466103135
8.070427902246252	1.5050159191467998	0.18525210491765354	0.20038504466103135
8.081539896768582	1.5070744490676549	0.18525402903027866	0.20038504466103135
8.092651891290913	1.509133000378584	0.18525595573858972	0.20038504466103135
8.103763885813242	1.5111915731086167	0.18525788504268556	0.20038504466103135
8.114875880335571	1.5132501672867797	0.18525981694266513	0.20038504466103135
8.125987874857904	1.5153087829421015	0.1852617514386273	0.20038504466103135
8.137099869380233	1.5173674201036094	0.18526368853067096	0.20038504466103135
8.148211863902562	1.5194260788003313	0.18526562821889497	0.20038504466103135
8.159323858424893	1.5214847590612959	0.18526757050339823	0.20038504466103135
8.170435852947223	1.5235434609155298	0.18526951538427963	0.20038504466103135
8.181547847469552	1.5256021843920617	0.1852714628616381	0.20038504466103135
8.192659841991881	1.5276609295199193	0.18527341293557245	0.20038504466103135
8.203771836514214	1.5297196963281303	0.1852753656061816	0.20038504466103135
8.214883831036543	1.5317784848457225	0.18527732087356447	0.20038504466103135
8.225995825558872	1.5338372951017238	0.1852792787378199	0.20038504466103135
8.237107820081203	1.5358961271251625	0.18528123919904682	0.20038504466103135
8.248219814603534	1.5379549809450657	0.1852832022573441	0.20038504466103135
8.259331809125863	1.5400138565904615	0.1852851679128106	0.20038504466103135
8.270443803648194	1.5420727540903783	0.18528713616554526	0.20038504466103135
8.281555798170524	1.544131673473843	0.1852891070156469	0.20038504466103135
8.292667792692853	1.546190614769884	0.1852910804632145	0.20038504466103135
8.303779787215182	1.5482495780075292	0.18529305650834685	0.20038504466103135
8.314891781737513	1.5503085632158065	0.1852950351511429	0.20038504466103135
8.326003776259844	1.5523675704237434	0.1852970163917015	0.20038504466103135
8.337115770782173	1.554426599660368	0.1852990002301216	0.20038504466103135
8.348227765304504	1.5564856509547083	0.18530098666650202	0.20038504466103135
8.359339759826835	1.5585447243357915	0.18530297570094167	0.20038504466103135
8.370451754349164	1.5606038198326462	0.18530496733353946	0.20038504466103135
8.381563748871493	1.5626629374742995	0.18530696156439425	0.20038504466103135
8.392675743393823	1.5647220772897803	0.18530895839360492	0.20038504466103135
8.403787737916154	1.5667812393081155	0.18531095782127038	0.20038504466103135
8.414899732438483	1.5688404235583333	0.18531295984748952	0.20038504466103135
8.426011726960814	1.5708996300694618	0.1853149644723612	0.20038504466103135
8.437123721483145	1.572958858870528	0.18531697169598435	0.20038504466103135
8.448235716005474	1.5750181099905607	0.18531898151845783	0.20038504466103135
8.459347710527805	1.5770773834585876	0.18532099393988052	0.20038504466103135
8.470459705050134	1.5791366793036359	0.18532300896035134	0.20038504466103135
8.481571699572465	1.581195997554734	0.18532502657996913	0.20038504466103135
8.492683694094794	1.5832553382409096	0.18532704679883283	0.20038504466103135
8.503795688617124	1.5853147013911908	0.1853290696170413	0.20038504466103135
8.514907683139455	1.587374087034605	0.18533109503469342	0.20038504466103135
8.526019677661784	1.58943349520018	0.18533312305188807	0.20038504466103135
8.537131672184115	1.5914929259169446	0.1853351536687242	0.20038504466103135
8.548243666706444	1.5935523792139255	0.1853371868853006	0.20038504466103135
8.559355661228775	1.595611855120151	0.18533922270171624	0.20038504466103135
8.570467655751104	1.5976713536646492	0.18534126111806998	0.20038504466103135
8.581579650273435	1.5997308748764476	0.18534330213446068	0.20038504466103135
8.592691644795766	1.601790418784574	0.1853453457509873	0.20038504466103135
8.603803639318095	1.6038499854180566	0.18534739196774863	0.20038504466103135
8.614915633840425	1.6059095748059231	0.18534944078484364	0.20038504466103135
8.626027628362754	1.607969186977201	0.18535149220237118	0.20038504466103135
8.637139622885085	1.6100288219609187	0.18535354622043015	0.20038504466103135
8.648251617407414	1.6120884797861037	0.18535560283911942	0.20038504466103135
8.659363611929745	1.6141481604817842	0.1853576620585379	0.20038504466103135
8.670475606452076	1.6162078640769875	0.18535972387878447	0.20038504466103135
8.681587600974405	1.618267590600742	0.185361788299958	0.20038504466103135
8.692699595496736	1.6203273400820752	0.18536385532215738	0.20038504466103135
8.703811590019065	1.6223871125500149	0.18536592494548154	0.20038504466103135
8.714923584541395	1.6244469080335893	0.18536799717002933	0.20038504466103135
8.726035579063726	1.626506726561826	0.18537007199589964	0.20038504466103135
8.737147573586055	1.628566568163753	0.18537214942319136	0.20038504466103135
8.748259568108386	1.6306264328683977	0.18537422945200338	0.20038504466103135
8.759371562630715	1.6326863207047884	0.18537631208243457	0.20038504466103135
8.770483557153046	1.634746231701953	0.18537839731458386	0.20038504466103135
8.781595551675375	1.6368061658889193	0.18538048514855013	0.20038504466103135
8.792707546197706	1.6388661232947146	0.18538257558443222	0.20038504466103135
8.803819540720037	1.6409261039483678	0.18538466862232905	0.20038504466103135
8.814931535242366	1.6429861078789056	0.18538676426233952	0.20038504466103135
8.826043529764696	1.6450461351153565	0.1853888625045625	0.20038504466103135
8.837155524287025	1.6471061856867482	0.18539096334909688	0.20038504466103135
8.848267518809356	1.649166259622109	0.18539306679604156	0.20038504466103135
8.859379513331687	1.651226356950466	0.1853951728454954	0.20038504466103135
8.870491507854016	1.6532864777008474	0.1853972814975573	0.20038504466103135
8.881603502376347	1.655346621902281	0.18539939275232617	0.20038504466103135
8.892715496898676	1.6574067895837947	0.18540150660990087	0.20038504466103135
8.903827491421007	1.6594669807744165	0.1854036230703803	0.20038504466103135
8.914939485943338	1.6615271955031738	0.18540574213386332	0.20038504466103135
8.926051480465667	1.6635874337990948	0.18540786380044888	0.20038504466103135
8.937163474987997	1.6656476956912072	0.18540998807023581	0.20038504466103135
8.948275469510326	1.667707981208539	0.18541211494332302	0.20038504466103135
8.959387464032657	1.669768290380118	0.1854142444198094	0.20038504466103135
8.970499458554986	1.6718286232349722	0.18541637649979384	0.20038504466103135
8.981611453077317	1.673888979802129	0.1854185111833752	0.20038504466103135
8.992723447599648	1.6759493601106168	0.1854206484706524	0.20038504466103135
9.003835442121977	1.6780097641894627	0.18542278836172432	0.20038504466103135
9.014947436644308	1.6800701920676953	0.18542493085668982	0.20038504466103135
9.026059431166637	1.6821306437743422	0.18542707595564784	0.20038504466103135
9.037171425688967	1.6841911193384314	0.18542922365869724	0.20038504466103135
9.048283420211297	1.6862516187889902	0.1854313739659369	0.20038504466103135
9.059395414733627	1.6883121421550467	0.1854335268774657	0.20038504466103135
9.070507409255958	1.6903726894656292	0.18543568239338254	0.20038504466103135
9.081619403778287	1.692433260749765	0.1854378405137863	0.20038504466103135
9.092731398300618	1.6944938560364822	0.1854400012387759	0.20038504466103135
9.103843392822947	1.6965544753548087	0.18544216456845022	0.20038504466103135
9.114955387345278	1.6986151187337724	0.1854443305029081	0.20038504466103135
9.126067381867607	1.7006757862024007	0.18544649904224847	0.20038504466103135
9.137179376389938	1.7027364777897218	0.1854486701865702	0.20038504466103135
9.148291370912268	1.7047971935247634	0.18545084393597222	0.20038504466103135
9.159403365434597	1.7068579334365537	0.18545302029055336	0.20038504466103135
9.170515359956928	1.70891869755412	0.1854551992504125	0.20038504466103135
9.181627354479259	1.710979485906491	0.1854573808156486	0.20038504466103135
9.192739349001588	1.7130402985226936	0.1854595649863605	0.20038504466103135
9.203851343523917	1.715101135431756	0.1854617517626471	0.20038504466103135
9.214963338046248	1.717161996662706	0.18546394114460724	0.20038504466103135
9.226075332568579	1.7192228822445719	0.18546613313233987	0.20038504466103135
9.237187327090908	1.721283792206381	0.18546832772594388	0.20038504466103135
9.248299321613239	1.7233447265771613	0.1854705249255181	0.20038504466103135
9.25941131613557	1.7254056853859407	0.18547272473116147	0.20038504466103135
9.270523310657898	1.727466668661747	0.18547492714297284	0.20038504466103135
9.281635305180227	1.7295276764336083	0.18547713216105113	0.20038504466103135
9.292747299702558	1.731588708730552	0.18547933978549522	0.20038504466103135
9.303859294224889	1.7336497655816065	0.18548155001640398	0.20038504466103135
9.314971288747218	1.7357108470157991	0.18548376285387633	0.20038504466103135
9.326083283269549	1.7377719530621576	0.1854859782980111	0.20038504466103135
9.33719527779188	1.7398330837497107	0.18548819634890726	0.20038504466103135
9.348307272314209	1.7418942391074854	0.18549041700666363	0.20038504466103135
9.359419266836538	1.7439554191645097	0.18549264027137913	0.20038504466103135
9.37053126135887	1.7460166239498118	0.1854948661431526	0.20038504466103135
9.3816432558812	1.7480778534924193	0.18549709462208303	0.20038504466103135
9.392755250403528	1.7501391078213597	0.18549932570826919	0.20038504466103135
9.40386724492586	1.7522003869656615	0.18550155940181004	0.20038504466103135
9.41497923944819	1.7542616909543525	0.18550379570280445	0.20038504466103135
9.426091233970519	1.75632301981646	0.1855060346113513	0.20038504466103135
9.437203228492848	1.7583843735810123	0.18550827612754947	0.20038504466103135
9.44831522301518	1.7604457522770374	0.1855105202514979	0.20038504466103135
9.45942721753751	1.7625071559335623	0.1855127669832954	0.20038504466103135
9.470539212059839	1.7645685845796155	0.1855150163230409	0.20038504466103135
9.48165120658217	1.7666300382442248	0.1855172682708333	0.20038504466103135
9.4927632011045	1.7686915169564184	0.18551952282677148	0.20038504466103135
9.50387519562683	1.7707530207452233	0.1855217799909543	0.20038504466103135
9.514987190149158	1.7728145496396681	0.18552403976348067	0.20038504466103135
9.52609918467149	1.7748761036687806	0.18552630214444948	0.20038504466103135
9.53721117919382	1.776937682861588	0.1855285671339596	0.20038504466103135
9.548323173716149	1.7789992872471183	0.18553083473210996	0.20038504466103135
9.55943516823848	1.7810609168544	0.18553310493899938	0.20038504466103135
9.57054716276081	1.7831225717124606	0.1855353777547268	0.20038504466103135
9.58165915728314	1.7851842518503278	0.1855376531793911	0.20038504466103135
9.592771151805469	1.7872459572970294	0.18553993121309115	0.20038504466103135
9.603883146327801	1.7893076880815937	0.18554221185592587	0.20038504466103135
9.61499514085013	1.791369444233048	0.1855444951079941	0.20038504466103135
9.62610713537246	1.7934312257804206	0.18554678096939475	0.20038504466103135
9.63721912989479	1.7954930327527392	0.18554906944022673	0.20038504466103135
9.64833112441712	1.7975548651790312	0.1855513605205889	0.20038504466103135
9.65944311893945	1.799616723088325	0.18555365421058018	0.20038504466103135
9.67055511346178	1.8016786065096486	0.1855559505102994	0.20038504466103135
9.681667107984111	1.8037405154720294	0.1855582494198455	0.20038504466103135
9.69277910250644	1.805802450004495	0.18556055093931734	0.20038504466103135
9.70389109702877	1.807864410136074	0.18556285506881381	0.20038504466103135
9.7150030915511	1.8099263958957938	0.18556516180843383	0.20038504466103135
9.726115086073431	1.8119884073126824	0.18556747115827624	0.20038504466103135
9.73722708059576	1.8140504444157677	0.18556978311843994	0.20038504466103135
9.748339075118091	1.816112507234077	0.18557209768902386	0.20038504466103135
9.759451069640422	1.8181745957966389	0.18557441487012682	0.20038504466103135
9.77056306416275	1.8202367101324808	0.18557673466184776	0.20038504466103135
9.78167505868508	1.8222988502706308	0.18557905706428554	0.20038504466103135
9.79278705320741	1.824361016240117	0.18558138207753908	0.20038504466103135
9.803899047729741	1.8264232080699663	0.18558370970170723	0.20038504466103135
9.81501104225207	1.8284854257892071	0.1855860399368889	0.20038504466103135
9.826123036774401	1.8305476694268679	0.18558837278318296	0.20038504466103135
9.837235031296732	1.8326099390119752	0.18559070824068832	0.20038504466103135
9.848347025819061	1.8346722345735578	0.18559304630950385	0.20038504466103135
9.85945902034139	1.8367345561406434	0.18559538698972844	0.20038504466103135
9.870571014863723	1.83879690374226	0.18559773028146098	0.20038504466103135
9.881683009386052	1.8408592774074348	0.18560007618480037	0.20038504466103135
9.89279500390838	1.8429216771651962	0.18560242469984548	0.20038504466103135
9.903906998430712	1.8449841030445722	0.1856047758266952	0.20038504466103135
9.915018992953042	1.84704655507459	0.18560712956544842	0.20038504466103135
9.926130987475371	1.849109033284278	0.18560948591620405	0.20038504466103135
9.9372429819977	1.8511715377026636	0.18561184487906093	0.20038504466103135
9.948354976520033	1.8532340683587754	0.185614206454118	0.20038504466103135
9.959466971042362	1.8552966252816405	0.1856165706414741	0.20038504466103135
9.970578965564691	1.857359208500287	0.18561893744122815	0.20038504466103135
9.981690960087022	1.8594218180437427	0.18562130685347902	0.20038504466103135
9.992802954609353	1.8614844539410356	0.18562367887832562	0.20038504466103135
10.003914949131682	1.8635471162211934	0.1856260535158668	0.20038504466103135
10.015026943654012	1.8656098049132441	0.1856284307662015	0.20038504466103135
10.026138938176343	1.8676725200462154	0.18563081062942857	0.20038504466103135
10.037250932698672	1.869735261649135	0.18563319310564688	0.20038504466103135
10.048362927221001	1.871798029751031	0.18563557819495538	0.20038504466103135
10.059474921743332	1.8738608243809316	0.1856379658974529	0.20038504466103135
10.070586916265663	1.8759236455678638	0.18564035621323835	0.20038504466103135
10.081698910787992	1.877986493340856	0.1856427491424106	0.20038504466103135
10.092810905310323	1.8800493677289363	0.1856451446850686	0.20038504466103135
10.103922899832654	1.882112268761132	0.18564754284131116	0.20038504466103135
10.115034894354983	1.884175196466471	0.18564994361123718	0.20038504466103135
10.126146888877312	1.8862381508739812	0.1856523469949456	0.20038504466103135
10.137258883399642	1.8883011320126908	0.18565475299253525	0.20038504466103135
10.148370877921973	1.8903641399116273	0.1856571616041051	0.20038504466103135
10.159482872444302	1.8924271745998187	0.1856595728297539	0.20038504466103135
10.170594866966633	1.8944902361062927	0.18566198666958067	0.20038504466103135
10.181706861488964	1.8965533244600772	0.1856644031236842	0.20038504466103135
10.192818856011293	1.8986164396902003	0.18566682219216346	0.20038504466103135
10.203930850533622	1.9006795818256892	0.1856692438751173	0.20038504466103135
10.215042845055953	1.9027427508955728	0.1856716681726446	0.20038504466103135
10.226154839578284	1.9048059469288778	0.18567409508484425	0.20038504466103135
10.237266834100613	1.906869169954633	0.18567652461181514	0.20038504466103135
10.248378828622943	1.9089324200018654	0.18567895675365617	0.20038504466103135
10.259490823145274	1.9109956970996036	0.18568139151046623	0.20038504466103135
10.270602817667603	1.9130590012768747	0.18568382888234417	0.20038504466103135
10.281714812189934	1.9151223325627076	0.1856862688693889	0.20038504466103135
10.292826806712263	1.9171856909861291	0.18568871147169935	0.20038504466103135
10.303938801234594	1.9192490765761674	0.18569115668937433	0.20038504466103135
10.315050795756923	1.9213124893618505	0.1856936045225128	0.20038504466103135
10.326162790279254	1.9233759293722066	0.18569605497121358	0.20038504466103135
10.337274784801584	1.9254393966362628	0.1856985080355756	0.20038504466103135
10.348386779323913	1.927502891183047	0.18570096371569775	0.20038504466103135
10.359498773846244	1.929566413041588	0.18570342201167891	0.20038504466103135
10.370610768368573	1.9316299622409123	0.18570588292361795	0.20038504466103135
10.381722762890904	1.9336935388100487	0.1857083464516138	0.20038504466103135
10.392834757413233	1.9357571427780247	0.1857108125957653	0.20038504466103135
10.403946751935564	1.9378207741738682	0.18571328135617135	0.20038504466103135
10.415058746457895	1.9398844330266072	0.18571575273293087	0.20038504466103135
10.426170740980224	1.9419481193652692	0.1857182267261427	0.20038504466103135
10.437282735502555	1.9440118332188825	0.18572070333590576	0.20038504466103135
10.448394730024884	1.9460755746164744	0.18572318256231893	0.20038504466103135
10.459506724547214	1.9481393435870733	0.18572566440548108	0.20038504466103135
10.470618719069545	1.9502031401597069	0.18572814886549113	0.20038504466103135
10.481730713591874	1.9522669643634027	0.18573063594244793	0.20038504466103135
10.492842708114205	1.9543308162271886	0.18573312563645042	0.20038504466103135
10.503954702636534	1.956394695780093	0.18573561794759744	0.20038504466103135
10.515066697158865	1.9584586030511435	0.18573811287598788	0.20038504466103135
10.526178691681194	1.9605225380693678	0.18574061042172066	0.20038504466103135
10.537290686203525	1.9625865008637935	0.18574311058489465	0.20038504466103135
10.548402680725856	1.964650491463449	0.1857456133656087	0.20038504466103135
10.559514675248185	1.9667145098973617	0.1857481187639618	0.20038504466103135
10.570626669770515	1.9687785561945599	0.18575062678005272	0.20038504466103135
10.581738664292844	1.970842630384071	0.18575313741398042	0.20038504466103135
10.592850658815175	1.9729067324949232	0.18575565066584376	0.20038504466103135
10.603962653337506	1.9749708625561442	0.18575816653574165	0.20038504466103135
10.615074647859835	1.9770350205967615	0.18576068502377296	0.20038504466103135
10.626186642382166	1.9790992066458037	0.18576320613003658	0.20038504466103135
10.637298636904495	1.981163420732298	0.18576572985463138	0.20038504466103135
10.648410631426826	1.9832276628852725	0.18576825619765627	0.20038504466103135
10.659522625949156	1.9852919331337553	0.18577078515921014	0.20038504466103135
10.670634620471485	1.9873562315067737	0.18577331673939187	0.20038504466103135
10.681746614993816	1.989420558033356	0.18577585093830035	0.20038504466103135
10.692858609516145	1.9914849127425294	0.18577838775603447	0.20038504466103135
10.703970604038476	1.9935492956633227	0.1857809271926931	0.20038504466103135
10.715082598560805	1.9956137068247632	0.18578346924837516	0.20038504466103135
10.726194593083136	1.997678146255879	0.1857860139231795	0.20038504466103135
10.737306587605467	1.9997426139856975	0.18578856121720505	0.20038504466103135
10.748418582127796	2.001807110043247	0.18579111113055066	0.20038504466103135
10.759530576650127	2.0038716344575547	0.18579366366331523	0.20038504466103135
10.770642571172456	2.0059361872576496	0.18579621881559766	0.20038504466103135
10.781754565694786	2.0080007684725585	0.1857987765874968	0.20038504466103135
10.792866560217115	2.01006537813131	0.18580133697911158	0.20038504466103135
10.803978554739446	2.012130016262931	0.1858038999905409	0.20038504466103135
10.815090549261777	2.0141946828964503	0.18580646562188358	0.20038504466103135
10.826202543784106	2.0162593780608953	0.18580903387323855	0.20038504466103135
10.837314538306437	2.0183241017852938	0.1858116047447047	0.20038504466103135
10.848426532828766	2.0203888540986736	0.18581417823638094	0.20038504466103135
10.859538527351097	2.0224536350300633	0.18581675434836611	0.20038504466103135
10.870650521873426	2.0245184446084896	0.18581933308075912	0.20038504466103135
10.881762516395757	2.026583282862981	0.18582191443365886	0.20038504466103135
10.892874510918087	2.0286481498225655	0.1858244984071642	0.20038504466103135
10.903986505440416	2.0307130455162707	0.18582708500137404	0.20038504466103135
10.915098499962747	2.0327779699731243	0.1858296742163873	0.20038504466103135
10.926210494485078	2.0348429232221545	0.1858322660523028	0.20038504466103135
10.937322489007407	2.036907905292389	0.1858348605092195	0.20038504466103135
10.948434483529736	2.038972916212855	0.18583745758723622	0.20038504466103135
10.959546478052067	2.0410379560125813	0.1858400572864519	0.20038504466103135
10.970658472574398	2.0431030247205957	0.1858426596069654	0.20038504466103135
10.981770467096727	2.0451681223659253	0.1858452645488756	0.20038504466103135
10.992882461619057	2.0472332489775984	0.1858478721122814	0.20038504466103135
11.003994456141388	2.0492984045846434	0.1858504822972817	0.20038504466103135
11.015106450663717	2.0513635892160873	0.18585309510397538	0.20038504466103135
11.026218445186046	2.053428802900958	0.18585571053246133	0.20038504466103135
11.037330439708377	2.0554940456682838	0.18585832858283843	0.20038504466103135
11.048442434230708	2.0575593175470925	0.18586094925520558	0.20038504466103135
11.059554428753037	2.0596246185664113	0.18586357254966163	0.20038504466103135
11.070666423275368	2.061689948755269	0.18586619846630553	0.20038504466103135
11.081778417797699	2.0637553081426927	0.1858688270052361	0.20038504466103135
11.092890412320028	2.0658206967577106	0.1858714581665523	0.20038504466103135
11.104002406842357	2.067886114629351	0.18587409195035293	0.20038504466103135
11.11511440136469	2.069951561786641	0.18587672835673696	0.20038504466103135
11.126226395887018	2.072017038258608	0.18587936738580324	0.20038504466103135
11.137338390409347	2.074082544074281	0.18588200903765065	0.20038504466103135
11.148450384931678	2.0761480792626874	0.18588465331237808	0.20038504466103135
11.159562379454009	2.0782136438528553	0.18588730021008446	0.20038504466103135
11.170674373976338	2.0802792378738117	0.18588994973086861	0.20038504466103135
11.181786368498667	2.082344861354585	0.18589260187482948	0.20038504466103135
11.192898363021	2.0844105143242038	0.1858952566420659	0.20038504466103135
11.204010357543329	2.0864761968116947	0.1858979140326768	0.20038504466103135
11.215122352065658	2.088541908846086	0.18590057404676108	0.20038504466103135
11.226234346587988	2.090607650456406	0.18590323668441758	0.20038504466103135
11.23734634111032	2.092673421671682	0.18590590194574522	0.20038504466103135
11.248458335632648	2.0947392225209422	0.18590856983084286	0.20038504466103135
11.259570330154977	2.096805053033214	0.1859112403398094	0.20038504466103135
11.27068232467731	2.0988709132375254	0.18591391347274375	0.20038504466103135
11.281794319199639	2.1009368031629045	0.18591658922974477	0.20038504466103135
11.292906313721968	2.1030027228383794	0.18591926761091138	0.20038504466103135
11.304018308244299	2.105068672292977	0.18592194861634243	0.20038504466103135
11.31513030276663	2.107134651555726	0.18592463224613684	0.20038504466103135
11.326242297288958	2.109200660655654	0.18592731850039346	0.20038504466103135
11.337354291811288	2.1112666996217886	0.1859300073792112	0.20038504466103135
11.34846628633362	2.113332768483158	0.18593269888268896	0.20038504466103135
11.35957828085595	2.11539886726879	0.1859353930109256	0.20038504466103135
11.370690275378278	2.1174649960077123	0.18593808976402001	0.20038504466103135
11.381802269900609	2.119531154728953	0.18594078914207113	0.20038504466103135
11.39291426442294	2.1215973434615396	0.18594349114517777	0.20038504466103135
11.404026258945269	2.1236635622344995	0.18594619577343888	0.20038504466103135
11.4151382534676	2.125729811076862	0.1859489030269533	0.20038504466103135
11.42625024798993	2.127796090017654	0.18595161290581996	0.20038504466103135
11.43736224251226	2.129862399085903	0.1859543254101377	0.20038504466103135
11.448474237034588	2.1319287383106373	0.18595704054000547	0.20038504466103135
11.45958623155692	2.133995107720885	0.1859597582955221	0.20038504466103135
11.47069822607925	2.1360615073456737	0.1859624786767865	0.20038504466103135
11.481810220601579	2.138127937214031	0.18596520168389757	0.20038504466103135
11.49292221512391	2.1401943973549855	0.1859679273169542	0.20038504466103135
11.50403420964624	2.142260887797564	0.18597065557605522	0.20038504466103135
11.51514620416857	2.1443274085707955	0.1859733864612996	0.20038504466103135
11.526258198690899	2.1463939597037065	0.18597611997278615	0.20038504466103135
11.53737019321323	2.1484605412253264	0.18597885611061382	0.20038504466103135
11.54848218773556	2.1505271531646817	0.18598159487488147	0.20038504466103135
11.55959418225789	2.1525937955508008	0.185984336265688	0.20038504466103135
11.57070617678022	2.154660468412712	0.1859870802831323	0.20038504466103135
11.581818171302551	2.156727171779442	0.18598982692731322	0.20038504466103135
11.59293016582488	2.1587939056800196	0.18599257619832968	0.20038504466103135
11.604042160347209	2.1608606701434723	0.18599532809628055	0.20038504466103135
11.615154154869542	2.162927465198828	0.18599808262126477	0.20038504466103135
11.62626614939187	2.164994290875115	0.18600083977338114	0.20038504466103135
11.6373781439142	2.167061147201361	0.18600359955272863	0.20038504466103135
11.64849013843653	2.169128034206593	0.1860063619594061	0.20038504466103135
11.659602132958861	2.171194951919839	0.18600912699351238	0.20038504466103135
11.67071412748119	2.1732619003701275	0.18601189465514645	0.20038504466103135
11.68182612200352	2.1753288795864867	0.18601466494440713	0.20038504466103135
11.692938116525852	2.1773958895979435	0.18601743786139335	0.20038504466103135
11.704050111048181	2.179462930433526	0.18602021340620398	0.20038504466103135
11.71516210557051	2.1815300021222623	0.1860229915789379	0.20038504466103135
11.72627410009284	2.18359710469318	0.186025772379694	0.20038504466103135
11.737386094615172	2.185664238175307	0.1860285558085712	0.20038504466103135
11.7484980891375	2.187731402597672	0.18603134186566836	0.20038504466103135
11.759610083659831	2.1897985979893013	0.18603413055108434	0.20038504466103135
11.770722078182162	2.1918658243792235	0.18603692186491808	0.20038504466103135
11.781834072704491	2.193933081796467	0.18603971580726844	0.20038504466103135
11.79294606722682	2.1960003702700583	0.1860425123782343	0.20038504466103135
11.804058061749151	2.198067689829027	0.18604531157791457	0.20038504466103135
11.815170056271482	2.200135040502399	0.18604811340640812	0.20038504466103135
11.826282050793811	2.202202422319204	0.18605091786381384	0.20038504466103135
11.837394045316142	2.2042698353084687	0.18605372495023062	0.20038504466103135
11.848506039838473	2.2063372794992215	0.18605653466575736	0.20038504466103135
11.859618034360802	2.2084047549204895	0.18605934701049295	0.20038504466103135
11.87073002888313	2.2104722616013013	0.18606216198453626	0.20038504466103135
11.881842023405461	2.2125397995706844	0.18606497958798618	0.20038504466103135
11.892954017927792	2.214607368857667	0.18606779982094157	0.20038504466103135
11.904066012450121	2.2166749694912764	0.18607062268350139	0.20038504466103135
11.915178006972452	2.2187426015005407	0.18607344817576446	0.20038504466103135
11.926290001494783	2.2208102649144883	0.18607627629782972	0.20038504466103135
11.937401996017112	2.2228779597621457	0.186079107049796	0.20038504466103135
11.94851399053944	2.2249456860725423	0.18608194043176224	0.20038504466103135
11.959625985061772	2.2270134438747053	0.1860847764438273	0.20038504466103135
11.970737979584102	2.2290812331976624	0.18608761508609006	0.20038504466103135
11.981849974106431	2.231149054070441	0.18609045635864943	0.20038504466103135
11.992961968628762	2.2332169065220704	0.1860933002616043	0.20038504466103135
12.004073963151093	2.235284790581577	0.18609614679505354	0.20038504466103135
12.015185957673422	2.237352706277989	0.18609899595909604	0.20038504466103135
12.026297952195753	2.2394206536403347	0.1861018477538307	0.20038504466103135
12.037409946718082	2.2414886326976418	0.1861047021793564	0.20038504466103135
12.048521941240413	2.2435566434789376	0.18610755923577202	0.20038504466103135
12.059633935762742	2.2456246860132505	0.18611041892317645	0.20038504466103135
12.070745930285073	2.247692760329609	0.1861132812416686	0.20038504466103135
12.081857924807403	2.249760866457039	0.18611614619134734	0.20038504466103135
12.092969919329732	2.2518290044245703	0.18611901377231155	0.20038504466103135
12.104081913852063	2.2538971742612297	0.18612188398466012	0.20038504466103135
12.115193908374392	2.2559653759960456	0.18612475682849194	0.20038504466103135
12.126305902896723	2.258033609658045	0.18612763230390592	0.20038504466103135
12.137417897419052	2.260101875276257	0.1861305104110009	0.20038504466103135
12.148529891941383	2.2621701728797086	0.18613339114987582	0.20038504466103135
12.159641886463714	2.2642385024974274	0.18613627452062953	0.20038504466103135
12.170753880986043	2.266306864158442	0.18613916052336094	0.20038504466103135
12.181865875508374	2.2683752578917797	0.18614204915816893	0.20038504466103135
12.192977870030703	2.270443683726469	0.18614494042515237	0.20038504466103135
12.204089864553033	2.2725121416915366	0.18614783432441018	0.20038504466103135
12.215201859075364	2.274580631816012	0.18615073085604122	0.20038504466103135
12.226313853597693	2.2766491541289215	0.1861536300201444	0.20038504466103135
12.237425848120024	2.2787177086592934	0.1861565318168186	0.20038504466103135
12.248537842642353	2.2807862954361564	0.1861594362461627	0.20038504466103135
12.259649837164684	2.282854914488537	0.18616234330827558	0.20038504466103135
12.270761831687013	2.284923565845464	0.18616525300325618	0.20038504466103135
12.281873826209344	2.286992249535965	0.1861681653312033	0.20038504466103135
12.292985820731674	2.289060965589068	0.1861710802922159	0.20038504466103135
12.304097815254003	2.2911297140338	0.18617399788639283	0.20038504466103135
12.315209809776334	2.2931984948991895	0.186176918113833	0.20038504466103135
12.326321804298663	2.2952673082142647	0.18617984097463527	0.20038504466103135
12.337433798820994	2.297336154008054	0.1861827664688986	0.20038504466103135
12.348545793343325	2.2994050323095827	0.18618569459672177	0.20038504466103135
12.359657787865654	2.3014739431478812	0.18618862535820374	0.20038504466103135
12.370769782387985	2.303542886551977	0.18619155875344337	0.20038504466103135
12.381881776910314	2.3056118625508963	0.18619449478253955	0.20038504466103135
12.392993771432645	2.3076808711736683	0.1861974334455912	0.20038504466103135
12.404105765954975	2.309749912449321	0.18620037474269716	0.20038504466103135
12.415217760477304	2.3118189864068817	0.18620331867395634	0.20038504466103135
12.426329754999635	2.313888093075378	0.18620626523946762	0.20038504466103135
12.437441749521964	2.3159572324838384	0.18620921443932992	0.20038504466103135
12.448553744044295	2.318026404661291	0.1862121662736421	0.20038504466103135
